280	1.03398e-18
281	2.33309e-18
282	4.83415e-18
283	7.07112e-18
284	7.7761e-18
285	6.00316e-18
286	9.17433e-18
287	1.56314e-17
288	1.70282e-17
289	2.47879e-17
290	4.05614e-17
291	5.24512e-17
292	5.67861e-17
293	6.30271e-17
294	7.25789e-17
295	8.40142e-17
296	1.01317e-16
297	1.05233e-16
298	1.23814e-16
299	1.32305e-16
300	1.46371e-16
301	2.36339e-15
302	3.93223e-14
303	8.03363e-13
304	1.37164e-11
305	2.21654e-10
306	6.71938e-10
307	2.30817e-09
308	8.04349e-09
309	2.36923e-08
310	7.47527e-08
311	2.19172e-07
312	4.72515e-07
313	1.03214e-06
314	2.32373e-06
315	4.85481e-06
316	6.52739e-06
317	1.14025e-05
318	1.66732e-05
319	2.34605e-05
320	3.76199e-05
321	5.06523e-05
322	6.49526e-05
323	8.17726e-05
324	0.000121527
325	0.000187252
326	0.000267226
327	0.000331974
328	0.000386599
329	0.000494158
330	0.000648167
331	0.000675394
332	0.000752452
333	0.000824456
334	0.000927558
335	0.00108395
336	0.00106884
337	0.00109123
338	0.00131591
339	0.0015156
340	0.00176209
341	0.00182061
342	0.00198349
343	0.00220277
344	0.00203492
345	0.00226321
346	0.00255853
347	0.00275254
348	0.00286156
349	0.00300584
350	0.00353131
351	0.00391101
352	0.00386882
353	0.00416917
354	0.00499165
355	0.0053336
356	0.00514331
357	0.00461189
358	0.00440682
359	0.00512091
360	0.00658798
361	0.00626559
362	0.00667813
363	0.00764274
364	0.00804465
365	0.00888001
366	0.0105652
367	0.0110066
368	0.0107712
369	0.0115377
370	0.0126205
371	0.0124586
372	0.0125775
373	0.0117562
374	0.0111421
375	0.0124079
376	0.0143773
377	0.016127
378	0.019396
379	0.0180958
380	0.0176399
381	0.0192085
382	0.0158468
383	0.0128457
384	0.0148105
385	0.019217
386	0.0192881
387	0.020427
388	0.0206859
389	0.0231189
390	0.0272415
391	0.029946
392	0.0285598
393	0.0188984
394	0.019992
395	0.0316381
396	0.0300073
397	0.02147
398	0.0362807
399	0.0473274
400	0.0512865
401	0.0546433
402	0.0576933
403	0.0579985
404	0.0597416
405	0.0602876
406	0.0602979
407	0.0609808
408	0.0650177
409	0.0690625
410	0.0642506
411	0.07068
412	0.0762702
413	0.07604
414	0.0768946
415	0.0810406
416	0.084912
417	0.0850491
418	0.0842517
419	0.0871302
420	0.0851558
421	0.0943413
422	0.0963608
423	0.0958291
424	0.0975377
425	0.101426
426	0.10096
427	0.100092
428	0.101283
429	0.0949249
430	0.0799658
431	0.0795963
432	0.115697
433	0.11646
434	0.112167
435	0.122782
436	0.135673
437	0.139295
438	0.128041
439	0.126935
440	0.142117
441	0.14641
442	0.156415
443	0.161695
444	0.161881
445	0.166956
446	0.159392
447	0.17538
448	0.18218
449	0.185546
450	0.194216
451	0.202131
452	0.197741
453	0.189557
454	0.200023
455	0.20401
456	0.211772
457	0.21668
458	0.215945
459	0.216719
460	0.219621
461	0.227875
462	0.233612
463	0.236293
464	0.233765
465	0.233139
466	0.237909
467	0.234758
468	0.243943
469	0.248044
470	0.244358
471	0.250636
472	0.26261
473	0.260037
474	0.265047
475	0.274431
476	0.272183
477	0.277302
478	0.286259
479	0.285937
480	0.291352
481	0.293918
482	0.296288
483	0.295365
484	0.293252
485	0.287317
486	0.250808
487	0.270538
488	0.29175
489	0.287626
490	0.311057
491	0.306762
492	0.299553
493	0.313788
494	0.315289
495	0.329593
496	0.32313
497	0.326238
498	0.322033
499	0.323389
500	0.324715
501	0.319511
502	0.322582
503	0.334118
504	0.325436
505	0.342795
506	0.356585
507	0.347506
508	0.341849
509	0.353743
510	0.350694
511	0.357158
512	0.364593
513	0.350404
514	0.344418
515	0.354379
516	0.351341
517	0.308913
518	0.332943
519	0.335638
520	0.360086
521	0.368404
522	0.374791
523	0.363354
524	0.382651
525	0.384831
526	0.371424
527	0.342737
528	0.37709
529	0.396438
530	0.390889
531	0.406593
532	0.399729
533	0.371017
534	0.386745
535	0.39814
536	0.407767
537	0.390036
538	0.400704
539	0.395218
540	0.384049
541	0.377239
542	0.401848
543	0.403381
544	0.414134
545	0.409394
546	0.408692
547	0.412082
548	0.407454
549	0.415526
550	0.415273
551	0.416708
552	0.422602
553	0.415596
554	0.421745
555	0.424515
556	0.419093
557	0.411651
558	0.415199
559	0.402577
560	0.408634
561	0.424643
562	0.414759
563	0.423939
564	0.421696
565	0.420284
566	0.407388
567	0.42542
568	0.426819
569	0.421874
570	0.41949
571	0.410254
572	0.427963
573	0.433383
574	0.431804
575	0.425418
576	0.424903
577	0.431157
578	0.423743
579	0.427178
580	0.430954
581	0.433297
582	0.438634
583	0.442231
584	0.441976
585	0.439924
586	0.433648
587	0.442114
588	0.435493
589	0.402989
590	0.419352
591	0.439803
592	0.440427
593	0.441354
594	0.44386
595	0.445451
596	0.452083
597	0.456266
598	0.451592
599	0.451665
600	0.455294
601	0.452169
602	0.451313
603	0.460679
604	0.470557
605	0.472638
606	0.473846
607	0.476927
608	0.478271
609	0.478059
610	0.480809
611	0.483249
612	0.492074
613	0.488827
614	0.482597
615	0.493675
616	0.487662
617	0.487419
618	0.504247
619	0.512667
620	0.517394
621	0.52215
622	0.517339
623	0.51937
624	0.51983
625	0.516327
626	0.521034
627	0.536931
628	0.542984
629	0.546252
630	0.545039
631	0.542197
632	0.531035
633	0.550007
634	0.549548
635	0.552412
636	0.548092
637	0.562818
638	0.569989
639	0.566889
640	0.558961
641	0.560481
642	0.564614
643	0.572285
644	0.572043
645	0.578001
646	0.572352
647	0.578767
648	0.577978
649	0.566216
650	0.565285
651	0.588728
652	0.590633
653	0.594857
654	0.590198
655	0.566146
656	0.512435
657	0.530822
658	0.582962
659	0.595191
660	0.60511
661	0.612674
662	0.616367
663	0.616611
664	0.617819
665	0.626508
666	0.62722
667	0.623858
668	0.614388
669	0.61155
670	0.598461
671	0.59192
672	0.583435
673	0.582331
674	0.577364
675	0.57324
676	0.57606
677	0.570553
678	0.570462
679	0.564388
680	0.562718
681	0.562117
682	0.561153
683	0.557463
684	0.553864
685	0.551286
686	0.541727
687	0.551512
688	0.556183
689	0.556677
690	0.556282
691	0.557362
692	0.556563
693	0.563494
694	0.568139
695	0.567491
696	0.571833
697	0.576305
698	0.576366
699	0.583654
700	0.586529
701	0.588528
702	0.59176
703	0.601633
704	0.613036
705	0.623378
706	0.624997
707	0.629526
708	0.638638
709	0.648417
710	0.674604
711	0.621919
712	0.589249
713	0.566594
714	0.552058
715	0.531337
716	0.524003
717	0.513915
718	0.498763
719	0.480635
720	0.48829
721	0.487811
722	0.486973
723	0.482211
724	0.48112
725	0.481747
726	0.486147
727	0.49353
728	0.498915
729	0.493178
730	0.514997
731	0.519539
732	0.533029
733	0.540167
734	0.559509
735	0.569511
736	0.576314
737	0.590148
738	0.602391
739	0.610761
740	0.647704
741	0.647395
742	0.647762
743	0.662327
744	0.670626
745	0.670638
746	0.673352
747	0.676211
748	0.675959
749	0.678572
750	0.678863
751	0.683032
752	0.688959
753	0.694365
754	0.700228
755	0.70131
756	0.694826
757	0.69589
758	0.700306
759	0.694928
760	0.698544
761	0.696599
762	0.697425
763	0.647674
764	0.611011
765	0.578615
766	0.541055
767	0.525754
768	0.52791
769	0.530517
770	0.537804
771	0.546649
772	0.556033
773	0.566055
774	0.576848
775	0.588606
776	0.600998
777	0.611916
778	0.629218
779	0.654245
780	0.693969
781	0.69182
782	0.694471
783	0.689426
784	0.684576
785	0.687825
786	0.688282
787	0.687375
788	0.682921
789	0.681414
790	0.67634
791	0.670581
792	0.664855
793	0.659155
794	0.654202
795	0.65433
796	0.660262
797	0.669107
798	0.665672
799	0.659354
800	0.651597
801	0.634369
802	0.618579
803	0.59877
804	0.588977
805	0.570771
806	0.571536
807	0.562123
808	0.553338
809	0.540179
810	0.536647
811	0.532207
812	0.530412
813	0.525878
814	0.520405
815	0.512274
816	0.50725
817	0.500904
818	0.488088
819	0.475626
820	0.47063
821	0.468529
822	0.459528
823	0.460374
824	0.458595
825	0.469319
826	0.484237
827	0.496872
828	0.506604
829	0.517675
830	0.534369
831	0.554757
832	0.56697
833	0.560883
834	0.571883
835	0.579105
836	0.588041
837	0.590368
838	0.595169
839	0.598312
840	0.609323
841	0.610656
842	0.603979
843	0.603153
844	0.598668
845	0.612659
846	0.614922
847	0.603842
848	0.603937
849	0.598834
850	0.562709
851	0.596875
852	0.601864
853	0.591349
854	0.546415
855	0.572294
856	0.610841
857	0.62887
858	0.634869
859	0.639608
860	0.64345
861	0.643487
862	0.649163
863	0.648885
864	0.63838
865	0.620121
866	0.568522
867	0.595562
868	0.621909
869	0.622508
870	0.629741
871	0.625896
872	0.630712
873	0.625967
874	0.616263
875	0.611098
876	0.62339
877	0.627158
878	0.62508
879	0.617703
880	0.615933
881	0.543492
882	0.524056
883	0.503388
884	0.488764
885	0.476731
886	0.453557
887	0.440342
888	0.436165
889	0.428328
890	0.418551
891	0.408637
892	0.3978
893	0.385638
894	0.37985
895	0.374524
896	0.370315
897	0.362411
898	0.354928
899	0.346408
900	0.339923
901	0.329499
902	0.320318
903	0.326814
904	0.323837
905	0.318151
906	0.319292
907	0.323745
908	0.323368
909	0.322849
910	0.328575
911	0.333188
912	0.335852
913	0.34245
914	0.346189
915	0.34794
916	0.349489
917	0.348298
918	0.348182
919	0.349241
920	0.346913
921	0.342079
922	0.338073
923	0.330959
924	0.340958
925	0.343336
926	0.268215
927	0.228828
928	0.195381
929	0.169508
930	0.149014
931	0.133797
932	0.12029
933	0.109492
934	0.0994581
935	0.0900465
936	0.0822727
937	0.0759051
938	0.0777312
939	0.0789874
940	0.079238
941	0.0797307
942	0.0797216
943	0.0831806
944	0.0839021
945	0.0858696
946	0.0882429
947	0.0899876
948	0.09213
949	0.0975345
950	0.102751
951	0.108032
952	0.11492
953	0.121822
954	0.127878
955	0.131677
956	0.144649
957	0.156907
958	0.170136
959	0.184698
960	0.199116
961	0.216338
962	0.238463
963	0.264052
964	0.295424
965	0.342712
966	0.344484
967	0.350581
968	0.352271
969	0.35738
970	0.362722
971	0.364937
972	0.371096
973	0.373419
974	0.374237
975	0.381011
976	0.389524
977	0.393141
978	0.400622
979	0.404051
980	0.413602
981	0.418497
982	0.425521
983	0.429091
984	0.431904
985	0.437722
986	0.441801
987	0.447762
988	0.453166
989	0.456629
990	0.465479
991	0.47687
992	0.485616
993	0.498274
994	0.508026
995	0.50637
996	0.505302
997	0.500863
998	0.500632
999	0.500902
1000	0.502365
1001	0.505181
1002	0.505474
1003	0.501014
1004	0.493404
1005	0.472423
1006	0.48759
1007	0.498028
1008	0.50055
1009	0.499579
1010	0.500585
1011	0.498845
1012	0.498227
1013	0.49658
1014	0.497438
1015	0.492516
1016	0.493205
1017	0.491394
1018	0.494537
1019	0.486135
1020	0.487989
1021	0.48942
1022	0.485717
1023	0.489016
1024	0.491288
1025	0.491301
1026	0.491775
1027	0.491206
1028	0.491809
1029	0.489346
1030	0.490619
1031	0.49078
1032	0.490625
1033	0.485696
1034	0.488139
1035	0.490846
1036	0.491774
1037	0.489216
1038	0.489088
1039	0.493056
1040	0.493363
1041	0.493667
1042	0.493414
1043	0.490604
1044	0.491542
1045	0.488267
1046	0.479762
1047	0.485007
1048	0.489243
1049	0.487977
1050	0.485792
1051	0.485808
1052	0.483802
1053	0.482897
1054	0.482175
1055	0.483658
1056	0.482934
1057	0.48184
1058	0.476878
1059	0.467674
1060	0.474769
1061	0.470076
1062	0.475244
1063	0.471926
1064	0.476078
1065	0.475254
1066	0.467956
1067	0.46916
1068	0.467029
1069	0.449825
1070	0.458978
1071	0.436512
1072	0.424383
1073	0.409313
1074	0.405289
1075	0.393446
1076	0.389217
1077	0.383499
1078	0.377479
1079	0.367519
1080	0.3656
1081	0.354626
1082	0.347707
1083	0.346825
1084	0.345565
1085	0.34176
1086	0.338111
1087	0.325917
1088	0.327751
1089	0.326255
1090	0.321705
1091	0.319386
1092	0.312246
1093	0.30494
1094	0.291561
1095	0.295811
1096	0.296289
1097	0.295785
1098	0.292012
1099	0.28881
1100	0.292904
1101	0.212947
1102	0.165747
1103	0.138351
1104	0.116706
1105	0.0997535
1106	0.0863495
1107	0.0752635
1108	0.0664584
1109	0.0589985
1110	0.0527192
1111	0.0470883
1112	0.0423603
1113	0.0381234
1114	0.0348175
1115	0.0316066
1116	0.0286258
1117	0.026363
1118	0.0238748
1119	0.0218735
1120	0.020074
1121	0.0215503
1122	0.0231735
1123	0.0248214
1124	0.0265887
1125	0.0283619
1126	0.0298966
1127	0.0325614
1128	0.0355411
1129	0.0385033
1130	0.0416011
1131	0.0415648
1132	0.0414007
1133	0.0407585
1134	0.0405091
1135	0.0403062
1136	0.0400698
1137	0.0391008
1138	0.0384234
1139	0.0386357
1140	0.0385408
1141	0.0377807
1142	0.038034
1143	0.037625
1144	0.0371606
1145	0.0371998
1146	0.040302
1147	0.0434603
1148	0.046688
1149	0.05036
1150	0.0544945
1151	0.0591856
1152	0.0643777
1153	0.0706784
1154	0.0782291
1155	0.0864355
1156	0.0952571
1157	0.106994
1158	0.120434
1159	0.135554
1160	0.154739
1161	0.180351
1162	0.188397
1163	0.194594
1164	0.197586
1165	0.20426
1166	0.207046
1167	0.215158
1168	0.222509
1169	0.224725
1170	0.235724
1171	0.238638
1172	0.240067
1173	0.240326
1174	0.241504
1175	0.239531
1176	0.238232
1177	0.243531
1178	0.243721
1179	0.244754
1180	0.248611
1181	0.249282
1182	0.248695
1183	0.24122
1184	0.249981
1185	0.255043
1186	0.256888
1187	0.258455
1188	0.256892
1189	0.250019
1190	0.259316
1191	0.265795
1192	0.267626
1193	0.269303
1194	0.271159
1195	0.271457
1196	0.273267
1197	0.273697
1198	0.270176
1199	0.266195
1200	0.278772
1201	0.28192
1202	0.281094
1203	0.273193
1204	0.272744
1205	0.279141
1206	0.279586
1207	0.280049
1208	0.274544
1209	0.266183
1210	0.27536
1211	0.27337
1212	0.278526
1213	0.280549
1214	0.280414
1215	0.281614
1216	0.282289
1217	0.282797
1218	0.282764
1219	0.282265
1220	0.284085
1221	0.285005
1222	0.285091
1223	0.284632
1224	0.288267
1225	0.289057
1226	0.290075
1227	0.286894
1228	0.290812
1229	0.294474
1230	0.295788
1231	0.296989
1232	0.297073
1233	0.300007
1234	0.301731
1235	0.303381
1236	0.307915
1237	0.311483
1238	0.315145
1239	0.318434
1240	0.329384
1241	0.328466
1242	0.324818
1243	0.319511
1244	0.315941
1245	0.314482
1246	0.314061
1247	0.312176
1248	0.311724
1249	0.309644
1250	0.307129
1251	0.303601
1252	0.299974
1253	0.299138
1254	0.297769
1255	0.295781
1256	0.293596
1257	0.290891
1258	0.29008
1259	0.287693
1260	0.2871
1261	0.285099
1262	0.28139
1263	0.281667
1264	0.278187
1265	0.277325
1266	0.277187
1267	0.272871
1268	0.270225
1269	0.270992
1270	0.27131
1271	0.271668
1272	0.271289
1273	0.271675
1274	0.271483
1275	0.273855
1276	0.275834
1277	0.27724
1278	0.27806
1279	0.27797
1280	0.277113
1281	0.269203
1282	0.250287
1283	0.267275
1284	0.280081
1285	0.284904
1286	0.288035
1287	0.29151
1288	0.293827
1289	0.297654
1290	0.298703
1291	0.288989
1292	0.282066
1293	0.275297
1294	0.266793
1295	0.263028
1296	0.259232
1297	0.253739
1298	0.248437
1299	0.246468
1300	0.242709
1301	0.238933
1302	0.234266
1303	0.230426
1304	0.227301
1305	0.226521
1306	0.224587
1307	0.222412
1308	0.219993
1309	0.217867
1310	0.215173
1311	0.212701
1312	0.209022
1313	0.203382
1314	0.205058
1315	0.200342
1316	0.199547
1317	0.200726
1318	0.198182
1319	0.198986
1320	0.197683
1321	0.139549
1322	0.108516
1323	0.0880102
1324	0.0731599
1325	0.061741
1326	0.0526506
1327	0.045329
1328	0.0395529
1329	0.0341164
1330	0.0303907
1331	0.0271392
1332	0.0238977
1333	0.0216988
1334	0.0195676
1335	0.0176052
1336	0.0158134
1337	0.0143536
1338	0.0129923
1339	0.0117163
1340	0.0106753
1341	0.00991834
1342	0.00908657
1343	0.00834423
1344	0.00767987
1345	0.00706975
1346	0.00647868
1347	0.0060024
1348	0.00554599
1349	0.00511862
1350	0.00470111
1351	0.00385706
1352	0.00320239
1353	0.00265636
1354	0.00221027
1355	0.00183751
1356	0.00154844
1357	0.00130213
1358	0.00111944
1359	0.000954868
1360	0.000812884
1361	0.000704953
1362	0.000606378
1363	0.000517726
1364	0.000452407
1365	0.000393221
1366	0.000342116
1367	0.000296795
1368	0.000260974
1369	0.000225933
1370	0.000198078
1371	0.000174649
1372	0.000155333
1373	0.000137432
1374	0.000121372
1375	0.000106131
1376	9.35502e-05
1377	8.37464e-05
1378	7.45734e-05
1379	6.67965e-05
1380	5.9325e-05
1381	5.29757e-05
1382	4.69312e-05
1383	4.20814e-05
1384	3.78537e-05
1385	3.37534e-05
1386	3.04386e-05
1387	2.71962e-05
1388	2.45664e-05
1389	2.21485e-05
1390	1.97256e-05
1391	1.79579e-05
1392	1.62459e-05
1393	1.46211e-05
1394	1.31694e-05
1395	1.19269e-05
1396	1.30464e-05
1397	1.42987e-05
1398	1.57174e-05
1399	1.71787e-05
1400	1.84856e-05
1401	2.03241e-05
1402	2.26251e-05
1403	2.48108e-05
1404	2.7426e-05
1405	3.03055e-05
1406	3.3683e-05
1407	3.72718e-05
1408	4.12739e-05
1409	4.59258e-05
1410	5.09557e-05
1411	5.62897e-05
1412	6.15557e-05
1413	6.9217e-05
1414	7.81917e-05
1415	8.75937e-05
1416	9.78254e-05
1417	0.000110269
1418	0.000124155
1419	0.000138557
1420	0.000155857
1421	0.000176736
1422	0.000197105
1423	0.000222799
1424	0.000252994
1425	0.00029006
1426	0.00032449
1427	0.000373399
1428	0.000430331
1429	0.000487027
1430	0.000559657
1431	0.000649656
1432	0.000765074
1433	0.000889463
1434	0.00102388
1435	0.00120113
1436	0.00141305
1437	0.00167013
1438	0.00197417
1439	0.00235277
1440	0.00272381
1441	0.00329438
1442	0.0040015
1443	0.00459
1444	0.00491515
1445	0.00525758
1446	0.00564245
1447	0.00600927
1448	0.00647455
1449	0.00693176
1450	0.00739444
1451	0.00786897
1452	0.00846113
1453	0.00913517
1454	0.00981409
1455	0.0105675
1456	0.011392
1457	0.0124262
1458	0.0136493
1459	0.0149027
1460	0.0161459
1461	0.0175753
1462	0.0191113
1463	0.0199233
1464	0.019961
1465	0.020137
1466	0.0199973
1467	0.0202309
1468	0.0200918
1469	0.0202533
1470	0.0201636
1471	0.0198947
1472	0.0199686
1473	0.0199373
1474	0.0195706
1475	0.0198265
1476	0.019944
1477	0.0199233
1478	0.0211243
1479	0.022629
1480	0.024143
1481	0.02553
1482	0.0273385
1483	0.0288176
1484	0.0311442
1485	0.0337622
1486	0.0359884
1487	0.0379814
1488	0.037965
1489	0.0443651
1490	0.0492045
1491	0.0537908
1492	0.0584905
1493	0.0649655
1494	0.0720778
1495	0.0799239
1496	0.0879889
1497	0.101595
1498	0.104411
1499	0.106006
1500	0.109822
1501	0.112218
1502	0.112623
1503	0.107648
1504	0.112539
1505	0.1131
1506	0.120102
1507	0.127117
1508	0.129799
1509	0.133011
1510	0.139067
1511	0.143481
1512	0.145927
1513	0.150148
1514	0.155095
1515	0.162399
1516	0.169167
1517	0.17682
1518	0.188654
1519	0.199821
1520	0.221493
1521	0.217644
1522	0.216887
1523	0.219386
1524	0.219911
1525	0.217005
1526	0.221023
1527	0.220623
1528	0.22172
1529	0.219646
1530	0.212127
1531	0.220508
1532	0.222399
1533	0.220803
1534	0.218581
1535	0.221005
1536	0.224077
1537	0.224748
1538	0.221925
1539	0.225575
1540	0.217466
1541	0.216568
1542	0.215989
1543	0.214493
1544	0.21406
1545	0.213174
1546	0.21097
1547	0.207167
1548	0.202254
1549	0.203529
1550	0.201387
1551	0.200884
1552	0.201342
1553	0.198438
1554	0.194123
1555	0.193416
1556	0.191204
1557	0.193618
1558	0.192351
1559	0.192541
1560	0.19201
1561	0.194932
1562	0.194881
1563	0.194474
1564	0.193247
1565	0.195423
1566	0.194404
1567	0.19496
1568	0.193861
1569	0.195752
1570	0.196266
1571	0.200284
1572	0.201335
1573	0.199859
1574	0.198387
1575	0.191858
1576	0.196648
1577	0.187503
1578	0.198421
1579	0.203173
1580	0.204619
1581	0.20403
1582	0.197848
1583	0.198437
1584	0.197007
1585	0.20059
1586	0.1985
1587	0.195642
1588	0.190503
1589	0.180392
1590	0.184088
1591	0.185387
1592	0.192407
1593	0.195519
1594	0.194361
1595	0.193422
1596	0.186009
1597	0.187097
1598	0.190246
1599	0.187236
1600	0.187042
1601	0.182687
1602	0.183634
1603	0.183575
1604	0.183333
1605	0.181275
1606	0.180324
1607	0.17921
1608	0.18119
1609	0.179185
1610	0.170679
1611	0.174353
1612	0.176346
1613	0.179746
1614	0.179969
1615	0.179572
1616	0.174168
1617	0.176964
1618	0.182639
1619	0.182546
1620	0.178874
1621	0.179511
1622	0.182897
1623	0.187368
1624	0.188749
1625	0.187585
1626	0.190512
1627	0.192768
1628	0.195559
1629	0.198033
1630	0.200429
1631	0.201037
1632	0.200719
1633	0.198306
1634	0.196337
1635	0.198358
1636	0.197559
1637	0.191117
1638	0.189403
1639	0.186544
1640	0.188179
1641	0.187213
1642	0.187404
1643	0.190091
1644	0.188512
1645	0.187879
1646	0.190155
1647	0.19048
1648	0.189879
1649	0.187098
1650	0.188578
1651	0.186847
1652	0.18855
1653	0.187244
1654	0.187808
1655	0.186303
1656	0.187181
1657	0.187241
1658	0.18626
1659	0.184463
1660	0.18546
1661	0.186145
1662	0.185491
1663	0.184741
1664	0.184399
1665	0.182925
1666	0.181562
1667	0.181543
1668	0.17935
1669	0.180576
1670	0.183153
1671	0.182002
1672	0.176725
1673	0.178581
1674	0.180539
1675	0.178678
1676	0.176721
1677	0.17776
1678	0.178282
1679	0.174259
1680	0.167567
1681	0.161399
1682	0.163233
1683	0.166713
1684	0.168319
1685	0.16808
1686	0.165717
1687	0.165272
1688	0.164367
1689	0.16194
1690	0.161388
1691	0.163079
1692	0.162762
1693	0.161598
1694	0.160928
1695	0.160284
1696	0.15908
1697	0.157902
1698	0.157208
1699	0.155868
1700	0.153616
1701	0.15287
1702	0.152389
1703	0.151731
1704	0.151047
1705	0.150321
1706	0.14923
1707	0.148092
1708	0.146964
1709	0.145848
1710	0.144887
1711	0.144806
1712	0.144874
1713	0.144945
1714	0.14502
1715	0.144976
1716	0.144177
1717	0.143262
1718	0.142355
1719	0.141455
1720	0.140619
1721	0.140102
1722	0.139645
1723	0.139194
1724	0.138746
1725	0.138254
1726	0.137444
1727	0.136591
1728	0.135743
1729	0.134901
1730	0.133947
1731	0.132263
1732	0.130471
1733	0.128687
1734	0.126913
1735	0.125477
1736	0.125997
1737	0.126846
1738	0.127692
1739	0.128537
1740	0.129176
1741	0.10615
1742	0.0919925
1743	0.0816211
1744	0.0734474
1745	0.0667651
1746	0.0612756
1747	0.0565811
1748	0.0524869
1749	0.0488757
1750	0.0456688
1751	0.0428249
1752	0.0402639
1753	0.0379389
1754	0.035818
1755	0.0338625
1756	0.0319852
1757	0.0302444
1758	0.0286364
1759	0.0271471
1760	0.0257716
1761	0.0245321
1762	0.0233819
1763	0.0223064
1764	0.0212989
1765	0.0203536
1766	0.0194653
1767	0.0186295
1768	0.017842
1769	0.017099
1770	0.0163909
1771	0.0156812
1772	0.0150047
1773	0.0143649
1774	0.0137593
1775	0.0131931
1776	0.0126994
1777	0.0122367
1778	0.0117961
1779	0.0113762
1780	0.0109727
1781	0.0105696
1782	0.0101823
1783	0.0098128
1784	0.00946001
1785	0.00912564
1786	0.00882121
1787	0.00853216
1788	0.00825518
1789	0.00798964
1790	0.00773181
1791	0.00746466
1792	0.00720578
1793	0.00695768
1794	0.00671983
1795	0.0064917
1796	0.00627281
1797	0.00606272
1798	0.00586099
1799	0.00566721
1800	0.00548429
1801	0.00450866
1802	0.00374118
1803	0.00312792
1804	0.00263267
1805	0.00222875
1806	0.00189507
1807	0.00161894
1808	0.00138912
1809	0.00119671
1810	0.00103263
1811	0.000882927
1812	0.000755541
1813	0.000648255
1814	0.00055757
1815	0.000482149
1816	0.0004256
1817	0.000377695
1818	0.000335895
1819	0.000299321
1820	0.000267154
1821	0.000238431
1822	0.000213101
1823	0.000190778
1824	0.000171065
1825	0.000153462
1826	0.000136976
1827	0.000122302
1828	0.000109345
1829	9.78844e-05
1830	8.77767e-05
1831	7.90245e-05
1832	7.12632e-05
1833	6.43359e-05
1834	5.81445e-05
1835	5.25969e-05
1836	4.75783e-05
1837	4.30747e-05
1838	3.90341e-05
1839	3.54047e-05
1840	3.21369e-05
1841	2.91657e-05
1842	2.64876e-05
1843	2.40745e-05
1844	2.18983e-05
1845	1.99443e-05
1846	1.82304e-05
1847	1.66847e-05
1848	1.52809e-05
1849	1.40049e-05
1850	1.28399e-05
1851	1.17565e-05
1852	1.07678e-05
1853	9.86837e-06
1854	9.04955e-06
1855	8.30359e-06
1856	7.62352e-06
1857	7.0031e-06
1858	6.43673e-06
1859	5.91936e-06
1860	5.44645e-06
1861	5.68895e-06
1862	5.94325e-06
1863	6.20998e-06
1864	6.48981e-06
1865	6.78483e-06
1866	7.1013e-06
1867	7.43544e-06
1868	7.78676e-06
1869	8.15624e-06
1870	8.52617e-06
1871	8.79417e-06
1872	9.04906e-06
1873	9.30952e-06
1874	9.57548e-06
1875	9.9013e-06
1876	1.05779e-05
1877	1.13601e-05
1878	1.21971e-05
1879	1.30926e-05
1880	1.40127e-05
1881	1.47549e-05
1882	1.54977e-05
1883	1.62816e-05
1884	1.71092e-05
1885	1.79684e-05
1886	1.87767e-05
1887	1.96087e-05
1888	2.04813e-05
1889	2.13967e-05
1890	2.23732e-05
1891	2.35e-05
1892	2.47075e-05
1893	2.5984e-05
1894	2.73337e-05
1895	2.87823e-05
1896	3.04482e-05
1897	3.22429e-05
1898	3.41533e-05
1899	3.61874e-05
1900	3.8335e-05
1901	4.04893e-05
1902	4.27568e-05
1903	4.51659e-05
1904	4.77263e-05
1905	5.04415e-05
1906	5.32678e-05
1907	5.62636e-05
1908	5.94486e-05
1909	6.28362e-05
1910	6.64556e-05
1911	7.03815e-05
1912	7.45844e-05
1913	7.90694e-05
1914	8.38578e-05
1915	8.89726e-05
1916	9.44391e-05
1917	0.000100285
1918	0.000106539
1919	0.000113233
1920	0.000120404
1921	0.000113103
1922	0.000114021
1923	0.000116682
1924	0.000120399
1925	0.000124894
1926	0.000129825
1927	0.000135372
1928	0.000141577
1929	0.000148456
1930	0.000156159
1931	0.000165381
1932	0.000175647
1933	0.000186923
1934	0.000199305
1935	0.000212795
1936	0.000226826
1937	0.000242096
1938	0.000258867
1939	0.000277308
1940	0.000297158
1941	0.000316062
1942	0.000336222
1943	0.000358288
1944	0.000382485
1945	0.000410436
1946	0.000450237
1947	0.000496635
1948	0.000549081
1949	0.000608545
1950	0.000675654
1951	0.000748682
1952	0.000831446
1953	0.000926344
1954	0.00103567
1955	0.00116136
1956	0.00130155
1957	0.00146412
1958	0.00165524
1959	0.00188179
1960	0.00215254
1961	0.00233034
1962	0.00252621
1963	0.00274289
1964	0.00298319
1965	0.00325304
1966	0.00357158
1967	0.00393272
1968	0.00434016
1969	0.00480151
1970	0.00532298
1971	0.00589624
1972	0.00654826
1973	0.00729787
1974	0.00816505
1975	0.00917532
1976	0.0103619
1977	0.0117687
1978	0.0134554
1979	0.0155054
1980	0.0180433
1981	0.0212733
1982	0.0254804
1983	0.0311817
1984	0.0394279
1985	0.0529751
1986	0.0374054
1987	0.030133
1988	0.0253388
1989	0.0218247
1990	0.0190844
1991	0.0167991
1992	0.0149083
1993	0.0133259
1994	0.0119826
1995	0.0108365
1996	0.00987983
1997	0.00904816
1998	0.00831444
1999	0.00766322
2000	0.00707913
2001	0.00653882
2002	0.00605064
2003	0.00561038
2004	0.00521199
2005	0.00485247
2006	0.00511664
2007	0.00540187
2008	0.00570781
2009	0.00603643
2010	0.00638884
2011	0.0067591
2012	0.00715705
2013	0.00758685
2014	0.00805196
2015	0.00855487
2016	0.00908868
2017	0.00966806
2018	0.0103004
2019	0.0109927
2020	0.0117583
2021	0.0126366
2022	0.0136169
2023	0.0147097
2024	0.0159345
2025	0.0173077
2026	0.0188161
2027	0.0205318
2028	0.0225137
2029	0.0248331
2030	0.0276002
2031	0.031007
2032	0.0352983
2033	0.0409722
2034	0.0492381
2035	0.0658275
2036	0.0645346
2037	0.0633517
2038	0.0622645
2039	0.061255
2040	0.0603555
2041	0.0597557
2042	0.059242
2043	0.0587641
2044	0.0583179
2045	0.0578625
2046	0.0571888
2047	0.0565059
2048	0.0558492
2049	0.0552164
2050	0.0546215
2051	0.0541187
2052	0.0536495
2053	0.0531972
2054	0.0527609
2055	0.0523298
2056	0.051834
2057	0.0513432
2058	0.0508665
2059	0.0504036
2060	0.0499684
2061	0.0496133
2062	0.0492842
2063	0.0489663
2064	0.0486594
2065	0.0483632
2066	0.0486681
2067	0.0489792
2068	0.049297
2069	0.0496217
2070	0.0499684
2071	0.0503928
2072	0.0508418
2073	0.0513009
2074	0.0517707
2075	0.0522309
2076	0.0525669
2077	0.0528911
2078	0.0532249
2079	0.053569
2080	0.0539347
2081	0.0543673
2082	0.0548248
2083	0.0552974
2084	0.0557864
2085	0.0562987
2086	0.0568417
2087	0.0574119
2088	0.0580053
2089	0.0586244
2090	0.0592598
2091	0.0598649
2092	0.0604911
2093	0.0611552
2094	0.061863
2095	0.0626482
2096	0.0636676
2097	0.0647953
2098	0.0660256
2099	0.0673891
2100	0.0689295
2101	0.0689709
2102	0.0690061
2103	0.0690421
2104	0.0690792
2105	0.0691028
2106	0.0690408
2107	0.068965
2108	0.0688901
2109	0.068816
2110	0.06875
2111	0.0687432
2112	0.0687448
2113	0.0687476
2114	0.0687517
2115	0.0687571
2116	0.0687493
2117	0.0687429
2118	0.0687381
2119	0.0687348
2120	0.0687331
2121	0.0687185
2122	0.0687057
2123	0.0686948
2124	0.068686
2125	0.0687017
2126	0.0688393
2127	0.0690023
2128	0.0691688
2129	0.0693388
2130	0.0694827
2131	0.0694648
2132	0.0694203
2133	0.0693797
2134	0.0693435
2135	0.069335
2136	0.0694845
2137	0.0696639
2138	0.0698515
2139	0.0700483
2140	0.0702327
2141	0.0702904
2142	0.0703389
2143	0.0704049
2144	0.0704933
2145	0.0706359
2146	0.0709338
2147	0.0713305
2148	0.0718828
2149	0.0718346
2150	0.0717784
2151	0.0716424
2152	0.0714985
2153	0.0713548
2154	0.0712113
2155	0.0710678
2156	0.0708926
2157	0.0707176
2158	0.0705427
2159	0.0703679
2160	0.0700975
2161	0.0692365
2162	0.0682802
2163	0.0673243
2164	0.0663689
2165	0.0655975
2166	0.065943
2167	0.0664719
2168	0.0670007
2169	0.0675293
2170	0.0680021
2171	0.0681082
2172	0.0681586
2173	0.068209
2174	0.0682595
2175	0.0682783
2176	0.068106
2177	0.0679021
2178	0.0676984
2179	0.0674948
2180	0.0673152
2181	0.0672948
2182	0.0672984
2183	0.067302
2184	0.0673058
2185	0.0672778
2186	0.0670433
2187	0.0667773
2188	0.0665114
2189	0.0662457
2190	0.0660199
2191	0.0660323
2192	0.0660846
2193	0.0661369
2194	0.0661893
2195	0.0662179
2196	0.0661197
2197	0.0659979
2198	0.0658761
2199	0.065733
2200	0.0655663
2201	0.0652574
2202	0.0649252
2203	0.0645933
2204	0.0642619
2205	0.0639704
2206	0.0638847
2207	0.0638385
2208	0.0637926
2209	0.0637467
2210	0.0636931
2211	0.0636082
2212	0.0635155
2213	0.063423
2214	0.0633307
2215	0.0632385
2216	0.0631465
2217	0.0630547
2218	0.062963
2219	0.0628715
2220	0.0627645
2221	0.0625635
2222	0.0623471
2223	0.0621309
2224	0.0619151
2225	0.0617151
2226	0.0616094
2227	0.0615194
2228	0.0614296
2229	0.06134
2230	0.0612505
2231	0.0611455
2232	0.0610407
2233	0.060936
2234	0.0608315
2235	0.0607116
2236	0.0604828
2237	0.0602386
2238	0.0599947
2239	0.0597511
2240	0.0595311
2241	0.0594513
2242	0.0593949
2243	0.0593387
2244	0.0592826
2245	0.059211
2246	0.059062
2247	0.0588976
2248	0.0587334
2249	0.0585695
2250	0.0584057
2251	0.0582111
2252	0.0580168
2253	0.0578227
2254	0.0576288
2255	0.0574505
2256	0.0573806
2257	0.0573263
2258	0.0572721
2259	0.057218
2260	0.0571563
2261	0.0570175
2262	0.0568712
2263	0.0567251
2264	0.0565791
2265	0.0564487
2266	0.05638
2267	0.0563268
2268	0.0562737
2269	0.0562206
2270	0.05616
2271	0.0557325
2272	0.0553122
2273	0.0549053
2274	0.0545106
2275	0.0541124
2276	0.0536505
2277	0.0531844
2278	0.0527283
2279	0.0522815
2280	0.0518654
2281	0.0515873
2282	0.0513372
2283	0.0510928
2284	0.0508539
2285	0.0506201
2286	0.050363
2287	0.0501108
2288	0.0498632
2289	0.0496201
2290	0.0493535
2291	0.0489116
2292	0.0484478
2293	0.0479896
2294	0.0475368
2295	0.0471301
2296	0.0469447
2297	0.0468026
2298	0.0466631
2299	0.0465259
2300	0.0463844
2301	0.046192
2302	0.0459956
2303	0.0458018
2304	0.0456104
2305	0.0454149
2306	0.0451957
2307	0.0449724
2308	0.0447516
2309	0.0445333
2310	0.0443172
2311	0.0440778
2312	0.0438407
2313	0.043606
2314	0.0433736
2315	0.0431433
2316	0.0429279
2317	0.0427145
2318	0.042503
2319	0.0422935
2320	0.0420673
2321	0.0417064
2322	0.0413298
2323	0.040956
2324	0.040585
2325	0.0402597
2326	0.0401691
2327	0.0401221
2328	0.0400758
2329	0.0400302
2330	0.0399672
2331	0.0398086
2332	0.0396333
2333	0.0394594
2334	0.0392869
2335	0.0391157
2336	0.0389458
2337	0.0387772
2338	0.0386099
2339	0.0384438
2340	0.0382849
2341	0.0381622
2342	0.0380464
2343	0.0379314
2344	0.0378174
2345	0.0376927
2346	0.0375111
2347	0.0373193
2348	0.0371287
2349	0.0369394
2350	0.0367399
2351	0.0364618
2352	0.036174
2353	0.035888
2354	0.0356036
2355	0.0353547
2356	0.0352874
2357	0.0352544
2358	0.0352216
2359	0.0351893
2360	0.0351517
2361	0.033309
2362	0.0316872
2363	0.0302416
2364	0.0289382
2365	0.0277478
2366	0.0266226
2367	0.0255807
2368	0.0246148
2369	0.0237155
2370	0.0228714
2371	0.0220587
2372	0.0212912
2373	0.0205678
2374	0.0198845
2375	0.0192501
2376	0.0187094
2377	0.018207
2378	0.0177285
2379	0.0172721
2380	0.0168143
2381	0.0162545
2382	0.0156989
2383	0.0151678
2384	0.0146595
2385	0.0141965
2386	0.013893
2387	0.0136236
2388	0.0133636
2389	0.0131126
2390	0.0128615
2391	0.0125688
2392	0.0122782
2393	0.0119975
2394	0.0117264
2395	0.0114642
2396	0.0112069
2397	0.010958
2398	0.010717
2399	0.0104835
2400	0.0102574
2401	0.0100415
2402	0.0098321
2403	0.00962893
2404	0.00943171
2405	0.00924021
2406	0.00905723
2407	0.0088794
2408	0.0087065
2409	0.00853835
2410	0.0083677
2411	0.00816003
2412	0.00795154
2413	0.00774906
2414	0.00755238
2415	0.00737161
2416	0.00725168
2417	0.0071446
2418	0.00703995
2419	0.00693765
2420	0.00683408
2421	0.00670958
2422	0.00658468
2423	0.00646284
2424	0.00634394
2425	0.00622899
2426	0.00612318
2427	0.00602085
2428	0.00592085
2429	0.0058231
2430	0.00572653
2431	0.00562227
2432	0.00551943
2433	0.00541894
2434	0.00532075
2435	0.00522571
2436	0.00514007
2437	0.00505717
2438	0.00497603
2439	0.00489661
2440	0.004818
2441	0.00473428
2442	0.00465154
2443	0.00457057
2444	0.00449134
2445	0.00441299
2446	0.00433318
2447	0.0042543
2448	0.00417711
2449	0.00410155
2450	0.00402907
2451	0.00371832
2452	0.00343931
2453	0.00318683
2454	0.0029577
2455	0.00275024
2456	0.00256571
2457	0.00239765
2458	0.00224342
2459	0.00210161
2460	0.00197061
2461	0.00184702
2462	0.00173262
2463	0.00162687
2464	0.00152898
2465	0.00143769
2466	0.00135049
2467	0.00126912
2468	0.00119354
2469	0.00112328
2470	0.00105828
2471	0.00100033
2472	0.000946533
2473	0.000896188
2474	0.000849036
2475	0.000804383
2476	0.00075965
2477	0.000717376
2478	0.000677796
2479	0.000640713
2480	0.000606292
2481	0.000575534
2482	0.000546905
2483	0.000519935
2484	0.000494511
2485	0.000470713
2486	0.000449112
2487	0.00042884
2488	0.000409643
2489	0.000391454
2490	0.000373567
2491	0.000352794
2492	0.000332665
2493	0.000313741
2494	0.000295942
2495	0.000280052
2496	0.000269768
2497	0.000260714
2498	0.000252017
2499	0.000243659
2500	0.000235259
2501	6.67493e-05
2502	2.2482e-05
2503	8.48597e-06
2504	3.4787e-06
2505	1.5192e-06
2506	6.96688e-07
2507	3.33111e-07
2508	1.6501e-07
2509	8.42634e-08
2510	4.41943e-08
2511	2.37562e-08
2512	1.30414e-08
2513	7.29474e-09
2514	4.15009e-09
2515	2.39781e-09
2516	1.40572e-09
2517	8.34912e-10
2518	5.01903e-10
2519	3.05113e-10
2520	1.87466e-10
2521	1.16408e-10
2522	7.29643e-11
2523	4.61291e-11
2524	2.94011e-11
2525	1.88874e-11
2526	1.22372e-11
2527	7.98501e-12
2528	5.24461e-12
2529	3.46625e-12
2530	2.30409e-12
2531	1.53707e-12
2532	1.03075e-12
2533	6.94822e-13
2534	4.70714e-13
2535	3.20488e-13
2536	2.19398e-13
2537	1.50893e-13
2538	1.04222e-13
2539	7.22832e-14
2540	5.03313e-14
2541	3.51956e-14
2542	2.4703e-14
2543	1.74006e-14
2544	1.22995e-14
2545	8.72311e-15
2546	6.20416e-15
2547	4.42655e-15
2548	3.16797e-15
2549	2.27399e-15
2550	1.63702e-15
2551	1.18128e-15
2552	8.54749e-16
2553	6.20129e-16
2554	4.51077e-16
2555	3.2894e-16
2556	2.4036e-16
2557	1.76055e-16
2558	1.29257e-16
2559	9.51148e-17
2560	7.01629e-17
2561	5.19154e-17
2562	3.8504e-17
2563	2.86168e-17
2564	2.13118e-17
2565	1.59032e-17
2566	1.18852e-17
2567	8.89924e-18
2568	6.67593e-18
2569	5.01724e-18
2570	3.77743e-18
2571	2.84772e-18
2572	2.15052e-18
2573	1.62676e-18
2574	1.23259e-18
2575	9.35453e-19
2576	7.11074e-19
2577	5.4136e-19
2578	4.12785e-19
2579	3.15221e-19
2580	2.41018e-19
2581	1.84299e-19
2582	1.41095e-19
2583	1.0817e-19
2584	8.30417e-20
2585	6.3866e-20
2586	4.9343e-20
2587	3.81902e-20
2588	2.95965e-20
2589	2.29658e-20
2590	1.78388e-20
2591	1.38479e-20
2592	1.07604e-20
2593	8.37121e-21
2594	6.52016e-21
2595	5.08547e-21
2596	3.97469e-21
2597	3.11075e-21
2598	2.43729e-21
2599	1.91172e-21
2600	1.5011e-21
2601	8.20445e-22
2602	5.81382e-22
2603	4.3262e-22
2604	3.30403e-22
2605	2.56653e-22
2606	2.01632e-22
2607	1.59906e-22
2608	1.27777e-22
2609	1.02744e-22
2610	8.30555e-23
2611	6.74796e-23
2612	5.50455e-23
2613	4.50628e-23
2614	3.70086e-23
2615	3.04819e-23
2616	2.51487e-23
2617	2.07987e-23
2618	1.72395e-23
2619	1.43189e-23
2620	1.19103e-23
2621	9.89139e-24
2622	8.2244e-24
2623	6.84899e-24
2624	5.71197e-24
2625	4.7762e-24
2626	4.02674e-24
2627	3.40342e-24
2628	2.88012e-24
2629	2.44013e-24
2630	2.06866e-24
2631	1.75053e-24
2632	1.48215e-24
2633	1.25617e-24
2634	1.06567e-24
2635	9.04684e-25
2636	7.66828e-25
2637	6.50377e-25
2638	5.52067e-25
2639	4.68993e-25
2640	3.98928e-25
2641	3.40604e-25
2642	2.9117e-25
2643	2.49092e-25
2644	2.13246e-25
2645	1.82684e-25
2646	1.56452e-25
2647	1.34075e-25
2648	1.14972e-25
2649	9.86526e-26
2650	8.47013e-26
2651	7.26936e-26
2652	6.24245e-26
2653	5.36366e-26
2654	4.61116e-26
2655	3.9674e-26
2656	3.4188e-26
2657	2.94837e-26
2658	2.54398e-26
2659	2.19618e-26
2660	1.8964e-26
2661	1.63585e-26
2662	1.41142e-26
2663	1.21834e-26
2664	1.05217e-26
2665	9.09533e-27
2666	7.88204e-27
2667	6.83713e-27
2668	5.93334e-27
2669	5.15125e-27
2670	4.47299e-27
2671	3.87573e-27
2672	3.35873e-27
2673	2.91185e-27
2674	2.52543e-27
2675	2.1917e-27
2676	1.90479e-27
2677	1.65649e-27
2678	1.44111e-27
2679	1.2542e-27
2680	1.09194e-27
2681	9.51014e-28
2682	8.28574e-28
2683	7.22155e-28
2684	6.29624e-28
2685	5.4914e-28
2686	4.78606e-28
2687	4.17271e-28
2688	3.63917e-28
2689	3.17489e-28
2690	2.77074e-28
2691	2.4201e-28
2692	2.1145e-28
2693	1.84807e-28
2694	1.61572e-28
2695	1.41301e-28
2696	1.23545e-28
2697	1.08053e-28
2698	9.45317e-29
2699	8.27266e-29
2700	7.24362e-29
2701	8.62918e-29
2702	1.02887e-28
2703	1.22746e-28
2704	1.46528e-28
2705	1.75025e-28
2706	2.09192e-28
2707	2.50184e-28
2708	2.99397e-28
2709	3.58516e-28
2710	4.29583e-28
2711	5.15349e-28
2712	6.18641e-28
2713	7.43122e-28
2714	8.93242e-28
2715	1.07441e-27
2716	1.29248e-27
2717	1.55587e-27
2718	1.87422e-27
2719	2.25927e-27
2720	2.72534e-27
2721	3.28806e-27
2722	3.96981e-27
2723	4.79634e-27
2724	5.79918e-27
2725	7.01878e-27
2726	8.50589e-27
2727	1.03187e-26
2728	1.25273e-26
2729	1.52204e-26
2730	1.85067e-26
2731	2.24952e-26
2732	2.73648e-26
2733	3.33152e-26
2734	4.05922e-26
2735	4.94991e-26
2736	6.04441e-26
2737	7.38708e-26
2738	9.03565e-26
2739	1.10616e-25
2740	1.35535e-25
2741	1.66306e-25
2742	2.04245e-25
2743	2.51064e-25
2744	3.08896e-25
2745	3.80398e-25
2746	4.68623e-25
2747	5.77854e-25
2748	7.13224e-25
2749	8.81157e-25
2750	1.08969e-24
2751	1.34815e-24
2752	1.66959e-24
2753	2.06976e-24
2754	2.56849e-24
2755	3.19072e-24
2756	3.96788e-24
2757	4.93963e-24
2758	6.15604e-24
2759	7.68047e-24
2760	9.59311e-24
2761	1.20026e-23
2762	1.50346e-23
2763	1.88545e-23
2764	2.36732e-23
2765	2.97591e-23
2766	3.74772e-23
2767	4.72558e-23
2768	5.96612e-23
2769	7.54199e-23
2770	9.54376e-23
2771	1.20787e-22
2772	1.53031e-22
2773	1.94147e-22
2774	2.46651e-22
2775	3.13797e-22
2776	4.00032e-22
2777	5.10712e-22
2778	6.52987e-22
2779	8.36164e-22
2780	1.07238e-21
2781	1.37832e-21
2782	1.77437e-21
2783	2.28797e-21
2784	2.95515e-21
2785	3.82337e-21
2786	4.95525e-21
2787	6.43356e-21
2788	8.36799e-21
2789	1.09041e-20
2790	1.42356e-20
2791	1.86093e-20
2792	2.43746e-20
2793	3.19901e-20
2794	4.20708e-20
2795	5.54611e-20
2796	7.33146e-20
2797	9.7158e-20
2798	1.29045e-19
2799	1.71794e-19
2800	2.29243e-19
2801	2.8036e-19
2802	3.43171e-19
2803	4.2042e-19
2804	5.15516e-19
2805	6.32883e-19
2806	7.78161e-19
2807	9.5797e-19
2808	1.18044e-18
2809	1.45596e-18
2810	1.79753e-18
2811	2.22141e-18
2812	2.748e-18
2813	3.40287e-18
2814	4.21813e-18
2815	5.2342e-18
2816	6.49789e-18
2817	8.07537e-18
2818	1.00468e-17
2819	1.25135e-17
2820	1.56035e-17
2821	1.94667e-17
2822	2.43148e-17
2823	3.04064e-17
2824	3.80703e-17
2825	4.77395e-17
2826	5.99775e-17
2827	7.54728e-17
2828	9.50951e-17
2829	1.19978e-16
2830	1.51577e-16
2831	1.91641e-16
2832	2.42634e-16
2833	3.07635e-16
2834	3.90619e-16
2835	4.96727e-16
2836	6.32214e-16
2837	8.05903e-16
2838	1.02893e-15
2839	1.31581e-15
2840	1.68544e-15
2841	2.16393e-15
2842	2.78305e-15
2843	3.58563e-15
2844	4.62799e-15
2845	5.9844e-15
2846	7.74797e-15
2847	1.00507e-14
2848	1.30635e-14
2849	1.7014e-14
2850	2.22054e-14
2851	2.90425e-14
2852	3.80682e-14
2853	5.00112e-14
2854	6.58529e-14
2855	8.69188e-14
2856	1.1508e-13
2857	1.52748e-13
2858	2.03273e-13
2859	2.71231e-13
2860	3.62905e-13
2861	4.86944e-13
2862	6.55295e-13
2863	8.84519e-13
2864	1.19767e-12
2865	1.62693e-12
2866	2.2145e-12
2867	3.02473e-12
2868	4.14629e-12
2869	5.70497e-12
2870	7.88278e-12
2871	1.09434e-11
2872	1.52617e-11
2873	2.13777e-11
2874	3.00822e-11
2875	4.25492e-11
2876	6.05273e-11
2877	8.65865e-11
2878	1.24554e-10
2879	1.80218e-10
2880	2.6237e-10
2881	3.83942e-10
2882	5.65737e-10
2883	8.39747e-10
2884	1.25625e-09
2885	1.89511e-09
2886	2.8866e-09
2887	4.43953e-09
2888	6.89977e-09
2889	1.08463e-08
2890	1.72646e-08
2891	2.78623e-08
2892	4.56614e-08
2893	7.61386e-08
2894	1.29499e-07
2895	2.25413e-07
2896	4.03146e-07
2897	7.46637e-07
2898	1.44983e-06
2899	3.03618e-06
2900	7.99141e-06
2901	8.21668e-06
2902	8.44899e-06
2903	8.68859e-06
2904	8.93574e-06
2905	9.19069e-06
2906	9.44712e-06
2907	9.71153e-06
2908	9.9842e-06
2909	1.02654e-05
2910	1.05555e-05
2911	1.0847e-05
2912	1.11476e-05
2913	1.14575e-05
2914	1.17771e-05
2915	1.21067e-05
2916	1.24555e-05
2917	1.28155e-05
2918	1.31872e-05
2919	1.35709e-05
2920	1.39672e-05
2921	1.43764e-05
2922	1.47991e-05
2923	1.52358e-05
2924	1.56869e-05
2925	1.6153e-05
2926	1.66347e-05
2927	1.71326e-05
2928	1.76472e-05
2929	1.81793e-05
2930	1.87294e-05
2931	1.92842e-05
2932	1.98577e-05
2933	2.04504e-05
2934	2.10632e-05
2935	2.16968e-05
2936	2.23683e-05
2937	2.30634e-05
2938	2.3783e-05
2939	2.45279e-05
2940	2.52993e-05
2941	2.60788e-05
2942	2.68858e-05
2943	2.77211e-05
2944	2.8586e-05
2945	2.94926e-05
2946	3.04547e-05
2947	3.14643e-05
2948	3.25117e-05
2949	3.35988e-05
2950	3.47271e-05
2951	3.58985e-05
2952	3.71147e-05
2953	3.83779e-05
2954	3.969e-05
2955	4.10532e-05
2956	4.24379e-05
2957	4.3876e-05
2958	4.53701e-05
2959	4.69225e-05
2960	4.85359e-05
2961	5.02512e-05
2962	5.2036e-05
2963	5.38934e-05
2964	5.58269e-05
2965	5.784e-05
2966	5.9891e-05
2967	6.20261e-05
2968	6.42491e-05
2969	6.65645e-05
2970	6.89765e-05
2971	7.15449e-05
2972	7.42238e-05
2973	7.70188e-05
2974	7.99358e-05
2975	8.2981e-05
2976	8.60946e-05
2977	8.93446e-05
2978	9.27382e-05
2979	9.62828e-05
2980	9.99864e-05
2981	0.000103938
2982	0.000108072
2983	0.000112399
2984	0.00011693
2985	0.000121676
2986	0.00012655
2987	0.000131656
2988	0.000137006
2989	0.000142616
2990	0.000148501
2991	0.000154797
2992	0.000161413
2993	0.000168368
2994	0.000175682
2995	0.000183381
2996	0.000191489
2997	0.000200033
2998	0.000209044
2999	0.000218556
3000	0.000228607
3001	0.000228537
3002	0.000228467
3003	0.000228396
3004	0.000228325
3005	0.000228254
3006	0.000228365
3007	0.000228476
3008	0.000228587
3009	0.000228698
3010	0.000228809
3011	0.000228921
3012	0.000229032
3013	0.000229144
3014	0.000229256
3015	0.000229368
3016	0.000229296
3017	0.000229224
3018	0.000229151
3019	0.000229078
3020	0.000229005
3021	0.000228931
3022	0.000228857
3023	0.000228783
3024	0.000228708
3025	0.000228634
3026	0.000228746
3027	0.000228858
3028	0.00022897
3029	0.000229083
3030	0.000229196
3031	0.000229121
3032	0.000229045
3033	0.00022897
3034	0.000228894
3035	0.000228818
3036	0.000228552
3037	0.000228286
3038	0.000228019
3039	0.000227751
3040	0.000227578
3041	0.000227976
3042	0.000228471
3043	0.000228966
3044	0.000229464
3045	0.000229962
3046	0.00023027
3047	0.000230579
3048	0.000230889
3049	0.0002312
3050	0.000231512
3051	0.000231631
3052	0.000231751
3053	0.000231871
3054	0.000231992
3055	0.000232113
3056	0.000232234
3057	0.000232356
3058	0.000232479
3059	0.000232602
3060	0.000232725
3061	0.000232458
3062	0.00023219
3063	0.000231921
3064	0.000231652
3065	0.000231481
3066	0.000231506
3067	0.000231631
3068	0.000231757
3069	0.000231883
3070	0.00023201
3071	0.000232337
3072	0.000232664
3073	0.000232993
3074	0.000233324
3075	0.000233656
3076	0.000233589
3077	0.000233523
3078	0.000233457
3079	0.000233392
3080	0.000233327
3081	0.000233263
3082	0.000233199
3083	0.000233136
3084	0.000233073
3085	0.000233012
3086	0.000232951
3087	0.000232891
3088	0.000232832
3089	0.000232774
3090	0.000232717
3091	0.000232661
3092	0.000232607
3093	0.000232554
3094	0.000232503
3095	0.000232454
3096	0.000232406
3097	0.000232361
3098	0.000232317
3099	0.000232277
3100	0.000232238
3101	0.000228977
3102	0.000228339
3103	0.000228463
3104	0.000229001
3105	0.000229817
3106	0.000230629
3107	0.000231601
3108	0.000232704
3109	0.000233919
3110	0.000235233
3111	0.00023642
3112	0.000237683
3113	0.000239017
3114	0.000240416
3115	0.000241988
3116	0.000243843
3117	0.000245874
3118	0.000247966
3119	0.000250118
3120	0.00025233
3121	0.000254601
3122	0.000256929
3123	0.000259315
3124	0.000261758
3125	0.000264258
3126	0.000266815
3127	0.000269429
3128	0.000272101
3129	0.00027483
3130	0.000277617
3131	0.000280463
3132	0.000283367
3133	0.000286331
3134	0.000289355
3135	0.000292441
3136	0.000295311
3137	0.000298238
3138	0.000301221
3139	0.000304262
3140	0.000307361
3141	0.000310812
3142	0.000314331
3143	0.000317919
3144	0.000321576
3145	0.000325303
3146	0.000328791
3147	0.000332344
3148	0.000335964
3149	0.000339652
3150	0.000343409
3151	0.000347569
3152	0.00035181
3153	0.000356134
3154	0.000360541
3155	0.000365034
3156	0.000369615
3157	0.000374286
3158	0.000379048
3159	0.000383904
3160	0.000388855
3161	0.000394286
3162	0.000399827
3163	0.000405482
3164	0.000411253
3165	0.000417143
3166	0.000422338
3167	0.000427634
3168	0.000433034
3169	0.000438541
3170	0.000444373
3171	0.000450762
3172	0.000457509
3173	0.0004644
3174	0.000471439
3175	0.00047863
3176	0.000485029
3177	0.000491559
3178	0.000498224
3179	0.000505026
3180	0.00051197
3181	0.000519571
3182	0.000527338
3183	0.000535276
3184	0.000543388
3185	0.00055168
3186	0.000560713
3187	0.000569954
3188	0.00057941
3189	0.000589087
3190	0.000598992
3191	0.00060853
3192	0.000618288
3193	0.000628275
3194	0.000638497
3195	0.000648961
3196	0.000659019
3197	0.000669311
3198	0.000679846
3199	0.00069063
3200	0.000702024
3201	0.000697194
3202	0.00069276
3203	0.00068837
3204	0.000684023
3205	0.000679719
3206	0.000674777
3207	0.000669884
3208	0.00066504
3209	0.000660244
3210	0.000655494
3211	0.000650133
3212	0.000644826
3213	0.000639572
3214	0.00063437
3215	0.000629219
3216	0.000624757
3217	0.000620337
3218	0.000615959
3219	0.000611622
3220	0.000607325
3221	0.000603068
3222	0.00059885
3223	0.000594671
3224	0.00059053
3225	0.000586427
3226	0.000582962
3227	0.000579527
3228	0.000576121
3229	0.000572744
3230	0.000569395
3231	0.00056549
3232	0.00056162
3233	0.000557785
3234	0.000553982
3235	0.000550213
3236	0.000546477
3237	0.000542773
3238	0.000539101
3239	0.000535461
3240	0.000531852
3241	0.000528274
3242	0.000524726
3243	0.000521208
3244	0.00051772
3245	0.000514261
3246	0.000511367
3247	0.000508495
3248	0.000505646
3249	0.000502819
3250	0.000500013
3251	0.000496188
3252	0.000492396
3253	0.000488637
3254	0.00048491
3255	0.000481215
3256	0.000478057
3257	0.000474925
3258	0.000471819
3259	0.000468737
3260	0.00046568
3261	0.000462648
3262	0.00045964
3263	0.000456656
3264	0.000453695
3265	0.000450758
3266	0.000447844
3267	0.000444953
3268	0.000442085
3269	0.000439239
3270	0.000436416
3271	0.000433614
3272	0.000430834
3273	0.000428076
3274	0.000425339
3275	0.000422623
3276	0.000419928
3277	0.000417254
3278	0.0004146
3279	0.000411966
3280	0.000409353
3281	0.000406759
3282	0.000404185
3283	0.000401631
3284	0.000399095
3285	0.000396579
3286	0.000394513
3287	0.000392461
3288	0.000390423
3289	0.000388399
3290	0.000386178
3291	0.000383133
3292	0.000379903
3293	0.000376699
3294	0.000373521
3295	0.000370575
3296	0.000368062
3297	0.000365771
3298	0.000363497
3299	0.00036124
3300	0.000358999
3301	0.000364695
3302	0.000370502
3303	0.000376424
3304	0.000382462
3305	0.000388621
3306	0.000394019
3307	0.000399515
3308	0.00040511
3309	0.000410807
3310	0.000416608
3311	0.000422994
3312	0.000429506
3313	0.000436145
3314	0.000442916
3315	0.000449822
3316	0.000455826
3317	0.000461937
3318	0.000468158
3319	0.00047449
3320	0.000481214
3321	0.000489197
3322	0.000497636
3323	0.000506259
3324	0.000515071
3325	0.000524076
3326	0.000532048
3327	0.000540182
3328	0.000548481
3329	0.00055695
3330	0.000565595
3331	0.000575093
3332	0.0005848
3333	0.000594722
3334	0.000604866
3335	0.000615237
3336	0.000625844
3337	0.000636692
3338	0.000647789
3339	0.000659142
3340	0.00067076
3341	0.00068265
3342	0.000694821
3343	0.000707282
3344	0.000720043
3345	0.000733111
3346	0.000745609
3347	0.000758401
3348	0.000771496
3349	0.000784905
3350	0.000798637
3351	0.000813686
3352	0.000829121
3353	0.000844954
3354	0.000861201
3355	0.000877875
3356	0.000894993
3357	0.000912569
3358	0.000930621
3359	0.000949167
3360	0.000968226
3361	0.000987816
3362	0.00100796
3363	0.00102867
3364	0.00104999
3365	0.00107192
3366	0.0010945
3367	0.00111775
3368	0.0011417
3369	0.00116639
3370	0.00119183
3371	0.00121807
3372	0.00124514
3373	0.00127307
3374	0.00130192
3375	0.00133171
3376	0.0013625
3377	0.00139434
3378	0.00142727
3379	0.00146134
3380	0.00149663
3381	0.0015351
3382	0.00157502
3383	0.00161644
3384	0.00165948
3385	0.0017042
3386	0.00174852
3387	0.00179462
3388	0.00184261
3389	0.00189259
3390	0.0019447
3391	0.00199909
3392	0.00205589
3393	0.00211529
3394	0.00217747
3395	0.00224263
3396	0.00230808
3397	0.0023768
3398	0.00244907
3399	0.0025252
3400	0.0026072
3401	0.00263031
3402	0.0026554
3403	0.00268082
3404	0.00270656
3405	0.0027309
3406	0.00274852
3407	0.00276458
3408	0.0027808
3409	0.00279721
3410	0.0028156
3411	0.00283787
3412	0.00286226
3413	0.00288698
3414	0.00291201
3415	0.00293737
3416	0.00295925
3417	0.0029814
3418	0.00300383
3419	0.00302655
3420	0.00304955
3421	0.00307286
3422	0.00309647
3423	0.00312039
3424	0.00314463
3425	0.00316919
3426	0.00319408
3427	0.0032193
3428	0.00324488
3429	0.0032708
3430	0.00329709
3431	0.00332812
3432	0.00335961
3433	0.00339157
3434	0.00342401
3435	0.00345694
3436	0.00348579
3437	0.00351506
3438	0.00354476
3439	0.00357492
3440	0.00360553
3441	0.00363661
3442	0.00366817
3443	0.00370022
3444	0.00373278
3445	0.00376586
3446	0.00379947
3447	0.00383363
3448	0.00386835
3449	0.00390365
3450	0.00393955
3451	0.0039814
3452	0.00402399
3453	0.00406734
3454	0.00411148
3455	0.00415643
3456	0.00419657
3457	0.00423745
3458	0.00427908
3459	0.0043215
3460	0.00436472
3461	0.00441473
3462	0.00446575
3463	0.00451779
3464	0.00457091
3465	0.00462512
3466	0.00467416
3467	0.00472422
3468	0.00477536
3469	0.0048276
3470	0.004881
3471	0.00493559
3472	0.00499143
3473	0.00504857
3474	0.00510707
3475	0.00516697
3476	0.00522835
3477	0.00529128
3478	0.00535582
3479	0.00542205
3480	0.00549006
3481	0.00556761
3482	0.00564736
3483	0.0057294
3484	0.00581388
3485	0.00590092
3486	0.00598243
3487	0.00606657
3488	0.00615351
3489	0.00624346
3490	0.00633663
3491	0.00643326
3492	0.00653363
3493	0.00663807
3494	0.00674695
3495	0.0068607
3496	0.00697984
3497	0.00710501
3498	0.00723697
3499	0.00737673
3500	0.00752558
3501	0.00753264
3502	0.00753972
3503	0.00754683
3504	0.00755397
3505	0.00756113
3506	0.00755765
3507	0.00755419
3508	0.00755073
3509	0.00754728
3510	0.00754383
3511	0.0075404
3512	0.00753697
3513	0.00753354
3514	0.00753013
3515	0.00752672
3516	0.00752333
3517	0.00751994
3518	0.00751656
3519	0.00751319
3520	0.00750983
3521	0.00751729
3522	0.00752479
3523	0.00753232
3524	0.00753988
3525	0.00754748
3526	0.00754423
3527	0.007541
3528	0.00753779
3529	0.00753458
3530	0.00753139
3531	0.00753914
3532	0.00754692
3533	0.00755474
3534	0.0075626
3535	0.0075705
3536	0.00756745
3537	0.00756442
3538	0.00756141
3539	0.00755841
3540	0.00755544
3541	0.00756352
3542	0.00757164
3543	0.00757981
3544	0.00758802
3545	0.00759628
3546	0.00759348
3547	0.00759071
3548	0.00758796
3549	0.00758523
3550	0.00758253
3551	0.00757985
3552	0.0075772
3553	0.00757458
3554	0.00757198
3555	0.00756942
3556	0.00756688
3557	0.00756437
3558	0.0075619
3559	0.00755946
3560	0.00755706
3561	0.00756598
3562	0.00757497
3563	0.00758402
3564	0.00759314
3565	0.00760233
3566	0.00760023
3567	0.00759817
3568	0.00759616
3569	0.0075942
3570	0.0075923
3571	0.00759044
3572	0.00758864
3573	0.00758689
3574	0.00758521
3575	0.00758358
3576	0.00758202
3577	0.00758053
3578	0.00757912
3579	0.00757777
3580	0.0075765
3581	0.0075869
3582	0.00759742
3583	0.00760806
3584	0.00761883
3585	0.00762973
3586	0.00762911
3587	0.0076286
3588	0.00762821
3589	0.00762796
3590	0.00762783
3591	0.00762785
3592	0.00762803
3593	0.00762837
3594	0.00762889
3595	0.00762961
3596	0.00764237
3597	0.00765541
3598	0.00766873
3599	0.00768236
3600	0.00769633
3601	0.00768934
3602	0.00768235
3603	0.00767535
3604	0.00766835
3605	0.00766135
3606	0.00765434
3607	0.00764733
3608	0.00764032
3609	0.0076333
3610	0.00762628
3611	0.00763127
3612	0.00763627
3613	0.00764129
3614	0.00764632
3615	0.00765136
3616	0.00764436
3617	0.00763735
3618	0.00763034
3619	0.00762333
3620	0.00761631
3621	0.00762139
3622	0.00762649
3623	0.00763159
3624	0.00763671
3625	0.00764184
3626	0.00763485
3627	0.00762786
3628	0.00762086
3629	0.00761387
3630	0.00760687
3631	0.00761204
3632	0.00761724
3633	0.00762244
3634	0.00762766
3635	0.0076329
3636	0.00762593
3637	0.00761896
3638	0.00761199
3639	0.00760502
3640	0.00759804
3641	0.00760333
3642	0.00760864
3643	0.00761396
3644	0.0076193
3645	0.00762465
3646	0.00761772
3647	0.00761079
3648	0.00760385
3649	0.00759692
3650	0.00758999
3651	0.00758306
3652	0.00757613
3653	0.0075692
3654	0.00756227
3655	0.00755534
3656	0.00756081
3657	0.0075663
3658	0.00757181
3659	0.00757734
3660	0.00758289
3661	0.00758847
3662	0.00759406
3663	0.00759968
3664	0.00760531
3665	0.00761098
3666	0.00759169
3667	0.00757239
3668	0.00755307
3669	0.00753374
3670	0.00752066
3671	0.00752011
3672	0.00752585
3673	0.00753162
3674	0.00753741
3675	0.00754323
3676	0.0075365
3677	0.00752977
3678	0.00752306
3679	0.00751635
3680	0.00750966
3681	0.00750297
3682	0.0074963
3683	0.00748965
3684	0.007483
3685	0.00747638
3686	0.00748244
3687	0.00748855
3688	0.00749469
3689	0.00750088
3690	0.0075071
3691	0.00750063
3692	0.00749418
3693	0.00748776
3694	0.00748136
3695	0.00747499
3696	0.00746864
3697	0.00746232
3698	0.00745604
3699	0.00744979
3700	0.00744357
3701	0.00744969
3702	0.00745583
3703	0.00746199
3704	0.00746818
3705	0.00747438
3706	0.00746772
3707	0.00746105
3708	0.00745438
3709	0.00744771
3710	0.00744104
3711	0.00744733
3712	0.00745364
3713	0.00745997
3714	0.00746632
3715	0.0074727
3716	0.00746609
3717	0.00745948
3718	0.00745287
3719	0.00744627
3720	0.00743966
3721	0.00744612
3722	0.0074526
3723	0.00745911
3724	0.00746564
3725	0.00747219
3726	0.00746565
3727	0.0074591
3728	0.00745256
3729	0.00744602
3730	0.00743948
3731	0.00744612
3732	0.00745279
3733	0.00745948
3734	0.00746619
3735	0.00747293
3736	0.00745322
3737	0.00743349
3738	0.00741373
3739	0.00739395
3740	0.00738079
3741	0.00738092
3742	0.00738772
3743	0.00739455
3744	0.0074014
3745	0.00740827
3746	0.00740182
3747	0.00739536
3748	0.00738891
3749	0.00738246
3750	0.00737601
3751	0.00738299
3752	0.00738999
3753	0.00739702
3754	0.00740408
3755	0.00741117
3756	0.0074048
3757	0.00739843
3758	0.00739206
3759	0.0073857
3760	0.00737934
3761	0.00738653
3762	0.00739376
3763	0.00740102
3764	0.0074083
3765	0.00741562
3766	0.00742296
3767	0.00743034
3768	0.00743775
3769	0.00744519
3770	0.00745266
3771	0.00744647
3772	0.00744029
3773	0.00743411
3774	0.00742794
3775	0.00742177
3776	0.00741561
3777	0.00740945
3778	0.0074033
3779	0.00739715
3780	0.00739101
3781	0.00739871
3782	0.00740643
3783	0.0074142
3784	0.00742199
3785	0.00742983
3786	0.0074238
3787	0.00741777
3788	0.00741175
3789	0.00740574
3790	0.00739973
3791	0.00740771
3792	0.00741573
3793	0.00742379
3794	0.00743188
3795	0.00744001
3796	0.00743413
3797	0.00742826
3798	0.0074224
3799	0.00741655
3800	0.0074107
3801	0.00735704
3802	0.00731549
3803	0.00728094
3804	0.00725112
3805	0.00722476
3806	0.00718735
3807	0.00715219
3808	0.00711888
3809	0.00708714
3810	0.00705677
3811	0.00704113
3812	0.00702649
3813	0.00701274
3814	0.00699981
3815	0.0069876
3816	0.00696266
3817	0.00693837
3818	0.0069147
3819	0.00689159
3820	0.00686902
3821	0.00686026
3822	0.00685194
3823	0.00684403
3824	0.00683651
3825	0.00682936
3826	0.00682257
3827	0.00681611
3828	0.00680997
3829	0.00680414
3830	0.00679861
3831	0.00678018
3832	0.00676204
3833	0.00674419
3834	0.00672662
3835	0.00670931
3836	0.00670541
3837	0.00670174
3838	0.00669831
3839	0.0066951
3840	0.00669211
3841	0.00667623
3842	0.00666056
3843	0.00664511
3844	0.00662987
3845	0.00661485
3846	0.00661312
3847	0.00661158
3848	0.00661024
3849	0.00660909
3850	0.00660813
3851	0.00659427
3852	0.00658061
3853	0.00656712
3854	0.00655383
3855	0.00654071
3856	0.00653432
3857	0.00652811
3858	0.00651554
3859	0.00650969
3860	0.00650402
3861	0.00649853
3862	0.00649977
3863	0.00649465
3864	0.00649626
3865	0.0064915
3866	0.00648038
3867	0.00647599
3868	0.00646524
3869	0.00646123
3870	0.00645086
3871	0.0064538
3872	0.00645695
3873	0.0064603
3874	0.00646387
3875	0.00646766
3876	0.0064585
3877	0.00645614
3878	0.00644742
3879	0.00644551
3880	0.00643724
3881	0.00643581
3882	0.00643463
3883	0.00643371
3884	0.00643306
3885	0.00643269
3886	0.00643925
3887	0.00644612
3888	0.00645998
3889	0.00646755
3890	0.00647548
3891	0.00647044
3892	0.00646577
3893	0.00646819
3894	0.00646435
3895	0.00646096
3896	0.0064715
3897	0.00647587
3898	0.00648758
3899	0.0064932
3900	0.00650629
3901	0.00651759
3902	0.00652897
3903	0.00653359
3904	0.00654509
3905	0.00655666
3906	0.00656144
3907	0.00655942
3908	0.0065643
3909	0.00656233
3910	0.0065673
3911	0.00657922
3912	0.0065843
3913	0.00659637
3914	0.00660157
3915	0.00661378
3916	0.00661213
3917	0.00661051
3918	0.00661593
3919	0.00661439
3920	0.00661288
3921	0.00662549
3922	0.00663819
3923	0.00664392
3924	0.00665679
3925	0.00666976
3926	0.00666861
3927	0.00667462
3928	0.00667356
3929	0.00667971
3930	0.00667876
3931	0.00669222
3932	0.00669859
3933	0.00671225
3934	0.0067188
3935	0.00673267
3936	0.0067394
3937	0.00673895
3938	0.00674585
3939	0.00674553
3940	0.0067526
3941	0.00675976
3942	0.00677437
3943	0.00678175
3944	0.00679661
3945	0.00680421
3946	0.00680452
3947	0.0068049
3948	0.00681281
3949	0.00681338
3950	0.00681403
3951	0.00682228
3952	0.00683816
3953	0.00684668
3954	0.00686289
3955	0.00687171
3956	0.00688068
3957	0.00688979
3958	0.00689144
3959	0.00690085
3960	0.00691043
3961	0.00692786
3962	0.00694551
3963	0.00695566
3964	0.00697375
3965	0.00699207
3966	0.00699507
3967	0.00700606
3968	0.00700944
3969	0.00702085
3970	0.00702465
3971	0.00704442
3972	0.00705659
3973	0.00707698
3974	0.00708973
3975	0.00711078
3976	0.00712418
3977	0.00712989
3978	0.00714395
3979	0.00715031
3980	0.00716511
3981	0.00718032
3982	0.00719598
3983	0.00722029
3984	0.00723694
3985	0.00725413
3986	0.00728016
3987	0.00729856
3988	0.00732597
3989	0.0073458
3990	0.00737482
3991	0.00738791
3992	0.00741035
3993	0.00742535
3994	0.00745
3995	0.00746741
3996	0.00750352
3997	0.00753283
3998	0.00757295
3999	0.00760695
4000	0.00765294
