       280	1.15425e-15	
       281	2.51597e-15	
       282	5.03927e-15	
       283	7.13001e-15	
       284	7.58918e-15	
       285	5.67429e-15	
       286	8.40364e-15	
       287	1.38838e-14	
       288	1.46739e-14	
       289	2.07362e-14	
       290	3.29575e-14	
       291	4.14172e-14	
       292	4.35994e-14	
       293	4.70761e-14	
       294	5.2764e-14	
       295	5.94766e-14	
       296	6.98795e-14	
       297	7.07456e-14	
       298	 8.117e-14	
       299	8.46202e-14	
       300	9.1373e-14	
       301	8.92212e-13	
       302	8.98098e-12	
       303	1.11052e-10	
       304	1.14805e-09	
       305	1.12376e-08	
       306	2.74675e-08	
       307	7.61049e-08	
       308	2.13995e-07	
       309	5.08788e-07	
       310	1.29623e-06	
       311	3.28945e-06	
       312	6.14027e-06	
       313	1.16168e-05	
       314	2.26596e-05	
       315	4.10294e-05	
       316	5.14831e-05	
       317	8.39576e-05	
       318	0.000114643	
       319	0.00015068	
       320	0.000225763	
       321	0.000287525	
       322	0.000348846	
       323	0.000415645	
       324	0.000584761	
       325	0.000853175	
       326	0.00117465	
       327	0.00140818	
       328	0.00158288	
       329	 0.0019534	
       330	0.00247428	
       331	 0.0025215	
       332	0.00274801	
       333	0.00294606	
       334	0.00324372	
       335	0.00371048	
       336	0.00359871	
       337	0.00361451	
       338	0.00428893	
       339	0.00486162	
       340	0.00556395	
       341	0.00566724	
       342	0.00608788	
       343	0.00666752	
       344	 0.0060755	
       345	0.00666613	
       346	0.00744197	
       347	0.00790781	
       348	 0.0081212	
       349	0.00842848	
       350	0.00978488	
       351	  0.010719	
       352	 0.0104895	
       353	 0.0111842	
       354	 0.0132508	
       355	 0.0140128	
       356	 0.0133757	
       357	 0.0118736	
       358	 0.0112336	
       359	 0.0129268	
       360	 0.0164704	
       361	  0.015521	
       362	 0.0163936	
       363	 0.0185945	
       364	 0.0194005	
       365	 0.0212297	
       366	 0.0250427	
       367	 0.0258695	
       368	  0.025106	
       369	 0.0266722	
       370	 0.0289396	
       371	 0.0283407	
       372	 0.0283863	
       373	 0.0263269	
       374	 0.0247608	
       375	 0.0273657	
       376	  0.031473	
       377	 0.0350437	
       378	 0.0418415	
       379	 0.0387575	
       380	 0.0375142	
       381	 0.0405656	
       382	  0.033236	
       383	 0.0267588	
       384	  0.030645	
       385	 0.0394999	
       386	 0.0393872	
       387	 0.0414442	
       388	 0.0417027	
       389	  0.046315	
       390	 0.0542358	
       391	 0.0592555	
       392	 0.0561711	
       393	 0.0369474	
       394	 0.0388554	
       395	 0.0611326	
       396	 0.0576484	
       397	 0.0410132	
       398	 0.0689174	
       399	  0.089404	
       400	 0.0963539	
       401	  0.102107	
       402	  0.107231	
       403	  0.107232	
       404	   0.10988	
       405	  0.110315	
       406	  0.109774	
       407	  0.110461	
       408	  0.117191	
       409	  0.123872	
       410	  0.114685	
       411	  0.125559	
       412	   0.13485	
       413	  0.133817	
       414	  0.134697	
       415	  0.141314	
       416	  0.147399	
       417	   0.14698	
       418	  0.144963	
       419	  0.149265	
       420	  0.145256	
       421	  0.160242	
       422	  0.162987	
       423	  0.161416	
       424	  0.163621	
       425	  0.169455	
       426	  0.168001	
       427	  0.165899	
       428	  0.167215	
       429	  0.156112	
       430	  0.131008	
       431	   0.12991	
       432	  0.188124	
       433	  0.188664	
       434	  0.181046	
       435	  0.197464	
       436	  0.217415	
       437	  0.222431	
       438	  0.203747	
       439	  0.201288	
       440	  0.224593	
       441	  0.230627	
       442	  0.245597	
       443	  0.253082	
       444	   0.25258	
       445	  0.259692	
       446	  0.247167	
       447	  0.271135	
       448	  0.280804	
       449	  0.285146	
       450	  0.297597	
       451	  0.308828	
       452	  0.301256	
       453	   0.28797	
       454	  0.303019	
       455	  0.308203	
       456	  0.319054	
       457	  0.325564	
       458	   0.32359	
       459	  0.323891	
       460	  0.327368	
       461	  0.338807	
       462	  0.346462	
       463	  0.349566	
       464	  0.344975	
       465	  0.343213	
       466	  0.349391	
       467	  0.343944	
       468	  0.356558	
       469	  0.361708	
       470	  0.355512	
       471	  0.363814	
       472	  0.380336	
       473	   0.37577	
       474	  0.382166	
       475	  0.394832	
       476	  0.390753	
       477	  0.397252	
       478	  0.409217	
       479	  0.407903	
       480	  0.414769	
       481	  0.417623	
       482	  0.420198	
       483	  0.418108	
       484	  0.414353	
       485	  0.405226	
       486	  0.353098	
       487	  0.380197	
       488	  0.409286	
       489	  0.402799	
       490	  0.434862	
       491	  0.428168	
       492	  0.417442	
       493	  0.436593	
       494	  0.438001	
       495	   0.45717	
       496	  0.447526	
       497	  0.451155	
       498	  0.444681	
       499	  0.445903	
       500	  0.447085	
       501	  0.439313	
       502	  0.442931	
       503	  0.458153	
       504	  0.445655	
       505	  0.468811	
       506	  0.487039	
       507	   0.47403	
       508	  0.465725	
       509	  0.481326	
       510	   0.47659	
       511	  0.484739	
       512	  0.494189	
       513	  0.474349	
       514	  0.465657	
       515	  0.478525	
       516	  0.473837	
       517	  0.416108	
       518	  0.447935	
       519	  0.451023	
       520	  0.483305	
       521	  0.494053	
       522	  0.502201	
       523	  0.486479	
       524	  0.511904	
       525	  0.514413	
       526	  0.496107	
       527	   0.45744	
       528	  0.502912	
       529	  0.528326	
       530	  0.520552	
       531	  0.541004	
       532	  0.531424	
       533	  0.492845	
       534	  0.513318	
       535	  0.528018	
       536	  0.540356	
       537	  0.516456	
       538	  0.530173	
       539	  0.522517	
       540	  0.507372	
       541	  0.497962	
       542	  0.530013	
       543	  0.531605	
       544	  0.545342	
       545	  0.538675	
       546	  0.537335	
       547	  0.541378	
       548	  0.534894	
       549	  0.545083	
       550	  0.544351	
       551	  0.546024	
       552	  0.553542	
       553	  0.544169	
       554	  0.552026	
       555	  0.555463	
       556	  0.548186	
       557	  0.538278	
       558	  0.542747	
       559	  0.526087	
       560	  0.533843	
       561	    0.5546	
       562	   0.54154	
       563	  0.553376	
       564	  0.550304	
       565	  0.548324	
       566	  0.531369	
       567	  0.554758	
       568	  0.556456	
       569	  0.549889	
       570	  0.546665	
       571	  0.534603	
       572	  0.557419	
       573	  0.564138	
       574	  0.561705	
       575	  0.553007	
       576	  0.551935	
       577	  0.559642	
       578	  0.549605	
       579	   0.55364	
       580	  0.558109	
       581	  0.560714	
       582	  0.567187	
       583	  0.571401	
       584	  0.570636	
       585	  0.567554	
       586	  0.559032	
       587	  0.569514	
       588	  0.560562	
       589	  0.518333	
       590	  0.538976	
       591	  0.564839	
       592	  0.565221	
       593	  0.565993	
       594	  0.568636	
       595	  0.570105	
       596	  0.578014	
       597	  0.582779	
       598	  0.576232	
       599	  0.575747	
       600	   0.57979	
       601	   0.57523	
       602	  0.573557	
       603	   0.58486	
       604	   0.59678	
       605	  0.598786	
       606	  0.599666	
       607	  0.602887	
       608	  0.603861	
       609	  0.602771	
       610	  0.605071	
       611	  0.607268	
       612	  0.617472	
       613	  0.612523	
       614	  0.603858	
       615	  0.616843	
       616	  0.608471	
       617	  0.607313	
       618	    0.6274	
       619	  0.636986	
       620	  0.641966	
       621	  0.646968	
       622	  0.640122	
       623	  0.641752	
       624	  0.641439	
       625	  0.636245	
       626	  0.641172	
       627	  0.659837	
       628	  0.666373	
       629	   0.66948	
       630	  0.667096	
       631	  0.662894	
       632	  0.648541	
       633	  0.670984	
       634	  0.669701	
       635	  0.672468	
       636	  0.666496	
       637	  0.683675	
       638	  0.691651	
       639	  0.687162	
       640	  0.676839	
       641	  0.677968	
       642	  0.682254	
       643	  0.690803	
       644	  0.689795	
       645	   0.69626	
       646	  0.688746	
       647	  0.695753	
       648	  0.694094	
       649	  0.679277	
       650	  0.677473	
       651	  0.704858	
       652	  0.706426	
       653	  0.710766	
       654	  0.704495	
       655	  0.675113	
       656	  0.610459	
       657	  0.631666	
       658	  0.692951	
       659	  0.706714	
       660	  0.717708	
       661	   0.72589	
       662	  0.729474	
       663	  0.728975	
       664	  0.729617	
       665	  0.739085	
       666	  0.739133	
       667	  0.734387	
       668	  0.724096	
       669	  0.721665	
       670	  0.706633	
       671	  0.699132	
       672	  0.689221	
       673	  0.687952	
       674	  0.682065	
       675	  0.677131	
       676	  0.680367	
       677	  0.673741	
       678	  0.673488	
       679	  0.666153	
       680	  0.664003	
       681	  0.663099	
       682	  0.661757	
       683	  0.657189	
       684	  0.652722	
       685	  0.649452	
       686	  0.637956	
       687	  0.649232	
       688	  0.654475	
       689	  0.654795	
       690	  0.654064	
       691	  0.654557	
       692	  0.652837	
       693	   0.66017	
       694	  0.664803	
       695	  0.663228	
       696	  0.667471	
       697	  0.671843	
       698	  0.671055	
       699	  0.678657	
       700	  0.681099	
       701	  0.682497	
       702	  0.685295	
       703	  0.695737	
       704	  0.707881	
       705	   0.71872	
       706	  0.719424	
       707	  0.723388	
       708	  0.732464	
       709	  0.742018	
       710	  0.768701	
       711	  0.714259	
       712	  0.679516	
       713	  0.655449	
       714	  0.640316	
       715	    0.6177	
       716	  0.610426	
       717	  0.599795	
       718	  0.583113	
       719	  0.562188	
       720	  0.571399	
       721	  0.571083	
       722	  0.570334	
       723	  0.564975	
       724	  0.563905	
       725	  0.564124	
       726	  0.568258	
       727	  0.575832	
       728	  0.581022	
       729	  0.573232	
       730	  0.597402	
       731	  0.601431	
       732	  0.615731	
       733	  0.622585	
       734	  0.643368	
       735	  0.653243	
       736	  0.659288	
       737	  0.673153	
       738	  0.684875	
       739	  0.691699	
       740	   0.72957	
       741	  0.728768	
       742	  0.728723	
       743	  0.744633	
       744	  0.753475	
       745	  0.752993	
       746	  0.755531	
       747	  0.758213	
       748	  0.757387	
       749	  0.759742	
       750	  0.759453	
       751	  0.763423	
       752	  0.769162	
       753	  0.774371	
       754	  0.780557	
       755	  0.781412	
       756	  0.773837	
       757	  0.774671	
       758	  0.779255	
       759	  0.772962	
       760	  0.776675	
       761	  0.774206	
       762	   0.77482	
       763	  0.725197	
       764	  0.688477	
       765	  0.654862	
       766	  0.614566	
       767	  0.599055	
       768	  0.601853	
       769	  0.603761	
       770	  0.610945	
       771	   0.61983	
       772	  0.629243	
       773	  0.639283	
       774	  0.650082	
       775	  0.661828	
       776	  0.674114	
       777	  0.684524	
       778	  0.701737	
       779	  0.726925	
       780	  0.765136	
       781	   0.76297	
       782	  0.765978	
       783	  0.760436	
       784	  0.755075	
       785	  0.758622	
       786	  0.759075	
       787	  0.758012	
       788	   0.75303	
       789	   0.75129	
       790	  0.745613	
       791	  0.739179	
       792	  0.732778	
       793	  0.726406	
       794	  0.720855	
       795	  0.720901	
       796	   0.72734	
       797	  0.736984	
       798	    0.7331	
       799	  0.726042	
       800	  0.717399	
       801	  0.701015	
       802	  0.685254	
       803	  0.664628	
       804	  0.654876	
       805	  0.635596	
       806	  0.637324	
       807	  0.627624	
       808	  0.618544	
       809	  0.604504	
       810	  0.601179	
       811	  0.596798	
       812	  0.595348	
       813	  0.590794	
       814	  0.585154	
       815	  0.576493	
       816	    0.5713	
       817	  0.564702	
       818	  0.550771	
       819	  0.537196	
       820	  0.532021	
       821	  0.530096	
       822	  0.520342	
       823	   0.52172	
       824	  0.519615	
       825	  0.530447	
       826	  0.545883	
       827	  0.558585	
       828	  0.567856	
       829	  0.578427	
       830	  0.595001	
       831	  0.615266	
       832	  0.627117	
       833	  0.619798	
       834	  0.631338	
       835	  0.638665	
       836	  0.647839	
       837	  0.649687	
       838	  0.654211	
       839	  0.656853	
       840	  0.668048	
       841	  0.669222	
       842	  0.661617	
       843	  0.660421	
       844	  0.655218	
       845	  0.670228	
       846	  0.672395	
       847	  0.659972	
       848	  0.659763	
       849	  0.653872	
       850	  0.614122	
       851	  0.651078	
       852	  0.656175	
       853	  0.644362	
       854	  0.595063	
       855	  0.622876	
       856	  0.664409	
       857	  0.683546	
       858	  0.689526	
       859	   0.69399	
       860	  0.696847	
       861	    0.6968	
       862	  0.702859	
       863	  0.702468	
       864	  0.691006	
       865	  0.671155	
       866	  0.615229	
       867	  0.644405	
       868	  0.672824	
       869	  0.673382	
       870	  0.681115	
       871	  0.676866	
       872	  0.681981	
       873	  0.676759	
       874	  0.666178	
       875	  0.660505	
       876	  0.673699	
       877	  0.677679	
       878	  0.675341	
       879	   0.66728	
       880	  0.665277	
       881	  0.593373	
       882	  0.575129	
       883	  0.554697	
       884	  0.540453	
       885	  0.528774	
       886	   0.50448	
       887	  0.491049	
       888	  0.487567	
       889	  0.479897	
       890	  0.469955	
       891	  0.459768	
       892	  0.448457	
       893	  0.435568	
       894	  0.429812	
       895	  0.424531	
       896	  0.420476	
       897	  0.412182	
       898	   0.40432	
       899	  0.395231	
       900	  0.388423	
       901	  0.377072	
       902	  0.367098	
       903	  0.375076	
       904	  0.372176	
       905	   0.36614	
       906	  0.367002	
       907	  0.371658	
       908	   0.37076	
       909	  0.369694	
       910	  0.375766	
       911	  0.380546	
       912	  0.383082	
       913	  0.390085	
       914	  0.393808	
       915	  0.395254	
       916	  0.396957	
       917	  0.395548	
       918	  0.395359	
       919	  0.396505	
       920	  0.393807	
       921	  0.388264	
       922	  0.383663	
       923	  0.375538	
       924	   0.38683	
       925	  0.389474	
       926	  0.311456	
       927	   0.27074	
       928	   0.23493	
       929	  0.206785	
       930	  0.184203	
       931	  0.167252	
       932	   0.15196	
       933	  0.139709	
       934	  0.128123	
       935	  0.117065	
       936	  0.107904	
       937	  0.100401	
       938	  0.102604	
       939	  0.104046	
       940	  0.104157	
       941	  0.104584	
       942	   0.10435	
       943	  0.108645	
       944	  0.109352	
       945	  0.111673	
       946	  0.114508	
       947	  0.116515	
       948	  0.119024	
       949	  0.125278	
       950	  0.131198	
       951	  0.137103	
       952	  0.144933	
       953	  0.152648	
       954	  0.159172	
       955	  0.162773	
       956	   0.17753	
       957	  0.191139	
       958	  0.205638	
       959	  0.221407	
       960	  0.236615	
       961	   0.25469	
       962	  0.277915	
       963	  0.304333	
       964	   0.33623	
       965	  0.384255	
       966	  0.385745	
       967	  0.392059	
       968	  0.393423	
       969	  0.398587	
       970	  0.403983	
       971	  0.405874	
       972	  0.412124	
       973	  0.414088	
       974	  0.414362	
       975	    0.4212	
       976	  0.429915	
       977	  0.433183	
       978	  0.440663	
       979	  0.443635	
       980	   0.45327	
       981	  0.458071	
       982	  0.465168	
       983	  0.468456	
       984	  0.470887	
       985	  0.476558	
       986	  0.480289	
       987	  0.486017	
       988	  0.491077	
       989	  0.493966	
       990	  0.502591	
       991	  0.513822	
       992	  0.522018	
       993	  0.534123	
       994	  0.543591	
       995	  0.541719	
       996	  0.540477	
       997	  0.535629	
       998	  0.535283	
       999	  0.535472	
      1000	  0.536936	
      1001	  0.539845	
      1002	  0.540056	
      1003	   0.53519	
      1004	  0.526961	
      1005	  0.504457	
      1006	  0.520554	
      1007	  0.531595	
      1008	  0.534185	
      1009	  0.533046	
      1010	  0.534015	
      1011	  0.532055	
      1012	  0.531292	
      1013	  0.529431	
      1014	   0.53024	
      1015	  0.524888	
      1016	  0.525516	
      1017	  0.523481	
      1018	   0.52672	
      1019	  0.517665	
      1020	   0.51953	
      1021	  0.520944	
      1022	  0.516892	
      1023	  0.520289	
      1024	  0.522592	
      1025	   0.52249	
      1026	  0.522876	
      1027	   0.52215	
      1028	  0.522668	
      1029	  0.519925	
      1030	  0.521149	
      1031	  0.521187	
      1032	  0.520884	
      1033	  0.515509	
      1034	  0.517952	
      1035	  0.520663	
      1036	  0.521474	
      1037	  0.518567	
      1038	  0.518205	
      1039	  0.522122	
      1040	  0.522023	
      1041	  0.522305	
      1042	  0.521997	
      1043	  0.518986	
      1044	  0.519939	
      1045	  0.516435	
      1046	  0.507402	
      1047	   0.51291	
      1048	   0.51735	
      1049	  0.515973	
      1050	  0.513624	
      1051	  0.513602	
      1052	  0.511444	
      1053	  0.510449	
      1054	  0.509647	
      1055	  0.511177	
      1056	  0.510374	
      1057	  0.509181	
      1058	    0.5039	
      1059	  0.494138	
      1060	  0.501598	
      1061	  0.496603	
      1062	  0.502026	
      1063	  0.498485	
      1064	  0.502834	
      1065	  0.501928	
      1066	  0.494184	
      1067	  0.495419	
      1068	  0.493133	
      1069	  0.474934	
      1070	  0.484563	
      1071	  0.463851	
      1072	  0.452341	
      1073	  0.437325	
      1074	  0.433914	
      1075	  0.422003	
      1076	   0.41816	
      1077	  0.412649	
      1078	  0.406754	
      1079	  0.396557	
      1080	  0.394992	
      1081	  0.383604	
      1082	   0.37656	
      1083	  0.376026	
      1084	  0.375067	
      1085	  0.371326	
      1086	  0.367734	
      1087	   0.35482	
      1088	  0.357159	
      1089	  0.355859	
      1090	  0.351215	
      1091	  0.348993	
      1092	  0.341486	
      1093	  0.333778	
      1094	  0.319399	
      1095	  0.324319	
      1096	  0.325101	
      1097	  0.324802	
      1098	  0.320906	
      1099	  0.317627	
      1100	  0.322369	
      1101	  0.242201	
      1102	  0.193087	
      1103	  0.164425	
      1104	  0.141159	
      1105	  0.122588	
      1106	  0.107683	
      1107	 0.0951502	
      1108	 0.0851077	
      1109	  0.076483	
      1110	 0.0691437	
      1111	 0.0624517	
      1112	 0.0567874	
      1113	 0.0516393	
      1114	  0.047636	
      1115	 0.0436646	
      1116	 0.0399213	
      1117	 0.0371044	
      1118	 0.0339041	
      1119	 0.0313343	
      1120	 0.0290025	
      1121	 0.0309192	
      1122	 0.0330127	
      1123	 0.0351052	
      1124	 0.0373282	
      1125	 0.0395186	
      1126	 0.0413375	
      1127	 0.0446687	
      1128	 0.0483646	
      1129	 0.0519636	
      1130	 0.0556688	
      1131	 0.0556517	
      1132	 0.0554632	
      1133	 0.0546335	
      1134	 0.0543297	
      1135	 0.0540878	
      1136	 0.0538006	
      1137	 0.0525289	
      1138	 0.0516475	
      1139	 0.0519617	
      1140	 0.0518628	
      1141	  0.050868	
      1142	 0.0512374	
      1143	 0.0507143	
      1144	 0.0501159	
      1145	 0.0501963	
      1146	  0.053968	
      1147	 0.0577425	
      1148	 0.0615329	
      1149	 0.0658241	
      1150	 0.0706213	
      1151	 0.0760252	
      1152	 0.0819399	
      1153	 0.0891058	
      1154	 0.0976487	
      1155	  0.106772	
      1156	  0.116382	
      1157	  0.129203	
      1158	  0.143623	
      1159	  0.159471	
      1160	  0.179321	
      1161	  0.205443	
      1162	  0.214044	
      1163	  0.220489	
      1164	  0.223258	
      1165	  0.230142	
      1166	  0.232594	
      1167	  0.240971	
      1168	  0.248416	
      1169	  0.250066	
      1170	  0.261404	
      1171	  0.264453	
      1172	  0.265853	
      1173	  0.265953	
      1174	  0.267068	
      1175	  0.264698	
      1176	  0.263074	
      1177	   0.26873	
      1178	  0.268744	
      1179	  0.269684	
      1180	  0.273729	
      1181	  0.274261	
      1182	  0.273408	
      1183	  0.264986	
      1184	  0.274396	
      1185	  0.279733	
      1186	  0.281533	
      1187	  0.283022	
      1188	  0.281081	
      1189	  0.273335	
      1190	  0.283262	
      1191	  0.290092	
      1192	   0.29184	
      1193	  0.293413	
      1194	  0.295172	
      1195	   0.29523	
      1196	  0.296926	
      1197	  0.297116	
      1198	  0.293016	
      1199	  0.288419	
      1200	  0.301748	
      1201	  0.305402	
      1202	  0.304551	
      1203	  0.295977	
      1204	  0.295453	
      1205	  0.302325	
      1206	  0.302738	
      1207	   0.30316	
      1208	  0.297116	
      1209	  0.287979	
      1210	  0.297808	
      1211	  0.295553	
      1212	  0.301017	
      1213	  0.303086	
      1214	  0.302818	
      1215	  0.303988	
      1216	  0.304584	
      1217	  0.304994	
      1218	  0.304816	
      1219	   0.30413	
      1220	  0.305937	
      1221	  0.306768	
      1222	  0.306695	
      1223	   0.30603	
      1224	  0.309758	
      1225	  0.310419	
      1226	  0.311315	
      1227	    0.3077	
      1228	  0.311689	
      1229	  0.315387	
      1230	  0.316556	
      1231	  0.317588	
      1232	   0.31741	
      1233	  0.320258	
      1234	  0.321787	
      1235	  0.323208	
      1236	  0.327658	
      1237	  0.331023	
      1238	  0.334402	
      1239	  0.337233	
      1240	  0.347449	
      1241	  0.346763	
      1242	  0.343174	
      1243	  0.337809	
      1244	  0.334263	
      1245	  0.332936	
      1246	  0.332696	
      1247	  0.330897	
      1248	  0.330608	
      1249	  0.328584	
      1250	  0.326091	
      1251	  0.322514	
      1252	  0.318823	
      1253	  0.318091	
      1254	  0.316788	
      1255	  0.314821	
      1256	  0.312638	
      1257	  0.309897	
      1258	  0.309169	
      1259	  0.306756	
      1260	  0.306253	
      1261	  0.304245	
      1262	  0.300408	
      1263	  0.300824	
      1264	  0.297224	
      1265	  0.296417	
      1266	  0.296382	
      1267	  0.291876	
      1268	  0.289153	
      1269	  0.290079	
      1270	  0.290523	
      1271	  0.290956	
      1272	  0.290498	
      1273	  0.290819	
      1274	  0.290497	
      1275	  0.292899	
      1276	  0.294864	
      1277	  0.296203	
      1278	  0.296901	
      1279	  0.296614	
      1280	  0.295497	
      1281	  0.286852	
      1282	  0.266488	
      1283	  0.284339	
      1284	  0.297696	
      1285	  0.302528	
      1286	   0.30553	
      1287	  0.308856	
      1288	  0.310904	
      1289	  0.314475	
      1290	  0.314994	
      1291	  0.305864	
      1292	  0.299356	
      1293	  0.292845	
      1294	  0.284371	
      1295	  0.280869	
      1296	  0.277278	
      1297	  0.271824	
      1298	  0.266529	
      1299	  0.264779	
      1300	  0.261079	
      1301	  0.257334	
      1302	  0.252605	
      1303	  0.248744	
      1304	  0.245637	
      1305	  0.245048	
      1306	  0.243199	
      1307	  0.241076	
      1308	  0.238676	
      1309	  0.236582	
      1310	  0.233859	
      1311	  0.231364	
      1312	  0.227546	
      1313	  0.221577	
      1314	  0.223567	
      1315	  0.218578	
      1316	  0.217854	
      1317	  0.219275	
      1318	  0.216611	
      1319	  0.217579	
      1320	  0.216185	
      1321	  0.158078	
      1322	  0.126149	
      1323	  0.104554	
      1324	 0.0885876	
      1325	 0.0760652	
      1326	 0.0659089	
      1327	 0.0575952	
      1328	 0.0509665	
      1329	 0.0445506	
      1330	 0.0401928	
      1331	 0.0363323	
      1332	 0.0323696	
      1333	  0.029725	
      1334	    0.0271	
      1335	 0.0246419	
      1336	  0.022363	
      1337	 0.0205029	
      1338	 0.0187404	
      1339	 0.0170617	
      1340	 0.0156911	
      1341	 0.0147119	
      1342	 0.0135989	
      1343	 0.0125976	
      1344	 0.0116945	
      1345	 0.0108564	
      1346	 0.0100314	
      1347	0.00936987	
      1348	0.00872696	
      1349	0.00811817	
      1350	0.00751405	
      1351	0.00629343	
      1352	0.00533013	
      1353	0.00450707	
      1354	0.00382064	
      1355	0.00323421	
      1356	0.00277375	
      1357	 0.0023728	
      1358	0.00207425	
      1359	0.00179842	
      1360	0.00155563	
      1361	0.00137032	
      1362	0.00119689	
      1363	0.00103736	
      1364	0.00091994	
      1365	0.000811248	
      1366	0.000715928	
      1367	0.000629841	
      1368	0.000561503	
      1369	0.000492749	
      1370	0.00043781	
      1371	0.000391141	
      1372	0.00035243	
      1373	0.000315835	
      1374	0.000282476	
      1375	0.000250108	
      1376	0.000223194	
      1377	0.000202253	
      1378	0.00018228	
      1379	0.000165225	
      1380	0.000148481	
      1381	0.000134142	
      1382	0.000120213	
      1383	0.000109025	
      1384	9.91848e-05	
      1385	8.94344e-05	
      1386	8.15482e-05	
      1387	7.3664e-05	
      1388	6.72668e-05	
      1389	6.13019e-05	
      1390	5.51808e-05	
      1391	5.07692e-05	
      1392	4.64127e-05	
      1393	4.22068e-05	
      1394	3.84097e-05	
      1395	3.51432e-05	
      1396	3.81068e-05	
      1397	4.13746e-05	
      1398	4.50441e-05	
      1399	4.87522e-05	
      1400	5.1943e-05	
      1401	5.65384e-05	
      1402	6.23037e-05	
      1403	6.76247e-05	
      1404	7.39815e-05	
      1405	8.08965e-05	
      1406	8.89649e-05	
      1407	9.73954e-05	
      1408	0.000106693	
      1409	0.000117427	
      1410	0.000128855	
      1411	0.000140761	
      1412	 0.0001522	
      1413	0.000169197	
      1414	0.000188936	
      1415	0.000209191	
      1416	0.000230874	
      1417	0.000257137	
      1418	0.000286021	
      1419	0.000315291	
      1420	0.000350259	
      1421	0.000392185	
      1422	0.000431805	
      1423	0.000481776	
      1424	0.00053988	
      1425	0.000610716	
      1426	0.000673943	
      1427	0.000764827	
      1428	0.000869074	
      1429	0.000969525	
      1430	 0.0010979	
      1431	0.00125554	
      1432	0.00145621	
      1433	0.00166678	
      1434	0.00188833	
      1435	0.00217936	
      1436	0.00252133	
      1437	0.00292929	
      1438	0.00340195	
      1439	0.00398126	
      1440	0.00452336	
      1441	0.00536561	
      1442	 0.0063872	
      1443	0.00722659	
      1444	0.00768625	
      1445	0.00816545	
      1446	0.00870237	
      1447	0.00920286	
      1448	0.00984459	
      1449	 0.0104633	
      1450	 0.0110795	
      1451	 0.0117022	
      1452	 0.0124869	
      1453	 0.0133771	
      1454	 0.0142578	
      1455	 0.0152287	
      1456	  0.016282	
      1457	  0.017611	
      1458	 0.0191785	
      1459	 0.0207558	
      1460	 0.0222849	
      1461	 0.0240335	
      1462	 0.0258855	
      1463	 0.0268522	
      1464	 0.0268997	
      1465	 0.0271336	
      1466	  0.026942	
      1467	 0.0272533	
      1468	 0.0270623	
      1469	 0.0272763	
      1470	 0.0271519	
      1471	 0.0267862	
      1472	 0.0268819	
      1473	  0.026836	
      1474	 0.0263386	
      1475	 0.0266791	
      1476	 0.0268331	
      1477	 0.0268011	
      1478	 0.0282398	
      1479	 0.0300592	
      1480	 0.0318622	
      1481	 0.0334694	
      1482	 0.0355972	
      1483	 0.0372625	
      1484	 0.0399839	
      1485	 0.0430275	
      1486	 0.0455189	
      1487	 0.0476663	
      1488	 0.0472628	
      1489	 0.0547703	
      1490	 0.0602187	
      1491	 0.0652367	
      1492	 0.0702644	
      1493	 0.0772632	
      1494	 0.0848129	
      1495	 0.0929768	
      1496	  0.101097	
      1497	  0.115139	
      1498	  0.118066	
      1499	  0.119596	
      1500	  0.123612	
      1501	  0.126007	
      1502	  0.126153	
      1503	   0.12028	
      1504	  0.125422	
      1505	  0.125715	
      1506	  0.133136	
      1507	  0.140519	
      1508	  0.143068	
      1509	  0.146169	
      1510	  0.152348	
      1511	  0.156672	
      1512	  0.158799	
      1513	  0.162804	
      1514	  0.167524	
      1515	  0.174693	
      1516	   0.18116	
      1517	  0.188417	
      1518	  0.199885	
      1519	  0.210249	
      1520	  0.230656	
      1521	  0.226681	
      1522	    0.2259	
      1523	  0.228495	
      1524	  0.229023	
      1525	   0.22597	
      1526	   0.23012	
      1527	  0.229664	
      1528	  0.230761	
      1529	  0.228553	
      1530	  0.220677	
      1531	  0.229336	
      1532	  0.231237	
      1533	  0.229505	
      1534	  0.227116	
      1535	  0.229546	
      1536	  0.232632	
      1537	  0.233205	
      1538	  0.230114	
      1539	  0.233603	
      1540	  0.225561	
      1541	  0.224893	
      1542	  0.224513	
      1543	  0.223152	
      1544	  0.222877	
      1545	  0.222114	
      1546	  0.219966	
      1547	  0.216138	
      1548	  0.211138	
      1549	   0.21259	
      1550	  0.210467	
      1551	  0.210051	
      1552	  0.210635	
      1553	  0.207697	
      1554	  0.203274	
      1555	  0.202625	
      1556	  0.200395	
      1557	  0.203011	
      1558	  0.201766	
      1559	  0.201893	
      1560	  0.201264	
      1561	  0.204252	
      1562	  0.204123	
      1563	   0.20362	
      1564	  0.202258	
      1565	  0.204456	
      1566	  0.203309	
      1567	  0.203807	
      1568	  0.202574	
      1569	  0.204464	
      1570	  0.204912	
      1571	  0.209015	
      1572	  0.210015	
      1573	  0.208379	
      1574	  0.206744	
      1575	   0.19984	
      1576	  0.204724	
      1577	  0.195099	
      1578	  0.206345	
      1579	  0.211315	
      1580	  0.212849	
      1581	  0.212264	
      1582	  0.205861	
      1583	    0.2065	
      1584	  0.205038	
      1585	  0.208794	
      1586	  0.206643	
      1587	  0.203694	
      1588	  0.198366	
      1589	  0.187861	
      1590	  0.191732	
      1591	  0.193107	
      1592	  0.200443	
      1593	  0.203758	
      1594	   0.20262	
      1595	   0.20171	
      1596	  0.194043	
      1597	  0.195241	
      1598	   0.19859	
      1599	  0.195508	
      1600	  0.195364	
      1601	  0.190871	
      1602	  0.191916	
      1603	  0.191909	
      1604	  0.191709	
      1605	  0.189609	
      1606	  0.188665	
      1607	  0.187549	
      1608	   0.18967	
      1609	  0.187619	
      1610	  0.178759	
      1611	  0.182522	
      1612	   0.18452	
      1613	  0.187986	
      1614	  0.188125	
      1615	  0.187613	
      1616	  0.181871	
      1617	  0.184689	
      1618	  0.190504	
      1619	  0.190295	
      1620	  0.186353	
      1621	  0.186897	
      1622	  0.190295	
      1623	  0.194808	
      1624	  0.196097	
      1625	  0.194729	
      1626	  0.197593	
      1627	  0.199737	
      1628	  0.202399	
      1629	   0.20467	
      1630	  0.206637	
      1631	    0.2073	
      1632	  0.207002	
      1633	  0.204541	
      1634	  0.202534	
      1635	   0.20464	
      1636	  0.203836	
      1637	  0.197208	
      1638	  0.195455	
      1639	  0.192519	
      1640	  0.194222	
      1641	  0.193238	
      1642	  0.193448	
      1643	  0.196234	
      1644	  0.194616	
      1645	  0.193974	
      1646	  0.196334	
      1647	  0.196677	
      1648	  0.196063	
      1649	  0.193197	
      1650	  0.194731	
      1651	  0.192948	
      1652	  0.194711	
      1653	  0.193365	
      1654	  0.193951	
      1655	  0.192399	
      1656	  0.193308	
      1657	  0.193372	
      1658	   0.19236	
      1659	  0.190505	
      1660	  0.191535	
      1661	  0.192243	
      1662	  0.191567	
      1663	  0.190792	
      1664	  0.190437	
      1665	  0.188914	
      1666	  0.187505	
      1667	  0.187483	
      1668	  0.185215	
      1669	  0.186479	
      1670	  0.189137	
      1671	  0.187944	
      1672	   0.18249	
      1673	  0.184402	
      1674	  0.186419	
      1675	  0.184492	
      1676	  0.182464	
      1677	  0.183531	
      1678	  0.184061	
      1679	  0.180064	
      1680	  0.173277	
      1681	  0.167009	
      1682	  0.169009	
      1683	  0.172708	
      1684	  0.174463	
      1685	  0.174301	
      1686	  0.171931	
      1687	  0.171546	
      1688	   0.17068	
      1689	  0.168229	
      1690	  0.167722	
      1691	  0.169545	
      1692	  0.169278	
      1693	  0.168128	
      1694	  0.167491	
      1695	  0.166877	
      1696	  0.165679	
      1697	  0.164506	
      1698	  0.163835	
      1699	  0.162489	
      1700	  0.160191	
      1701	  0.159461	
      1702	  0.159005	
      1703	  0.158365	
      1704	  0.157696	
      1705	  0.156982	
      1706	  0.155885	
      1707	  0.154737	
      1708	    0.1536	
      1709	  0.152473	
      1710	  0.151507	
      1711	  0.151461	
      1712	   0.15157	
      1713	  0.151683	
      1714	  0.151798	
      1715	  0.151789	
      1716	  0.150987	
      1717	  0.150065	
      1718	  0.149149	
      1719	  0.148241	
      1720	  0.147398	
      1721	  0.146888	
      1722	  0.146442	
      1723	  0.146001	
      1724	  0.145563	
      1725	  0.145078	
      1726	  0.144259	
      1727	  0.143393	
      1728	  0.142533	
      1729	  0.141679	
      1730	  0.140705	
      1731	  0.138965	
      1732	  0.137109	
      1733	  0.135262	
      1734	  0.133423	
      1735	  0.131939	
      1736	  0.132512	
      1737	   0.13343	
      1738	  0.134346	
      1739	  0.135261	
      1740	  0.135958	
      1741	  0.113983	
      1742	  0.100211	
      1743	 0.0899811	
      1744	  0.081823	
      1745	 0.0750866	
      1746	 0.0695166	
      1747	 0.0647152	
      1748	  0.060494	
      1749	 0.0567426	
      1750	  0.053388	
      1751	 0.0503968	
      1752	 0.0476862	
      1753	 0.0452099	
      1754	 0.0429373	
      1755	  0.040828	
      1756	 0.0387812	
      1757	 0.0368709	
      1758	 0.0350966	
      1759	 0.0334443	
      1760	  0.031911	
      1761	 0.0305271	
      1762	 0.0292374	
      1763	 0.0280254	
      1764	 0.0268848	
      1765	 0.0258095	
      1766	 0.0247945	
      1767	 0.0238351	
      1768	  0.022927	
      1769	 0.0220666	
      1770	 0.0212422	
      1771	 0.0204071	
      1772	 0.0196069	
      1773	 0.0188469	
      1774	 0.0181245	
      1775	 0.0174471	
      1776	 0.0168595	
      1777	 0.0163077	
      1778	 0.0157803	
      1779	 0.0152757	
      1780	 0.0147885	
      1781	 0.0142976	
      1782	 0.0138237	
      1783	 0.0133698	
      1784	  0.012935	
      1785	 0.0125217	
      1786	 0.0121461	
      1787	 0.0117886	
      1788	 0.0114449	
      1789	 0.0111143	
      1790	 0.0107917	
      1791	 0.0104534	
      1792	 0.0101241	
      1793	 0.0098075	
      1794	0.00950291	
      1795	0.00920979	
      1796	0.00892762	
      1797	0.00865588	
      1798	 0.0083941	
      1799	0.00814184	
      1800	0.00790337	
      1801	0.00663098	
      1802	 0.0056103	
      1803	0.00477903	
      1804	0.00409531	
      1805	 0.0035277	
      1806	 0.0030504	
      1807	0.00264877	
      1808	0.00230908	
      1809	 0.0020202	
      1810	0.00176965	
      1811	0.00153552	
      1812	0.00133301	
      1813	0.00115993	
      1814	0.00101151	
      1815	0.000886591	
      1816	0.000793057	
      1817	0.000713021	
      1818	0.000642281	
      1819	0.000579599	
      1820	0.000523761	
      1821	0.000473186	
      1822	0.000428029	
      1823	0.000387757	
      1824	0.000351775	
      1825	0.000319231	
      1826	0.000288194	
      1827	0.000260224	
      1828	0.000235247	
      1829	0.00021291	
      1830	0.000193001	
      1831	0.000175625	
      1832	0.00016006	
      1833	0.00014602	
      1834	0.00013334	
      1835	0.000121859	
      1836	0.000111355	
      1837	0.000101831	
      1838	  9.32e-05	
      1839	8.53701e-05	
      1840	7.82498e-05	
      1841	7.17044e-05	
      1842	6.57465e-05	
      1843	6.03267e-05	
      1844	5.5392e-05	
      1845	5.0922e-05	
      1846	4.69786e-05	
      1847	4.33917e-05	
      1848	4.01041e-05	
      1849	3.70886e-05	
      1850	3.43094e-05	
      1851	3.16949e-05	
      1852	2.92867e-05	
      1853	2.70765e-05	
      1854	2.50467e-05	
      1855	2.31813e-05	
      1856	2.1466e-05	
      1857	1.98876e-05	
      1858	1.84344e-05	
      1859	1.70957e-05	
      1860	1.58616e-05	
      1861	1.64887e-05	
      1862	1.71431e-05	
      1863	1.78262e-05	
      1864	1.85394e-05	
      1865	1.92881e-05	
      1866	2.00894e-05	
      1867	2.09318e-05	
      1868	2.18131e-05	
      1869	2.27354e-05	
      1870	2.36489e-05	
      1871	2.42709e-05	
      1872	2.48496e-05	
      1873	2.54366e-05	
      1874	2.60315e-05	
      1875	2.67811e-05	
      1876	2.8466e-05	
      1877	3.04149e-05	
      1878	3.24882e-05	
      1879	3.46941e-05	
      1880	3.69402e-05	
      1881	3.86947e-05	
      1882	4.04305e-05	
      1883	4.2253e-05	
      1884	4.41668e-05	
      1885	4.61393e-05	
      1886	4.79584e-05	
      1887	4.98159e-05	
      1888	5.17534e-05	
      1889	5.37748e-05	
      1890	5.5924e-05	
      1891	5.84203e-05	
      1892	6.10858e-05	
      1893	6.3888e-05	
      1894	6.68347e-05	
      1895	6.99851e-05	
      1896	7.36216e-05	
      1897	7.75228e-05	
      1898	8.16517e-05	
      1899	8.60231e-05	
      1900	9.06074e-05	
      1901	9.5149e-05	
      1902	9.98967e-05	
      1903	0.000104911	
      1904	0.00011021	
      1905	0.000115795	
      1906	0.000121559	
      1907	0.000127631	
      1908	0.000134048	
      1909	0.000140832	
      1910	0.00014804	
      1911	0.000155829	
      1912	0.000164119	
      1913	0.000172911	
      1914	0.00018224	
      1915	0.000192143	
      1916	0.000202661	
      1917	0.000213836	
      1918	0.000225716	
      1919	0.000238352	
      1920	 0.0002518	
      1921	0.00023798	
      1922	0.000239665	
      1923	0.000244628	
      1924	0.000251559	
      1925	0.000259908	
      1926	0.000268969	
      1927	0.000279115	
      1928	0.000290418	
      1929	0.00030289	
      1930	0.000316812	
      1931	0.000333556	
      1932	0.000352111	
      1933	0.000372362	
      1934	0.000394458	
      1935	0.000418347	
      1936	0.000442873	
      1937	0.000469356	
      1938	0.000498237	
      1939	0.000529766	
      1940	0.000563361	
      1941	0.000594519	
      1942	0.000627371	
      1943	0.000663051	
      1944	0.000701865	
      1945	0.000746644	
      1946	0.000811783	
      1947	0.000887284	
      1948	0.000971807	
      1949	 0.0010667	
      1950	0.00117262	
      1951	0.00128614	
      1952	0.00141334	
      1953	0.00155761	
      1954	0.00172197	
      1955	0.00190862	
      1956	0.00211338	
      1957	0.00234775	
      1958	0.00261982	
      1959	0.00293808	
      1960	0.00331317	
      1961	0.00355574	
      1962	0.00382058	
      1963	0.00411098	
      1964	0.00443015	
      1965	0.00478571	
      1966	0.00520412	
      1967	0.00567435	
      1968	0.00619959	
      1969	0.00678828	
      1970	0.00744633	
      1971	0.00815902	
      1972	0.00896027	
      1973	0.00987111	
      1974	 0.0109126	
      1975	 0.0121113	
      1976	 0.0135016	
      1977	 0.0151285	
      1978	 0.0170526	
      1979	 0.0193572	
      1980	 0.0221675	
      1981	 0.0256885	
      1982	 0.0301935	
      1983	 0.0361783	
      1984	 0.0446399	
      1985	 0.0581645	
      1986	 0.0425804	
      1987	 0.0350844	
      1988	 0.0300418	
      1989	 0.0262831	
      1990	 0.0233066	
      1991	 0.0207795	
      1992	 0.0186603	
      1993	 0.0168657	
      1994	 0.0153253	
      1995	 0.0139981	
      1996	 0.0128841	
      1997	 0.0119075	
      1998	 0.0110381	
      1999	 0.0102599	
      2000	0.00955554	
      2001	 0.0088963	
      2002	0.00829556	
      2003	0.00774958	
      2004	0.00725179	
      2005	0.00679958	
      2006	0.00713011	
      2007	0.00748535	
      2008	0.00786423	
      2009	0.00826886	
      2010	 0.0087001	
      2011	 0.0091492	
      2012	0.00962883	
      2013	 0.0101437	
      2014	 0.0106974	
      2015	 0.0112921	
      2016	 0.0119175	
      2017	 0.0125916	
      2018	 0.0133225	
      2019	 0.0141171	
      2020	 0.0149904	
      2021	 0.0159895	
      2022	  0.017097	
      2023	 0.0183219	
      2024	 0.0196835	
      2025	 0.0211964	
      2026	 0.0228376	
      2027	 0.0246864	
      2028	 0.0268021	
      2029	 0.0292533	
      2030	 0.0321478	
      2031	 0.0356752	
      2032	 0.0400632	
      2033	 0.0457818	
      2034	 0.0539705	
      2035	 0.0700057	
      2036	 0.0687461	
      2037	 0.0675887	
      2038	 0.0665217	
      2039	 0.0655282	
      2040	 0.0646444	
      2041	 0.0640751	
      2042	 0.0635929	
      2043	 0.0631445	
      2044	 0.0627262	
      2045	 0.0622942	
      2046	 0.0616237	
      2047	 0.0609398	
      2048	 0.0602807	
      2049	 0.0596446	
      2050	 0.0590466	
      2051	 0.0585456	
      2052	 0.0580786	
      2053	 0.0576279	
      2054	 0.0571925	
      2055	 0.0567608	
      2056	 0.0562571	
      2057	 0.0557569	
      2058	 0.0552704	
      2059	 0.0547971	
      2060	 0.0543523	
      2061	 0.0539932	
      2062	 0.0536611	
      2063	 0.0533397	
      2064	 0.0530289	
      2065	 0.0527286	
      2066	 0.0530154	
      2067	 0.0533081	
      2068	 0.0536068	
      2069	 0.0539119	
      2070	 0.0542398	
      2071	 0.0546506	
      2072	 0.0550866	
      2073	 0.0555321	
      2074	 0.0559875	
      2075	  0.056431	
      2076	 0.0567385	
      2077	 0.0570318	
      2078	  0.057334	
      2079	 0.0576455	
      2080	 0.0579787	
      2081	 0.0583817	
      2082	 0.0588094	
      2083	 0.0592511	
      2084	 0.0597077	
      2085	 0.0601868	
      2086	 0.0606959	
      2087	 0.0612308	
      2088	 0.0617872	
      2089	 0.0623673	
      2090	 0.0629607	
      2091	 0.0635176	
      2092	 0.0640923	
      2093	 0.0647019	
      2094	 0.0653517	
      2095	 0.0660762	
      2096	 0.0670393	
      2097	  0.068106	
      2098	 0.0692673	
      2099	 0.0705518	
      2100	  0.071999	
      2101	  0.072032	
      2102	 0.0720584	
      2103	 0.0720856	
      2104	 0.0721138	
      2105	 0.0721278	
      2106	 0.0720522	
      2107	 0.0719623	
      2108	 0.0718731	
      2109	 0.0717847	
      2110	 0.0717047	
      2111	 0.0716862	
      2112	 0.0716764	
      2113	 0.0716678	
      2114	 0.0716603	
      2115	 0.0716541	
      2116	 0.0716339	
      2117	  0.071615	
      2118	 0.0715975	
      2119	 0.0715815	
      2120	  0.071567	
      2121	 0.0715388	
      2122	 0.0715123	
      2123	 0.0714875	
      2124	 0.0714647	
      2125	 0.0714672	
      2126	 0.0715961	
      2127	 0.0717512	
      2128	 0.0719094	
      2129	  0.072071	
      2130	  0.072205	
      2131	 0.0721704	
      2132	 0.0721078	
      2133	 0.0720489	
      2134	  0.071994	
      2135	 0.0719673	
      2136	 0.0721041	
      2137	 0.0722712	
      2138	 0.0724458	
      2139	 0.0726291	
      2140	 0.0727983	
      2141	  0.072835	
      2142	 0.0728607	
      2143	 0.0729026	
      2144	 0.0729655	
      2145	 0.0730811	
      2146	 0.0733525	
      2147	 0.0737171	
      2148	 0.0742198	
      2149	 0.0741712	
      2150	 0.0741144	
      2151	 0.0739751	
      2152	 0.0738277	
      2153	 0.0736804	
      2154	 0.0735333	
      2155	 0.0733863	
      2156	 0.0732065	
      2157	 0.0730268	
      2158	 0.0728473	
      2159	 0.0726679	
      2160	 0.0723896	
      2161	 0.0715015	
      2162	 0.0705148	
      2163	 0.0695286	
      2164	 0.0685429	
      2165	 0.0677471	
      2166	 0.0681049	
      2167	  0.068652	
      2168	  0.069199	
      2169	 0.0697459	
      2170	 0.0702351	
      2171	 0.0703455	
      2172	 0.0703984	
      2173	 0.0704514	
      2174	 0.0705044	
      2175	 0.0705246	
      2176	 0.0703475	
      2177	 0.0701377	
      2178	  0.069928	
      2179	 0.0697184	
      2180	 0.0695337	
      2181	 0.0695134	
      2182	 0.0695178	
      2183	 0.0695223	
      2184	 0.0695269	
      2185	 0.0694986	
      2186	 0.0692571	
      2187	 0.0689829	
      2188	 0.0687089	
      2189	  0.068435	
      2190	 0.0682023	
      2191	 0.0682158	
      2192	 0.0682703	
      2193	 0.0683249	
      2194	 0.0683796	
      2195	 0.0684097	
      2196	 0.0683088	
      2197	 0.0681834	
      2198	 0.0680581	
      2199	 0.0679135	
      2200	 0.0677446	
      2201	 0.0674286	
      2202	 0.0670885	
      2203	 0.0667487	
      2204	 0.0664094	
      2205	 0.0661113	
      2206	 0.0660257	
      2207	 0.0659811	
      2208	 0.0659367	
      2209	 0.0658923	
      2210	 0.0658399	
      2211	 0.0657551	
      2212	 0.0656623	
      2213	 0.0655696	
      2214	 0.0654771	
      2215	 0.0653848	
      2216	 0.0652926	
      2217	 0.0652005	
      2218	 0.0651086	
      2219	 0.0650169	
      2220	  0.064909	
      2221	  0.064704	
      2222	  0.064483	
      2223	 0.0642623	
      2224	 0.0640418	
      2225	 0.0638377	
      2226	 0.0637311	
      2227	 0.0636407	
      2228	 0.0635505	
      2229	 0.0634605	
      2230	 0.0633706	
      2231	 0.0632646	
      2232	 0.0631588	
      2233	 0.0630532	
      2234	 0.0629477	
      2235	 0.0628262	
      2236	  0.062592	
      2237	 0.0623419	
      2238	  0.062092	
      2239	 0.0618424	
      2240	 0.0616172	
      2241	 0.0615371	
      2242	 0.0614813	
      2243	 0.0614255	
      2244	 0.0613699	
      2245	 0.0612983	
      2246	 0.0611464	
      2247	 0.0609787	
      2248	 0.0608111	
      2249	 0.0606438	
      2250	 0.0604766	
      2251	 0.0602775	
      2252	 0.0600786	
      2253	 0.0598799	
      2254	 0.0596814	
      2255	 0.0594991	
      2256	 0.0594291	
      2257	 0.0593751	
      2258	 0.0593212	
      2259	 0.0592674	
      2260	 0.0592058	
      2261	 0.0590643	
      2262	  0.058915	
      2263	 0.0587658	
      2264	 0.0586168	
      2265	 0.0584839	
      2266	 0.0584149	
      2267	  0.058362	
      2268	 0.0583091	
      2269	 0.0582563	
      2270	 0.0581957	
      2271	 0.0577905	
      2272	 0.0573909	
      2273	 0.0570038	
      2274	 0.0566278	
      2275	 0.0562467	
      2276	 0.0557981	
      2277	 0.0553439	
      2278	 0.0548989	
      2279	 0.0544625	
      2280	 0.0540569	
      2281	 0.0537943	
      2282	 0.0535601	
      2283	 0.0533311	
      2284	 0.0531071	
      2285	 0.0528879	
      2286	 0.0526436	
      2287	 0.0524038	
      2288	 0.0521683	
      2289	 0.0519369	
      2290	 0.0516803	
      2291	 0.0512396	
      2292	 0.0507752	
      2293	  0.050316	
      2294	 0.0498619	
      2295	 0.0494554	
      2296	 0.0492806	
      2297	  0.049151	
      2298	 0.0490237	
      2299	 0.0488986	
      2300	 0.0487686	
      2301	 0.0485848	
      2302	 0.0483964	
      2303	 0.0482103	
      2304	 0.0480266	
      2305	 0.0478381	
      2306	 0.0476244	
      2307	 0.0474061	
      2308	 0.0471901	
      2309	 0.0469762	
      2310	 0.0467646	
      2311	  0.046528	
      2312	 0.0462936	
      2313	 0.0460613	
      2314	 0.0458312	
      2315	 0.0456031	
      2316	 0.0453903	
      2317	 0.0451795	
      2318	 0.0449704	
      2319	 0.0447632	
      2320	  0.044538	
      2321	   0.04417	
      2322	 0.0437849	
      2323	 0.0434025	
      2324	 0.0430228	
      2325	  0.042691	
      2326	  0.042608	
      2327	 0.0425711	
      2328	 0.0425348	
      2329	 0.0424992	
      2330	  0.042445	
      2331	 0.0422891	
      2332	 0.0421153	
      2333	 0.0419428	
      2334	 0.0417715	
      2335	 0.0416015	
      2336	 0.0414327	
      2337	 0.0412651	
      2338	 0.0410988	
      2339	 0.0409335	
      2340	 0.0407757	
      2341	 0.0406564	
      2342	 0.0405443	
      2343	 0.0404329	
      2344	 0.0403224	
      2345	 0.0402004	
      2346	 0.0400176	
      2347	 0.0398237	
      2348	  0.039631	
      2349	 0.0394394	
      2350	 0.0392368	
      2351	 0.0389501	
      2352	 0.0386529	
      2353	 0.0383572	
      2354	 0.0380632	
      2355	 0.0378069	
      2356	 0.0377447	
      2357	 0.0377189	
      2358	 0.0376936	
      2359	 0.0376685	
      2360	 0.0376377	
      2361	 0.0358634	
      2362	 0.0342926	
      2363	 0.0328856	
      2364	  0.031611	
      2365	 0.0304411	
      2366	 0.0293267	
      2367	   0.02829	
      2368	 0.0273249	
      2369	 0.0264229	
      2370	 0.0255726	
      2371	 0.0247486	
      2372	 0.0239672	
      2373	  0.023228	
      2374	 0.0225274	
      2375	 0.0218761	
      2376	 0.0213257	
      2377	 0.0208144	
      2378	  0.020326	
      2379	 0.0198588	
      2380	 0.0193862	
      2381	  0.018792	
      2382	 0.0181984	
      2383	 0.0176291	
      2384	 0.0170825	
      2385	 0.0165853	
      2386	 0.0162716	
      2387	 0.0159955	
      2388	 0.0157287	
      2389	 0.0154705	
      2390	 0.0152103	
      2391	 0.0148991	
      2392	 0.0145883	
      2393	 0.0142875	
      2394	 0.0139961	
      2395	 0.0137138	
      2396	 0.0134357	
      2397	 0.0131659	
      2398	 0.0129042	
      2399	 0.0126502	
      2400	 0.0124035	
      2401	 0.0121679	
      2402	 0.0119389	
      2403	 0.0117162	
      2404	 0.0114996	
      2405	 0.0112888	
      2406	 0.0110874	
      2407	 0.0108913	
      2408	 0.0107002	
      2409	 0.0105139	
      2410	 0.0103237	
      2411	 0.0100867	
      2412	0.00984769	
      2413	0.00961501	
      2414	0.00938848	
      2415	0.00918076	
      2416	0.00904802	
      2417	0.00893069	
      2418	0.00881584	
      2419	0.00870338	
      2420	0.00858878	
      2421	0.00844728	
      2422	0.00830465	
      2423	0.00816525	
      2424	0.00802897	
      2425	0.00789711	
      2426	0.00777629	
      2427	0.00765938	
      2428	0.00754493	
      2429	0.00743286	
      2430	0.00732183	
      2431	0.00720048	
      2432	0.00708046	
      2433	0.00696299	
      2434	0.00684799	
      2435	0.00673659	
      2436	 0.0066369	
      2437	0.00654035	
      2438	 0.0064457	
      2439	 0.0063529	
      2440	0.00626078	
      2441	0.00616167	
      2442	0.00606344	
      2443	0.00596717	
      2444	0.00587279	
      2445	0.00577923	
      2446	 0.0056834	
      2447	0.00558844	
      2448	0.00549536	
      2449	0.00540411	
      2450	0.00531658	
      2451	0.00494654	
      2452	0.00461177	
      2453	0.00430643	
      2454	 0.0040272	
      2455	 0.0037726	
      2456	0.00354515	
      2457	0.00333664	
      2458	0.00314393	
      2459	0.00296551	
      2460	0.00279952	
      2461	0.00264146	
      2462	0.00249413	
      2463	0.00235704	
      2464	0.00222932	
      2465	0.00210939	
      2466	0.00199372	
      2467	0.00188502	
      2468	0.00178346	
      2469	0.00168846	
      2470	0.00160011	
      2471	0.00152129	
      2472	0.00144773	
      2473	 0.0013785	
      2474	 0.0013133	
      2475	0.00125114	
      2476	0.00118805	
      2477	0.00112804	
      2478	0.00107153	
      2479	 0.0010183	
      2480	0.000968681	
      2481	0.000924343	
      2482	0.00088291	
      2483	0.000843675	
      2484	0.000806501	
      2485	0.000771557	
      2486	0.000739827	
      2487	0.000709932	
      2488	0.000681484	
      2489	0.000654399	
      2490	0.000627516	
      2491	0.000595463	
      2492	0.000564161	
      2493	0.00053458	
      2494	0.000506617	
      2495	0.000481646	
      2496	0.000466103	
      2497	0.000452526	
      2498	0.000439423	
      2499	0.000426772	
      2500	0.00041391	
      2501	 0.0001338	
      2502	5.04322e-05	
      2503	2.10528e-05	
      2504	9.46339e-06	
      2505	4.50205e-06	
      2506	2.23722e-06	
      2507	1.15411e-06	
      2508	6.14559e-07	
      2509	3.36293e-07	
      2510	1.88485e-07	
      2511	1.0801e-07	
      2512	6.30744e-08	
      2513	3.74571e-08	
      2514	2.25847e-08	
      2515	1.38073e-08	
      2516	8.55246e-09	
      2517	5.35979e-09	
      2518	3.39545e-09	
      2519	2.17272e-09	
      2520	1.40366e-09	
      2521	9.15545e-10	
      2522	6.02214e-10	
      2523	3.99184e-10	
      2524	2.66535e-10	
      2525	1.7923e-10	
      2526	1.21462e-10	
      2527	8.28404e-11	
      2528	5.68323e-11	
      2529	3.92082e-11	
      2530	2.71883e-11	
      2531	1.89099e-11	
      2532	1.32134e-11	
      2533	9.27613e-12	
      2534	6.54122e-12	
      2535	4.63345e-12	
      2536	3.29846e-12	
      2537	2.35795e-12	
      2538	1.69207e-12	
      2539	1.21872e-12	
      2540	8.80914e-13	
      2541	6.39206e-13	
      2542	4.65362e-13	
      2543	3.39889e-13	
      2544	2.49019e-13	
      2545	1.82994e-13	
      2546	1.3481e-13	
      2547	9.95953e-14	
      2548	7.37817e-14	
      2549	5.48046e-14	
      2550	4.08143e-14	
      2551	3.04589e-14	
      2552	2.27867e-14	
      2553	1.70877e-14	
      2554	1.28439e-14	
      2555	9.67593e-15	
      2556	7.30225e-15	
      2557	5.52274e-15	
      2558	4.18566e-15	
      2559	3.17878e-15	
      2560	2.41948e-15	
      2561	1.84677e-15	
      2562	1.41264e-15	
      2563	1.08258e-15	
      2564	8.31153e-16	
      2565	6.39261e-16	
      2566	4.92314e-16	
      2567	3.79794e-16	
      2568	2.93482e-16	
      2569	2.27158e-16	
      2570	1.76104e-16	
      2571	1.36679e-16	
      2572	1.06244e-16	
      2573	8.27107e-17	
      2574	6.44857e-17	
      2575	5.03496e-17	
      2576	3.93685e-17	
      2577	3.08254e-17	
      2578	2.41694e-17	
      2579	1.89762e-17	
      2580	1.49152e-17	
      2581	1.17225e-17	
      2582	9.22286e-18	
      2583	7.26527e-18	
      2584	5.73021e-18	
      2585	4.52703e-18	
      2586	3.59234e-18	
      2587	2.85531e-18	
      2588	2.27212e-18	
      2589	1.81012e-18	
      2590	1.44334e-18	
      2591	1.15003e-18	
      2592	9.17105e-19	
      2593	7.32139e-19	
      2594	5.85093e-19	
      2595	4.68173e-19	
      2596	3.75349e-19	
      2597	3.01303e-19	
      2598	2.42104e-19	
      2599	1.94727e-19	
      2600	1.56773e-19	
      2601	9.11947e-20	
      2602	6.69658e-20	
      2603	5.13774e-20	
      2604	4.03474e-20	
      2605	3.21706e-20	
      2606	2.59098e-20	
      2607	2.10444e-20	
      2608	1.72089e-20	
      2609	1.41516e-20	
      2610	1.16929e-20	
      2611	9.70574e-21	
      2612	8.08534e-21	
      2613	6.75702e-21	
      2614	5.66312e-21	
      2615	4.75863e-21	
      2616	4.00426e-21	
      2617	3.37677e-21	
      2618	2.85331e-21	
      2619	2.41545e-21	
      2620	2.04734e-21	
      2621	1.7323e-21	
      2622	1.46721e-21	
      2623	1.24441e-21	
      2624	1.05683e-21	
      2625	8.99748e-22	
      2626	7.72233e-22	
      2627	6.64369e-22	
      2628	5.72198e-22	
      2629	4.93331e-22	
      2630	4.25555e-22	
      2631	3.66376e-22	
      2632	3.15568e-22	
      2633	2.72049e-22	
      2634	2.34735e-22	
      2635	2.02658e-22	
      2636	1.74678e-22	
      2637	1.5064e-22	
      2638	1.30005e-22	
      2639	1.12278e-22	
      2640	9.70837e-23	
      2641	8.4254e-23	
      2642	7.32052e-23	
      2643	6.36469e-23	
      2644	5.53718e-23	
      2645	4.82024e-23	
      2646	4.19449e-23	
      2647	3.65211e-23	
      2648	3.1817e-23	
      2649	2.77343e-23	
      2650	2.41887e-23	
      2651	2.10866e-23	
      2652	1.83919e-23	
      2653	1.60498e-23	
      2654	1.40129e-23	
      2655	1.22436e-23	
      2656	1.07137e-23	
      2657	9.38175e-24	
      2658	8.21923e-24	
      2659	7.20404e-24	
      2660	6.31548e-24	
      2661	5.53053e-24	
      2662	4.84398e-24	
      2663	4.24444e-24	
      2664	3.72064e-24	
      2665	3.26448e-24	
      2666	2.87127e-24	
      2667	2.52773e-24	
      2668	2.22617e-24	
      2669	1.96134e-24	
      2670	1.72823e-24	
      2671	1.51951e-24	
      2672	1.33613e-24	
      2673	1.17531e-24	
      2674	1.0342e-24	
      2675	9.10592e-25	
      2676	8.02865e-25	
      2677	7.08309e-25	
      2678	6.25102e-25	
      2679	5.51853e-25	
      2680	4.87349e-25	
      2681	4.30525e-25	
      2682	3.80449e-25	
      2683	3.36305e-25	
      2684	2.97376e-25	
      2685	2.63035e-25	
      2686	2.32487e-25	
      2687	2.05549e-25	
      2688	1.81785e-25	
      2689	1.60817e-25	
      2690	1.42308e-25	
      2691	1.26032e-25	
      2692	1.11649e-25	
      2693	9.89362e-26	
      2694	8.7695e-26	
      2695	7.77525e-26	
      2696	6.89192e-26	
      2697	6.11059e-26	
      2698	5.41927e-26	
      2699	4.80743e-26	
      2700	4.26693e-26	
      2701	4.99104e-26	
      2702	5.84272e-26	
      2703	6.84342e-26	
      2704	8.01987e-26	
      2705	9.40369e-26	
      2706	1.10324e-25	
      2707	1.29504e-25	
      2708	1.52103e-25	
      2709	1.78748e-25	
      2710	2.1018e-25	
      2711	2.47417e-25	
      2712	2.91421e-25	
      2713	3.43452e-25	
      2714	4.05014e-25	
      2715	4.77896e-25	
      2716	5.63926e-25	
      2717	6.65848e-25	
      2718	7.86675e-25	
      2719	9.30004e-25	
      2720	1.10014e-24	
      2721	1.3015e-24	
      2722	1.54071e-24	
      2723	1.82505e-24	
      2724	2.16327e-24	
      2725	2.56657e-24	
      2726	3.04878e-24	
      2727	3.62502e-24	
      2728	4.31311e-24	
      2729	5.13534e-24	
      2730	6.11856e-24	
      2731	7.28704e-24	
      2732	8.68482e-24	
      2733	1.03581e-23	
      2734	1.23627e-23	
      2735	1.47661e-23	
      2736	1.76596e-23	
      2737	2.11359e-23	
      2738	2.53157e-23	
      2739	3.03454e-23	
      2740	3.64026e-23	
      2741	4.37278e-23	
      2742	5.25687e-23	
      2743	6.3248e-23	
      2744	7.61587e-23	
      2745	9.17805e-23	
      2746	1.10636e-22	
      2747	1.33478e-22	
      2748	1.61174e-22	
      2749	1.94785e-22	
      2750	2.35612e-22	
      2751	2.85087e-22	
      2752	3.4526e-22	
      2753	4.18515e-22	
      2754	5.0778e-22	
      2755	6.16661e-22	
      2756	7.49598e-22	
      2757	9.12069e-22	
      2758	1.11084e-21	
      2759	1.35426e-21	
      2760	1.65268e-21	
      2761	2.02007e-21	
      2762	2.4717e-21	
      2763	3.02746e-21	
      2764	3.71214e-21	
      2765	4.55658e-21	
      2766	5.60251e-21	
      2767	6.89622e-21	
      2768	8.49828e-21	
      2769	1.04846e-20	
      2770	1.29464e-20	
      2771	1.59867e-20	
      2772	1.97589e-20	
      2773	2.44511e-20	
      2774	3.02952e-20	
      2775	3.75836e-20	
      2776	4.6713e-20	
      2777	5.81363e-20	
      2778	7.24496e-20	
      2779	9.04097e-20	
      2780	1.12978e-19	
      2781	1.41464e-19	
      2782	1.77387e-19	
      2783	2.22758e-19	
      2784	2.80151e-19	
      2785	3.52869e-19	
      2786	4.45152e-19	
      2787	5.6246e-19	
      2788	7.1183e-19	
      2789	9.02355e-19	
      2790	1.1458e-18	
      2791	1.45656e-18	
      2792	1.85485e-18	
      2793	2.36629e-18	
      2794	3.0243e-18	
      2795	3.87372e-18	
      2796	4.97428e-18	
      2797	6.40205e-18	
      2798	8.25625e-18	
      2799	1.06695e-17	
      2800	1.38173e-17	
      2801	1.65463e-17	
      2802	1.98296e-17	
      2803	2.37831e-17	
      2804	2.85474e-17	
      2805	3.43043e-17	
      2806	4.12812e-17	
      2807	4.97338e-17	
      2808	5.99677e-17	
      2809	7.23693e-17	
      2810	8.74115e-17	
      2811	1.05674e-16	
      2812	1.27865e-16	
      2813	1.54858e-16	
      2814	1.87722e-16	
      2815	2.27774e-16	
      2816	2.76464e-16	
      2817	3.35886e-16	
      2818	4.08481e-16	
      2819	4.97262e-16	
      2820	6.05953e-16	
      2821	7.38704e-16	
      2822	9.01482e-16	
      2823	1.1013e-15	
      2824	1.34687e-15	
      2825	1.64954e-15	
      2826	2.02376e-15	
      2827	2.48652e-15	
      2828	3.05866e-15	
      2829	3.76692e-15	
      2830	4.64481e-15	
      2831	5.73074e-15	
      2832	7.07946e-15	
      2833	8.75681e-15	
      2834	1.08457e-14	
      2835	1.34509e-14	
      2836	1.66939e-14	
      2837	2.07475e-14	
      2838	2.5822e-14	
      2839	3.21841e-14	
      2840	4.01729e-14	
      2841	5.02528e-14	
      2842	6.29589e-14	
      2843	7.90024e-14	
      2844	9.92945e-14	
      2845	1.25005e-13	
      2846	1.57538e-13	
      2847	1.98882e-13	
      2848	2.51521e-13	
      2849	3.18671e-13	
      2850	4.04503e-13	
      2851	5.14435e-13	
      2852	6.55529e-13	
      2853	8.37005e-13	
      2854	1.07094e-12	
      2855	1.37317e-12	
      2856	1.76571e-12	
      2857	2.2756e-12	
      2858	2.93953e-12	
      2859	3.80627e-12	
      2860	4.94072e-12	
      2861	6.42963e-12	
      2862	8.38921e-12	
      2863	1.09757e-11	
      2864	  1.44e-11	
      2865	1.89474e-11	
      2866	2.49725e-11	
      2867	3.30157e-11	
      2868	4.37905e-11	
      2869	5.82763e-11	
      2870	7.78503e-11	
      2871	1.04447e-10	
      2872	1.40707e-10	
      2873	1.90303e-10	
      2874	2.58442e-10	
      2875	3.52611e-10	
      2876	4.83594e-10	
      2877	6.66603e-10	
      2878	9.23445e-10	
      2879	1.28596e-09	
      2880	1.8007e-09	
      2881	2.53279e-09	
      2882	3.58462e-09	
      2883	5.10671e-09	
      2884	7.32625e-09	
      2885	1.05895e-08	
      2886	1.54405e-08	
      2887	2.27096e-08	
      2888	3.37159e-08	
      2889	5.05704e-08	
      2890	7.67044e-08	
      2891	1.17791e-07	
      2892	1.83394e-07	
      2893	2.90003e-07	
      2894	4.66803e-07	
      2895	7.67136e-07	
      2896	1.29162e-06	
      2897	2.24381e-06	
      2898	4.06699e-06	
      2899	7.88791e-06	
      2900	1.87794e-05	
      2901	1.92519e-05	
      2902	1.97376e-05	
      2903	2.02371e-05	
      2904	2.07508e-05	
      2905	2.12792e-05	
      2906	2.18074e-05	
      2907	2.23505e-05	
      2908	2.29088e-05	
      2909	2.34829e-05	
      2910	2.40733e-05	
      2911	2.46631e-05	
      2912	2.52693e-05	
      2913	2.58924e-05	
      2914	2.6533e-05	
      2915	2.71916e-05	
      2916	2.78885e-05	
      2917	2.86058e-05	
      2918	2.93439e-05	
      2919	3.01037e-05	
      2920	3.08859e-05	
      2921	3.16911e-05	
      2922	3.25202e-05	
      2923	3.3374e-05	
      2924	3.42533e-05	
      2925	3.5159e-05	
      2926	3.6092e-05	
      2927	3.70532e-05	
      2928	3.80436e-05	
      2929	3.90642e-05	
      2930	4.01161e-05	
      2931	4.11704e-05	
      2932	4.22566e-05	
      2933	4.33756e-05	
      2934	4.45287e-05	
      2935	4.5717e-05	
      2936	4.69762e-05	
      2937	4.82752e-05	
      2938	4.96155e-05	
      2939	5.09985e-05	
      2940	5.24257e-05	
      2941	5.38591e-05	
      2942	5.53377e-05	
      2943	5.68632e-05	
      2944	5.84374e-05	
      2945	6.00844e-05	
      2946	6.18312e-05	
      2947	6.36603e-05	
      2948	6.55517e-05	
      2949	6.75077e-05	
      2950	6.95308e-05	
      2951	7.16239e-05	
      2952	7.37896e-05	
      2953	7.60308e-05	
      2954	7.83507e-05	
      2955	8.07523e-05	
      2956	8.31765e-05	
      2957	8.56853e-05	
      2958	8.82823e-05	
      2959	9.0971e-05	
      2960	9.37552e-05	
      2961	9.67122e-05	
      2962	9.97777e-05	
      2963	0.000102956	
      2964	0.000106253	
      2965	0.000109672	
      2966	0.000113134	
      2967	0.000116724	
      2968	0.000120448	
      2969	0.000124312	
      2970	0.000128322	
      2971	0.000132587	
      2972	0.000137017	
      2973	0.000141622	
      2974	0.000146409	
      2975	0.000151387	
      2976	0.000156444	
      2977	0.000161702	
      2978	0.00016717	
      2979	0.000172859	
      2980	0.000178779	
      2981	0.000185085	
      2982	0.000191656	
      2983	0.000198505	
      2984	0.000205646	
      2985	0.000213095	
      2986	0.000220696	
      2987	0.000228625	
      2988	0.000236898	
      2989	0.000245536	
      2990	0.000254558	
      2991	0.000264191	
      2992	0.000274269	
      2993	0.000284817	
      2994	0.000295861	
      2995	0.000307434	
      2996	0.000319566	
      2997	0.000332293	
      2998	0.000345655	
      2999	0.000359695	
      3000	0.00037446	
      3001	0.000374295	
      3002	0.000374131	
      3003	0.000373965	
      3004	0.000373799	
      3005	0.000373633	
      3006	0.000373764	
      3007	0.000373895	
      3008	0.000374026	
      3009	0.000374158	
      3010	0.00037429	
      3011	0.000374422	
      3012	0.000374554	
      3013	0.000374686	
      3014	0.000374818	
      3015	0.000374951	
      3016	0.000374783	
      3017	0.000374614	
      3018	0.000374444	
      3019	0.000374274	
      3020	0.000374103	
      3021	0.000373932	
      3022	0.000373761	
      3023	0.000373589	
      3024	0.000373417	
      3025	0.000373244	
      3026	0.000373376	
      3027	0.000373508	
      3028	0.00037364	
      3029	0.000373772	
      3030	0.000373905	
      3031	0.000373732	
      3032	0.000373558	
      3033	0.000373383	
      3034	0.000373208	
      3035	0.000373033	
      3036	0.000372548	
      3037	0.000372063	
      3038	0.000371576	
      3039	0.000371089	
      3040	0.000370755	
      3041	0.000371352	
      3042	0.000372106	
      3043	0.000372862	
      3044	0.000373619	
      3045	0.000374379	
      3046	0.000374828	
      3047	0.000375278	
      3048	0.00037573	
      3049	0.000376183	
      3050	0.000376637	
      3051	0.000376778	
      3052	0.00037692	
      3053	0.000377062	
      3054	0.000377205	
      3055	0.000377348	
      3056	0.000377492	
      3057	0.000377637	
      3058	0.000377782	
      3059	0.000377928	
      3060	0.000378075	
      3061	0.000377586	
      3062	0.000377096	
      3063	0.000376606	
      3064	0.000376114	
      3065	0.000375782	
      3066	0.00037577	
      3067	0.000375918	
      3068	0.000376067	
      3069	0.000376217	
      3070	0.000376368	
      3071	0.000376842	
      3072	0.000377318	
      3073	0.000377795	
      3074	0.000378275	
      3075	0.000378757	
      3076	0.000378592	
      3077	0.000378428	
      3078	0.000378265	
      3079	0.000378102	
      3080	0.000377939	
      3081	0.000377777	
      3082	0.000377616	
      3083	0.000377456	
      3084	0.000377297	
      3085	0.000377138	
      3086	0.000376981	
      3087	0.000376824	
      3088	0.000376669	
      3089	0.000376516	
      3090	0.000376363	
      3091	0.000376212	
      3092	0.000376063	
      3093	0.000375916	
      3094	0.000375771	
      3095	0.000375628	
      3096	0.000375487	
      3097	0.000375349	
      3098	0.000375214	
      3099	0.000375082	
      3100	0.000374953	
      3101	0.000370194	
      3102	0.000369212	
      3103	0.000369342	
      3104	0.000370079	
      3105	0.000371217	
      3106	0.000372318	
      3107	0.00037365	
      3108	0.00037517	
      3109	0.000376852	
      3110	0.000378674	
      3111	0.000380276	
      3112	0.000381987	
      3113	0.000383797	
      3114	0.000385698	
      3115	0.000387863	
      3116	0.00039047	
      3117	0.000393344	
      3118	0.000396303	
      3119	0.000399345	
      3120	0.00040247	
      3121	0.000405674	
      3122	0.000408957	
      3123	0.000412318	
      3124	0.000415757	
      3125	0.000419273	
      3126	0.000422866	
      3127	0.000426535	
      3128	0.000430282	
      3129	0.000434105	
      3130	0.000438005	
      3131	0.000441983	
      3132	0.00044604	
      3133	0.000450175	
      3134	0.000454389	
      3135	0.000458684	
      3136	0.000462627	
      3137	0.000466642	
      3138	0.000470731	
      3139	0.000474895	
      3140	0.000479133	
      3141	0.000483905	
      3142	0.000488764	
      3143	0.000493712	
      3144	0.000498749	
      3145	0.000503878	
      3146	0.000508616	
      3147	0.000513438	
      3148	0.000518344	
      3149	0.000523337	
      3150	0.000528417	
      3151	0.000534097	
      3152	0.000539881	
      3153	0.000545768	
      3154	0.000551763	
      3155	0.000557866	
      3156	0.00056408	
      3157	0.000570407	
      3158	0.000576849	
      3159	0.000583409	
      3160	0.000590089	
      3161	0.000597469	
      3162	0.000604989	
      3163	0.000612652	
      3164	0.000620461	
      3165	0.00062842	
      3166	0.000635302	
      3167	0.000642308	
      3168	0.000649442	
      3169	0.000656706	
      3170	0.000664426	
      3171	0.000672949	
      3172	0.000681969	
      3173	0.000691168	
      3174	0.00070055	
      3175	0.00071012	
      3176	0.000718477	
      3177	0.000726993	
      3178	0.00073567	
      3179	0.000744514	
      3180	0.000753528	
      3181	0.00076347	
      3182	0.000773612	
      3183	0.00078396	
      3184	0.000794519	
      3185	0.000805294	
      3186	0.000817101	
      3187	0.000829161	
      3188	0.00084148	
      3189	0.000854065	
      3190	0.000866925	
      3191	0.000879196	
      3192	0.00089173	
      3193	0.000904536	
      3194	0.00091762	
      3195	0.000930992	
      3196	0.000943719	
      3197	0.00095672	
      3198	0.000970004	
      3199	0.000983579	
      3200	0.000997956	
      3201	0.000991744	
      3202	0.000986087	
      3203	0.000980482	
      3204	0.000974928	
      3205	0.000969425	
      3206	0.000963002	
      3207	0.000956639	
      3208	0.000950334	
      3209	0.000944088	
      3210	0.000937898	
      3211	0.000930822	
      3212	0.000923812	
      3213	0.000916867	
      3214	0.000909986	
      3215	0.000903167	
      3216	0.000897327	
      3217	0.000891539	
      3218	0.000885801	
      3219	0.000880112	
      3220	0.000874473	
      3221	0.000868883	
      3222	0.00086334	
      3223	0.000857845	
      3224	0.000852396	
      3225	0.000846993	
      3226	0.000842504	
      3227	0.00083805	
      3228	0.000833632	
      3229	0.000829249	
      3230	 0.0008249	
      3231	0.000819738	
      3232	0.000814619	
      3233	0.000809542	
      3234	0.000804506	
      3235	0.000799511	
      3236	0.000794555	
      3237	0.00078964	
      3238	0.000784764	
      3239	0.000779926	
      3240	0.000775128	
      3241	0.000770366	
      3242	0.000765643	
      3243	0.000760956	
      3244	0.000756307	
      3245	0.000751693	
      3246	0.000747898	
      3247	0.000744131	
      3248	0.000740391	
      3249	0.000736678	
      3250	0.000732991	
      3251	0.000727804	
      3252	0.000722657	
      3253	0.000717552	
      3254	0.000712487	
      3255	0.000707461	
      3256	0.000703221	
      3257	0.000699011	
      3258	0.000694834	
      3259	0.000690687	
      3260	0.000686572	
      3261	0.000682486	
      3262	0.000678431	
      3263	0.000674406	
      3264	0.00067041	
      3265	0.000666443	
      3266	0.000662505	
      3267	0.000658596	
      3268	0.000654716	
      3269	0.000650863	
      3270	0.000647038	
      3271	0.000643241	
      3272	0.00063947	
      3273	0.000635727	
      3274	0.000632011	
      3275	0.000628321	
      3276	0.000624657	
      3277	0.000621019	
      3278	0.000617407	
      3279	0.00061382	
      3280	0.000610259	
      3281	0.000606722	
      3282	0.00060321	
      3283	0.000599723	
      3284	0.00059626	
      3285	0.000592821	
      3286	0.000590051	
      3287	0.000587298	
      3288	0.000584563	
      3289	0.000581845	
      3290	0.000578827	
      3291	0.00057457	
      3292	0.00057003	
      3293	0.000565525	
      3294	0.000561053	
      3295	0.000556923	
      3296	0.00055344	
      3297	0.000550287	
      3298	0.000547155	
      3299	0.000544045	
      3300	0.000540956	
      3301	0.000548642	
      3302	0.000556466	
      3303	0.00056443	
      3304	0.000572539	
      3305	0.000580795	
      3306	0.000587885	
      3307	0.00059509	
      3308	0.000602414	
      3309	0.00060986	
      3310	0.000617428	
      3311	0.000625831	
      3312	0.000634385	
      3313	0.000643092	
      3314	0.000651957	
      3315	0.000660982	
      3316	0.000668648	
      3317	0.000676437	
      3318	0.000684351	
      3319	0.000692394	
      3320	0.000700973	
      3321	0.000711344	
      3322	0.000722333	
      3323	0.000733541	
      3324	0.000744975	
      3325	0.000756639	
      3326	0.000766763	
      3327	0.000777074	
      3328	0.000787576	
      3329	0.000798275	
      3330	0.000809175	
      3331	0.000821244	
      3332	0.000833557	
      3333	0.000846119	
      3334	0.000858938	
      3335	0.000872021	
      3336	0.000885376	
      3337	0.000899009	
      3338	0.000912929	
      3339	0.000927144	
      3340	0.000941662	
      3341	0.000956492	
      3342	0.000971645	
      3343	0.000987128	
      3344	0.00100295	
      3345	0.00101913	
      3346	0.00103443	
      3347	0.00105006	
      3348	0.00106603	
      3349	0.00108236	
      3350	0.00109904	
      3351	0.00111745	
      3352	0.00113628	
      3353	0.00115557	
      3354	0.00117532	
      3355	0.00119554	
      3356	0.00121626	
      3357	 0.0012375	
      3358	0.00125926	
      3359	0.00128157	
      3360	0.00130444	
      3361	0.00132791	
      3362	0.00135198	
      3363	0.00137668	
      3364	0.00140204	
      3365	0.00142809	
      3366	0.00145483	
      3367	0.00148232	
      3368	0.00151056	
      3369	0.00153961	
      3370	0.00156948	
      3371	0.00160021	
      3372	0.00163184	
      3373	 0.0016644	
      3374	0.00169795	
      3375	0.00173251	
      3376	0.00176815	
      3377	 0.0018049	
      3378	0.00184282	
      3379	0.00188196	
      3380	 0.0019224	
      3381	0.00196663	
      3382	0.00201241	
      3383	0.00205979	
      3384	0.00210887	
      3385	0.00215974	
      3386	0.00220974	
      3387	 0.0022616	
      3388	0.00231542	
      3389	0.00237134	
      3390	0.00242947	
      3391	0.00248995	
      3392	0.00255295	
      3393	0.00261862	
      3394	0.00268716	
      3395	0.00275877	
      3396	0.00283008	
      3397	0.00290473	
      3398	0.00298299	
      3399	0.00306516	
      3400	 0.0031536	
      3401	0.00317885	
      3402	0.00320645	
      3403	0.00323437	
      3404	0.00326262	
      3405	0.00328912	
      3406	0.00330749	
      3407	0.00332391	
      3408	 0.0033405	
      3409	0.00335726	
      3410	0.00337637	
      3411	0.00340006	
      3412	0.00342625	
      3413	0.00345275	
      3414	0.00347957	
      3415	0.00350672	
      3416	0.00352964	
      3417	0.00355284	
      3418	 0.0035763	
      3419	0.00360005	
      3420	0.00362408	
      3421	0.00364841	
      3422	0.00367302	
      3423	0.00369794	
      3424	0.00372317	
      3425	0.00374872	
      3426	0.00377458	
      3427	0.00380078	
      3428	 0.0038273	
      3429	0.00385417	
      3430	0.00388139	
      3431	0.00391412	
      3432	 0.0039473	
      3433	0.00398094	
      3434	0.00401505	
      3435	0.00404965	
      3436	0.00407936	
      3437	0.00410949	
      3438	0.00414004	
      3439	0.00417102	
      3440	0.00420244	
      3441	0.00423431	
      3442	0.00426664	
      3443	0.00429945	
      3444	0.00433275	
      3445	0.00436655	
      3446	0.00440085	
      3447	0.00443569	
      3448	0.00447106	
      3449	0.00450699	
      3450	0.00454348	
      3451	0.00458672	
      3452	0.00463067	
      3453	0.00467536	
      3454	0.00472082	
      3455	0.00476705	
      3456	0.00480763	
      3457	0.00484891	
      3458	 0.0048909	
      3459	0.00493364	
      3460	0.00497715	
      3461	0.00502824	
      3462	0.00508029	
      3463	0.00513334	
      3464	 0.0051874	
      3465	0.00524251	
      3466	0.00529156	
      3467	0.00534159	
      3468	0.00539263	
      3469	0.00544471	
      3470	0.00549789	
      3471	 0.0055522	
      3472	0.00560768	
      3473	0.00566439	
      3474	0.00572237	
      3475	0.00578169	
      3476	0.00584239	
      3477	0.00590454	
      3478	0.00596821	
      3479	0.00603346	
      3480	0.00610039	
      3481	0.00617759	
      3482	0.00625684	
      3483	0.00633827	
      3484	0.00642198	
      3485	0.00650811	
      3486	0.00658769	
      3487	0.00666974	
      3488	 0.0067544	
      3489	0.00684187	
      3490	0.00693233	
      3491	0.00702602	
      3492	 0.0071232	
      3493	0.00722416	
      3494	0.00732925	
      3495	0.00743887	
      3496	 0.0075535	
      3497	0.00767373	
      3498	0.00780029	
      3499	0.00793409	
      3500	0.00807634	
      3501	0.00808313	
      3502	0.00808994	
      3503	0.00809677	
      3504	0.00810362	
      3505	 0.0081105	
      3506	0.00810598	
      3507	0.00810145	
      3508	0.00809694	
      3509	0.00809243	
      3510	0.00808792	
      3511	0.00808343	
      3512	0.00807894	
      3513	0.00807445	
      3514	0.00806997	
      3515	0.00806551	
      3516	0.00806104	
      3517	0.00805659	
      3518	0.00805214	
      3519	0.00804771	
      3520	0.00804328	
      3521	0.00805044	
      3522	0.00805763	
      3523	0.00806486	
      3524	0.00807211	
      3525	0.00807939	
      3526	0.00807507	
      3527	0.00807077	
      3528	0.00806647	
      3529	0.00806218	
      3530	0.00805791	
      3531	0.00806534	
      3532	 0.0080728	
      3533	 0.0080803	
      3534	0.00808783	
      3535	 0.0080954	
      3536	0.00809126	
      3537	0.00808714	
      3538	0.00808303	
      3539	0.00807894	
      3540	0.00807486	
      3541	 0.0080826	
      3542	0.00809038	
      3543	 0.0080982	
      3544	0.00810607	
      3545	0.00811397	
      3546	0.00811007	
      3547	0.00810618	
      3548	0.00810232	
      3549	0.00809848	
      3550	0.00809466	
      3551	0.00809086	
      3552	0.00808709	
      3553	0.00808335	
      3554	0.00807963	
      3555	0.00807593	
      3556	0.00807227	
      3557	0.00806864	
      3558	0.00806503	
      3559	0.00806146	
      3560	0.00805792	
      3561	0.00806645	
      3562	0.00807504	
      3563	0.00808369	
      3564	0.00809241	
      3565	0.00810119	
      3566	0.00809794	
      3567	0.00809472	
      3568	0.00809155	
      3569	0.00808843	
      3570	0.00808536	
      3571	0.00808233	
      3572	0.00807935	
      3573	0.00807643	
      3574	0.00807357	
      3575	0.00807076	
      3576	0.00806802	
      3577	0.00806534	
      3578	0.00806272	
      3579	0.00806018	
      3580	0.00805771	
      3581	0.00806764	
      3582	0.00807767	
      3583	0.00808783	
      3584	 0.0080981	
      3585	0.00810851	
      3586	0.00810665	
      3587	 0.0081049	
      3588	0.00810326	
      3589	0.00810174	
      3590	0.00810036	
      3591	0.00809911	
      3592	0.00809801	
      3593	0.00809706	
      3594	0.00809629	
      3595	 0.0080957	
      3596	0.00810787	
      3597	 0.0081203	
      3598	  0.008133	
      3599	0.00814599	
      3600	0.00815931	
      3601	0.00815136	
      3602	 0.0081434	
      3603	0.00813544	
      3604	0.00812747	
      3605	 0.0081195	
      3606	0.00811152	
      3607	0.00810355	
      3608	0.00809557	
      3609	0.00808758	
      3610	0.00807959	
      3611	0.00808433	
      3612	0.00808908	
      3613	0.00809384	
      3614	0.00809861	
      3615	 0.0081034	
      3616	0.00809542	
      3617	0.00808745	
      3618	0.00807947	
      3619	0.00807149	
      3620	 0.0080635	
      3621	0.00806832	
      3622	0.00807315	
      3623	0.00807799	
      3624	0.00808285	
      3625	0.00808772	
      3626	0.00807975	
      3627	0.00807179	
      3628	0.00806382	
      3629	0.00805585	
      3630	0.00804787	
      3631	0.00805278	
      3632	 0.0080577	
      3633	0.00806264	
      3634	0.00806759	
      3635	0.00807255	
      3636	0.00806461	
      3637	0.00805666	
      3638	0.00804871	
      3639	0.00804076	
      3640	0.00803281	
      3641	0.00803782	
      3642	0.00804285	
      3643	0.00804789	
      3644	0.00805294	
      3645	0.00805802	
      3646	 0.0080501	
      3647	0.00804219	
      3648	0.00803427	
      3649	0.00802635	
      3650	0.00801844	
      3651	0.00801052	
      3652	0.00800261	
      3653	0.00799469	
      3654	0.00798678	
      3655	0.00797887	
      3656	0.00798404	
      3657	0.00798924	
      3658	0.00799446	
      3659	0.00799969	
      3660	0.00800494	
      3661	0.00801021	
      3662	0.00801551	
      3663	0.00802082	
      3664	0.00802615	
      3665	0.00803151	
      3666	0.00801054	
      3667	0.00798955	
      3668	0.00796855	
      3669	0.00794754	
      3670	0.00793311	
      3671	0.00793191	
      3672	0.00793733	
      3673	0.00794278	
      3674	0.00794826	
      3675	0.00795376	
      3676	0.00794602	
      3677	0.00793828	
      3678	0.00793056	
      3679	0.00792284	
      3680	0.00791514	
      3681	0.00790745	
      3682	0.00789976	
      3683	0.00789209	
      3684	0.00788443	
      3685	0.00787678	
      3686	0.00788251	
      3687	0.00788827	
      3688	0.00789406	
      3689	0.00789989	
      3690	0.00790576	
      3691	0.00789825	
      3692	0.00789077	
      3693	 0.0078833	
      3694	0.00787586	
      3695	0.00786844	
      3696	0.00786104	
      3697	0.00785367	
      3698	0.00784633	
      3699	0.00783902	
      3700	0.00783174	
      3701	 0.0078375	
      3702	0.00784329	
      3703	 0.0078491	
      3704	0.00785492	
      3705	0.00786077	
      3706	0.00785307	
      3707	0.00784538	
      3708	0.00783768	
      3709	0.00782999	
      3710	0.00782229	
      3711	0.00782821	
      3712	0.00783415	
      3713	 0.0078401	
      3714	0.00784608	
      3715	0.00785208	
      3716	0.00784444	
      3717	0.00783679	
      3718	0.00782915	
      3719	0.00782151	
      3720	0.00781386	
      3721	0.00781994	
      3722	0.00782603	
      3723	0.00783215	
      3724	0.00783829	
      3725	0.00784445	
      3726	0.00783686	
      3727	0.00782927	
      3728	0.00782168	
      3729	0.00781409	
      3730	 0.0078065	
      3731	0.00781274	
      3732	0.00781901	
      3733	0.00782529	
      3734	 0.0078316	
      3735	0.00783793	
      3736	0.00781652	
      3737	0.00779508	
      3738	0.00777362	
      3739	0.00775215	
      3740	0.00773761	
      3741	  0.007737	
      3742	0.00774338	
      3743	0.00774979	
      3744	0.00775622	
      3745	0.00776267	
      3746	0.00775515	
      3747	0.00774763	
      3748	0.00774011	
      3749	0.00773259	
      3750	0.00772508	
      3751	0.00773162	
      3752	0.00773819	
      3753	0.00774478	
      3754	 0.0077514	
      3755	0.00775804	
      3756	 0.0077506	
      3757	0.00774315	
      3758	0.00773571	
      3759	0.00772826	
      3760	0.00772082	
      3761	0.00772757	
      3762	0.00773433	
      3763	0.00774113	
      3764	0.00774795	
      3765	 0.0077548	
      3766	0.00776168	
      3767	0.00776859	
      3768	0.00777552	
      3769	0.00778249	
      3770	0.00778948	
      3771	 0.0077822	
      3772	0.00777492	
      3773	0.00776764	
      3774	0.00776037	
      3775	 0.0077531	
      3776	0.00774583	
      3777	0.00773857	
      3778	0.00773131	
      3779	0.00772406	
      3780	0.00771681	
      3781	  0.007724	
      3782	0.00773123	
      3783	0.00773848	
      3784	0.00774577	
      3785	0.00775309	
      3786	0.00774594	
      3787	0.00773879	
      3788	0.00773165	
      3789	0.00772452	
      3790	0.00771739	
      3791	0.00772484	
      3792	0.00773233	
      3793	0.00773985	
      3794	0.00774741	
      3795	  0.007755	
      3796	0.00774798	
      3797	0.00774097	
      3798	0.00773397	
      3799	0.00772698	
      3800	0.00771999	
      3801	0.00766959	
      3802	 0.0076305	
      3803	  0.007598	
      3804	0.00756994	
      3805	0.00754513	
      3806	0.00750852	
      3807	  0.007474	
      3808	0.00744123	
      3809	0.00740995	
      3810	0.00737994	
      3811	0.00736522	
      3812	0.00735144	
      3813	 0.0073385	
      3814	0.00732632	
      3815	0.00731483	
      3816	0.00728993	
      3817	0.00726564	
      3818	0.00724193	
      3819	0.00721876	
      3820	0.00719609	
      3821	0.00718784	
      3822	   0.00718	
      3823	0.00717254	
      3824	0.00716545	
      3825	0.00715871	
      3826	0.00715231	
      3827	0.00714622	
      3828	0.00714043	
      3829	0.00713494	
      3830	0.00712972	
      3831	0.00711094	
      3832	0.00709244	
      3833	0.00707421	
      3834	0.00705624	
      3835	0.00703852	
      3836	0.00703484	
      3837	0.00703138	
      3838	0.00702813	
      3839	 0.0070251	
      3840	0.00702228	
      3841	 0.0070059	
      3842	0.00698973	
      3843	0.00697376	
      3844	0.00695799	
      3845	0.00694242	
      3846	0.00694078	
      3847	0.00693933	
      3848	0.00693806	
      3849	0.00693697	
      3850	0.00693605	
      3851	0.00692158	
      3852	0.00690729	
      3853	0.00689318	
      3854	0.00687924	
      3855	0.00686547	
      3856	0.00685874	
      3857	0.00685218	
      3858	0.00683892	
      3859	 0.0068327	
      3860	0.00682665	
      3861	0.00682077	
      3862	0.00682193	
      3863	0.00681639	
      3864	 0.0068179	
      3865	0.00681271	
      3866	0.00680082	
      3867	0.00679598	
      3868	0.00678444	
      3869	0.00677995	
      3870	0.00676876	
      3871	0.00677153	
      3872	0.00677449	
      3873	0.00677764	
      3874	  0.006781	
      3875	0.00678456	
      3876	0.00677452	
      3877	0.00677159	
      3878	0.00676195	
      3879	0.00675945	
      3880	0.00675024	
      3881	0.00674818	
      3882	0.00674636	
      3883	0.00674478	
      3884	0.00674345	
      3885	0.00674239	
      3886	0.00674856	
      3887	0.00675502	
      3888	0.00676877	
      3889	0.00677588	
      3890	0.00678334	
      3891	0.00677717	
      3892	0.00677135	
      3893	0.00677291	
      3894	0.00676787	
      3895	0.00676325	
      3896	0.00677316	
      3897	0.00677655	
      3898	0.00678755	
      3899	0.00679211	
      3900	0.00680442	
      3901	0.00681502	
      3902	0.00682568	
      3903	0.00682928	
      3904	0.00684005	
      3905	0.00685089	
      3906	0.00685463	
      3907	0.00685126	
      3908	0.00685508	
      3909	0.00685176	
      3910	0.00685566	
      3911	0.00686682	
      3912	0.00687083	
      3913	0.00688212	
      3914	0.00688623	
      3915	0.00689766	
      3916	0.00689461	
      3917	 0.0068916	
      3918	 0.0068959	
      3919	0.00689296	
      3920	0.00689004	
      3921	0.00690182	
      3922	0.00691369	
      3923	0.00691827	
      3924	0.00693029	
      3925	 0.0069424	
      3926	 0.0069398	
      3927	0.00694464	
      3928	0.00694213	
      3929	0.00694709	
      3930	0.00694467	
      3931	0.00695722	
      3932	0.00696239	
      3933	0.00697512	
      3934	0.00698045	
      3935	0.00699338	
      3936	0.00699887	
      3937	 0.0069969	
      3938	0.00700254	
      3939	0.00700069	
      3940	0.00700649	
      3941	0.00701237	
      3942	0.00702596	
      3943	0.00703204	
      3944	0.00704586	
      3945	0.00705215	
      3946	0.00705085	
      3947	0.00704962	
      3948	0.00705618	
      3949	0.00705512	
      3950	0.00705414	
      3951	  0.007061	
      3952	0.00707575	
      3953	0.00708286	
      3954	 0.0070979	
      3955	0.00710528	
      3956	 0.0071128	
      3957	0.00712044	
      3958	0.00712036	
      3959	0.00712827	
      3960	0.00713634	
      3961	0.00715249	
      3962	0.00716884	
      3963	0.00717743	
      3964	0.00719418	
      3965	0.00721114	
      3966	0.00721228	
      3967	0.00722162	
      3968	 0.0072231	
      3969	0.00723283	
      3970	0.00723468	
      3971	0.00725296	
      3972	0.00726338	
      3973	0.00728221	
      3974	0.00729316	
      3975	 0.0073126	
      3976	0.00732413	
      3977	0.00732772	
      3978	0.00733985	
      3979	0.00734403	
      3980	0.00735683	
      3981	0.00737001	
      3982	0.00738359	
      3983	0.00740599	
      3984	0.00742047	
      3985	0.00743544	
      3986	0.00745941	
      3987	0.00747548	
      3988	 0.0075007	
      3989	0.00751807	
      3990	0.00754475	
      3991	0.00755502	
      3992	0.00757476	
      3993	0.00758676	
      3994	0.00760849	
      3995	0.00762267	
      3996	0.00765574	
      3997	0.00768165	
      3998	0.00771831	
      3999	0.00774837	
      4000	0.00779016	
