280	4.57675e-06
281	8.94701e-06
282	1.61051e-05
283	2.05209e-05
284	1.97095e-05
285	1.33234e-05
286	1.78739e-05
287	2.67987e-05
288	2.57511e-05
289	3.31429e-05
290	4.80597e-05
291	5.51961e-05
292	5.31896e-05
293	5.26585e-05
294	5.42017e-05
295	5.61954e-05
296	6.0819e-05
297	5.68021e-05
298	6.02094e-05
299	5.80712e-05
300	5.80927e-05
301	0.000116381
302	0.00024067
303	0.000612172
304	0.00130348
305	0.00263117
306	0.00326444
307	0.00459656
308	0.00657594
309	0.00796379
310	0.0103461
311	0.0166615
312	0.0197578
313	0.0237712
314	0.0295172
315	0.0340572
316	0.0343805
317	0.0451498
318	0.0496935
319	0.0526949
320	0.0637552
321	0.0681482
322	0.0694552
323	0.0695753
324	0.0823636
325	0.101198
326	0.124443
327	0.133349
328	0.134086
329	0.148134
330	0.168099
331	0.159718
332	0.162405
333	0.162559
334	0.167223
335	0.178839
336	0.164642
337	0.157068
338	0.177134
339	0.190951
340	0.207958
341	0.202507
342	0.208096
343	0.218143
344	0.190364
345	0.200143
346	0.214779
347	0.219496
348	0.216914
349	0.216738
350	0.24237
351	0.256509
352	0.242628
353	0.250169
354	0.28676
355	0.293529
356	0.271324
357	0.233342
358	0.213972
359	0.23875
360	0.29509
361	0.270141
362	0.277294
363	0.305788
364	0.310306
365	0.330391
366	0.37935
367	0.381577
368	0.360717
369	0.373421
370	0.394946
371	0.377149
372	0.368481
373	0.33347
374	0.306138
375	0.330367
376	0.37111
377	0.403727
378	0.47112
379	0.426638
380	0.403838
381	0.427175
382	0.342468
383	0.269875
384	0.302596
385	0.381969
386	0.373106
387	0.384683
388	0.379383
389	0.413069
390	0.474334
391	0.508315
392	0.472749
393	0.305155
394	0.314999
395	0.48658
396	0.450602
397	0.314885
398	0.519849
399	0.662706
400	0.702009
401	0.731358
402	0.755251
403	0.742806
404	0.748762
405	0.739637
406	0.724318
407	0.717411
408	0.749315
409	0.779903
410	0.711128
411	0.766908
412	0.811487
413	0.793507
414	0.787201
415	0.814091
416	0.837176
417	0.823171
418	0.800694
419	0.813237
420	0.780755
421	0.849854
422	0.853049
423	0.833853
424	0.834392
425	0.853175
426	0.835239
427	0.814553
428	0.810948
429	0.747919
430	0.620121
431	0.607632
432	0.869604
433	0.861995
434	0.817706
435	0.881747
436	0.959955
437	0.971214
438	0.879877
439	0.859834
440	0.949094
441	0.964676
442	1.01696
443	1.03753
444	1.02529
445	1.04391
446	0.984004
447	1.06916
448	1.09688
449	1.10349
450	1.14109
451	1.17339
452	1.13433
453	1.07467
454	1.12089
455	1.13016
456	1.15989
457	1.17349
458	1.15657
459	1.14801
460	1.15079
461	1.18148
462	1.19862
463	1.19991
464	1.17499
465	1.16005
466	1.172
467	1.1451
468	1.17831
469	1.18658
470	1.15782
471	1.17637
472	1.22108
473	1.19797
474	1.20992
475	1.24145
476	1.2203
477	1.23227
478	1.26096
479	1.24866
480	1.26143
481	1.2625
482	1.26276
483	1.24912
484	1.23073
485	1.19673
486	1.03689
487	1.11022
488	1.18855
489	1.16331
490	1.24912
491	1.22368
492	1.18706
493	1.23539
494	1.23333
495	1.28111
496	1.24811
497	1.25231
498	1.22861
499	1.22633
500	1.224
501	1.1975
502	1.20219
503	1.23825
504	1.19944
505	1.25655
506	1.30009
507	1.26027
508	1.23327
509	1.26958
510	1.25221
511	1.26838
512	1.28784
513	1.23117
514	1.2038
515	1.23221
516	1.2154
517	1.06322
518	1.1402
519	1.14376
520	1.22108
521	1.24493
522	1.26215
523	1.2195
524	1.28
525	1.28308
526	1.23439
527	1.13545
528	1.24537
529	1.30526
530	1.28312
531	1.32996
532	1.30295
533	1.20522
534	1.25206
535	1.28466
536	1.31139
537	1.25031
538	1.28041
539	1.25891
540	1.21954
541	1.1938
542	1.26737
543	1.26795
544	1.29745
545	1.27842
546	1.27213
547	1.27861
548	1.2603
549	1.28129
550	1.27661
551	1.279
552	1.2951
553	1.27173
554	1.28866
555	1.29529
556	1.27699
557	1.25263
558	1.26178
559	1.22188
560	1.23874
561	1.28574
562	1.25436
563	1.28069
564	1.27253
565	1.26694
566	1.22683
567	1.27987
568	1.28287
569	1.26686
570	1.25859
571	1.23122
572	1.28269
573	1.29637
574	1.28863
575	1.26634
576	1.2614
577	1.27641
578	1.25088
579	1.25736
580	1.26476
581	1.26788
582	1.27969
583	1.28634
584	1.28176
585	1.27201
586	1.25012
587	1.27072
588	1.24797
589	1.1514
590	1.19461
591	1.24917
592	1.24727
593	1.24624
594	1.24789
595	1.24695
596	1.26002
597	1.26616
598	1.24773
599	1.24247
600	1.24694
601	1.23289
602	1.22505
603	1.24479
604	1.26561
605	1.26518
606	1.2622
607	1.26386
608	1.26034
609	1.2517
610	1.24798
611	1.24685
612	1.2621
613	1.24637
614	1.22324
615	1.24399
616	1.22166
617	1.21394
618	1.24857
619	1.26208
620	1.26639
621	1.27069
622	1.25179
623	1.24954
624	1.24355
625	1.22818
626	1.23239
627	1.26285
628	1.26994
629	1.27045
630	1.26058
631	1.24834
632	1.21713
633	1.25496
634	1.24832
635	1.24924
636	1.23398
637	1.26154
638	1.272
639	1.25955
640	1.23652
641	1.23449
642	1.23821
643	1.24963
644	1.24374
645	1.25131
646	1.2338
647	1.24234
648	1.2354
649	1.20516
650	1.19813
651	1.2426
652	1.24142
653	1.24511
654	1.23025
655	1.17525
656	1.05938
657	1.09239
658	1.19424
659	1.21377
660	1.22843
661	1.23819
662	1.24006
663	1.235
664	1.23191
665	1.24368
666	1.23957
667	1.22748
668	1.21706
669	1.22083
670	1.19941
671	1.18933
672	1.17434
673	1.17353
674	1.16445
675	1.1567
676	1.16266
677	1.15157
678	1.15121
679	1.13861
680	1.13474
681	1.1329
682	1.13022
683	1.12196
684	1.11379
685	1.10762
686	1.08736
687	1.10587
688	1.11403
689	1.11376
690	1.11167
691	1.10779
692	1.10016
693	1.10771
694	1.11061
695	1.10307
696	1.10515
697	1.10732
698	1.1009
699	1.10811
700	1.10674
701	1.10354
702	1.10244
703	1.11338
704	1.12665
705	1.1374
706	1.13165
707	1.1305
708	1.1364
709	1.14117
710	1.16205
711	1.11652
712	1.08088
713	1.05679
714	1.04422
715	1.01748
716	1.01461
717	1.0052
718	0.984747
719	0.951824
720	0.96978
721	0.971515
722	0.972427
723	0.965383
724	0.965574
725	0.962768
726	0.963068
727	0.96894
728	0.970508
729	0.950273
730	0.982628
731	0.981273
732	0.996171
733	0.998419
734	1.02221
735	1.02772
736	1.02629
737	1.03577
738	1.0401
739	1.03419
740	1.06706
741	1.06356
742	1.06114
743	1.08186
744	1.09219
745	1.08892
746	1.08993
747	1.09104
748	1.08697
749	1.08727
750	1.08349
751	1.08528
752	1.08851
753	1.09174
754	1.09889
755	1.09852
756	1.08631
757	1.08593
758	1.09088
759	1.08072
760	1.08455
761	1.07976
762	1.07927
763	1.04406
764	1.01769
765	0.98617
766	0.939719
767	0.928227
768	0.935128
769	0.93171
770	0.936175
771	0.942877
772	0.949948
773	0.957456
774	0.965498
775	0.974208
776	0.982779
777	0.987417
778	1.00005
779	1.02054
780	1.04058
781	1.03879
782	1.04361
783	1.03651
784	1.02948
785	1.03445
786	1.03512
787	1.03364
788	1.02676
789	1.02426
790	1.01636
791	1.00739
792	0.998448
793	0.989528
794	0.981712
795	0.981505
796	0.989986
797	1.00281
798	0.997217
799	0.9873
800	0.975228
801	0.967939
802	0.956056
803	0.935114
804	0.928108
805	0.906643
806	0.914493
807	0.905502
808	0.896962
809	0.880815
810	0.879957
811	0.877327
812	0.878819
813	0.875557
814	0.870509
815	0.860782
816	0.856063
817	0.84977
818	0.832206
819	0.814915
820	0.81017
821	0.810257
822	0.798239
823	0.803187
824	0.799543
825	0.808054
826	0.822839
827	0.832638
828	0.836426
829	0.841086
830	0.852992
831	0.867957
832	0.875067
833	0.861666
834	0.874362
835	0.88101
836	0.889978
837	0.888656
838	0.890751
839	0.889981
840	0.900355
841	0.900513
842	0.888856
843	0.885812
844	0.877388
845	0.895989
846	0.897358
847	0.879252
848	0.877416
849	0.868005
850	0.81372
851	0.861032
852	0.866048
853	0.848696
854	0.78206
855	0.816723
856	0.869011
857	0.89157
858	0.896477
859	0.898538
860	0.895723
861	0.895313
862	0.902743
863	0.901886
864	0.886818
865	0.861
866	0.78894
867	0.826024
868	0.862107
869	0.862475
870	0.872029
871	0.866239
872	0.872434
873	0.865404
874	0.851528
875	0.843936
876	0.860445
877	0.865178
878	0.861845
879	0.851213
880	0.848315
881	0.791699
882	0.784063
883	0.769118
884	0.760289
885	0.753493
886	0.727347
887	0.715694
888	0.717855
889	0.713343
890	0.704925
891	0.695632
892	0.68416
893	0.669807
894	0.666049
895	0.662765
896	0.661169
897	0.652665
898	0.644573
899	0.63426
900	0.627364
901	0.612874
902	0.600343
903	0.617092
904	0.615941
905	0.609461
906	0.607895
907	0.612546
908	0.60799
909	0.603155
910	0.609899
911	0.614426
912	0.615243
913	0.623121
914	0.625635
915	0.624451
916	0.626857
917	0.624351
918	0.623773
919	0.625301
920	0.620769
921	0.61176
922	0.604244
923	0.591187
924	0.608696
925	0.612588
926	0.539632
927	0.50687
928	0.470235
929	0.439426
930	0.413467
931	0.393212
932	0.373206
933	0.357641
934	0.341217
935	0.323816
936	0.309565
937	0.29836
938	0.302356
939	0.304019
940	0.301763
941	0.300409
942	0.297155
943	0.306701
944	0.305995
945	0.309737
946	0.31478
947	0.317427
948	0.321333
949	0.330266
950	0.337536
951	0.344
952	0.354392
953	0.363473
954	0.368748
955	0.366525
956	0.388125
957	0.405212
958	0.422124
959	0.439331
960	0.452922
961	0.469126
962	0.49103
963	0.513605
964	0.538738
965	0.578841
966	0.578071
967	0.58443
968	0.583307
969	0.58772
970	0.592338
971	0.591699
972	0.597288
973	0.596525
974	0.593235
975	0.599196
976	0.607589
977	0.608066
978	0.614228
979	0.613861
980	0.622418
981	0.625891
982	0.632338
983	0.633443
984	0.63324
985	0.637212
986	0.638373
987	0.64194
988	0.644326
989	0.643533
990	0.649763
991	0.658694
992	0.662824
993	0.670464
994	0.677343
995	0.674567
996	0.672577
997	0.666103
998	0.66523
999	0.665022
1000	0.666394
1001	0.669554
1002	0.669365
1003	0.662884
1004	0.652247
1005	0.623966
1006	0.643432
1007	0.656625
1008	0.659364
1009	0.657497
1010	0.658228
1011	0.655347
1012	0.653938
1013	0.651177
1014	0.651697
1015	0.644646
1016	0.644939
1017	0.641959
1018	0.645442
1019	0.633859
1020	0.635649
1021	0.636876
1022	0.631418
1023	0.635051
1024	0.637335
1025	0.636672
1026	0.636593
1027	0.635148
1028	0.635202
1029	0.631278
1030	0.632153
1031	0.631565
1032	0.630537
1033	0.623342
1034	0.625562
1035	0.628044
1036	0.628155
1037	0.623693
1038	0.62215
1039	0.625504
1040	0.62362
1041	0.623806
1042	0.62329
1043	0.619547
1044	0.620536
1045	0.616209
1046	0.605287
1047	0.611713
1048	0.616864
1049	0.615077
1050	0.612133
1051	0.611965
1052	0.609251
1053	0.607925
1054	0.606829
1055	0.608511
1056	0.607415
1057	0.605855
1058	0.599434
1059	0.587687
1060	0.596423
1061	0.59035
1062	0.596661
1063	0.592319
1064	0.597353
1065	0.596141
1066	0.586812
1067	0.588148
1068	0.585303
1069	0.563577
1070	0.574875
1071	0.565698
1072	0.558689
1073	0.545548
1074	0.545927
1075	0.534986
1076	0.533794
1077	0.530142
1078	0.525708
1079	0.515433
1080	0.516161
1081	0.503852
1082	0.497033
1083	0.498676
1084	0.499672
1085	0.496869
1086	0.494165
1087	0.478789
1088	0.483889
1089	0.484022
1090	0.479537
1091	0.478286
1092	0.46971
1093	0.460752
1094	0.442449
1095	0.450809
1096	0.453421
1097	0.454505
1098	0.450513
1099	0.447337
1100	0.455445
1101	0.391978
1102	0.345025
1103	0.319118
1104	0.294616
1105	0.273252
1106	0.25503
1107	0.238467
1108	0.224974
1109	0.212658
1110	0.201748
1111	0.190837
1112	0.18141
1113	0.172187
1114	0.165559
1115	0.157978
1116	0.150182
1117	0.144988
1118	0.137477
1119	0.13173
1120	0.126307
1121	0.130838
1122	0.135666
1123	0.140024
1124	0.144428
1125	0.148225
1126	0.150201
1127	0.157117
1128	0.164549
1129	0.17086
1130	0.176734
1131	0.177104
1132	0.176927
1133	0.174698
1134	0.174141
1135	0.173778
1136	0.173266
1137	0.169572
1138	0.167122
1139	0.168535
1140	0.168611
1141	0.165767
1142	0.167362
1143	0.166042
1144	0.164467
1145	0.165115
1146	0.172011
1147	0.178183
1148	0.183671
1149	0.189871
1150	0.196644
1151	0.204107
1152	0.211821
1153	0.221463
1154	0.232934
1155	0.243967
1156	0.254124
1157	0.268841
1158	0.283791
1159	0.297902
1160	0.314802
1161	0.335975
1162	0.346279
1163	0.352771
1164	0.353153
1165	0.359792
1166	0.359245
1167	0.367545
1168	0.374005
1169	0.371424
1170	0.382806
1171	0.386195
1172	0.387152
1173	0.386204
1174	0.386719
1175	0.382185
1176	0.378739
1177	0.38575
1178	0.384629
1179	0.384822
1180	0.389416
1181	0.388985
1182	0.38658
1183	0.373505
1184	0.385553
1185	0.391799
1186	0.393049
1187	0.393839
1188	0.389845
1189	0.377833
1190	0.390227
1191	0.39826
1192	0.399261
1193	0.399989
1194	0.400939
1195	0.39955
1196	0.40035
1197	0.399089
1198	0.392062
1199	0.384394
1200	0.400543
1201	0.406592
1202	0.405802
1203	0.394399
1204	0.393555
1205	0.402454
1206	0.40267
1207	0.402838
1208	0.394374
1209	0.381787
1210	0.394308
1211	0.390785
1212	0.397431
1213	0.399552
1214	0.398561
1215	0.399433
1216	0.399521
1217	0.399337
1218	0.398355
1219	0.396685
1220	0.398236
1221	0.398481
1222	0.39752
1223	0.395763
1224	0.399644
1225	0.399519
1226	0.399655
1227	0.393967
1228	0.397969
1229	0.401521
1230	0.401779
1231	0.401791
1232	0.400194
1233	0.402313
1234	0.402649
1235	0.402704
1236	0.406329
1237	0.40832
1238	0.40991
1239	0.410061
1240	0.415334
1241	0.415932
1242	0.412942
1243	0.407713
1244	0.404587
1245	0.404081
1246	0.404846
1247	0.40367
1248	0.404295
1249	0.402762
1250	0.400613
1251	0.397092
1252	0.393388
1253	0.393305
1254	0.392491
1255	0.390828
1256	0.388873
1257	0.386195
1258	0.386005
1259	0.383691
1260	0.383748
1261	0.381901
1262	0.377735
1263	0.3789
1264	0.37499
1265	0.374586
1266	0.375147
1267	0.370032
1268	0.367154
1269	0.3689
1270	0.370028
1271	0.370879
1272	0.370113
1273	0.370107
1274	0.369142
1275	0.37153
1276	0.373271
1277	0.374137
1278	0.374119
1279	0.372795
1280	0.370367
1281	0.35847
1282	0.331971
1283	0.35301
1284	0.368249
1285	0.372754
1286	0.374838
1287	0.377123
1288	0.377599
1289	0.379572
1290	0.377294
1291	0.37192
1292	0.368159
1293	0.363594
1294	0.356039
1295	0.354317
1296	0.352219
1297	0.347518
1298	0.342808
1299	0.342498
1300	0.339535
1301	0.336383
1302	0.331822
1303	0.328286
1304	0.325646
1305	0.326274
1306	0.325162
1307	0.323618
1308	0.321636
1309	0.320004
1310	0.317458
1311	0.315158
1312	0.310987
1313	0.303793
1314	0.307451
1315	0.301452
1316	0.301258
1317	0.303963
1318	0.300909
1319	0.302756
1320	0.301072
1321	0.254615
1322	0.226152
1323	0.205009
1324	0.187971
1325	0.173367
1326	0.160462
1327	0.149131
1328	0.139854
1329	0.129169
1330	0.122821
1331	0.116758
1332	0.109185
1333	0.105061
1334	0.100211
1335	0.0952037
1336	0.0901567
1337	0.0861543
1338	0.0819933
1339	0.0776497
1340	0.074216
1341	0.0722567
1342	0.0693008
1343	0.0665627
1344	0.0640228
1345	0.0615422
1346	0.0588457
1347	0.0568463
1348	0.0547281
1349	0.0525967
1350	0.0502706
1351	0.045852
1352	0.04216
1353	0.0385969
1354	0.0353359
1355	0.0322327
1356	0.0297271
1357	0.0272956
1358	0.0255673
1359	0.0237145
1360	0.021912
1361	0.0205897
1362	0.0191589
1363	0.0176688
1364	0.0166533
1365	0.0155916
1366	0.0145934
1367	0.0136035
1368	0.0128383
1369	0.0119162
1370	0.011189
1371	0.0105558
1372	0.0100359
1373	0.00948315
1374	0.00893679
1375	0.00833195
1376	0.00782428
1377	0.00745644
1378	0.00706311
1379	0.0067252
1380	0.00634504
1381	0.00601494
1382	0.00565326
1383	0.00537457
1384	0.00512296
1385	0.0048377
1386	0.00461757
1387	0.00436445
1388	0.00416838
1389	0.0039715
1390	0.00373604
1391	0.00359085
1392	0.00342804
1393	0.00325419
1394	0.00309029
1395	0.00294949
1396	0.00308342
1397	0.00322115
1398	0.0033707
1399	0.00350408
1400	0.00358389
1401	0.00374278
1402	0.00395529
1403	0.00411511
1404	0.00431331
1405	0.00451679
1406	0.00475479
1407	0.00498037
1408	0.00521749
1409	0.00548892
1410	0.0057544
1411	0.00600258
1412	0.00619438
1413	0.00656859
1414	0.00699278
1415	0.00737705
1416	0.00775284
1417	0.00821732
1418	0.00869291
1419	0.00910737
1420	0.00960913
1421	0.0102114
1422	0.0106625
1423	0.0112733
1424	0.0119613
1425	0.0128003
1426	0.013351
1427	0.014307
1428	0.0153355
1429	0.0161212
1430	0.0171832
1431	0.018474
1432	0.020118
1433	0.0215914
1434	0.0229027
1435	0.0247094
1436	0.0266779
1437	0.0288717
1438	0.0311714
1439	0.0338385
1440	0.0355764
1441	0.0389457
1442	0.0426561
1443	0.0455996
1444	0.0471623
1445	0.0487024
1446	0.0504342
1447	0.0518022
1448	0.0537986
1449	0.0554873
1450	0.0569882
1451	0.0583518
1452	0.06033
1453	0.062587
1454	0.0645589
1455	0.0666918
1456	0.068917
1457	0.071994
1458	0.0756619
1459	0.0789556
1460	0.0816649
1461	0.0847595
1462	0.0877592
1463	0.0891967
1464	0.0893117
1465	0.0900445
1466	0.0893645
1467	0.0903517
1468	0.0896728
1469	0.0903349
1470	0.0898748
1471	0.0886162
1472	0.0888835
1473	0.0886809
1474	0.0869863
1475	0.0880574
1476	0.0885105
1477	0.0883476
1478	0.0907192
1479	0.0940558
1480	0.0970539
1481	0.099187
1482	0.102569
1483	0.104319
1484	0.108678
1485	0.113452
1486	0.116327
1487	0.117949
1488	0.113116
1489	0.12663
1490	0.134311
1491	0.140145
1492	0.145123
1493	0.153094
1494	0.160811
1495	0.168161
1496	0.173714
1497	0.186948
1498	0.189938
1499	0.190597
1500	0.195113
1501	0.196949
1502	0.195206
1503	0.18421
1504	0.190067
1505	0.188453
1506	0.19736
1507	0.205916
1508	0.207167
1509	0.209059
1510	0.215113
1511	0.21827
1512	0.218141
1513	0.220346
1514	0.223184
1515	0.228826
1516	0.232965
1517	0.237393
1518	0.246008
1519	0.251459
1520	0.264382
1521	0.259906
1522	0.259024
1523	0.261961
1524	0.262487
1525	0.258878
1526	0.263491
1527	0.262801
1528	0.263864
1529	0.261124
1530	0.251894
1531	0.261511
1532	0.263382
1533	0.261082
1534	0.258002
1535	0.260346
1536	0.263354
1537	0.263398
1538	0.259105
1539	0.261627
1540	0.254337
1541	0.254839
1542	0.255458
1543	0.254829
1544	0.25535
1545	0.255245
1546	0.253488
1547	0.249735
1548	0.244569
1549	0.246837
1550	0.244929
1551	0.24498
1552	0.246178
1553	0.243237
1554	0.238524
1555	0.238215
1556	0.236028
1557	0.239538
1558	0.238484
1559	0.238294
1560	0.237208
1561	0.240375
1562	0.239863
1563	0.238909
1564	0.236943
1565	0.239141
1566	0.237418
1567	0.23761
1568	0.235778
1569	0.237571
1570	0.237675
1571	0.241999
1572	0.242711
1573	0.240363
1574	0.238012
1575	0.229601
1576	0.234721
1577	0.223201
1578	0.235531
1579	0.24135
1580	0.243246
1581	0.242719
1582	0.235532
1583	0.236396
1584	0.234853
1585	0.239286
1586	0.236949
1587	0.233691
1588	0.227698
1589	0.215751
1590	0.22031
1591	0.222
1592	0.230549
1593	0.234712
1594	0.233742
1595	0.233022
1596	0.224474
1597	0.226164
1598	0.230347
1599	0.227064
1600	0.227184
1601	0.222234
1602	0.223722
1603	0.22398
1604	0.224009
1605	0.22181
1606	0.220956
1607	0.219893
1608	0.222624
1609	0.220455
1610	0.210267
1611	0.214283
1612	0.216206
1613	0.219826
1614	0.219537
1615	0.218476
1616	0.211329
1617	0.214122
1618	0.22035
1619	0.219579
1620	0.214492
1621	0.214555
1622	0.217855
1623	0.222375
1624	0.223155
1625	0.220864
1626	0.223301
1627	0.224812
1628	0.226742
1629	0.227927
1630	0.227643
1631	0.228519
1632	0.228325
1633	0.225732
1634	0.223629
1635	0.226061
1636	0.225272
1637	0.218037
1638	0.216184
1639	0.213017
1640	0.214977
1641	0.21396
1642	0.214261
1643	0.217415
1644	0.215686
1645	0.215037
1646	0.217714
1647	0.218139
1648	0.217499
1649	0.214356
1650	0.216091
1651	0.214143
1652	0.216127
1653	0.214659
1654	0.215332
1655	0.213629
1656	0.214657
1657	0.214744
1658	0.213634
1659	0.211585
1660	0.21274
1661	0.213535
1662	0.212791
1663	0.211935
1664	0.211545
1665	0.209855
1666	0.20829
1667	0.208264
1668	0.205742
1669	0.207142
1670	0.210088
1671	0.208756
1672	0.202689
1673	0.204803
1674	0.20703
1675	0.204876
1676	0.202609
1677	0.203776
1678	0.204346
1679	0.200643
1680	0.193681
1681	0.187191
1682	0.189909
1683	0.194518
1684	0.196923
1685	0.197145
1686	0.194844
1687	0.194772
1688	0.194135
1689	0.191677
1690	0.191417
1691	0.193809
1692	0.193806
1693	0.192781
1694	0.192333
1695	0.191904
1696	0.190793
1697	0.189702
1698	0.189181
1699	0.187873
1700	0.185454
1701	0.184841
1702	0.184541
1703	0.184021
1704	0.183462
1705	0.182845
1706	0.181777
1707	0.180644
1708	0.179517
1709	0.178396
1710	0.177459
1711	0.177595
1712	0.177911
1713	0.178229
1714	0.178548
1715	0.178719
1716	0.177953
1717	0.177042
1718	0.176135
1719	0.175232
1720	0.174403
1721	0.173965
1722	0.1736
1723	0.173237
1724	0.172877
1725	0.172458
1726	0.171638
1727	0.170761
1728	0.169887
1729	0.169017
1730	0.168001
1731	0.166066
1732	0.163988
1733	0.161916
1734	0.159849
1735	0.158203
1736	0.159021
1737	0.160254
1738	0.161486
1739	0.162716
1740	0.163686
1741	0.149061
1742	0.13907
1743	0.131188
1744	0.124574
1745	0.118882
1746	0.114105
1747	0.109858
1748	0.105997
1749	0.102455
1750	0.0991986
1751	0.0962455
1752	0.0935033
1753	0.0909324
1754	0.0885132
1755	0.0861968
1756	0.083795
1757	0.0814841
1758	0.0792859
1759	0.0771908
1760	0.0752113
1761	0.0734397
1762	0.0717629
1763	0.0701549
1764	0.0686109
1765	0.0671266
1766	0.0656983
1767	0.0643225
1768	0.0629959
1769	0.0617156
1770	0.0604556
1771	0.0590862
1772	0.0577396
1773	0.056437
1774	0.0551762
1775	0.0539857
1776	0.0530128
1777	0.0520982
1778	0.05121
1779	0.050347
1780	0.0494941
1781	0.0485816
1782	0.0476807
1783	0.0468045
1784	0.0459517
1785	0.0451346
1786	0.0444153
1787	0.0437268
1788	0.0430552
1789	0.0424
1790	0.0417439
1791	0.0409946
1792	0.0402474
1793	0.0395184
1794	0.0388069
1795	0.0381124
1796	0.0374343
1797	0.036772
1798	0.036125
1799	0.0354928
1800	0.0348957
1801	0.0318467
1802	0.0292
1803	0.0268683
1804	0.0248001
1805	0.0229519
1806	0.0212744
1807	0.0197616
1808	0.0183941
1809	0.0171534
1810	0.015991
1811	0.0147447
1812	0.0135838
1813	0.0125278
1814	0.0115654
1815	0.0107195
1816	0.0101291
1817	0.00961066
1818	0.00912766
1819	0.00867691
1820	0.00825301
1821	0.00784169
1822	0.00745457
1823	0.00709202
1824	0.00675207
1825	0.00642623
1826	0.00608053
1827	0.00575107
1828	0.00544276
1829	0.00515398
1830	0.00488571
1831	0.00464678
1832	0.00442416
1833	0.00421439
1834	0.0040166
1835	0.00382946
1836	0.00364905
1837	0.00347827
1838	0.00331693
1839	0.00316441
1840	0.00301975
1841	0.00287988
1842	0.00274717
1843	0.00262154
1844	0.00250254
1845	0.00239101
1846	0.00229183
1847	0.00219865
1848	0.00210997
1849	0.00202552
1850	0.00194442
1851	0.00186349
1852	0.00178587
1853	0.00171197
1854	0.00164159
1855	0.00157453
1856	0.00151061
1857	0.00144967
1858	0.00139154
1859	0.00133607
1860	0.00128313
1861	0.00130771
1862	0.00133286
1863	0.0013586
1864	0.00138494
1865	0.00141219
1866	0.00144147
1867	0.00147178
1868	0.00150286
1869	0.00153473
1870	0.00156398
1871	0.00157239
1872	0.00157692
1873	0.00158099
1874	0.00158457
1875	0.0015964
1876	0.0016615
1877	0.00173814
1878	0.00181763
1879	0.0019001
1880	0.00198025
1881	0.00203016
1882	0.00207588
1883	0.00212286
1884	0.00217114
1885	0.00221893
1886	0.00225618
1887	0.00229229
1888	0.00232908
1889	0.00236657
1890	0.0024065
1891	0.00245783
1892	0.00251233
1893	0.00256835
1894	0.00262593
1895	0.00268708
1896	0.00276199
1897	0.0028414
1898	0.00292348
1899	0.00300833
1900	0.00309451
1901	0.00317317
1902	0.00325267
1903	0.00333467
1904	0.00341926
1905	0.00350603
1906	0.00359142
1907	0.00367894
1908	0.00376919
1909	0.00386227
1910	0.00395918
1911	0.00406337
1912	0.00417195
1913	0.00428423
1914	0.00440034
1915	0.00452047
1916	0.00464478
1917	0.00477346
1918	0.00490672
1919	0.00504474
1920	0.00518777
1921	0.00503211
1922	0.00504596
1923	0.00509605
1924	0.00516689
1925	0.00525077
1926	0.00533486
1927	0.00542713
1928	0.00552866
1929	0.00563899
1930	0.00576227
1931	0.00592138
1932	0.00609548
1933	0.00628057
1934	0.0064771
1935	0.00668212
1936	0.00687558
1937	0.00707692
1938	0.00729035
1939	0.00751665
1940	0.00774474
1941	0.0079125
1942	0.00807682
1943	0.00825014
1944	0.00843308
1945	0.00865507
1946	0.00907009
1947	0.00954603
1948	0.0100573
1949	0.0106075
1950	0.0111919
1951	0.0117674
1952	0.0123801
1953	0.0130443
1954	0.0137665
1955	0.0145429
1956	0.0153206
1957	0.0161613
1958	0.017088
1959	0.018115
1960	0.0192574
1961	0.0199373
1962	0.0206521
1963	0.0214082
1964	0.0222092
1965	0.0230782
1966	0.0241202
1967	0.0252545
1968	0.02647
1969	0.0277757
1970	0.0291655
1971	0.0305527
1972	0.0320351
1973	0.0336444
1974	0.0353989
1975	0.0373211
1976	0.039439
1977	0.0417883
1978	0.0444151
1979	0.047381
1980	0.0507839
1981	0.0548001
1982	0.059581
1983	0.0654349
1984	0.0729768
1985	0.083764
1986	0.0711872
1987	0.0643851
1988	0.059417
1989	0.0554523
1990	0.0520972
1991	0.0489666
1992	0.0461788
1993	0.0436964
1994	0.0414623
1995	0.0394618
1996	0.0377759
1997	0.0362514
1998	0.0348433
1999	0.0335371
2000	0.032307
2001	0.0310779
2002	0.0299138
2003	0.0288208
2004	0.027792
2005	0.0268335
2006	0.0275012
2007	0.0282083
2008	0.0289451
2009	0.0297135
2010	0.0305103
2011	0.0312994
2012	0.032119
2013	0.0329772
2014	0.033877
2015	0.0348157
2016	0.0357527
2017	0.0367331
2018	0.0377676
2019	0.0388618
2020	0.0400398
2021	0.0414033
2022	0.0428772
2023	0.0444552
2024	0.0461513
2025	0.0479612
2026	0.049792
2027	0.0517697
2028	0.0539491
2029	0.0563755
2030	0.0591293
2031	0.0623727
2032	0.066213
2033	0.0709336
2034	0.0772395
2035	0.0884354
2036	0.0874482
2037	0.0865183
2038	0.0856463
2039	0.0848215
2040	0.084099
2041	0.0837534
2042	0.0834954
2043	0.0832592
2044	0.0830422
2045	0.0827888
2046	0.0822001
2047	0.0815755
2048	0.0809674
2049	0.0803745
2050	0.0798183
2051	0.0793804
2052	0.0789765
2053	0.0785836
2054	0.0782011
2055	0.0778136
2056	0.0773173
2057	0.0768161
2058	0.0763243
2059	0.0758417
2060	0.0753899
2061	0.0750488
2062	0.0747374
2063	0.0744337
2064	0.0741374
2065	0.0738487
2066	0.0739885
2067	0.0741316
2068	0.074278
2069	0.074428
2070	0.0746039
2071	0.0748877
2072	0.0751989
2073	0.0755157
2074	0.0758384
2075	0.076137
2076	0.0762449
2077	0.076327
2078	0.0764139
2079	0.0765059
2080	0.0766188
2081	0.0768152
2082	0.0770344
2083	0.0772615
2084	0.0774972
2085	0.0777499
2086	0.0780286
2087	0.0783265
2088	0.0786367
2089	0.0789605
2090	0.079283
2091	0.0795403
2092	0.0797987
2093	0.0800771
2094	0.0803785
2095	0.0807406
2096	0.0813559
2097	0.0820493
2098	0.0827981
2099	0.0836192
2100	0.084532
2101	0.0845223
2102	0.0845043
2103	0.0844869
2104	0.08447
2105	0.084436
2106	0.0842968
2107	0.0841403
2108	0.0839843
2109	0.0838287
2110	0.0836824
2111	0.0836075
2112	0.0835421
2113	0.0834774
2114	0.0834134
2115	0.0833501
2116	0.0832699
2117	0.0831904
2118	0.0831118
2119	0.0830341
2120	0.0829574
2121	0.0828638
2122	0.0827712
2123	0.0826798
2124	0.0825895
2125	0.0825272
2126	0.0826097
2127	0.0827208
2128	0.0828338
2129	0.0829488
2130	0.0830301
2131	0.0829157
2132	0.0827674
2133	0.0826213
2134	0.0824777
2135	0.0823639
2136	0.0824342
2137	0.0825357
2138	0.0826417
2139	0.0827529
2140	0.0828428
2141	0.0827755
2142	0.0826886
2143	0.0826109
2144	0.0825448
2145	0.0825211
2146	0.0826465
2147	0.0828292
2148	0.083058
2149	0.08301
2150	0.0829528
2151	0.0828032
2152	0.0826445
2153	0.0824858
2154	0.0823272
2155	0.0821687
2156	0.0819733
2157	0.081778
2158	0.0815828
2159	0.0813877
2160	0.0810818
2161	0.0800926
2162	0.0789929
2163	0.0778935
2164	0.0767944
2165	0.0759079
2166	0.0763139
2167	0.0769321
2168	0.0775501
2169	0.0781681
2170	0.0787213
2171	0.0788502
2172	0.0789145
2173	0.0789788
2174	0.0790431
2175	0.0790706
2176	0.0788768
2177	0.0786463
2178	0.0784158
2179	0.0781854
2180	0.0779828
2181	0.0779645
2182	0.0779739
2183	0.0779833
2184	0.0779928
2185	0.0779654
2186	0.0776987
2187	0.0773952
2188	0.0770918
2189	0.0767886
2190	0.0765314
2191	0.0765504
2192	0.0766155
2193	0.0766806
2194	0.0767457
2195	0.0767832
2196	0.0766736
2197	0.0765364
2198	0.0763993
2199	0.0762527
2200	0.0760787
2201	0.0757393
2202	0.0753726
2203	0.0750062
2204	0.0746399
2205	0.0743198
2206	0.0742385
2207	0.0742032
2208	0.074168
2209	0.0741328
2210	0.0740885
2211	0.0740076
2212	0.0739176
2213	0.0738277
2214	0.0737379
2215	0.0736482
2216	0.0735586
2217	0.0734691
2218	0.0733796
2219	0.0732902
2220	0.0731826
2221	0.0729653
2222	0.0727299
2223	0.0724946
2224	0.0722594
2225	0.0720427
2226	0.0719358
2227	0.0718472
2228	0.0717587
2229	0.0716703
2230	0.0715819
2231	0.0714754
2232	0.0713689
2233	0.0712626
2234	0.0711563
2235	0.0710318
2236	0.0707798
2237	0.0705097
2238	0.0702397
2239	0.0699699
2240	0.0697276
2241	0.0696494
2242	0.0695985
2243	0.0695477
2244	0.069497
2245	0.0694281
2246	0.0692683
2247	0.0690904
2248	0.0689125
2249	0.0687348
2250	0.0685572
2251	0.0683433
2252	0.0681296
2253	0.0679159
2254	0.0677024
2255	0.0675072
2256	0.0674392
2257	0.0673894
2258	0.0673397
2259	0.06729
2260	0.0672313
2261	0.0670819
2262	0.0669235
2263	0.0667653
2264	0.0666071
2265	0.0664671
2266	0.0663997
2267	0.0663505
2268	0.0663014
2269	0.0662522
2270	0.0661941
2271	0.0659116
2272	0.0656277
2273	0.0653509
2274	0.0650805
2275	0.0647981
2276	0.0644322
2277	0.0640541
2278	0.0636813
2279	0.0633134
2280	0.0629766
2281	0.0628023
2282	0.0626577
2283	0.0625161
2284	0.0623773
2285	0.0622412
2286	0.0620728
2287	0.061907
2288	0.0617436
2289	0.0615825
2290	0.0613891
2291	0.0609741
2292	0.0605277
2293	0.0600845
2294	0.0596442
2295	0.059258
2296	0.0591474
2297	0.0590893
2298	0.0590325
2299	0.0589769
2300	0.058914
2301	0.0587846
2302	0.0586482
2303	0.0585131
2304	0.0583793
2305	0.0582384
2306	0.0580653
2307	0.0578851
2308	0.0577062
2309	0.0575286
2310	0.0573523
2311	0.0571439
2312	0.0569368
2313	0.0567311
2314	0.0565265
2315	0.0563232
2316	0.0561375
2317	0.055953
2318	0.0557695
2319	0.0555871
2320	0.0553812
2321	0.0549963
2322	0.0545885
2323	0.0541823
2324	0.0537778
2325	0.0534318
2326	0.0533959
2327	0.0534174
2328	0.0534391
2329	0.0534612
2330	0.0534594
2331	0.0533288
2332	0.0531749
2333	0.0530216
2334	0.0528692
2335	0.0527174
2336	0.0525665
2337	0.0524162
2338	0.0522666
2339	0.0521178
2340	0.0519776
2341	0.0518858
2342	0.0518025
2343	0.0517197
2344	0.0516374
2345	0.0515397
2346	0.0513634
2347	0.051172
2348	0.0509814
2349	0.0507915
2350	0.0505866
2351	0.0502723
2352	0.0499434
2353	0.0496155
2354	0.0492886
2355	0.0490097
2356	0.0489816
2357	0.0490006
2358	0.0490198
2359	0.0490392
2360	0.0490509
2361	0.0478234
2362	0.0467089
2363	0.0456895
2364	0.0447477
2365	0.0438637
2366	0.0429805
2367	0.0421406
2368	0.0413447
2369	0.040588
2370	0.03986
2371	0.039126
2372	0.0384159
2373	0.0377334
2374	0.0370764
2375	0.0364665
2376	0.0359949
2377	0.035563
2378	0.0351458
2379	0.0347424
2380	0.0343074
2381	0.0336331
2382	0.0329338
2383	0.0322531
2384	0.03159
2385	0.030996
2386	0.0307274
2387	0.0305172
2388	0.0303126
2389	0.0301134
2390	0.0298994
2391	0.0295731
2392	0.0292349
2393	0.0289042
2394	0.0285808
2395	0.0282643
2396	0.0279452
2397	0.0276326
2398	0.0273265
2399	0.0270264
2400	0.0267323
2401	0.0264527
2402	0.0261785
2403	0.0259095
2404	0.0256454
2405	0.0253861
2406	0.02514
2407	0.0248983
2408	0.0246608
2409	0.0244274
2410	0.0241776
2411	0.0238104
2412	0.0234294
2413	0.0230546
2414	0.0226861
2415	0.022355
2416	0.0222
2417	0.0220783
2418	0.0219584
2419	0.0218403
2420	0.0217127
2421	0.0215123
2422	0.0213038
2423	0.0210984
2424	0.020896
2425	0.0207002
2426	0.0205287
2427	0.0203632
2428	0.0202
2429	0.0200391
2430	0.0198769
2431	0.0196824
2432	0.0194872
2433	0.0192946
2434	0.0191047
2435	0.0189206
2436	0.0187656
2437	0.018616
2438	0.0184682
2439	0.0183223
2440	0.0181751
2441	0.0180041
2442	0.017832
2443	0.0176622
2444	0.0174945
2445	0.0173257
2446	0.0171467
2447	0.0169669
2448	0.0167893
2449	0.0166139
2450	0.0164467
2451	0.0158244
2452	0.0152447
2453	0.0146984
2454	0.0141824
2455	0.0136994
2456	0.0132661
2457	0.0128593
2458	0.0124723
2459	0.0121036
2460	0.0117499
2461	0.0113954
2462	0.0110549
2463	0.0107293
2464	0.0104178
2465	0.0101157
2466	0.00980815
2467	0.00950986
2468	0.00922384
2469	0.0089494
2470	0.00868915
2471	0.00846125
2472	0.00824494
2473	0.00803652
2474	0.00783559
2475	0.00763749
2476	0.00741844
2477	0.0072033
2478	0.00699596
2479	0.00679605
2480	0.00660702
2481	0.00644191
2482	0.0062859
2483	0.00613496
2484	0.00598887
2485	0.00584968
2486	0.00572587
2487	0.00560789
2488	0.00549335
2489	0.00538209
2490	0.00526491
2491	0.00509579
2492	0.00492361
2493	0.00475722
2494	0.00459638
2495	0.00445451
2496	0.00439369
2497	0.00434719
2498	0.00430137
2499	0.00425621
2500	0.00420515
2501	0.00233036
2502	0.00139825
2503	0.000884936
2504	0.000582136
2505	0.00039442
2506	0.000273133
2507	0.000192853
2508	0.000138443
2509	0.000100808
2510	7.43347e-05
2511	5.54836e-05
2512	4.18275e-05
2513	3.18101e-05
2514	2.43846e-05
2515	1.8828e-05
2516	1.46402e-05
2517	1.14535e-05
2518	9.0111e-06
2519	7.12678e-06
2520	5.66524e-06
2521	4.52781e-06
2522	3.63503e-06
2523	2.93007e-06
2524	2.37082e-06
2525	1.92561e-06
2526	1.5713e-06
2527	1.2866e-06
2528	1.05672e-06
2529	8.70449e-07
2530	7.18864e-07
2531	5.94009e-07
2532	4.91984e-07
2533	4.08474e-07
2534	3.3993e-07
2535	2.83583e-07
2536	2.37286e-07
2537	1.99003e-07
2538	1.67229e-07
2539	1.40799e-07
2540	1.18767e-07
2541	1.00405e-07
2542	8.50298e-08
2543	7.21296e-08
2544	6.12861e-08
2545	5.21546e-08
2546	4.44324e-08
2547	3.79096e-08
2548	3.23907e-08
2549	2.77139e-08
2550	2.37445e-08
2551	2.03616e-08
2552	1.7483e-08
2553	1.50301e-08
2554	1.2937e-08
2555	1.11486e-08
2556	9.61422e-09
2557	8.30034e-09
2558	7.17385e-09
2559	6.20686e-09
2560	5.377e-09
2561	4.66695e-09
2562	4.0556e-09
2563	3.52777e-09
2564	3.07156e-09
2565	2.67685e-09
2566	2.33396e-09
2567	2.0368e-09
2568	1.77903e-09
2569	1.55522e-09
2570	1.3607e-09
2571	1.19095e-09
2572	1.04322e-09
2573	9.14539e-10
2574	8.02348e-10
2575	7.04453e-10
2576	6.18962e-10
2577	5.44243e-10
2578	4.78887e-10
2579	4.21676e-10
2580	3.71472e-10
2581	3.2702e-10
2582	2.88011e-10
2583	2.53819e-10
2584	2.23829e-10
2585	1.97595e-10
2586	1.7511e-10
2587	1.55351e-10
2588	1.37905e-10
2589	1.22491e-10
2590	1.08838e-10
2591	9.65847e-11
2592	8.57395e-11
2593	7.61544e-11
2594	6.76779e-11
2595	6.01913e-11
2596	5.36113e-11
2597	4.77868e-11
2598	4.26172e-11
2599	3.80263e-11
2600	3.39471e-11
2601	2.55601e-11
2602	2.17454e-11
2603	1.89294e-11
2604	1.66801e-11
2605	1.48154e-11
2606	1.32226e-11
2607	1.18531e-11
2608	1.06632e-11
2609	9.62091e-12
2610	8.70208e-12
2611	7.89162e-12
2612	7.17012e-12
2613	6.52546e-12
2614	5.94765e-12
2615	5.42835e-12
2616	4.95581e-12
2617	4.52951e-12
2618	4.14419e-12
2619	3.79532e-12
2620	3.47728e-12
2621	3.17788e-12
2622	2.90506e-12
2623	2.65754e-12
2624	2.43273e-12
2625	2.23108e-12
2626	2.06157e-12
2627	1.90842e-12
2628	1.76765e-12
2629	1.63816e-12
2630	1.5182e-12
2631	1.40364e-12
2632	1.29773e-12
2633	1.20037e-12
2634	1.11082e-12
2635	1.02814e-12
2636	9.49689e-13
2637	8.77357e-13
2638	8.1084e-13
2639	7.49642e-13
2640	6.93655e-13
2641	6.43995e-13
2642	5.98397e-13
2643	5.56217e-13
2644	5.17183e-13
2645	4.81043e-13
2646	4.47125e-13
2647	4.15725e-13
2648	3.86647e-13
2649	3.59707e-13
2650	3.3474e-13
2651	3.11281e-13
2652	2.89545e-13
2653	2.69398e-13
2654	2.50717e-13
2655	2.3345e-13
2656	2.17647e-13
2657	2.03014e-13
2658	1.89412e-13
2659	1.76763e-13
2660	1.64956e-13
2661	1.53738e-13
2662	1.43279e-13
2663	1.3356e-13
2664	1.24527e-13
2665	1.16188e-13
2666	1.08653e-13
2667	1.0168e-13
2668	9.51741e-14
2669	8.91023e-14
2670	8.34132e-14
2671	7.79028e-14
2672	7.27514e-14
2673	6.79532e-14
2674	6.34829e-14
2675	5.93326e-14
2676	5.55211e-14
2677	5.19771e-14
2678	4.8668e-14
2679	4.55776e-14
2680	4.26907e-14
2681	3.99934e-14
2682	3.74729e-14
2683	3.5117e-14
2684	3.29147e-14
2685	3.08554e-14
2686	2.88993e-14
2687	2.70713e-14
2688	2.53629e-14
2689	2.37659e-14
2690	2.22727e-14
2691	2.08875e-14
2692	1.95914e-14
2693	1.83784e-14
2694	1.72429e-14
2695	1.61799e-14
2696	1.51765e-14
2697	1.42373e-14
2698	1.33581e-14
2699	1.25348e-14
2700	1.1767e-14
2701	1.27627e-14
2702	1.38503e-14
2703	1.50348e-14
2704	1.63251e-14
2705	1.77313e-14
2706	1.92641e-14
2707	2.09356e-14
2708	2.27587e-14
2709	2.47478e-14
2710	2.69189e-14
2711	2.93051e-14
2712	3.19127e-14
2713	3.47629e-14
2714	3.78793e-14
2715	4.12881e-14
2716	4.49933e-14
2717	4.90465e-14
2718	5.34819e-14
2719	5.83374e-14
2720	6.36545e-14
2721	6.94409e-14
2722	7.57785e-14
2723	8.27222e-14
2724	9.03327e-14
2725	9.87044e-14
2726	1.07949e-13
2727	1.18134e-13
2728	1.29326e-13
2729	1.41629e-13
2730	1.55158e-13
2731	1.69854e-13
2732	1.86009e-13
2733	2.03777e-13
2734	2.23326e-13
2735	2.44844e-13
2736	2.68689e-13
2737	2.94972e-13
2738	3.23953e-13
2739	3.55924e-13
2740	3.91208e-13
2741	4.30409e-13
2742	4.73735e-13
2743	5.2164e-13
2744	5.74635e-13
2745	6.33285e-13
2746	6.97831e-13
2747	7.69294e-13
2748	8.48454e-13
2749	9.36182e-13
2750	1.03345e-12
2751	1.14071e-12
2752	1.25969e-12
2753	1.39173e-12
2754	1.53836e-12
2755	1.70126e-12
2756	1.88234e-12
2757	2.08374e-12
2758	2.30785e-12
2759	2.55739e-12
2760	2.83538e-12
2761	3.14708e-12
2762	3.49493e-12
2763	3.88336e-12
2764	4.31735e-12
2765	4.80254e-12
2766	5.34843e-12
2767	5.95985e-12
2768	6.64508e-12
2769	7.41356e-12
2770	8.27354e-12
2771	9.22822e-12
2772	1.02965e-11
2773	1.14957e-11
2774	1.2843e-11
2775	1.43575e-11
2776	1.60709e-11
2777	1.80011e-11
2778	2.01772e-11
2779	2.26323e-11
2780	2.54045e-11
2781	2.85542e-11
2782	3.21185e-11
2783	3.61554e-11
2784	4.07314e-11
2785	4.59229e-11
2786	5.18182e-11
2787	5.85186e-11
2788	6.61412e-11
2789	7.48211e-11
2790	8.47146e-11
2791	9.59445e-11
2792	1.08763e-10
2793	1.23409e-10
2794	1.40161e-10
2795	1.59391e-10
2796	1.81553e-10
2797	2.07071e-10
2798	2.36425e-10
2799	2.70231e-10
2800	3.09212e-10
2801	3.3944e-10
2802	3.72774e-10
2803	4.09548e-10
2804	4.50135e-10
2805	4.95104e-10
2806	5.45133e-10
2807	6.00663e-10
2808	6.62142e-10
2809	7.30239e-10
2810	8.05704e-10
2811	8.89378e-10
2812	9.82201e-10
2813	1.08523e-09
2814	1.19964e-09
2815	1.32676e-09
2816	1.46717e-09
2817	1.62326e-09
2818	1.79688e-09
2819	1.9901e-09
2820	2.20527e-09
2821	2.44349e-09
2822	2.70893e-09
2823	3.00486e-09
2824	3.33501e-09
2825	3.70472e-09
2826	4.12042e-09
2827	4.58696e-09
2828	5.10943e-09
2829	5.69495e-09
2830	6.35159e-09
2831	7.08402e-09
2832	7.90611e-09
2833	8.82949e-09
2834	9.86745e-09
2835	1.10351e-08
2836	1.23418e-08
2837	1.38133e-08
2838	1.54716e-08
2839	1.7342e-08
2840	1.94535e-08
2841	2.18533e-08
2842	2.45689e-08
2843	2.76448e-08
2844	3.1132e-08
2845	3.50893e-08
2846	3.9559e-08
2847	4.46384e-08
2848	5.04166e-08
2849	5.69967e-08
2850	6.44983e-08
2851	7.306e-08
2852	8.28429e-08
2853	9.40346e-08
2854	1.06854e-07
2855	1.21555e-07
2856	1.38528e-07
2857	1.58057e-07
2858	1.80557e-07
2859	2.06518e-07
2860	2.36516e-07
2861	2.71232e-07
2862	3.11468e-07
2863	3.58181e-07
2864	4.12502e-07
2865	4.75781e-07
2866	5.48894e-07
2867	6.34268e-07
2868	7.34153e-07
2869	8.51251e-07
2870	9.89152e-07
2871	1.15234e-06
2872	1.34556e-06
2873	1.57441e-06
2874	1.84615e-06
2875	2.17039e-06
2876	2.55932e-06
2877	3.02645e-06
2878	3.58814e-06
2879	4.26572e-06
2880	5.0859e-06
2881	6.07401e-06
2882	7.27758e-06
2883	8.74961e-06
2884	1.05579e-05
2885	1.279e-05
2886	1.55697e-05
2887	1.90397e-05
2888	2.33974e-05
2889	2.89063e-05
2890	3.59218e-05
2891	4.49291e-05
2892	5.66007e-05
2893	7.1885e-05
2894	9.2148e-05
2895	0.00011941
2896	0.000156656
2897	0.00020891
2898	0.000284841
2899	0.000402365
2900	0.000632914
2901	0.000640968
2902	0.000649148
2903	0.000657459
2904	0.000665902
2905	0.000674479
2906	0.000682718
2907	0.000691084
2908	0.00069958
2909	0.000708209
2910	0.000716972
2911	0.000725363
2912	0.00073388
2913	0.000742526
2914	0.000751303
2915	0.000760214
2916	0.000769808
2917	0.000779556
2918	0.000789462
2919	0.000799529
2920	0.000809761
2921	0.00082016
2922	0.00083073
2923	0.000841475
2924	0.000852398
2925	0.000863504
2926	0.000874796
2927	0.000886278
2928	0.000897954
2929	0.000909829
2930	0.000921907
2931	0.000933514
2932	0.000945313
2933	0.000957307
2934	0.000969502
2935	0.000981902
2936	0.000995241
2937	0.00100882
2938	0.00102263
2939	0.00103669
2940	0.00105101
2941	0.0010648
2942	0.00107882
2943	0.00109309
2944	0.00110762
2945	0.00112282
2946	0.00113915
2947	0.00115622
2948	0.00117362
2949	0.00119136
2950	0.00120945
2951	0.00122789
2952	0.0012467
2953	0.00126589
2954	0.00128546
2955	0.00130543
2956	0.00132481
2957	0.00134457
2958	0.00136473
2959	0.00138529
2960	0.00140626
2961	0.00142875
2962	0.00145171
2963	0.00147515
2964	0.0014991
2965	0.00152357
2966	0.00154739
2967	0.00157171
2968	0.00159655
2969	0.00162193
2970	0.00164786
2971	0.00167563
2972	0.00170404
2973	0.0017331
2974	0.00176282
2975	0.00179324
2976	0.00182296
2977	0.00185336
2978	0.00188447
2979	0.0019163
2980	0.00194889
2981	0.00198378
2982	0.00201954
2983	0.00205619
2984	0.00209375
2985	0.00213227
2986	0.00217009
2987	0.00220886
2988	0.00224862
2989	0.00228941
2990	0.00233127
2991	0.0023761
2992	0.00242216
2993	0.00246951
2994	0.00251819
2995	0.00256826
2996	0.0026198
2997	0.00267285
2998	0.00272751
2999	0.00278385
3000	0.00284197
3001	0.00283916
3002	0.00283635
3003	0.00283354
3004	0.00283072
3005	0.0028279
3006	0.00282734
3007	0.00282677
3008	0.0028262
3009	0.00282563
3010	0.00282506
3011	0.00282449
3012	0.00282393
3013	0.00282336
3014	0.00282279
3015	0.00282222
3016	0.00281938
3017	0.00281654
3018	0.0028137
3019	0.00281085
3020	0.002808
3021	0.00280515
3022	0.00280229
3023	0.00279943
3024	0.00279657
3025	0.00279371
3026	0.00279312
3027	0.00279254
3028	0.00279195
3029	0.00279137
3030	0.00279078
3031	0.00278791
3032	0.00278503
3033	0.00278215
3034	0.00277927
3035	0.00277639
3036	0.0027712
3037	0.00276602
3038	0.00276082
3039	0.00275562
3040	0.00275157
3041	0.00275442
3042	0.00275843
3043	0.00276244
3044	0.00276646
3045	0.00277048
3046	0.0027722
3047	0.00277393
3048	0.00277566
3049	0.00277739
3050	0.00277912
3051	0.00277854
3052	0.00277796
3053	0.00277739
3054	0.00277681
3055	0.00277623
3056	0.00277566
3057	0.00277508
3058	0.00277451
3059	0.00277393
3060	0.00277336
3061	0.00276812
3062	0.00276288
3063	0.00275764
3064	0.00275239
3065	0.0027483
3066	0.00274655
3067	0.00274597
3068	0.00274539
3069	0.00274481
3070	0.00274424
3071	0.00274601
3072	0.00274778
3073	0.00274957
3074	0.00275135
3075	0.00275314
3076	0.00275023
3077	0.00274731
3078	0.0027444
3079	0.00274148
3080	0.00273856
3081	0.00273564
3082	0.00273272
3083	0.0027298
3084	0.00272688
3085	0.00272396
3086	0.00272103
3087	0.00271811
3088	0.00271519
3089	0.00271226
3090	0.00270934
3091	0.00270642
3092	0.00270349
3093	0.00270057
3094	0.00269765
3095	0.00269472
3096	0.0026918
3097	0.00268888
3098	0.00268596
3099	0.00268304
3100	0.00268013
3101	0.00266305
3102	0.00265769
3103	0.00265661
3104	0.0026579
3105	0.00266076
3106	0.00266238
3107	0.00266487
3108	0.00266808
3109	0.00267188
3110	0.00267619
3111	0.00267851
3112	0.00268121
3113	0.00268424
3114	0.00268758
3115	0.00269243
3116	0.00270002
3117	0.00270913
3118	0.0027185
3119	0.00272813
3120	0.002738
3121	0.0027481
3122	0.00275843
3123	0.00276898
3124	0.00277975
3125	0.00279072
3126	0.00280191
3127	0.00281329
3128	0.00282488
3129	0.00283667
3130	0.00284865
3131	0.00286083
3132	0.0028732
3133	0.00288576
3134	0.00289852
3135	0.00291146
3136	0.00292187
3137	0.00293243
3138	0.00294315
3139	0.00295403
3140	0.00296508
3141	0.00297909
3142	0.0029933
3143	0.0030077
3144	0.0030223
3145	0.00303709
3146	0.00304919
3147	0.00306144
3148	0.00307387
3149	0.00308646
3150	0.00309921
3151	0.00311512
3152	0.00313124
3153	0.00314756
3154	0.0031641
3155	0.00318084
3156	0.00319781
3157	0.00321499
3158	0.0032324
3159	0.00325002
3160	0.00326788
3161	0.00328914
3162	0.00331068
3163	0.00333249
3164	0.00335459
3165	0.00337698
3166	0.00339309
3167	0.0034094
3168	0.00342593
3169	0.00344267
3170	0.00346131
3171	0.0034836
3172	0.00350789
3173	0.0035325
3174	0.00355745
3175	0.00358273
3176	0.00360131
3177	0.00362013
3178	0.00363921
3179	0.00365854
3180	0.00367813
3181	0.00370164
3182	0.00372546
3183	0.00374962
3184	0.00377411
3185	0.00379894
3186	0.00382792
3187	0.0038573
3188	0.00388711
3189	0.00391735
3190	0.00394803
3191	0.00397522
3192	0.00400281
3193	0.0040308
3194	0.0040592
3195	0.00408803
3196	0.00411319
3197	0.00413872
3198	0.00416464
3199	0.00419095
3200	0.00421978
3201	0.004205
3202	0.00419243
3203	0.00417994
3204	0.00416753
3205	0.0041552
3206	0.00413878
3207	0.00412247
3208	0.00410625
3209	0.00409013
3210	0.00407412
3211	0.00405409
3212	0.00403418
3213	0.00401439
3214	0.00399472
3215	0.00397516
3216	0.00395976
3217	0.00394445
3218	0.00392922
3219	0.00391408
3220	0.00389903
3221	0.00388407
3222	0.00386918
3223	0.00385438
3224	0.00383967
3225	0.00382503
3226	0.00381441
3227	0.00380384
3228	0.00379333
3229	0.00378288
3230	0.00377248
3231	0.00375826
3232	0.00374412
3233	0.00373005
3234	0.00371605
3235	0.00370213
3236	0.00368828
3237	0.0036745
3238	0.0036608
3239	0.00364716
3240	0.0036336
3241	0.0036201
3242	0.00360667
3243	0.00359331
3244	0.00358002
3245	0.00356679
3246	0.00355736
3247	0.00354797
3248	0.00353863
3249	0.00352933
3250	0.00352007
3251	0.00350351
3252	0.00348703
3253	0.00347063
3254	0.00345431
3255	0.00343807
3256	0.00342554
3257	0.00341307
3258	0.00340066
3259	0.00338831
3260	0.00337602
3261	0.00336378
3262	0.00335161
3263	0.00333949
3264	0.00332742
3265	0.00331541
3266	0.00330346
3267	0.00329157
3268	0.00327972
3269	0.00326794
3270	0.0032562
3271	0.00324453
3272	0.0032329
3273	0.00322133
3274	0.00320981
3275	0.00319834
3276	0.00318692
3277	0.00317555
3278	0.00316424
3279	0.00315297
3280	0.00314176
3281	0.00313059
3282	0.00311948
3283	0.00310841
3284	0.0030974
3285	0.00308643
3286	0.00307887
3287	0.00307135
3288	0.00306385
3289	0.00305639
3290	0.00304729
3291	0.00303158
3292	0.00301428
3293	0.00299707
3294	0.00297993
3295	0.00296451
3296	0.00295244
3297	0.00294207
3298	0.00293174
3299	0.00292145
3300	0.0029112
3301	0.00293273
3302	0.00295449
3303	0.0029765
3304	0.00299875
3305	0.00302125
3306	0.00303721
3307	0.00305331
3308	0.00306958
3309	0.00308601
3310	0.0031026
3311	0.00312289
3312	0.0031434
3313	0.00316415
3314	0.00318512
3315	0.00320633
3316	0.00322043
3317	0.00323467
3318	0.00324903
3319	0.00326353
3320	0.00328006
3321	0.0033044
3322	0.00333096
3323	0.00335785
3324	0.00338507
3325	0.00341265
3326	0.00343262
3327	0.00345281
3328	0.00347324
3329	0.00349391
3330	0.00351482
3331	0.00354011
3332	0.00356573
3333	0.00359168
3334	0.00361796
3335	0.00364459
3336	0.00367156
3337	0.0036989
3338	0.00372659
3339	0.00375466
3340	0.00378311
3341	0.00381195
3342	0.00384119
3343	0.00387084
3344	0.00390091
3345	0.0039314
3346	0.00395761
3347	0.00398418
3348	0.00401112
3349	0.00403844
3350	0.00406615
3351	0.00409921
3352	0.00413277
3353	0.00416685
3354	0.00420145
3355	0.00423661
3356	0.00427232
3357	0.00430861
3358	0.00434549
3359	0.00438297
3360	0.00442108
3361	0.00445984
3362	0.00449925
3363	0.00453935
3364	0.00458015
3365	0.00462168
3366	0.00466395
3367	0.00470699
3368	0.00475083
3369	0.0047955
3370	0.00484101
3371	0.0048874
3372	0.0049347
3373	0.00498294
3374	0.00503216
3375	0.00508239
3376	0.00513368
3377	0.00518605
3378	0.00523955
3379	0.00529424
3380	0.00535015
3381	0.0054141
3382	0.00547955
3383	0.00554657
3384	0.00561521
3385	0.00568556
3386	0.00575049
3387	0.00581711
3388	0.00588549
3389	0.00595573
3390	0.00602793
3391	0.00610219
3392	0.00617863
3393	0.00625737
3394	0.00633857
3395	0.00642236
3396	0.00650068
3397	0.0065817
3398	0.00666563
3399	0.00675269
3400	0.0068475
3401	0.00687817
3402	0.00691351
3403	0.00694912
3404	0.00698502
3405	0.00701672
3406	0.00703072
3407	0.00704032
3408	0.00705001
3409	0.00705978
3410	0.00707419
3411	0.00709789
3412	0.00712638
3413	0.00715511
3414	0.00718409
3415	0.00721331
3416	0.00723343
3417	0.00725373
3418	0.00727422
3419	0.00729488
3420	0.00731574
3421	0.00733678
3422	0.00735802
3423	0.00737946
3424	0.0074011
3425	0.00742294
3426	0.00744499
3427	0.00746726
3428	0.00748974
3429	0.00751245
3430	0.00753538
3431	0.0075685
3432	0.00760194
3433	0.00763571
3434	0.00766982
3435	0.00770427
3436	0.00772889
3437	0.00775377
3438	0.00777891
3439	0.00780434
3440	0.00783004
3441	0.00785603
3442	0.00788232
3443	0.00790891
3444	0.0079358
3445	0.00796301
3446	0.00799055
3447	0.00801841
3448	0.00804661
3449	0.00807516
3450	0.00810407
3451	0.00814427
3452	0.00818496
3453	0.00822614
3454	0.00826783
3455	0.00831004
3456	0.00834158
3457	0.00837355
3458	0.00840596
3459	0.00843884
3460	0.00847218
3461	0.00851753
3462	0.00856349
3463	0.0086101
3464	0.00865738
3465	0.00870534
3466	0.00874217
3467	0.0087796
3468	0.00881764
3469	0.00885632
3470	0.00889566
3471	0.00893568
3472	0.00897641
3473	0.00901788
3474	0.00906012
3475	0.00910316
3476	0.00914702
3477	0.00919176
3478	0.0092374
3479	0.00928399
3480	0.00933158
3481	0.00939316
3482	0.00945601
3483	0.00952019
3484	0.00958577
3485	0.00965283
3486	0.00970803
3487	0.00976469
3488	0.00982289
3489	0.00988275
3490	0.00994437
3491	0.0100079
3492	0.0100735
3493	0.0101413
3494	0.0102116
3495	0.0102845
3496	0.0103604
3497	0.0104396
3498	0.0105226
3499	0.0106099
3500	0.0107023
3501	0.010707
3502	0.0107118
3503	0.0107165
3504	0.0107212
3505	0.010726
3506	0.0107157
3507	0.0107053
3508	0.010695
3509	0.0106847
3510	0.0106744
3511	0.010664
3512	0.0106537
3513	0.0106434
3514	0.0106331
3515	0.0106228
3516	0.0106125
3517	0.0106022
3518	0.0105919
3519	0.0105816
3520	0.0105713
3521	0.0105762
3522	0.0105812
3523	0.0105862
3524	0.0105911
3525	0.0105962
3526	0.0105859
3527	0.0105757
3528	0.0105655
3529	0.0105553
3530	0.0105451
3531	0.0105502
3532	0.0105553
3533	0.0105605
3534	0.0105656
3535	0.0105708
3536	0.0105607
3537	0.0105506
3538	0.0105405
3539	0.0105304
3540	0.0105204
3541	0.0105257
3542	0.010531
3543	0.0105363
3544	0.0105417
3545	0.0105471
3546	0.0105372
3547	0.0105272
3548	0.0105172
3549	0.0105073
3550	0.0104974
3551	0.0104875
3552	0.0104776
3553	0.0104677
3554	0.0104579
3555	0.010448
3556	0.0104382
3557	0.0104284
3558	0.0104186
3559	0.0104089
3560	0.0103991
3561	0.0104049
3562	0.0104108
3563	0.0104167
3564	0.0104226
3565	0.0104286
3566	0.010419
3567	0.0104095
3568	0.0104
3569	0.0103905
3570	0.0103811
3571	0.0103717
3572	0.0103623
3573	0.0103529
3574	0.0103436
3575	0.0103344
3576	0.0103251
3577	0.0103159
3578	0.0103068
3579	0.0102977
3580	0.0102887
3581	0.0102954
3582	0.0103022
3583	0.010309
3584	0.010316
3585	0.010323
3586	0.0103144
3587	0.0103058
3588	0.0102973
3589	0.0102889
3590	0.0102805
3591	0.0102723
3592	0.0102641
3593	0.0102561
3594	0.0102481
3595	0.0102403
3596	0.0102485
3597	0.0102568
3598	0.0102653
3599	0.0102741
3600	0.010283
3601	0.0102701
3602	0.0102572
3603	0.0102444
3604	0.0102315
3605	0.0102186
3606	0.0102058
3607	0.0101929
3608	0.01018
3609	0.0101671
3610	0.0101542
3611	0.0101573
3612	0.0101605
3613	0.0101636
3614	0.0101667
3615	0.0101698
3616	0.0101569
3617	0.0101441
3618	0.0101312
3619	0.0101183
3620	0.0101054
3621	0.0101085
3622	0.0101117
3623	0.0101148
3624	0.010118
3625	0.0101212
3626	0.0101083
3627	0.0100954
3628	0.0100825
3629	0.0100696
3630	0.0100567
3631	0.0100599
3632	0.0100631
3633	0.0100663
3634	0.0100695
3635	0.0100728
3636	0.0100599
3637	0.010047
3638	0.0100341
3639	0.0100212
3640	0.0100083
3641	0.0100115
3642	0.0100148
3643	0.010018
3644	0.0100213
3645	0.0100246
3646	0.0100117
3647	0.00999882
3648	0.00998593
3649	0.00997304
3650	0.00996015
3651	0.00994725
3652	0.00993436
3653	0.00992146
3654	0.00990856
3655	0.00989566
3656	0.00989898
3657	0.00990232
3658	0.00990566
3659	0.00990902
3660	0.00991238
3661	0.00991576
3662	0.00991914
3663	0.00992254
3664	0.00992594
3665	0.00992936
3666	0.00990022
3667	0.00987107
3668	0.00984191
3669	0.00981273
3670	0.0097917
3671	0.00978698
3672	0.00979041
3673	0.00979386
3674	0.00979733
3675	0.0098008
3676	0.00978795
3677	0.00977509
3678	0.00976224
3679	0.00974939
3680	0.00973654
3681	0.00972369
3682	0.00971085
3683	0.009698
3684	0.00968516
3685	0.00967232
3686	0.00967588
3687	0.00967945
3688	0.00968305
3689	0.00968665
3690	0.00969027
3691	0.00967748
3692	0.00966469
3693	0.0096519
3694	0.00963912
3695	0.00962634
3696	0.00961357
3697	0.0096008
3698	0.00958804
3699	0.00957528
3700	0.00956253
3701	0.00956625
3702	0.00956997
3703	0.00957371
3704	0.00957746
3705	0.00958122
3706	0.00956847
3707	0.00955571
3708	0.00954295
3709	0.00953019
3710	0.00951743
3711	0.00952122
3712	0.00952502
3713	0.00952884
3714	0.00953266
3715	0.0095365
3716	0.00952376
3717	0.00951101
3718	0.00949827
3719	0.00948552
3720	0.00947277
3721	0.00947664
3722	0.00948052
3723	0.00948442
3724	0.00948833
3725	0.00949224
3726	0.00947952
3727	0.00946679
3728	0.00945405
3729	0.00944132
3730	0.00942858
3731	0.00943254
3732	0.00943651
3733	0.00944049
3734	0.00944449
3735	0.00944849
3736	0.00941905
3737	0.0093896
3738	0.00936012
3739	0.00933064
3740	0.00930951
3741	0.00930514
3742	0.00930917
3743	0.00931321
3744	0.00931726
3745	0.00932132
3746	0.0093086
3747	0.00929587
3748	0.00928314
3749	0.00927041
3750	0.00925768
3751	0.00926179
3752	0.00926591
3753	0.00927005
3754	0.0092742
3755	0.00927837
3756	0.00926567
3757	0.00925297
3758	0.00924027
3759	0.00922757
3760	0.00921486
3761	0.00921908
3762	0.00922331
3763	0.00922755
3764	0.00923181
3765	0.00923608
3766	0.00924037
3767	0.00924467
3768	0.00924899
3769	0.00925333
3770	0.00925768
3771	0.00924505
3772	0.00923243
3773	0.0092198
3774	0.00920717
3775	0.00919455
3776	0.00918192
3777	0.0091693
3778	0.00915667
3779	0.00914405
3780	0.00913142
3781	0.00913588
3782	0.00914035
3783	0.00914484
3784	0.00914934
3785	0.00915387
3786	0.00914129
3787	0.00912871
3788	0.00911614
3789	0.00910357
3790	0.009091
3791	0.00909559
3792	0.0091002
3793	0.00910483
3794	0.00910948
3795	0.00911415
3796	0.00910163
3797	0.00908912
3798	0.00907661
3799	0.0090641
3800	0.0090516
3801	0.00902106
3802	0.00899654
3803	0.00897587
3804	0.0089579
3805	0.00894196
3806	0.00891061
3807	0.0088806
3808	0.0088517
3809	0.00882376
3810	0.00879665
3811	0.00878715
3812	0.00877826
3813	0.00876991
3814	0.00876205
3815	0.00875463
3816	0.0087308
3817	0.00870736
3818	0.0086843
3819	0.00866158
3820	0.00863919
3821	0.00863385
3822	0.00862879
3823	0.00862397
3824	0.00861938
3825	0.00861502
3826	0.00861088
3827	0.00860693
3828	0.00860319
3829	0.00859963
3830	0.00859625
3831	0.00857636
3832	0.00855665
3833	0.00853711
3834	0.00851774
3835	0.00849853
3836	0.00849613
3837	0.00849388
3838	0.00849177
3839	0.0084898
3840	0.00848796
3841	0.00846961
3842	0.0084514
3843	0.00843332
3844	0.00841537
3845	0.00839754
3846	0.00839647
3847	0.00839551
3848	0.00839467
3849	0.00839395
3850	0.00839334
3851	0.00837622
3852	0.00835922
3853	0.00834234
3854	0.00832556
3855	0.0083089
3856	0.00830066
3857	0.00829252
3858	0.00827619
3859	0.00826828
3860	0.00826047
3861	0.00825278
3862	0.00825351
3863	0.00824603
3864	0.00824698
3865	0.00823973
3866	0.00822428
3867	0.00821726
3868	0.00820203
3869	0.00819523
3870	0.00818023
3871	0.00818199
3872	0.00818387
3873	0.00818589
3874	0.00818803
3875	0.0081903
3876	0.00817603
3877	0.00817024
3878	0.00815623
3879	0.00815071
3880	0.00813698
3881	0.00813174
3882	0.00812666
3883	0.00812173
3884	0.00811696
3885	0.00811236
3886	0.00811631
3887	0.00812044
3888	0.00813315
3889	0.0081377
3890	0.00814247
3891	0.00813069
3892	0.00811914
3893	0.00811622
3894	0.00810516
3895	0.00809438
3896	0.00810072
3897	0.00809898
3898	0.00810602
3899	0.00810503
3900	0.00811291
3901	0.00811955
3902	0.00812621
3903	0.00812445
3904	0.00813118
3905	0.00813794
3906	0.00813625
3907	0.00812609
3908	0.00812443
3909	0.00811429
3910	0.00811268
3911	0.00811962
3912	0.00811806
3913	0.00812507
3914	0.00812357
3915	0.00813066
3916	0.00812065
3917	0.00811066
3918	0.00810926
3919	0.0080993
3920	0.00808935
3921	0.00809663
3922	0.00810395
3923	0.00810269
3924	0.0081101
3925	0.00811755
3926	0.00810777
3927	0.00810665
3928	0.00809691
3929	0.00809585
3930	0.00808616
3931	0.00809385
3932	0.00809291
3933	0.0081007
3934	0.00809984
3935	0.00810774
3936	0.00810697
3937	0.0080975
3938	0.00809681
3939	0.00808741
3940	0.0080868
3941	0.00808623
3942	0.00809449
3943	0.00809403
3944	0.00810242
3945	0.00810207
3946	0.00809296
3947	0.00808388
3948	0.00808368
3949	0.00807469
3950	0.00806574
3951	0.00806569
3952	0.00807459
3953	0.00807468
3954	0.00808373
3955	0.00808397
3956	0.00808428
3957	0.00808466
3958	0.00807619
3959	0.00807672
3960	0.00807733
3961	0.00808699
3962	0.00809675
3963	0.00809765
3964	0.00810763
3965	0.00811774
3966	0.00810992
3967	0.00811122
3968	0.00810359
3969	0.0081051
3970	0.00809767
3971	0.00810849
3972	0.00811037
3973	0.0081215
3974	0.00812367
3975	0.00813512
3976	0.00813761
3977	0.00813111
3978	0.00813392
3979	0.00812773
3980	0.00813089
3981	0.00813426
3982	0.00813785
3983	0.0081509
3984	0.00815496
3985	0.00815928
3986	0.00817316
3987	0.00817806
3988	0.0081926
3989	0.00819817
3990	0.00821347
3991	0.00821045
3992	0.00821721
3993	0.00821504
3994	0.00822278
3995	0.00822164
3996	0.00824003
3997	0.00824969
3998	0.00826966
3999	0.00828106
4000	0.00830307
