         1	   988.318	
      1.01	   986.354	
      1.02	   984.399	
      1.03	   982.454	
      1.04	   980.517	
      1.05	   978.591	
      1.06	   976.673	
      1.07	   974.764	
      1.08	   972.864	
      1.09	   970.973	
       1.1	   969.091	
      1.11	   967.218	
      1.12	   965.353	
      1.13	   963.496	
      1.14	   961.648	
      1.15	   959.808	
      1.16	   957.976	
      1.17	   956.152	
      1.18	   954.337	
      1.19	   952.529	
       1.2	   950.729	
      1.21	   948.937	
      1.22	   947.152	
      1.23	   945.375	
      1.24	   943.606	
      1.25	   941.844	
      1.26	    940.09	
      1.27	   938.343	
      1.28	   936.603	
      1.29	    934.87	
       1.3	   933.144	
      1.31	   931.426	
      1.32	   929.714	
      1.33	    928.01	
      1.34	   926.312	
      1.35	   924.621	
      1.36	   922.937	
      1.37	    921.26	
      1.38	   919.589	
      1.39	   917.924	
       1.4	   916.267	
      1.41	   914.615	
      1.42	   912.971	
      1.43	   911.332	
      1.44	     909.7	
      1.45	   908.074	
      1.46	   906.454	
      1.47	   904.841	
      1.48	   903.233	
      1.49	   901.632	
       1.5	   900.036	
      1.51	   898.447	
      1.52	   896.863	
      1.53	   895.285	
      1.54	   893.714	
      1.55	   892.147	
      1.56	   890.587	
      1.57	   889.032	
      1.58	   887.483	
      1.59	    885.94	
       1.6	   884.402	
      1.61	    882.87	
      1.62	   881.343	
      1.63	   879.821	
      1.64	   878.305	
      1.65	   876.795	
      1.66	   875.289	
      1.67	   873.789	
      1.68	   872.295	
      1.69	   870.805	
       1.7	   869.321	
      1.71	   867.841	
      1.72	   866.367	
      1.73	   864.898	
      1.74	   863.434	
      1.75	   861.975	
      1.76	   860.521	
      1.77	   859.072	
      1.78	   857.628	
      1.79	   856.189	
       1.8	   854.754	
      1.81	   853.324	
      1.82	   851.899	
      1.83	   850.479	
      1.84	   849.064	
      1.85	   847.653	
      1.86	   846.247	
      1.87	   844.846	
      1.88	   843.449	
      1.89	   842.056	
       1.9	   840.669	
      1.91	   839.285	
      1.92	   837.907	
      1.93	   836.532	
      1.94	   835.162	
      1.95	   833.797	
      1.96	   832.436	
      1.97	   831.079	
      1.98	   829.727	
      1.99	   828.378	
         2	   827.034	
      2.01	   825.695	
      2.02	   824.359	
      2.03	   823.028	
      2.04	   821.701	
      2.05	   820.378	
      2.06	    819.06	
      2.07	   817.745	
      2.08	   816.434	
      2.09	   815.128	
       2.1	   813.825	
      2.11	   812.527	
      2.12	   811.232	
      2.13	   809.942	
      2.14	   808.655	
      2.15	   807.372	
      2.16	   806.093	
      2.17	   804.818	
      2.18	   803.547	
      2.19	    802.28	
       2.2	   801.017	
      2.21	   799.757	
      2.22	   798.501	
      2.23	   797.249	
      2.24	   796.001	
      2.25	   794.756	
      2.26	   793.515	
      2.27	   792.277	
      2.28	   791.044	
      2.29	   789.814	
       2.3	   788.587	
      2.31	   787.364	
      2.32	   786.145	
      2.33	   784.929	
      2.34	   783.717	
      2.35	   782.508	
      2.36	   781.303	
      2.37	   780.101	
      2.38	   778.903	
      2.39	   777.708	
       2.4	   776.517	
      2.41	   775.329	
      2.42	   774.144	
      2.43	   772.963	
      2.44	   771.785	
      2.45	   770.611	
      2.46	    769.44	
      2.47	   768.272	
      2.48	   767.107	
      2.49	   765.946	
       2.5	   764.788	
      2.51	   763.633	
      2.52	   762.482	
      2.53	   761.333	
      2.54	   760.188	
      2.55	   759.046	
      2.56	   757.907	
      2.57	   756.772	
      2.58	   755.639	
      2.59	    754.51	
       2.6	   753.384	
      2.61	    752.26	
      2.62	    751.14	
      2.63	   750.023	
      2.64	   748.909	
      2.65	   747.798	
      2.66	    746.69	
      2.67	   745.585	
      2.68	   744.483	
      2.69	   743.384	
       2.7	   742.288	
      2.71	   741.195	
      2.72	   740.105	
      2.73	   739.018	
      2.74	   737.934	
      2.75	   736.852	
      2.76	   735.774	
      2.77	   734.698	
      2.78	   733.625	
      2.79	   732.555	
       2.8	   731.488	
      2.81	   730.424	
      2.82	   729.363	
      2.83	   728.304	
      2.84	   727.248	
      2.85	   726.195	
      2.86	   725.144	
      2.87	   724.097	
      2.88	   723.052	
      2.89	    722.01	
       2.9	    720.97	
      2.91	   719.934	
      2.92	   718.899	
      2.93	   717.868	
      2.94	   716.839	
      2.95	   715.813	
      2.96	    714.79	
      2.97	   713.769	
      2.98	   712.751	
      2.99	   711.735	
         3	   710.722	
      3.01	   709.712	
      3.02	   708.704	
      3.03	   707.698	
      3.04	   706.696	
      3.05	   705.695	
      3.06	   704.698	
      3.07	   703.703	
      3.08	    702.71	
      3.09	    701.72	
       3.1	   700.732	
      3.11	   699.747	
      3.12	   698.764	
      3.13	   697.784	
      3.14	   696.806	
      3.15	   695.831	
      3.16	   694.858	
      3.17	   693.887	
      3.18	   692.919	
      3.19	   691.953	
       3.2	    690.99	
      3.21	   690.029	
      3.22	    689.07	
      3.23	   688.114	
      3.24	    687.16	
      3.25	   686.209	
      3.26	    685.26	
      3.27	   684.313	
      3.28	   683.368	
      3.29	   682.426	
       3.3	   681.486	
      3.31	   680.548	
      3.32	   679.613	
      3.33	   678.679	
      3.34	   677.748	
      3.35	    676.82	
      3.36	   675.893	
      3.37	   674.969	
      3.38	   674.047	
      3.39	   673.127	
       3.4	    672.21	
      3.41	   671.294	
      3.42	   670.381	
      3.43	    669.47	
      3.44	   668.562	
      3.45	   667.655	
      3.46	    666.75	
      3.47	   665.848	
      3.48	   664.948	
      3.49	    664.05	
       3.5	   663.154	
      3.51	    662.26	
      3.52	   661.368	
      3.53	   660.478	
      3.54	   659.591	
      3.55	   658.705	
      3.56	   657.822	
      3.57	   656.941	
      3.58	   656.061	
      3.59	   655.184	
       3.6	   654.309	
      3.61	   653.436	
      3.62	   652.565	
      3.63	   651.696	
      3.64	   650.828	
      3.65	   649.963	
      3.66	     649.1	
      3.67	   648.239	
      3.68	    647.38	
      3.69	   646.523	
       3.7	   645.668	
      3.71	   644.815	
      3.72	   643.963	
      3.73	   643.114	
      3.74	   642.267	
      3.75	   641.421	
      3.76	   640.578	
      3.77	   639.736	
      3.78	   638.896	
      3.79	   638.059	
       3.8	   637.223	
      3.81	   636.389	
      3.82	   635.557	
      3.83	   634.727	
      3.84	   633.898	
      3.85	   633.072	
      3.86	   632.247	
      3.87	   631.424	
      3.88	   630.603	
      3.89	   629.784	
       3.9	   628.967	
      3.91	   628.152	
      3.92	   627.338	
      3.93	   626.526	
      3.94	   625.716	
      3.95	   624.908	
      3.96	   624.102	
      3.97	   623.297	
      3.98	   622.494	
      3.99	   621.693	
         4	   620.894	
      4.01	   620.097	
      4.02	   619.301	
      4.03	   618.507	
      4.04	   617.715	
      4.05	   616.924	
      4.06	   616.135	
      4.07	   615.348	
      4.08	   614.563	
      4.09	   613.779	
       4.1	   612.997	
      4.11	   612.217	
      4.12	   611.439	
      4.13	   610.662	
      4.14	   609.887	
      4.15	   609.113	
      4.16	   608.342	
      4.17	   607.571	
      4.18	   606.803	
      4.19	   606.036	
       4.2	   605.271	
      4.21	   604.508	
      4.22	   603.746	
      4.23	   602.986	
      4.24	   602.227	
      4.25	    601.47	
      4.26	   600.715	
      4.27	   599.961	
      4.28	   599.209	
      4.29	   598.459	
       4.3	    597.71	
      4.31	   596.962	
      4.32	   596.217	
      4.33	   595.473	
      4.34	    594.73	
      4.35	   593.989	
      4.36	    593.25	
      4.37	   592.512	
      4.38	   591.776	
      4.39	   591.041	
       4.4	   590.308	
      4.41	   589.576	
      4.42	   588.846	
      4.43	   588.117	
      4.44	    587.39	
      4.45	   586.665	
      4.46	   585.941	
      4.47	   585.218	
      4.48	   584.497	
      4.49	   583.778	
       4.5	    583.06	
      4.51	   582.343	
      4.52	   581.628	
      4.53	   580.915	
      4.54	   580.203	
      4.55	   579.492	
      4.56	   578.783	
      4.57	   578.076	
      4.58	   577.369	
      4.59	   576.665	
       4.6	   575.961	
      4.61	    575.26	
      4.62	   574.559	
      4.63	    573.86	
      4.64	   573.163	
      4.65	   572.467	
      4.66	   571.772	
      4.67	   571.079	
      4.68	   570.387	
      4.69	   569.697	
       4.7	   569.008	
      4.71	    568.32	
      4.72	   567.634	
      4.73	   566.949	
      4.74	   566.266	
      4.75	   565.584	
      4.76	   564.903	
      4.77	   564.224	
      4.78	   563.546	
      4.79	    562.87	
       4.8	   562.194	
      4.81	   561.521	
      4.82	   560.848	
      4.83	   560.177	
      4.84	   559.507	
      4.85	   558.839	
      4.86	   558.172	
      4.87	   557.506	
      4.88	   556.842	
      4.89	   556.179	
       4.9	   555.517	
      4.91	   554.857	
      4.92	   554.198	
      4.93	    553.54	
      4.94	   552.883	
      4.95	   552.228	
      4.96	   551.574	
      4.97	   550.922	
      4.98	    550.27	
      4.99	    549.62	
         5	   548.972	
      5.01	   548.324	
      5.02	   547.678	
      5.03	   547.033	
      5.04	    546.39	
      5.05	   545.747	
      5.06	   545.106	
      5.07	   544.466	
      5.08	   543.828	
      5.09	    543.19	
       5.1	   542.554	
      5.11	   541.919	
      5.12	   541.286	
      5.13	   540.653	
      5.14	   540.022	
      5.15	   539.392	
      5.16	   538.764	
      5.17	   538.136	
      5.18	    537.51	
      5.19	   536.885	
       5.2	   536.261	
      5.21	   535.639	
      5.22	   535.017	
      5.23	   534.397	
      5.24	   533.778	
      5.25	    533.16	
      5.26	   532.543	
      5.27	   531.928	
      5.28	   531.314	
      5.29	   530.701	
       5.3	   530.089	
      5.31	   529.478	
      5.32	   528.869	
      5.33	    528.26	
      5.34	   527.653	
      5.35	   527.047	
      5.36	   526.442	
      5.37	   525.838	
      5.38	   525.236	
      5.39	   524.634	
       5.4	   524.034	
      5.41	   523.435	
      5.42	   522.836	
      5.43	    522.24	
      5.44	   521.644	
      5.45	   521.049	
      5.46	   520.456	
      5.47	   519.863	
      5.48	   519.272	
      5.49	   518.682	
       5.5	   518.093	
      5.51	   517.505	
      5.52	   516.918	
      5.53	   516.332	
      5.54	   515.747	
      5.55	   515.164	
      5.56	   514.581	
      5.57	       514	
      5.58	    513.42	
      5.59	   512.841	
       5.6	   512.262	
      5.61	   511.685	
      5.62	   511.109	
      5.63	   510.534	
      5.64	   509.961	
      5.65	   509.388	
      5.66	   508.816	
      5.67	   508.246	
      5.68	   507.676	
      5.69	   507.107	
       5.7	    506.54	
      5.71	   505.973	
      5.72	   505.408	
      5.73	   504.844	
      5.74	    504.28	
      5.75	   503.718	
      5.76	   503.157	
      5.77	   502.597	
      5.78	   502.038	
      5.79	   501.479	
       5.8	   500.922	
      5.81	   500.366	
      5.82	   499.811	
      5.83	   499.257	
      5.84	   498.704	
      5.85	   498.152	
      5.86	   497.601	
      5.87	   497.051	
      5.88	   496.502	
      5.89	   495.954	
       5.9	   495.407	
      5.91	   494.861	
      5.92	   494.316	
      5.93	   493.771	
      5.94	   493.228	
      5.95	   492.686	
      5.96	   492.145	
      5.97	   491.605	
      5.98	   491.066	
      5.99	   490.528	
         6	    489.99	
      6.01	   489.454	
      6.02	   488.919	
      6.03	   488.384	
      6.04	   487.851	
      6.05	   487.319	
      6.06	   486.787	
      6.07	   486.257	
      6.08	   485.727	
      6.09	   485.198	
       6.1	   484.671	
      6.11	   484.144	
      6.12	   483.618	
      6.13	   483.093	
      6.14	   482.569	
      6.15	   482.046	
      6.16	   481.524	
      6.17	   481.003	
      6.18	   480.483	
      6.19	   479.964	
       6.2	   479.445	
      6.21	   478.928	
      6.22	   478.411	
      6.23	   477.896	
      6.24	   477.381	
      6.25	   476.867	
      6.26	   476.354	
      6.27	   475.842	
      6.28	   475.331	
      6.29	   474.821	
       6.3	   474.312	
      6.31	   473.803	
      6.32	   473.296	
      6.33	   472.789	
      6.34	   472.283	
      6.35	   471.778	
      6.36	   471.274	
      6.37	   470.771	
      6.38	   470.269	
      6.39	   469.768	
       6.4	   469.267	
      6.41	   468.768	
      6.42	   468.269	
      6.43	   467.771	
      6.44	   467.274	
      6.45	   466.778	
      6.46	   466.283	
      6.47	   465.788	
      6.48	   465.295	
      6.49	   464.802	
       6.5	    464.31	
      6.51	   463.819	
      6.52	   463.329	
      6.53	    462.84	
      6.54	   462.351	
      6.55	   461.864	
      6.56	   461.377	
      6.57	   460.891	
      6.58	   460.406	
      6.59	   459.921	
       6.6	   459.438	
      6.61	   458.955	
      6.62	   458.474	
      6.63	   457.993	
      6.64	   457.512	
      6.65	   457.033	
      6.66	   456.555	
      6.67	   456.077	
      6.68	     455.6	
      6.69	   455.124	
       6.7	   454.649	
      6.71	   454.174	
      6.72	   453.701	
      6.73	   453.228	
      6.74	   452.756	
      6.75	   452.284	
      6.76	   451.814	
      6.77	   451.344	
      6.78	   450.875	
      6.79	   450.407	
       6.8	    449.94	
      6.81	   449.474	
      6.82	   449.008	
      6.83	   448.543	
      6.84	   448.079	
      6.85	   447.616	
      6.86	   447.153	
      6.87	   446.691	
      6.88	    446.23	
      6.89	    445.77	
       6.9	    445.31	
      6.91	   444.852	
      6.92	   444.394	
      6.93	   443.937	
      6.94	    443.48	
      6.95	   443.025	
      6.96	    442.57	
      6.97	   442.116	
      6.98	   441.662	
      6.99	    441.21	
         7	   440.758	
      7.01	   440.307	
      7.02	   439.856	
      7.03	   439.407	
      7.04	   438.958	
      7.05	    438.51	
      7.06	   438.062	
      7.07	   437.616	
      7.08	    437.17	
      7.09	   436.724	
       7.1	    436.28	
      7.11	   435.836	
      7.12	   435.393	
      7.13	   434.951	
      7.14	    434.51	
      7.15	   434.069	
      7.16	   433.629	
      7.17	   433.189	
      7.18	   432.751	
      7.19	   432.313	
       7.2	   431.876	
      7.21	   431.439	
      7.22	   431.003	
      7.23	   430.568	
      7.24	   430.134	
      7.25	     429.7	
      7.26	   429.268	
      7.27	   428.835	
      7.28	   428.404	
      7.29	   427.973	
       7.3	   427.543	
      7.31	   427.113	
      7.32	   426.685	
      7.33	   426.257	
      7.34	   425.829	
      7.35	   425.403	
      7.36	   424.977	
      7.37	   424.552	
      7.38	   424.127	
      7.39	   423.703	
       7.4	    423.28	
      7.41	   422.858	
      7.42	   422.436	
      7.43	   422.015	
      7.44	   421.594	
      7.45	   421.174	
      7.46	   420.755	
      7.47	   420.337	
      7.48	   419.919	
      7.49	   419.502	
       7.5	   419.085	
      7.51	    418.67	
      7.52	   418.255	
      7.53	    417.84	
      7.54	   417.426	
      7.55	   417.013	
      7.56	   416.601	
      7.57	   416.189	
      7.58	   415.778	
      7.59	   415.367	
       7.6	   414.958	
      7.61	   414.549	
      7.62	    414.14	
      7.63	   413.732	
      7.64	   413.325	
      7.65	   412.918	
      7.66	   412.512	
      7.67	   412.107	
      7.68	   411.702	
      7.69	   411.298	
       7.7	   410.895	
      7.71	   410.492	
      7.72	    410.09	
      7.73	   409.689	
      7.74	   409.288	
      7.75	   408.888	
      7.76	   408.488	
      7.77	   408.089	
      7.78	   407.691	
      7.79	   407.293	
       7.8	   406.896	
      7.81	     406.5	
      7.82	   406.104	
      7.83	   405.709	
      7.84	   405.314	
      7.85	    404.92	
      7.86	   404.527	
      7.87	   404.134	
      7.88	   403.742	
      7.89	    403.35	
       7.9	    402.96	
      7.91	   402.569	
      7.92	    402.18	
      7.93	   401.791	
      7.94	   401.402	
      7.95	   401.014	
      7.96	   400.627	
      7.97	    400.24	
      7.98	   399.854	
      7.99	   399.469	
         8	   399.084	
      8.01	     398.7	
      8.02	   398.316	
      8.03	   397.933	
      8.04	    397.55	
      8.05	   397.169	
      8.06	   396.787	
      8.07	   396.406	
      8.08	   396.026	
      8.09	   395.647	
       8.1	   395.268	
      8.11	   394.889	
      8.12	   394.512	
      8.13	   394.134	
      8.14	   393.758	
      8.15	   393.382	
      8.16	   393.006	
      8.17	   392.631	
      8.18	   392.257	
      8.19	   391.883	
       8.2	    391.51	
      8.21	   391.137	
      8.22	   390.765	
      8.23	   390.394	
      8.24	   390.023	
      8.25	   389.653	
      8.26	   389.283	
      8.27	   388.914	
      8.28	   388.545	
      8.29	   388.177	
       8.3	   387.809	
      8.31	   387.442	
      8.32	   387.076	
      8.33	    386.71	
      8.34	   386.345	
      8.35	    385.98	
      8.36	   385.616	
      8.37	   385.252	
      8.38	   384.889	
      8.39	   384.526	
       8.4	   384.164	
      8.41	   383.803	
      8.42	   383.442	
      8.43	   383.081	
      8.44	   382.721	
      8.45	   382.362	
      8.46	   382.003	
      8.47	   381.645	
      8.48	   381.287	
      8.49	    380.93	
       8.5	   380.574	
      8.51	   380.217	
      8.52	   379.862	
      8.53	   379.507	
      8.54	   379.152	
      8.55	   378.798	
      8.56	   378.445	
      8.57	   378.092	
      8.58	    377.74	
      8.59	   377.388	
       8.6	   377.036	
      8.61	   376.686	
      8.62	   376.335	
      8.63	   375.986	
      8.64	   375.636	
      8.65	   375.288	
      8.66	   374.939	
      8.67	   374.592	
      8.68	   374.244	
      8.69	   373.898	
       8.7	   373.552	
      8.71	   373.206	
      8.72	   372.861	
      8.73	   372.516	
      8.74	   372.172	
      8.75	   371.828	
      8.76	   371.485	
      8.77	   371.143	
      8.78	   370.801	
      8.79	   370.459	
       8.8	   370.118	
      8.81	   369.777	
      8.82	   369.437	
      8.83	   369.098	
      8.84	   368.759	
      8.85	    368.42	
      8.86	   368.082	
      8.87	   367.744	
      8.88	   367.407	
      8.89	   367.071	
       8.9	   366.734	
      8.91	   366.399	
      8.92	   366.064	
      8.93	   365.729	
      8.94	   365.395	
      8.95	   365.061	
      8.96	   364.728	
      8.97	   364.395	
      8.98	   364.063	
      8.99	   363.731	
         9	     363.4	
      9.01	   363.069	
      9.02	   362.739	
      9.03	   362.409	
      9.04	    362.08	
      9.05	   361.751	
      9.06	   361.422	
      9.07	   361.094	
      9.08	   360.767	
      9.09	    360.44	
       9.1	   360.114	
      9.11	   359.787	
      9.12	   359.462	
      9.13	   359.137	
      9.14	   358.812	
      9.15	   358.488	
      9.16	   358.164	
      9.17	   357.841	
      9.18	   357.518	
      9.19	   357.196	
       9.2	   356.874	
      9.21	   356.553	
      9.22	   356.232	
      9.23	   355.911	
      9.24	   355.591	
      9.25	   355.272	
      9.26	   354.953	
      9.27	   354.634	
      9.28	   354.316	
      9.29	   353.998	
       9.3	   353.681	
      9.31	   353.364	
      9.32	   353.048	
      9.33	   352.732	
      9.34	   352.416	
      9.35	   352.101	
      9.36	   351.787	
      9.37	   351.473	
      9.38	   351.159	
      9.39	   350.846	
       9.4	   350.533	
      9.41	    350.22	
      9.42	   349.909	
      9.43	   349.597	
      9.44	   349.286	
      9.45	   348.975	
      9.46	   348.665	
      9.47	   348.356	
      9.48	   348.046	
      9.49	   347.737	
       9.5	   347.429	
      9.51	   347.121	
      9.52	   346.814	
      9.53	   346.506	
      9.54	     346.2	
      9.55	   345.893	
      9.56	   345.588	
      9.57	   345.282	
      9.58	   344.977	
      9.59	   344.673	
       9.6	   344.369	
      9.61	   344.065	
      9.62	   343.762	
      9.63	   343.459	
      9.64	   343.156	
      9.65	   342.854	
      9.66	   342.553	
      9.67	   342.252	
      9.68	   341.951	
      9.69	   341.651	
       9.7	   341.351	
      9.71	   341.051	
      9.72	   340.752	
      9.73	   340.454	
      9.74	   340.155	
      9.75	   339.858	
      9.76	    339.56	
      9.77	   339.263	
      9.78	   338.967	
      9.79	    338.67	
       9.8	   338.375	
      9.81	   338.079	
      9.82	   337.784	
      9.83	    337.49	
      9.84	   337.196	
      9.85	   336.902	
      9.86	   336.609	
      9.87	   336.316	
      9.88	   336.023	
      9.89	   335.731	
       9.9	   335.439	
      9.91	   335.148	
      9.92	   334.857	
      9.93	   334.567	
      9.94	   334.277	
      9.95	   333.987	
      9.96	   333.698	
      9.97	   333.409	
      9.98	    333.12	
      9.99	   332.832	
        10	   332.544	
