       280	3.12762e-14	
       281	6.70751e-14	
       282	1.32221e-13	
       283	1.84175e-13	
       284	1.93052e-13	
       285	1.42185e-13	
       286	2.07491e-13	
       287	3.37868e-13	
       288	3.52057e-13	
       289	4.90609e-13	
       290	7.69154e-13	
       291	9.53681e-13	
       292	9.9077e-13	
       293	1.05601e-12	
       294	1.16864e-12	
       295	1.30097e-12	
       296	1.5099e-12	
       297	1.51032e-12	
       298	1.7125e-12	
       299	1.76468e-12	
       300	1.88389e-12	
       301	1.45215e-11	
       302	1.15414e-10	
       303	1.12704e-09	
       304	9.20298e-09	
       305	7.11669e-08	
       306	1.57202e-07	
       307	3.93701e-07	
       308	1.0008e-06	
       309	2.1515e-06	
       310	4.95702e-06	
       311	1.17538e-05	
       312	2.05034e-05	
       313	3.62558e-05	
       314	6.61092e-05	
       315	0.000111915	
       316	0.000135942	
       317	0.000214639	
       318	0.000283801	
       319	0.000361248	
       320	0.000524253	
       321	0.000650436	
       322	0.000768882	
       323	0.000892691	
       324	0.00122395	
       325	0.00174054	
       326	0.00235628	
       327	0.00277782	
       328	0.00307092	
       329	0.00372764	
       330	0.00464477	
       331	0.00468417	
       332	0.00505238	
       333	0.00536128	
       334	0.00584337	
       335	0.00661742	
       336	0.00636834	
       337	0.00634733	
       338	0.00747469	
       339	0.00840948	
       340	0.00955331	
       341	0.00966557	
       342	 0.0103144	
       343	 0.0112229	
       344	 0.0101606	
       345	 0.0110775	
       346	 0.0122941	
       347	 0.0129878	
       348	 0.0132619	
       349	 0.0136859	
       350	 0.0157999	
       351	 0.0172193	
       352	 0.0167654	
       353	 0.0177865	
       354	 0.0209693	
       355	 0.0220676	
       356	 0.0209635	
       357	 0.0185214	
       358	 0.0174416	
       359	 0.0199783	
       360	 0.0253397	
       361	 0.0237759	
       362	 0.0250058	
       363	 0.0282439	
       364	 0.0293463	
       365	 0.0319822	
       366	 0.0375748	
       367	 0.0386613	
       368	 0.0373734	
       369	 0.0395516	
       370	 0.0427506	
       371	 0.0417087	
       372	  0.041621	
       373	 0.0384604	
       374	 0.0360422	
       375	 0.0396923	
       376	 0.0454894	
       377	 0.0504751	
       378	 0.0600604	
       379	 0.0554461	
       380	 0.0534889	
       381	 0.0576499	
       382	 0.0470805	
       383	 0.0377839	
       384	 0.0431348	
       385	 0.0554256	
       386	 0.0550975	
       387	 0.0577992	
       388	 0.0579855	
       389	 0.0642084	
       390	 0.0749698	
       391	 0.0816724	
       392	  0.077201	
       393	 0.0506375	
       394	 0.0531048	
       395	 0.0833229	
       396	 0.0783616	
       397	 0.0556005	
       398	 0.0931831	
       399	  0.120568	
       400	  0.129607	
       401	  0.136996	
       402	  0.143511	
       403	  0.143155	
       404	  0.146332	
       405	  0.146556	
       406	   0.14549	
       407	  0.146055	
       408	  0.154592	
       409	  0.163029	
       410	  0.150594	
       411	  0.164502	
       412	  0.176284	
       413	  0.174549	
       414	  0.175317	
       415	  0.183534	
       416	  0.191032	
       417	  0.190091	
       418	  0.187094	
       419	  0.192253	
       420	  0.186712	
       421	  0.205564	
       422	  0.208672	
       423	  0.206258	
       424	  0.208673	
       425	  0.215702	
       426	  0.213448	
       427	  0.210384	
       428	  0.211664	
       429	  0.197249	
       430	  0.165232	
       431	  0.163556	
       432	   0.23643	
       433	  0.236697	
       434	  0.226749	
       435	   0.24689	
       436	  0.271379	
       437	  0.277178	
       438	  0.253477	
       439	  0.250011	
       440	  0.278508	
       441	  0.285555	
       442	  0.303632	
       443	  0.312419	
       444	  0.311339	
       445	  0.319639	
       446	  0.303784	
       447	  0.332768	
       448	  0.344149	
       449	  0.348984	
       450	   0.36372	
       451	  0.376932	
       452	  0.367195	
       453	  0.350534	
       454	  0.368366	
       455	   0.37418	
       456	  0.386855	
       457	  0.394246	
       458	  0.391361	
       459	  0.391237	
       460	   0.39495	
       461	  0.408261	
       462	  0.416991	
       463	  0.420234	
       464	  0.414235	
       465	  0.411647	
       466	  0.418582	
       467	  0.411594	
       468	  0.426217	
       469	  0.431899	
       470	  0.424041	
       471	  0.433478	
       472	  0.452682	
       473	  0.446779	
       474	  0.453912	
       475	  0.468475	
       476	  0.463165	
       477	  0.470394	
       478	  0.484082	
       479	  0.482052	
       480	  0.489691	
       481	  0.492618	
       482	  0.495216	
       483	   0.49232	
       484	  0.487476	
       485	   0.47633	
       486	  0.414704	
       487	  0.446157	
       488	  0.479894	
       489	  0.471902	
       490	  0.509054	
       491	  0.500838	
       492	  0.487927	
       493	  0.509935	
       494	  0.511206	
       495	  0.533194	
       496	  0.521576	
       497	  0.525434	
       498	  0.517535	
       499	    0.5186	
       500	  0.519622	
       501	  0.510258	
       502	  0.514131	
       503	  0.531463	
       504	  0.516643	
       505	  0.543151	
       506	  0.563925	
       507	  0.548533	
       508	  0.538602	
       509	  0.556318	
       510	  0.550524	
       511	  0.559593	
       512	  0.570155	
       513	  0.546936	
       514	  0.536594	
       515	  0.551099	
       516	  0.545383	
       517	  0.478662	
       518	  0.514981	
       519	  0.518241	
       520	  0.555026	
       521	  0.567145	
       522	  0.576273	
       523	  0.558018	
       524	  0.586961	
       525	  0.589619	
       526	  0.568428	
       527	  0.523936	
       528	  0.575815	
       529	  0.604703	
       530	  0.595602	
       531	  0.618755	
       532	  0.607558	
       533	  0.563232	
       534	  0.586404	
       535	  0.602969	
       536	  0.616828	
       537	  0.589329	
       538	  0.604763	
       539	  0.595817	
       540	  0.578344	
       541	  0.567397	
       542	  0.603684	
       543	  0.605267	
       544	  0.620676	
       545	  0.612862	
       546	  0.611114	
       547	   0.61549	
       548	  0.607902	
       549	  0.619266	
       550	   0.61822	
       551	  0.620009	
       552	  0.628437	
       553	  0.617691	
       554	  0.626506	
       555	  0.630304	
       556	  0.621951	
       557	  0.610616	
       558	  0.615594	
       559	  0.596613	
       560	  0.605325	
       561	  0.628776	
       562	  0.613889	
       563	  0.627227	
       564	  0.623669	
       565	   0.62135	
       566	  0.602069	
       567	    0.6285	
       568	  0.630355	
       569	  0.622852	
       570	  0.619139	
       571	  0.605477	
       572	  0.631195	
       573	  0.638633	
       574	  0.635687	
       575	  0.625643	
       576	  0.624222	
       577	  0.632724	
       578	  0.621162	
       579	  0.625503	
       580	  0.630332	
       581	  0.633051	
       582	  0.640132	
       583	  0.644661	
       584	  0.643571	
       585	  0.639869	
       586	   0.63004	
       587	  0.641627	
       588	  0.631321	
       589	  0.583558	
       590	  0.606588	
       591	  0.635476	
       592	  0.635686	
       593	  0.636337	
       594	  0.639004	
       595	  0.640349	
       596	  0.648923	
       597	  0.653961	
       598	  0.646305	
       599	  0.645453	
       600	  0.649672	
       601	  0.644251	
       602	  0.642065	
       603	  0.654396	
       604	    0.6674	
       605	  0.669303	
       606	  0.669937	
       607	  0.673169	
       608	  0.673863	
       609	  0.672196	
       610	  0.674129	
       611	  0.676119	
       612	  0.687018	
       613	  0.681054	
       614	   0.67097	
       615	  0.684943	
       616	  0.675198	
       617	  0.673467	
       618	  0.695284	
       619	  0.705444	
       620	  0.710494	
       621	  0.715564	
       622	  0.707532	
       623	  0.708874	
       624	  0.708072	
       625	  0.701887	
       626	  0.706869	
       627	  0.726982	
       628	  0.733716	
       629	  0.736669	
       630	  0.733583	
       631	  0.728587	
       632	  0.712448	
       633	  0.736727	
       634	  0.734946	
       635	  0.737609	
       636	  0.730692	
       637	  0.749149	
       638	  0.757511	
       639	  0.752221	
       640	  0.740553	
       641	  0.741423	
       642	  0.745743	
       643	  0.754719	
       644	  0.753251	
       645	  0.759941	
       646	  0.751376	
       647	  0.758654	
       648	  0.756482	
       649	  0.739979	
       650	  0.737662	
       651	  0.767115	
       652	  0.768459	
       653	  0.772815	
       654	  0.765637	
       655	  0.733361	
       656	   0.66282	
       657	  0.685492	
       658	  0.751611	
       659	  0.766144	
       660	  0.777664	
       661	  0.786128	
       662	  0.789607	
       663	  0.788667	
       664	  0.788962	
       665	  0.798796	
       666	  0.798445	
       667	  0.792921	
       668	  0.782301	
       669	  0.780202	
       670	  0.764199	
       671	  0.756234	
       672	  0.745597	
       673	  0.744269	
       674	  0.737914	
       675	  0.732568	
       676	  0.736041	
       677	   0.72883	
       678	  0.728502	
       679	  0.720502	
       680	  0.718102	
       681	  0.717043	
       682	  0.715503	
       683	   0.71047	
       684	  0.705541	
       685	  0.701903	
       686	  0.689371	
       687	  0.701445	
       688	  0.706993	
       689	  0.707219	
       690	  0.706306	
       691	  0.706432	
       692	  0.704167	
       693	   0.71166	
       694	   0.71623	
       695	  0.714107	
       696	   0.71824	
       697	  0.722501	
       698	  0.721205	
       699	  0.728913	
       700	  0.731063	
       701	  0.732081	
       702	  0.734585	
       703	  0.745259	
       704	  0.757722	
       705	  0.768746	
       706	   0.76889	
       707	  0.772471	
       708	   0.78143	
       709	  0.790745	
       710	  0.817433	
       711	  0.762575	
       712	  0.726996	
       713	  0.702372	
       714	   0.68708	
       715	  0.663593	
       716	   0.65647	
       717	  0.645658	
       718	  0.628257	
       719	  0.605869	
       720	  0.615948	
       721	  0.615753	
       722	  0.615084	
       723	  0.609436	
       724	  0.608407	
       725	  0.608373	
       726	  0.612287	
       727	  0.619883	
       728	  0.624886	
       729	  0.615917	
       730	  0.641252	
       731	  0.644916	
       732	  0.659547	
       733	  0.666148	
       734	  0.687581	
       735	  0.697271	
       736	  0.702787	
       737	  0.716525	
       738	  0.727812	
       739	  0.733637	
       740	  0.771702	
       741	  0.770622	
       742	   0.77034	
       743	  0.786916	
       744	  0.796012	
       745	  0.795248	
       746	  0.797668	
       747	  0.800231	
       748	  0.799079	
       749	  0.801268	
       750	  0.800644	
       751	  0.804467	
       752	  0.810049	
       753	   0.81511	
       754	  0.821448	
       755	  0.822172	
       756	  0.814029	
       757	  0.814734	
       758	   0.81939	
       759	  0.812621	
       760	  0.816372	
       761	  0.813625	
       762	  0.814119	
       763	  0.765006	
       764	  0.728593	
       765	  0.694575	
       766	  0.653031	
       767	   0.63756	
       768	   0.64073	
       769	  0.642201	
       770	  0.649259	
       771	  0.658088	
       772	  0.667437	
       773	  0.677402	
       774	  0.688113	
       775	  0.699756	
       776	   0.71188	
       777	  0.721908	
       778	  0.738937	
       779	   0.76403	
       780	  0.801075	
       781	  0.798917	
       782	   0.80212	
       783	  0.796338	
       784	  0.790726	
       785	  0.794431	
       786	  0.794887	
       787	  0.793749	
       788	  0.788503	
       789	  0.786648	
       790	  0.780668	
       791	  0.773893	
       792	  0.767152	
       793	   0.76044	
       794	  0.754587	
       795	  0.754592	
       796	  0.761287	
       797	  0.771335	
       798	  0.767224	
       799	   0.75979	
       800	  0.750699	
       801	  0.734928	
       802	  0.719303	
       803	  0.698357	
       804	  0.688707	
       805	  0.668948	
       806	  0.671238	
       807	  0.661449	
       808	  0.652273	
       809	  0.637828	
       810	   0.63466	
       811	  0.630355	
       812	  0.629129	
       813	  0.624606	
       814	   0.61892	
       815	  0.610021	
       816	  0.604777	
       817	   0.59809	
       818	  0.583616	
       819	  0.569496	
       820	  0.564263	
       821	  0.562468	
       822	  0.552353	
       823	  0.554045	
       824	  0.551764	
       825	  0.562566	
       826	  0.578181	
       827	  0.590818	
       828	  0.599738	
       829	  0.609931	
       830	   0.62631	
       831	  0.646356	
       832	  0.657915	
       833	  0.649932	
       834	  0.661713	
       835	  0.669056	
       836	  0.678311	
       837	  0.679874	
       838	  0.684213	
       839	  0.686553	
       840	  0.697789	
       841	  0.698868	
       842	  0.690779	
       843	  0.689382	
       844	  0.683802	
       845	  0.699313	
       846	  0.701417	
       847	    0.6883	
       848	  0.687922	
       849	  0.681617	
       850	  0.640025	
       851	  0.678371	
       852	  0.683505	
       853	   0.67102	
       854	  0.619509	
       855	  0.648273	
       856	  0.691283	
       857	  0.710949	
       858	  0.716888	
       859	  0.721171	
       860	  0.723461	
       861	  0.723371	
       862	  0.729617	
       863	  0.729168	
       864	  0.717227	
       865	  0.696581	
       866	  0.638497	
       867	  0.668735	
       868	  0.698185	
       869	   0.69872	
       870	    0.7067	
       871	  0.702248	
       872	  0.707511	
       873	   0.70205	
       874	   0.69103	
       875	  0.685102	
       876	  0.698743	
       877	  0.702827	
       878	  0.700359	
       879	  0.691955	
       880	  0.689835	
       881	  0.618635	
       882	  0.601187	
       883	  0.581022	
       884	  0.567095	
       885	  0.555705	
       886	  0.530926	
       887	  0.517468	
       888	  0.514427	
       889	  0.506919	
       890	   0.49696	
       891	  0.486694	
       892	  0.475194	
       893	  0.461979	
       894	  0.456296	
       895	  0.451092	
       896	  0.447169	
       897	  0.438716	
       898	  0.430698	
       899	  0.421351	
       900	  0.414414	
       901	  0.402607	
       902	  0.392247	
       903	   0.40106	
       904	  0.398241	
       905	  0.392053	
       906	  0.392735	
       907	  0.397471	
       908	  0.396261	
       909	  0.394871	
       910	  0.401098	
       911	  0.405934	
       912	   0.40837	
       913	  0.415556	
       914	  0.419237	
       915	  0.420486	
       916	  0.422268	
       917	  0.420741	
       918	  0.420513	
       919	  0.421703	
       920	  0.418806	
       921	  0.412884	
       922	  0.407964	
       923	  0.399299	
       924	  0.411278	
       925	  0.414062	
       926	  0.335048	
       927	   0.29401	
       928	  0.257209	
       929	  0.228053	
       930	  0.204508	
       931	  0.186739	
       932	   0.17057	
       933	  0.157612	
       934	  0.145239	
       935	  0.133318	
       936	  0.123431	
       937	  0.115342	
       938	  0.117751	
       939	  0.119281	
       940	  0.119283	
       941	  0.119645	
       942	  0.119251	
       943	  0.124025	
       944	  0.124696	
       945	  0.127205	
       946	  0.130291	
       947	  0.132427	
       948	  0.135127	
       949	  0.141815	
       950	  0.148073	
       951	  0.154263	
       952	  0.162559	
       953	  0.170656	
       954	  0.177353	
       955	  0.180735	
       956	  0.196409	
       957	   0.21067	
       958	  0.225759	
       959	  0.242064	
       960	  0.257555	
       961	  0.275929	
       962	  0.299562	
       963	  0.326202	
       964	  0.358113	
       965	  0.406187	
       966	    0.4075	
       967	  0.413897	
       968	   0.41506	
       969	  0.420221	
       970	  0.425614	
       971	  0.427301	
       972	  0.433566	
       973	  0.435307	
       974	  0.435262	
       975	  0.442096	
       976	  0.450877	
       977	  0.453924	
       978	   0.46136	
       979	  0.464053	
       980	  0.473684	
       981	  0.478406	
       982	  0.485509	
       983	  0.488621	
       984	  0.490822	
       985	  0.496381	
       986	  0.499898	
       987	  0.505466	
       988	  0.510309	
       989	  0.512862	
       990	  0.521322	
       991	  0.532416	
       992	  0.540271	
       993	  0.552019	
       994	  0.561294	
       995	  0.559311	
       996	  0.557979	
       997	  0.552925	
       998	  0.552517	
       999	  0.552663	
      1000	  0.554123	
      1001	  0.557075	
      1002	  0.557242	
      1003	  0.552171	
      1004	  0.543631	
      1005	  0.520367	
      1006	  0.536922	
      1007	  0.548259	
      1008	  0.550878	
      1009	  0.549652	
      1010	  0.550599	
      1011	  0.548527	
      1012	  0.547687	
      1013	  0.545716	
      1014	  0.546497	
      1015	  0.540929	
      1016	  0.541523	
      1017	  0.539372	
      1018	  0.542655	
      1019	  0.533272	
      1020	  0.535139	
      1021	  0.536539	
      1022	  0.532311	
      1023	  0.535752	
      1024	  0.538066	
      1025	  0.537901	
      1026	  0.538239	
      1027	  0.537431	
      1028	  0.537902	
      1029	  0.535015	
      1030	  0.536209	
      1031	   0.53618	
      1032	  0.535799	
      1033	  0.530197	
      1034	  0.532632	
      1035	  0.535338	
      1036	  0.536081	
      1037	  0.532993	
      1038	  0.532504	
      1039	  0.536381	
      1040	  0.536068	
      1041	  0.536337	
      1042	  0.536002	
      1043	  0.532891	
      1044	  0.533851	
      1045	  0.530235	
      1046	  0.520941	
      1047	  0.526577	
      1048	  0.531118	
      1049	  0.529685	
      1050	  0.527255	
      1051	  0.527214	
      1052	   0.52498	
      1053	  0.523941	
      1054	    0.5231	
      1055	  0.524652	
      1056	   0.52381	
      1057	  0.522567	
      1058	  0.517129	
      1059	  0.507093	
      1060	  0.514731	
      1061	  0.509588	
      1062	  0.515135	
      1063	  0.511485	
      1064	   0.51593	
      1065	  0.514982	
      1066	  0.507019	
      1067	   0.50827	
      1068	  0.505907	
      1069	   0.48722	
      1070	  0.497081	
      1071	  0.477407	
      1072	  0.466279	
      1073	  0.451347	
      1074	  0.448291	
      1075	  0.436386	
      1076	  0.432775	
      1077	  0.427403	
      1078	  0.421602	
      1079	  0.411314	
      1080	  0.409957	
      1081	  0.398384	
      1082	    0.3913	
      1083	  0.390968	
      1084	  0.390185	
      1085	  0.386498	
      1086	  0.382956	
      1087	  0.369692	
      1088	  0.372309	
      1089	  0.371129	
      1090	  0.366455	
      1091	    0.3643	
      1092	  0.356621	
      1093	  0.348721	
      1094	  0.333839	
      1095	  0.339121	
      1096	  0.340077	
      1097	  0.339899	
      1098	  0.335952	
      1099	  0.332647	
      1100	  0.337741	
      1101	  0.257992	
      1102	  0.208176	
      1103	  0.179069	
      1104	    0.1551	
      1105	   0.13578	
      1106	  0.120156	
      1107	  0.106907	
      1108	 0.0962467	
      1109	 0.0870279	
      1110	 0.0791405	
      1111	 0.0718847	
      1112	 0.0657197	
      1113	 0.0600748	
      1114	 0.0556982	
      1115	 0.0513053	
      1116	 0.0471306	
      1117	 0.0440082	
      1118	 0.0403943	
      1119	 0.0374972	
      1120	 0.0348564	
      1121	 0.0370295	
      1122	 0.0393955	
      1123	 0.0417401	
      1124	 0.0442184	
      1125	 0.0466357	
      1126	 0.0485932	
      1127	  0.052301	
      1128	 0.0563985	
      1129	  0.060343	
      1130	 0.0643692	
      1131	 0.0643679	
      1132	 0.0641682	
      1133	 0.0632264	
      1134	 0.0628928	
      1135	 0.0626305	
      1136	 0.0623156	
      1137	 0.0608599	
      1138	 0.0598556	
      1139	 0.0602367	
      1140	  0.060139	
      1141	 0.0590021	
      1142	 0.0594472	
      1143	 0.0588568	
      1144	 0.0581785	
      1145	 0.0582882	
      1146	 0.0624269	
      1147	 0.0665294	
      1148	 0.0706091	
      1149	 0.0752181	
      1150	 0.0803526	
      1151	 0.0861163	
      1152	 0.0923881	
      1153	 0.0999862	
      1154	  0.109024	
      1155	  0.118585	
      1156	  0.128544	
      1157	  0.141866	
      1158	  0.156707	
      1159	  0.172809	
      1160	   0.19285	
      1161	  0.219038	
      1162	  0.227907	
      1163	   0.23445	
      1164	  0.237063	
      1165	  0.244021	
      1166	  0.246255	
      1167	  0.254732	
      1168	  0.262185	
      1169	  0.263489	
      1170	  0.274959	
      1171	   0.27807	
      1172	  0.279444	
      1173	  0.279452	
      1174	  0.280524	
      1175	  0.277935	
      1176	  0.276131	
      1177	  0.281966	
      1178	  0.281877	
      1179	  0.282758	
      1180	  0.286892	
      1181	  0.287341	
      1182	  0.286338	
      1183	   0.27741	
      1184	   0.28715	
      1185	  0.292619	
      1186	  0.294385	
      1187	  0.295822	
      1188	  0.293673	
      1189	  0.285462	
      1190	  0.295705	
      1191	  0.302706	
      1192	  0.304399	
      1193	  0.305905	
      1194	  0.307602	
      1195	  0.307523	
      1196	  0.309148	
      1197	  0.309201	
      1198	  0.304788	
      1199	  0.299861	
      1200	  0.313562	
      1201	  0.317488	
      1202	  0.316627	
      1203	  0.307709	
      1204	  0.307145	
      1205	  0.314261	
      1206	  0.314655	
      1207	  0.315053	
      1208	  0.308728	
      1209	  0.299188	
      1210	  0.309349	
      1211	  0.306953	
      1212	   0.31257	
      1213	  0.314658	
      1214	  0.314317	
      1215	  0.315464	
      1216	  0.316014	
      1217	  0.316369	
      1218	   0.31611	
      1219	  0.315322	
      1220	  0.317115	
      1221	  0.317894	
      1222	  0.317733	
      1223	  0.316954	
      1224	  0.320722	
      1225	  0.321309	
      1226	  0.322135	
      1227	  0.318289	
      1228	  0.322305	
      1229	  0.326011	
      1230	  0.327096	
      1231	  0.328032	
      1232	  0.327709	
      1233	    0.3305	
      1234	  0.331917	
      1235	  0.333207	
      1236	  0.337599	
      1237	  0.340842	
      1238	  0.344056	
      1239	  0.346628	
      1240	  0.356408	
      1241	  0.355852	
      1242	  0.352305	
      1243	  0.346924	
      1244	    0.3434	
      1245	  0.342149	
      1246	  0.342011	
      1247	  0.340265	
      1248	  0.340066	
      1249	   0.33808	
      1250	  0.335606	
      1251	  0.332013	
      1252	  0.328297	
      1253	  0.327626	
      1254	  0.326364	
      1255	  0.324414	
      1256	   0.32224	
      1257	  0.319488	
      1258	  0.318808	
      1259	  0.316389	
      1260	  0.315938	
      1261	  0.313932	
      1262	  0.310037	
      1263	  0.310529	
      1264	  0.306874	
      1265	  0.306102	
      1266	  0.306125	
      1267	  0.301528	
      1268	   0.29877	
      1269	  0.299783	
      1270	  0.300296	
      1271	  0.300772	
      1272	  0.300274	
      1273	  0.300559	
      1274	  0.300166	
      1275	  0.302579	
      1276	  0.304531	
      1277	  0.305828	
      1278	  0.306457	
      1279	  0.306062	
      1280	  0.304805	
      1281	  0.295779	
      1282	  0.274674	
      1283	   0.29295	
      1284	  0.306573	
      1285	  0.311398	
      1286	  0.314321	
      1287	  0.317557	
      1288	  0.319452	
      1289	  0.322874	
      1290	  0.323104	
      1291	  0.314316	
      1292	  0.308054	
      1293	  0.301704	
      1294	  0.293273	
      1295	  0.289927	
      1296	  0.286462	
      1297	  0.281046	
      1298	  0.275774	
      1299	  0.274153	
      1300	  0.270498	
      1301	  0.266784	
      1302	  0.262038	
      1303	   0.25818	
      1304	  0.255094	
      1305	  0.254616	
      1306	  0.252823	
      1307	  0.250738	
      1308	  0.248359	
      1309	  0.246291	
      1310	  0.243563	
      1311	  0.241066	
      1312	  0.237184	
      1313	  0.231052	
      1314	  0.233215	
      1315	  0.228091	
      1316	  0.227411	
      1317	  0.228963	
      1318	  0.226242	
      1319	  0.227299	
      1320	   0.22586	
      1321	   0.16811	
      1322	   0.13592	
      1323	   0.11389	
      1324	 0.0974319	
      1325	 0.0843925	
      1326	 0.0737151	
      1327	 0.0649026	
      1328	 0.0578409	
      1329	 0.0509004	
      1330	 0.0462168	
      1331	 0.0420349	
      1332	 0.0376721	
      1333	 0.0347921	
      1334	 0.0318949	
      1335	 0.0291573	
      1336	 0.0265985	
      1337	 0.0245097	
      1338	 0.0225133	
      1339	 0.0205954	
      1340	 0.0190301	
      1341	 0.0179247	
      1342	 0.0166434	
      1343	  0.015486	
      1344	 0.0144382	
      1345	 0.0134606	
      1346	 0.0124897	
      1347	  0.011714	
      1348	 0.0109544	
      1349	 0.0102308	
      1350	0.00950659	
      1351	0.00804554	
      1352	0.00688273	
      1353	0.00587658	
      1354	0.00502857	
      1355	0.00429571	
      1356	0.00371692	
      1357	0.00320722	
      1358	 0.0028274	
      1359	0.00247168	
      1360	0.00215527	
      1361	0.00191355	
      1362	0.00168432	
      1363	0.00147092	
      1364	0.00131416	
      1365	0.00116738	
      1366	0.00103763	
      1367	0.00091933	
      1368	0.000825297	
      1369	0.000729213	
      1370	0.000652291	
      1371	0.000586643	
      1372	0.000532057	
      1373	0.000479902	
      1374	0.00043196	
      1375	0.000384879	
      1376	0.000345605	
      1377	0.000315108	
      1378	0.000285721	
      1379	0.000260547	
      1380	0.000235537	
      1381	0.000214043	
      1382	0.000192934	
      1383	0.000175988	
      1384	0.000161017	
      1385	0.000146008	
      1386	0.000133878	
      1387	0.000121605	
      1388	0.000111654	
      1389	0.000102306	
      1390	9.25872e-05	
      1391	8.56401e-05	
      1392	7.8706e-05	
      1393	7.19496e-05	
      1394	6.58176e-05	
      1395	6.05314e-05	
      1396	6.53466e-05	
      1397	7.06159e-05	
      1398	7.65067e-05	
      1399	8.23973e-05	
      1400	8.73523e-05	
      1401	9.46004e-05	
      1402	0.000103715	
      1403	0.000111991	
      1404	0.000121879	
      1405	0.000132569	
      1406	0.000145015	
      1407	0.000157902	
      1408	0.000172034	
      1409	0.000188301	
      1410	0.000205479	
      1411	0.000223203	
      1412	0.000239969	
      1413	0.000265234	
      1414	0.000294455	
      1415	0.000324103	
      1416	0.000355566	
      1417	0.000393624	
      1418	0.000435164	
      1419	0.000476728	
      1420	0.000526278	
      1421	0.000585525	
      1422	0.000640517	
      1423	0.000709962	
      1424	0.000790299	
      1425	0.000887954	
      1426	0.00097316	
      1427	0.00109669	
      1428	0.00123732	
      1429	0.00137036	
      1430	0.00154037	
      1431	0.00174833	
      1432	0.00201221	
      1433	0.00228515	
      1434	0.00256817	
      1435	0.00293969	
      1436	0.00337239	
      1437	0.00388427	
      1438	0.00447102	
      1439	 0.0051846	
      1440	0.00583504	
      1441	0.00685402	
      1442	0.00807647	
      1443	0.00907476	
      1444	0.00961906	
      1445	 0.0101834	
      1446	  0.010815	
      1447	 0.0113964	
      1448	 0.0121471	
      1449	 0.0128632	
      1450	   0.01357	
      1451	 0.0142784	
      1452	 0.0151773	
      1453	 0.0161956	
      1454	 0.0171929	
      1455	  0.018289	
      1456	 0.0194728	
      1457	  0.020973	
      1458	 0.0227408	
      1459	 0.0245018	
      1460	 0.0261872	
      1461	 0.0281101	
      1462	 0.0301308	
      1463	 0.0311782	
      1464	 0.0312315	
      1465	 0.0315011	
      1466	 0.0312767	
      1467	 0.0316361	
      1468	 0.0314124	
      1469	 0.0316588	
      1470	 0.0315122	
      1471	 0.0310857	
      1472	 0.0311947	
      1473	 0.0311392	
      1474	 0.0305599	
      1475	 0.0309526	
      1476	  0.031129	
      1477	 0.0310893	
      1478	 0.0326552	
      1479	 0.0346476	
      1480	 0.0366056	
      1481	 0.0383233	
      1482	 0.0406201	
      1483	 0.0423711	
      1484	 0.0453019	
      1485	 0.0485701	
      1486	 0.0511866	
      1487	 0.0533909	
      1488	 0.0527241	
      1489	 0.0608418	
      1490	 0.0666015	
      1491	 0.0718218	
      1492	 0.0769864	
      1493	 0.0842274	
      1494	 0.0919619	
      1495	  0.100235	
      1496	  0.108309	
      1497	  0.122502	
      1498	  0.125474	
      1499	  0.126954	
      1500	  0.131062	
      1501	  0.133442	
      1502	  0.133432	
      1503	  0.127059	
      1504	  0.132321	
      1505	  0.132453	
      1506	  0.140081	
      1507	  0.147639	
      1508	  0.150099	
      1509	  0.153121	
      1510	  0.159342	
      1511	  0.163596	
      1512	  0.165531	
      1513	  0.169398	
      1514	  0.173973	
      1515	  0.181042	
      1516	  0.187321	
      1517	  0.194338	
      1518	  0.205576	
      1519	  0.215479	
      1520	  0.235166	
      1521	  0.231128	
      1522	  0.230335	
      1523	  0.232977	
      1524	  0.233506	
      1525	  0.230381	
      1526	  0.234595	
      1527	   0.23411	
      1528	  0.235206	
      1529	  0.232931	
      1530	  0.224877	
      1531	   0.23367	
      1532	  0.235574	
      1533	  0.233773	
      1534	  0.231299	
      1535	  0.233728	
      1536	  0.236817	
      1537	  0.237336	
      1538	  0.234107	
      1539	  0.237503	
      1540	   0.22951	
      1541	  0.228966	
      1542	  0.228694	
      1543	  0.227406	
      1544	  0.227216	
      1545	  0.226522	
      1546	  0.224407	
      1547	  0.220572	
      1548	  0.215535	
      1549	  0.217079	
      1550	  0.214971	
      1551	  0.214602	
      1552	  0.215254	
      1553	  0.212303	
      1554	  0.207831	
      1555	  0.207215	
      1556	   0.20498	
      1557	    0.2077	
      1558	  0.206469	
      1559	  0.206563	
      1560	  0.205883	
      1561	  0.208901	
      1562	   0.20873	
      1563	  0.208176	
      1564	  0.206744	
      1565	  0.208949	
      1566	  0.207736	
      1567	  0.208203	
      1568	    0.2069	
      1569	  0.208786	
      1570	  0.209198	
      1571	  0.213339	
      1572	  0.214312	
      1573	  0.212592	
      1574	  0.210873	
      1575	   0.20378	
      1576	  0.208706	
      1577	  0.198841	
      1578	  0.210243	
      1579	  0.215323	
      1580	  0.216901	
      1581	   0.21632	
      1582	  0.209808	
      1583	  0.210474	
      1584	  0.208998	
      1585	  0.212839	
      1586	   0.21066	
      1587	  0.207667	
      1588	  0.202248	
      1589	  0.191548	
      1590	  0.195508	
      1591	  0.196921	
      1592	  0.204414	
      1593	  0.207832	
      1594	  0.206708	
      1595	  0.205815	
      1596	  0.198025	
      1597	  0.199279	
      1598	   0.20273	
      1599	  0.199615	
      1600	  0.199499	
      1601	  0.194939	
      1602	  0.196036	
      1603	  0.196056	
      1604	   0.19588	
      1605	  0.193761	
      1606	  0.192823	
      1607	  0.191708	
      1608	  0.193902	
      1609	   0.19183	
      1610	  0.182794	
      1611	  0.186598	
      1612	  0.188596	
      1613	  0.192091	
      1614	  0.192185	
      1615	  0.191611	
      1616	  0.185698	
      1617	  0.188523	
      1618	  0.194403	
      1619	  0.194133	
      1620	  0.190053	
      1621	  0.190547	
      1622	  0.193945	
      1623	  0.198474	
      1624	  0.199711	
      1625	  0.198238	
      1626	  0.201064	
      1627	  0.203145	
      1628	  0.205735	
      1629	  0.207895	
      1630	  0.209629	
      1631	  0.210319	
      1632	  0.210033	
      1633	  0.207549	
      1634	  0.205526	
      1635	  0.207674	
      1636	  0.206869	
      1637	  0.200152	
      1638	  0.198382	
      1639	   0.19541	
      1640	  0.197146	
      1641	  0.196155	
      1642	  0.196374	
      1643	  0.199209	
      1644	  0.197573	
      1645	  0.196927	
      1646	  0.199329	
      1647	  0.199681	
      1648	  0.199062	
      1649	  0.196156	
      1650	  0.197715	
      1651	  0.195908	
      1652	    0.1977	
      1653	  0.196335	
      1654	  0.196932	
      1655	  0.195358	
      1656	  0.196282	
      1657	  0.196348	
      1658	  0.195322	
      1659	  0.193438	
      1660	  0.194485	
      1661	  0.195204	
      1662	  0.194518	
      1663	   0.19373	
      1664	   0.19337	
      1665	  0.191823	
      1666	  0.190391	
      1667	  0.190367	
      1668	  0.188064	
      1669	  0.189346	
      1670	  0.192043	
      1671	   0.19083	
      1672	  0.185291	
      1673	   0.18723	
      1674	  0.189276	
      1675	  0.187316	
      1676	  0.185254	
      1677	  0.186334	
      1678	  0.186869	
      1679	  0.182891	
      1680	  0.176063	
      1681	  0.169751	
      1682	  0.171836	
      1683	  0.175647	
      1684	  0.177478	
      1685	  0.177358	
      1686	  0.174987	
      1687	  0.174635	
      1688	  0.173791	
      1689	  0.171331	
      1690	  0.170849	
      1691	   0.17274	
      1692	  0.172501	
      1693	   0.17136	
      1694	  0.170741	
      1695	  0.170145	
      1696	  0.168952	
      1697	  0.167783	
      1698	  0.167127	
      1699	  0.165779	
      1700	   0.16346	
      1701	   0.16274	
      1702	  0.162299	
      1703	  0.161669	
      1704	  0.161009	
      1705	  0.160303	
      1706	  0.159205	
      1707	  0.158054	
      1708	  0.156914	
      1709	  0.155783	
      1710	  0.154817	
      1711	  0.154789	
      1712	  0.154921	
      1713	  0.155055	
      1714	  0.155192	
      1715	  0.155202	
      1716	  0.154401	
      1717	  0.153476	
      1718	  0.152557	
      1719	  0.151646	
      1720	  0.150801	
      1721	  0.150297	
      1722	  0.149857	
      1723	  0.149422	
      1724	  0.148991	
      1725	   0.14851	
      1726	  0.147688	
      1727	  0.146817	
      1728	  0.145952	
      1729	  0.145092	
      1730	   0.14411	
      1731	  0.142342	
      1732	  0.140456	
      1733	  0.138578	
      1734	  0.136708	
      1735	  0.135201	
      1736	  0.135801	
      1737	  0.136756	
      1738	  0.137708	
      1739	  0.138659	
      1740	  0.139387	
      1741	  0.118044	
      1742	  0.104536	
      1743	 0.0944314	
      1744	 0.0863248	
      1745	  0.079597	
      1746	 0.0740174	
      1747	 0.0691885	
      1748	 0.0649259	
      1749	 0.0611232	
      1750	 0.0577109	
      1751	 0.0546601	
      1752	 0.0518869	
      1753	 0.0493454	
      1754	 0.0470058	
      1755	 0.0448269	
      1756	 0.0427001	
      1757	 0.0407086	
      1758	 0.0388536	
      1759	 0.0371214	
      1760	 0.0355101	
      1761	 0.0340552	
      1762	 0.0326963	
      1763	 0.0314163	
      1764	 0.0302086	
      1765	 0.0290675	
      1766	 0.0279879	
      1767	  0.026965	
      1768	 0.0259947	
      1769	 0.0250733	
      1770	 0.0241879	
      1771	 0.0232858	
      1772	  0.022419	
      1773	 0.0215939	
      1774	  0.020808	
      1775	 0.0200702	
      1776	 0.0194323	
      1777	 0.0188327	
      1778	 0.0182585	
      1779	 0.0177081	
      1780	 0.0171754	
      1781	 0.0166359	
      1782	 0.0161139	
      1783	 0.0156131	
      1784	 0.0151324	
      1785	 0.0146748	
      1786	 0.0142597	
      1787	 0.0138641	
      1788	  0.013483	
      1789	 0.0131158	
      1790	 0.0127567	
      1791	 0.0123776	
      1792	 0.0120076	
      1793	 0.0116512	
      1794	 0.0113078	
      1795	 0.0109767	
      1796	 0.0106575	
      1797	 0.0103496	
      1798	 0.0100524	
      1799	0.00976564	
      1800	0.00949436	
      1801	0.00804801	
      1802	0.00687633	
      1803	0.00591287	
      1804	0.00511309	
      1805	0.00444314	
      1806	0.00387469	
      1807	0.00339232	
      1808	0.00298102	
      1809	0.00262847	
      1810	0.00232003	
      1811	0.00202807	
      1812	0.00177341	
      1813	0.00155413	
      1814	0.00136473	
      1815	0.00120437	
      1816	0.00108454	
      1817	0.000981519	
      1818	0.000889868	
      1819	0.000808138	
      1820	0.000734861	
      1821	0.000667999	
      1822	0.000607924	
      1823	0.000554026	
      1824	0.000505583	
      1825	0.000461484	
      1826	0.000419011	
      1827	0.000380493	
      1828	 0.0003459	
      1829	0.000314789	
      1830	0.000286914	
      1831	0.000262496	
      1832	0.00024051	
      1833	0.000220574	
      1834	0.000202474	
      1835	0.000185999	
      1836	0.000170836	
      1837	0.000157018	
      1838	0.000144431	
      1839	0.000132955	
      1840	0.000122467	
      1841	0.000112771	
      1842	0.000103901	
      1843	9.57934e-05	
      1844	8.83759e-05	
      1845	8.16272e-05	
      1846	7.56581e-05	
      1847	7.02055e-05	
      1848	6.51848e-05	
      1849	6.05586e-05	
      1850	5.62743e-05	
      1851	5.22196e-05	
      1852	4.84671e-05	
      1853	4.50078e-05	
      1854	4.18168e-05	
      1855	3.88713e-05	
      1856	3.61509e-05	
      1857	3.36369e-05	
      1858	3.13123e-05	
      1859	2.91616e-05	
      1860	2.71707e-05	
      1861	2.81767e-05	
      1862	2.9224e-05	
      1863	3.03147e-05	
      1864	3.14505e-05	
      1865	3.26405e-05	
      1866	3.39128e-05	
      1867	3.52475e-05	
      1868	3.66405e-05	
      1869	3.80946e-05	
      1870	3.95261e-05	
      1871	4.04638e-05	
      1872	4.13242e-05	
      1873	4.21933e-05	
      1874	4.30703e-05	
      1875	4.41974e-05	
      1876	4.68573e-05	
      1877	4.99365e-05	
      1878	5.32026e-05	
      1879	5.66671e-05	
      1880	6.01782e-05	
      1881	6.28712e-05	
      1882	6.55185e-05	
      1883	6.82905e-05	
      1884	7.11939e-05	
      1885	7.41747e-05	
      1886	7.68922e-05	
      1887	7.96549e-05	
      1888	8.25286e-05	
      1889	8.55183e-05	
      1890	8.86927e-05	
      1891	9.23968e-05	
      1892	9.63453e-05	
      1893	0.000100485	
      1894	0.000104826	
      1895	0.000109459	
      1896	0.000114821	
      1897	0.000120562	
      1898	0.000126621	
      1899	0.000133017	
      1900	0.000139701	
      1901	0.000146278	
      1902	0.000153128	
      1903	0.000160343	
      1904	0.000167944	
      1905	0.00017593	
      1906	0.000184136	
      1907	0.000192752	
      1908	0.000201831	
      1909	 0.0002114	
      1910	0.000221539	
      1911	0.000232475	
      1912	0.000244083	
      1913	0.000256355	
      1914	0.000269336	
      1915	0.000283073	
      1916	0.000297615	
      1917	0.000313017	
      1918	0.000329339	
      1919	0.000346643	
      1920	0.000364998	
      1921	0.000346036	
      1922	0.000348305	
      1923	0.000355058	
      1924	0.000364488	
      1925	0.000375825	
      1926	0.000388056	
      1927	0.000401719	
      1928	0.000416908	
      1929	0.00043363	
      1930	0.000452273	
      1931	0.000474767	
      1932	0.00049964	
      1933	0.000526702	
      1934	0.000556131	
      1935	0.000587826	
      1936	0.00062013	
      1937	0.000654873	
      1938	0.000692628	
      1939	0.000733696	
      1940	0.000777219	
      1941	0.000816967	
      1942	0.000858621	
      1943	0.000903685	
      1944	0.000952512	
      1945	0.00100886	
      1946	0.00109195	
      1947	0.00118802	
      1948	0.00129504	
      1949	0.00141458	
      1950	0.00154728	
      1951	0.00168833	
      1952	0.00184547	
      1953	0.00202273	
      1954	0.00222353	
      1955	0.00245013	
      1956	0.00269654	
      1957	0.00297672	
      1958	 0.0032999	
      1959	0.00367544	
      1960	0.00411492	
      1961	0.00439685	
      1962	0.00470326	
      1963	0.00503777	
      1964	0.00540374	
      1965	0.00580983	
      1966	0.00628727	
      1967	0.00682152	
      1968	0.00741527	
      1969	0.00807731	
      1970	0.00881318	
      1971	0.00960386	
      1972	 0.0104876	
      1973	 0.0114864	
      1974	 0.0126219	
      1975	 0.0139208	
      1976	 0.0154179	
      1977	 0.0171582	
      1978	 0.0192021	
      1979	 0.0216326	
      1980	 0.0245739	
      1981	 0.0282303	
      1982	 0.0328669	
      1983	 0.0389649	
      1984	 0.0474886	
      1985	 0.0609257	
      1986	 0.0454217	
      1987	 0.0378537	
      1988	 0.0327105	
      1989	 0.0288445	
      1990	 0.0257589	
      1991	 0.0231143	
      1992	 0.0208814	
      1993	 0.0189791	
      1994	  0.017337	
      1995	 0.0159153	
      1996	  0.014719	
      1997	 0.0136659	
      1998	 0.0127242	
      1999	 0.0118776	
      2000	 0.0111078	
      2001	 0.0103828	
      2002	0.00971928	
      2003	0.00911385	
      2004	0.00855974	
      2005	 0.0080547	
      2006	0.00842267	
      2007	0.00881726	
      2008	0.00923691	
      2009	0.00968378	
      2010	 0.0101585	
      2011	 0.0106506	
      2012	 0.0111745	
      2013	  0.011735	
      2014	  0.012336	
      2015	 0.0129793	
      2016	 0.0136526	
      2017	 0.0143756	
      2018	 0.0151569	
      2019	 0.0160034	
      2020	  0.016931	
      2021	 0.0179912	
      2022	 0.0191623	
      2023	 0.0204525	
      2024	 0.0218808	
      2025	 0.0234604	
      2026	 0.0251626	
      2027	 0.0270708	
      2028	 0.0292441	
      2029	 0.0317495	
      2030	 0.0346928	
      2031	 0.0382618	
      2032	 0.0426739	
      2033	 0.0483823	
      2034	  0.056486	
      2035	 0.0721603	
      2036	 0.0709219	
      2037	 0.0697815	
      2038	 0.0687283	
      2039	 0.0677462	
      2040	 0.0668734	
      2041	 0.0663227	
      2042	 0.0658594	
      2043	 0.0654289	
      2044	 0.0650274	
      2045	 0.0646099	
      2046	 0.0639431	
      2047	 0.0632607	
      2048	 0.0626024	
      2049	 0.0619664	
      2050	 0.0613684	
      2051	 0.0608701	
      2052	 0.0604059	
      2053	 0.0599576	
      2054	 0.0595241	
      2055	 0.0590936	
      2056	 0.0585871	
      2057	 0.0580833	
      2058	 0.0575929	
      2059	 0.0571153	
      2060	 0.0566667	
      2061	 0.0563067	
      2062	 0.0559739	
      2063	 0.0556517	
      2064	   0.05534	
      2065	 0.0550384	
      2066	 0.0553139	
      2067	 0.0555949	
      2068	 0.0558817	
      2069	 0.0561746	
      2070	 0.0564906	
      2071	 0.0568924	
      2072	 0.0573196	
      2073	 0.0577559	
      2074	 0.0582017	
      2075	 0.0586343	
      2076	 0.0589248	
      2077	 0.0591999	
      2078	 0.0594834	
      2079	 0.0597757	
      2080	 0.0600897	
      2081	  0.060475	
      2082	 0.0608849	
      2083	  0.061308	
      2084	 0.0617455	
      2085	 0.0622049	
      2086	 0.0626939	
      2087	  0.063208	
      2088	 0.0637426	
      2089	 0.0642999	
      2090	 0.0648688	
      2091	 0.0653981	
      2092	 0.0659432	
      2093	 0.0665217	
      2094	 0.0671385	
      2095	 0.0678287	
      2096	 0.0687594	
      2097	  0.069791	
      2098	 0.0709132	
      2099	  0.072153	
      2100	  0.073548	
      2101	 0.0735764	
      2102	 0.0735981	
      2103	 0.0736205	
      2104	 0.0736439	
      2105	 0.0736527	
      2106	 0.0735701	
      2107	 0.0734727	
      2108	  0.073376	
      2109	 0.0732801	
      2110	 0.0731927	
      2111	 0.0731681	
      2112	 0.0731522	
      2113	 0.0731374	
      2114	 0.0731238	
      2115	 0.0731113	
      2116	 0.0730845	
      2117	  0.073059	
      2118	 0.0730348	
      2119	  0.073012	
      2120	 0.0729908	
      2121	 0.0729553	
      2122	 0.0729215	
      2123	 0.0728895	
      2124	 0.0728592	
      2125	 0.0728546	
      2126	 0.0729788	
      2127	 0.0731295	
      2128	 0.0732832	
      2129	 0.0734401	
      2130	 0.0735686	
      2131	 0.0735252	
      2132	 0.0734531	
      2133	 0.0733845	
      2134	 0.0733198	
      2135	 0.0732835	
      2136	 0.0734133	
      2137	 0.0735737	
      2138	 0.0737412	
      2139	 0.0739171	
      2140	 0.0740781	
      2141	 0.0741036	
      2142	 0.0741171	
      2143	 0.0741463	
      2144	 0.0741955	
      2145	 0.0742967	
      2146	 0.0745535	
      2147	 0.0749004	
      2148	 0.0753756	
      2149	 0.0753268	
      2150	 0.0752698	
      2151	  0.075129	
      2152	 0.0749799	
      2153	 0.0748309	
      2154	 0.0746821	
      2155	 0.0745334	
      2156	 0.0743513	
      2157	 0.0741694	
      2158	 0.0739876	
      2159	  0.073806	
      2160	  0.073524	
      2161	 0.0726224	
      2162	 0.0716209	
      2163	 0.0706197	
      2164	  0.069619	
      2165	 0.0688112	
      2166	 0.0691751	
      2167	 0.0697313	
      2168	 0.0702874	
      2169	 0.0708434	
      2170	 0.0713407	
      2171	 0.0714534	
      2172	 0.0715076	
      2173	 0.0715618	
      2174	 0.0716161	
      2175	 0.0716371	
      2176	 0.0714576	
      2177	 0.0712449	
      2178	 0.0710324	
      2179	 0.0708199	
      2180	 0.0706327	
      2181	 0.0706125	
      2182	 0.0706174	
      2183	 0.0706223	
      2184	 0.0706273	
      2185	  0.070599	
      2186	 0.0703541	
      2187	 0.0700759	
      2188	 0.0697979	
      2189	   0.06952	
      2190	 0.0692839	
      2191	  0.069298	
      2192	 0.0693537	
      2193	 0.0694095	
      2194	 0.0694653	
      2195	 0.0694962	
      2196	  0.069394	
      2197	 0.0692669	
      2198	 0.0691399	
      2199	 0.0689947	
      2200	 0.0688248	
      2201	 0.0685054	
      2202	 0.0681615	
      2203	  0.067818	
      2204	 0.0674748	
      2205	 0.0671735	
      2206	 0.0670882	
      2207	 0.0670445	
      2208	 0.0670009	
      2209	 0.0669574	
      2210	 0.0669058	
      2211	 0.0668211	
      2212	 0.0667284	
      2213	 0.0666357	
      2214	 0.0665433	
      2215	 0.0664509	
      2216	 0.0663587	
      2217	 0.0662667	
      2218	 0.0661748	
      2219	  0.066083	
      2220	 0.0659749	
      2221	  0.065768	
      2222	 0.0655449	
      2223	 0.0653219	
      2224	 0.0650993	
      2225	 0.0648933	
      2226	 0.0647863	
      2227	 0.0646959	
      2228	 0.0646056	
      2229	 0.0645154	
      2230	 0.0644254	
      2231	 0.0643191	
      2232	  0.064213	
      2233	 0.0641069	
      2234	  0.064001	
      2235	 0.0638789	
      2236	 0.0636421	
      2237	 0.0633891	
      2238	 0.0631364	
      2239	 0.0628839	
      2240	 0.0626562	
      2241	 0.0625761	
      2242	 0.0625206	
      2243	 0.0624652	
      2244	 0.0624099	
      2245	 0.0623384	
      2246	 0.0621852	
      2247	 0.0620159	
      2248	 0.0618468	
      2249	 0.0616778	
      2250	  0.061509	
      2251	 0.0613078	
      2252	 0.0611067	
      2253	 0.0609059	
      2254	 0.0607052	
      2255	  0.060521	
      2256	 0.0604509	
      2257	 0.0603972	
      2258	 0.0603436	
      2259	 0.0602901	
      2260	 0.0602285	
      2261	 0.0600858	
      2262	 0.0599351	
      2263	 0.0597845	
      2264	  0.059634	
      2265	    0.0595	
      2266	  0.059431	
      2267	 0.0593782	
      2268	 0.0593256	
      2269	  0.059273	
      2270	 0.0592124	
      2271	 0.0588196	
      2272	 0.0584316	
      2273	 0.0580554	
      2274	 0.0576899	
      2275	 0.0573184	
      2276	 0.0568776	
      2277	 0.0564303	
      2278	 0.0559918	
      2279	 0.0555615	
      2280	 0.0551621	
      2281	 0.0549082	
      2282	 0.0546828	
      2283	 0.0544624	
      2284	 0.0542468	
      2285	 0.0540357	
      2286	 0.0537987	
      2287	 0.0535659	
      2288	 0.0533373	
      2289	 0.0531125	
      2290	 0.0528618	
      2291	 0.0524223	
      2292	 0.0519583	
      2293	 0.0514993	
      2294	 0.0510451	
      2295	 0.0506393	
      2296	 0.0504706	
      2297	  0.050348	
      2298	 0.0502276	
      2299	 0.0501092	
      2300	 0.0499857	
      2301	 0.0498068	
      2302	 0.0496231	
      2303	 0.0494416	
      2304	 0.0492623	
      2305	 0.0490781	
      2306	 0.0488677	
      2307	 0.0486525	
      2308	 0.0484394	
      2309	 0.0482285	
      2310	 0.0480197	
      2311	  0.047785	
      2312	 0.0475525	
      2313	  0.047322	
      2314	 0.0470935	
      2315	  0.046867	
      2316	 0.0466562	
      2317	 0.0464471	
      2318	 0.0462398	
      2319	 0.0460343	
      2320	 0.0458101	
      2321	 0.0454388	
      2322	 0.0450499	
      2323	 0.0446635	
      2324	 0.0442797	
      2325	 0.0439451	
      2326	 0.0438664	
      2327	 0.0438352	
      2328	 0.0438045	
      2329	 0.0437745	
      2330	 0.0437252	
      2331	 0.0435712	
      2332	 0.0433985	
      2333	 0.0432271	
      2334	  0.043057	
      2335	  0.042888	
      2336	 0.0427202	
      2337	 0.0425536	
      2338	 0.0423881	
      2339	 0.0422237	
      2340	 0.0420669	
      2341	 0.0419497	
      2342	 0.0418398	
      2343	 0.0417308	
      2344	 0.0416225	
      2345	 0.0415023	
      2346	 0.0413192	
      2347	 0.0411246	
      2348	 0.0409311	
      2349	 0.0407388	
      2350	 0.0405349	
      2351	 0.0402441	
      2352	 0.0399423	
      2353	  0.039642	
      2354	 0.0393433	
      2355	 0.0390835	
      2356	 0.0390243	
      2357	 0.0390027	
      2358	 0.0389815	
      2359	 0.0389606	
      2360	 0.0389338	
      2361	 0.0372023	
      2362	 0.0356651	
      2363	 0.0342846	
      2364	  0.033031	
      2365	 0.0318776	
      2366	 0.0307742	
      2367	 0.0297452	
      2368	 0.0287854	
      2369	 0.0278865	
      2370	 0.0270373	
      2371	 0.0262113	
      2372	 0.0254264	
      2373	 0.0246825	
      2374	 0.0239762	
      2375	 0.0233192	
      2376	 0.0227672	
      2377	 0.0222544	
      2378	 0.0217639	
      2379	  0.021294	
      2380	 0.0208164	
      2381	 0.0202061	
      2382	 0.0195943	
      2383	 0.0190066	
      2384	 0.0184414	
      2385	 0.0179277	
      2386	 0.0176109	
      2387	 0.0173338	
      2388	 0.0170656	
      2389	 0.0168058	
      2390	 0.0165431	
      2391	 0.0162237	
      2392	 0.0159039	
      2393	 0.0155939	
      2394	 0.0152933	
      2395	 0.0150018	
      2396	 0.0147139	
      2397	 0.0144344	
      2398	 0.0141628	
      2399	  0.013899	
      2400	 0.0136425	
      2401	 0.0133975	
      2402	 0.0131591	
      2403	 0.0129271	
      2404	 0.0127011	
      2405	  0.012481	
      2406	 0.0122707	
      2407	 0.0120656	
      2408	 0.0118656	
      2409	 0.0116706	
      2410	 0.0114706	
      2411	 0.0112181	
      2412	 0.0109627	
      2413	 0.0107139	
      2414	 0.0104713	
      2415	 0.0102492	
      2416	 0.0101104	
      2417	 0.0099885	
      2418	0.00986906	
      2419	0.00975202	
      2420	0.00963228	
      2421	0.00948207	
      2422	0.00933026	
      2423	0.00918174	
      2424	0.00903642	
      2425	0.00889575	
      2426	0.00876723	
      2427	0.00864285	
      2428	0.00852098	
      2429	0.00840155	
      2430	0.00828304	
      2431	0.00815259	
      2432	0.00802338	
      2433	0.00789681	
      2434	0.00777279	
      2435	0.00765261	
      2436	0.00754551	
      2437	0.00744177	
      2438	0.00733998	
      2439	 0.0072401	
      2440	0.00714081	
      2441	0.00703333	
      2442	0.00692667	
      2443	0.00682204	
      2444	0.00671938	
      2445	0.00661747	
      2446	0.00651276	
      2447	0.00640887	
      2448	0.00630695	
      2449	0.00620693	
      2450	0.00611103	
      2451	0.00570903	
      2452	0.00534398	
      2453	0.00500969	
      2454	0.00470278	
      2455	0.00442198	
      2456	0.00417064	
      2457	0.00393948	
      2458	0.00372509	
      2459	0.00352589	
      2460	 0.0033399	
      2461	0.00316192	
      2462	0.00299543	
      2463	   0.00284	
      2464	0.00269472	
      2465	0.00255782	
      2466	 0.0024251	
      2467	0.00229994	
      2468	0.00218263	
      2469	0.00207256	
      2470	0.00196993	
      2471	0.00187836	
      2472	0.00179271	
      2473	0.00171187	
      2474	0.00163551	
      2475	0.00156245	
      2476	0.00148777	
      2477	0.00141648	
      2478	0.00134918	
      2479	0.00128559	
      2480	 0.0012262	
      2481	0.00117315	
      2482	0.00112349	
      2483	0.00107633	
      2484	0.00103154	
      2485	0.000989354	
      2486	0.000951055	
      2487	0.000914902	
      2488	0.000880414	
      2489	0.000847498	
      2490	0.000814661	
      2491	0.000774917	
      2492	0.000735941	
      2493	0.000699013	
      2494	0.000664012	
      2495	0.000632763	
      2496	0.000613769	
      2497	0.000597269	
      2498	0.000581305	
      2499	0.000565856	
      2500	0.000550044	
      2501	0.000189897	
      2502	7.57548e-05	
      2503	3.32712e-05	
      2504	1.56671e-05	
      2505	7.78204e-06	
      2506	4.02699e-06	
      2507	2.15851e-06	
      2508	1.19207e-06	
      2509	6.75458e-07	
      2510	3.91469e-07	
      2511	2.31682e-07	
      2512	1.39578e-07	
      2513	8.54296e-08	
      2514	5.30413e-08	
      2515	3.33643e-08	
      2516	2.1248e-08	
      2517	1.36814e-08	
      2518	8.89945e-09	
      2519	5.84385e-09	
      2520	3.87212e-09	
      2521	2.58903e-09	
      2522	1.7449e-09	
      2523	1.18457e-09	
      2524	8.09698e-10	
      2525	5.57171e-10	
      2526	3.86244e-10	
      2527	2.69372e-10	
      2528	1.88905e-10	
      2529	1.33175e-10	
      2530	9.43391e-11	
      2531	6.70087e-11	
      2532	4.78045e-11	
      2533	3.42541e-11	
      2534	2.4648e-11	
      2535	1.78114e-11	
      2536	1.29321e-11	
      2537	9.42668e-12	
      2538	6.89622e-12	
      2539	5.06257e-12	
      2540	3.72894e-12	
      2541	2.75671e-12	
      2542	2.04435e-12	
      2543	1.52066e-12	
      2544	1.13444e-12	
      2545	8.48718e-13	
      2546	6.36433e-13	
      2547	4.7852e-13	
      2548	3.60721e-13	
      2549	2.72605e-13	
      2550	2.06518e-13	
      2551	1.56756e-13	
      2552	1.1926e-13	
      2553	9.09367e-14	
      2554	6.9492e-14	
      2555	5.32177e-14	
      2556	4.08216e-14	
      2557	3.13764e-14	
      2558	2.41643e-14	
      2559	1.86458e-14	
      2560	1.44179e-14	
      2561	1.1179e-14	
      2562	8.68525e-15	
      2563	6.75966e-15	
      2564	5.27005e-15	
      2565	4.11561e-15	
      2566	3.21793e-15	
      2567	2.5201e-15	
      2568	1.97672e-15	
      2569	1.55289e-15	
      2570	1.22178e-15	
      2571	9.62269e-16	
      2572	7.58979e-16	
      2573	5.99488e-16	
      2574	4.74174e-16	
      2575	3.75568e-16	
      2576	2.97868e-16	
      2577	2.36554e-16	
      2578	1.88105e-16	
      2579	1.49768e-16	
      2580	1.19367e-16	
      2581	9.51235e-17	
      2582	7.58772e-17	
      2583	6.05961e-17	
      2584	4.84483e-17	
      2585	3.87977e-17	
      2586	3.12049e-17	
      2587	2.51376e-17	
      2588	2.02721e-17	
      2589	1.63659e-17	
      2590	1.32232e-17	
      2591	1.06755e-17	
      2592	8.62544e-18	
      2593	6.97607e-18	
      2594	5.64768e-18	
      2595	4.57777e-18	
      2596	3.71757e-18	
      2597	3.02258e-18	
      2598	2.45982e-18	
      2599	2.00368e-18	
      2600	1.63361e-18	
      2601	9.80616e-19	
      2602	7.33135e-19	
      2603	5.71212e-19	
      2604	4.5493e-19	
      2605	3.67544e-19	
      2606	2.99749e-19	
      2607	2.4641e-19	
      2608	2.0386e-19	
      2609	1.6955e-19	
      2610	1.41648e-19	
      2611	1.18852e-19	
      2612	1.00064e-19	
      2613	8.44991e-20	
      2614	7.15483e-20	
      2615	6.07304e-20	
      2616	5.16139e-20	
      2617	4.39554e-20	
      2618	3.75037e-20	
      2619	3.20548e-20	
      2620	2.7429e-20	
      2621	2.34276e-20	
      2622	2.00282e-20	
      2623	1.71444e-20	
      2624	1.4694e-20	
      2625	1.2624e-20	
      2626	1.09329e-20	
      2627	9.49028e-21	
      2628	8.24652e-21	
      2629	7.17283e-21	
      2630	6.24179e-21	
      2631	5.42074e-21	
      2632	4.70954e-21	
      2633	4.0951e-21	
      2634	3.56372e-21	
      2635	3.10298e-21	
      2636	2.69725e-21	
      2637	2.34568e-21	
      2638	2.04136e-21	
      2639	1.77772e-21	
      2640	1.54992e-21	
      2641	1.35621e-21	
      2642	1.18806e-21	
      2643	1.04139e-21	
      2644	9.13377e-22	
      2645	8.01567e-22	
      2646	7.03144e-22	
      2647	6.17148e-22	
      2648	5.41962e-22	
      2649	4.76187e-22	
      2650	4.18611e-22	
      2651	3.67813e-22	
      2652	3.23339e-22	
      2653	2.84378e-22	
      2654	2.5023e-22	
      2655	2.2034e-22	
      2656	1.94304e-22	
      2657	1.71464e-22	
      2658	1.51376e-22	
      2659	1.33698e-22	
      2660	1.18105e-22	
      2661	1.04215e-22	
      2662	9.19722e-23	
      2663	8.11997e-23	
      2664	7.17167e-23	
      2665	6.33979e-23	
      2666	5.61803e-23	
      2667	4.98287e-23	
      2668	4.42115e-23	
      2669	3.92418e-23	
      2670	3.48343e-23	
      2671	3.08536e-23	
      2672	2.73302e-23	
      2673	2.42173e-23	
      2674	2.14661e-23	
      2675	1.90385e-23	
      2676	1.69085e-23	
      2677	1.50256e-23	
      2678	1.33566e-23	
      2679	1.18767e-23	
      2680	1.05641e-23	
      2681	9.39947e-24	
      2682	8.36575e-24	
      2683	7.44795e-24	
      2684	6.6328e-24	
      2685	5.90859e-24	
      2686	5.25945e-24	
      2687	4.68296e-24	
      2688	4.17082e-24	
      2689	3.71571e-24	
      2690	3.31116e-24	
      2691	2.95302e-24	
      2692	2.63432e-24	
      2693	2.35064e-24	
      2694	2.09806e-24	
      2695	1.87311e-24	
      2696	1.67181e-24	
      2697	1.49253e-24	
      2698	1.3328e-24	
      2699	1.19046e-24	
      2700	1.06387e-24	
      2701	1.23299e-24	
      2702	1.43011e-24	
      2703	1.65957e-24	
      2704	1.92684e-24	
      2705	2.23831e-24	
      2706	2.60147e-24	
      2707	3.02514e-24	
      2708	3.51967e-24	
      2709	4.09722e-24	
      2710	4.77212e-24	
      2711	5.56423e-24	
      2712	6.49139e-24	
      2713	7.57722e-24	
      2714	8.84964e-24	
      2715	1.03416e-23	
      2716	1.20852e-23	
      2717	1.4131e-23	
      2718	1.65327e-23	
      2719	1.93539e-23	
      2720	2.26699e-23	
      2721	2.65552e-23	
      2722	3.11251e-23	
      2723	3.65035e-23	
      2724	4.28376e-23	
      2725	5.03158e-23	
      2726	5.91693e-23	
      2727	6.9644e-23	
      2728	8.20256e-23	
      2729	9.6671e-23	
      2730	1.14006e-22	
      2731	1.34388e-22	
      2732	1.58521e-22	
      2733	1.87112e-22	
      2734	2.21011e-22	
      2735	2.61231e-22	
      2736	3.09158e-22	
      2737	3.66137e-22	
      2738	4.33926e-22	
      2739	5.14637e-22	
      2740	6.10807e-22	
      2741	7.25893e-22	
      2742	8.63309e-22	
      2743	1.02752e-21	
      2744	1.2239e-21	
      2745	1.45894e-21	
      2746	1.7395e-21	
      2747	2.07567e-21	
      2748	2.47879e-21	
      2749	2.96262e-21	
      2750	3.54381e-21	
      2751	4.24014e-21	
      2752	5.07759e-21	
      2753	6.08565e-21	
      2754	7.30018e-21	
      2755	8.7648e-21	
      2756	1.05327e-20	
      2757	1.26685e-20	
      2758	1.52515e-20	
      2759	1.83783e-20	
      2760	2.21669e-20	
      2761	2.67777e-20	
      2762	3.2379e-20	
      2763	3.91906e-20	
      2764	4.74828e-20	
      2765	5.7588e-20	
      2766	6.99567e-20	
      2767	8.50712e-20	
      2768	1.03562e-19	
      2769	1.26208e-19	
      2770	1.5393e-19	
      2771	1.87733e-19	
      2772	2.29151e-19	
      2773	2.80029e-19	
      2774	3.42604e-19	
      2775	4.19661e-19	
      2776	5.14977e-19	
      2777	6.32723e-19	
      2778	7.78368e-19	
      2779	9.58764e-19	
      2780	1.18251e-18	
      2781	1.46128e-18	
      2782	1.80821e-18	
      2783	2.24059e-18	
      2784	2.78028e-18	
      2785	3.45491e-18	
      2786	4.29952e-18	
      2787	5.35859e-18	
      2788	6.6887e-18	
      2789	8.36196e-18	
      2790	1.04704e-17	
      2791	1.31238e-17	
      2792	1.64768e-17	
      2793	2.07215e-17	
      2794	2.61048e-17	
      2795	3.29548e-17	
      2796	4.17029e-17	
      2797	5.28873e-17	
      2798	6.71986e-17	
      2799	8.55486e-17	
      2800	1.09127e-16	
      2801	 1.293e-16	
      2802	1.53315e-16	
      2803	1.81923e-16	
      2804	2.16032e-16	
      2805	2.56808e-16	
      2806	3.05705e-16	
      2807	3.64309e-16	
      2808	4.34492e-16	
      2809	5.18614e-16	
      2810	6.19529e-16	
      2811	7.40696e-16	
      2812	8.86307e-16	
      2813	1.06145e-15	
      2814	1.27231e-15	
      2815	1.52641e-15	
      2816	1.83176e-15	
      2817	2.20019e-15	
      2818	2.64518e-15	
      2819	3.18315e-15	
      2820	3.83421e-15	
      2821	4.62002e-15	
      2822	5.57239e-15	
      2823	6.72781e-15	
      2824	8.13112e-15	
      2825	9.84043e-15	
      2826	1.19292e-14	
      2827	1.44815e-14	
      2828	1.75992e-14	
      2829	2.14121e-14	
      2830	2.60808e-14	
      2831	3.17843e-14	
      2832	3.8781e-14	
      2833	4.7375e-14	
      2834	5.79447e-14	
      2835	7.09616e-14	
      2836	8.69587e-14	
      2837	1.06701e-13	
      2838	1.31101e-13	
      2839	1.61299e-13	
      2840	1.98729e-13	
      2841	2.45351e-13	
      2842	3.03351e-13	
      2843	3.7562e-13	
      2844	4.65814e-13	
      2845	5.78567e-13	
      2846	7.19292e-13	
      2847	8.95705e-13	
      2848	1.11725e-12	
      2849	1.39598e-12	
      2850	1.74731e-12	
      2851	 2.191e-12	
      2852	2.75244e-12	
      2853	3.46431e-12	
      2854	4.36881e-12	
      2855	5.52051e-12	
      2856	6.99482e-12	
      2857	8.88169e-12	
      2858	1.13022e-11	
      2859	1.44148e-11	
      2860	1.84273e-11	
      2861	2.36133e-11	
      2862	3.03335e-11	
      2863	3.90658e-11	
      2864	5.04449e-11	
      2865	6.53165e-11	
      2866	8.46987e-11	
      2867	1.10154e-10	
      2868	1.43695e-10	
      2869	1.88039e-10	
      2870	2.46959e-10	
      2871	3.25669e-10	
      2872	4.31141e-10	
      2873	5.7289e-10	
      2874	7.64197e-10	
      2875	1.02387e-09	
      2876	1.37856e-09	
      2877	1.86503e-09	
      2878	 2.535e-09	
      2879	3.46267e-09	
      2880	4.75447e-09	
      2881	6.55523e-09	
      2882	9.09084e-09	
      2883	1.26855e-08	
      2884	1.78187e-08	
      2885	2.52064e-08	
      2886	3.59525e-08	
      2887	5.17004e-08	
      2888	7.50061e-08	
      2889	1.0987e-07	
      2890	1.62644e-07	
      2891	2.43586e-07	
      2892	3.69574e-07	
      2893	5.68982e-07	
      2894	8.90762e-07	
      2895	1.42202e-06	
      2896	2.32244e-06	
      2897	3.90644e-06	
      2898	6.83876e-06	
      2899	1.27604e-05	
      2900	2.88809e-05	
      2901	2.95634e-05	
      2902	3.02641e-05	
      2903	3.09835e-05	
      2904	3.17223e-05	
      2905	3.2481e-05	
      2906	3.32371e-05	
      2907	3.40132e-05	
      2908	3.48099e-05	
      2909	3.56278e-05	
      2910	3.64677e-05	
      2911	3.73039e-05	
      2912	3.8162e-05	
      2913	3.90427e-05	
      2914	3.99467e-05	
      2915	4.08746e-05	
      2916	4.1857e-05	
      2917	4.28664e-05	
      2918	4.39037e-05	
      2919	4.49696e-05	
      2920	4.60652e-05	
      2921	4.71914e-05	
      2922	4.83491e-05	
      2923	4.95394e-05	
      2924	5.07633e-05	
      2925	5.20219e-05	
      2926	5.33163e-05	
      2927	5.46478e-05	
      2928	5.60176e-05	
      2929	5.74268e-05	
      2930	5.88768e-05	
      2931	6.03253e-05	
      2932	6.18149e-05	
      2933	6.33472e-05	
      2934	6.49235e-05	
      2935	6.65452e-05	
      2936	6.82641e-05	
      2937	7.00343e-05	
      2938	7.18576e-05	
      2939	7.37359e-05	
      2940	7.56711e-05	
      2941	7.76078e-05	
      2942	7.96023e-05	
      2943	8.16565e-05	
      2944	8.37726e-05	
      2945	8.59848e-05	
      2946	8.83312e-05	
      2947	9.07859e-05	
      2948	9.33196e-05	
      2949	9.59353e-05	
      2950	9.86362e-05	
      2951	0.000101425	
      2952	0.000104306	
      2953	0.000107282	
      2954	0.000110357	
      2955	0.000113535	
      2956	0.000116732	
      2957	0.000120034	
      2958	0.000123446	
      2959	0.000126972	
      2960	0.000130617	
      2961	0.000134487	
      2962	0.000138492	
      2963	0.000142636	
      2964	0.000146926	
      2965	0.000151368	
      2966	0.00015585	
      2967	0.000160489	
      2968	0.000165291	
      2969	0.000170265	
      2970	0.000175417	
      2971	0.000180893	
      2972	0.000186572	
      2973	0.000192463	
      2974	0.000198574	
      2975	0.000204917	
      2976	0.000211338	
      2977	0.000218001	
      2978	0.000224916	
      2979	0.000232096	
      2980	0.000239552	
      2981	0.00024749	
      2982	0.000255744	
      2983	0.00026433	
      2984	0.000273264	
      2985	0.000282564	
      2986	0.000292019	
      2987	0.000301861	
      2988	0.00031211	
      2989	0.000322786	
      2990	0.000333913	
      2991	0.000345786	
      2992	0.000358178	
      2993	0.000371119	
      2994	0.00038464	
      2995	0.000398774	
      2996	0.000413559	
      2997	0.000429034	
      2998	0.000445243	
      2999	0.000462235	
      3000	0.000480062	
      3001	0.000479819	
      3002	0.000479576	
      3003	0.000479331	
      3004	0.000479086	
      3005	0.000478841	
      3006	0.000478976	
      3007	0.000479112	
      3008	0.000479248	
      3009	0.000479384	
      3010	0.000479521	
      3011	0.000479657	
      3012	0.000479794	
      3013	0.000479931	
      3014	0.000480068	
      3015	0.000480205	
      3016	0.000479957	
      3017	0.000479707	
      3018	0.000479458	
      3019	0.000479207	
      3020	0.000478956	
      3021	0.000478705	
      3022	0.000478452	
      3023	0.000478199	
      3024	0.000477946	
      3025	0.000477692	
      3026	0.000477828	
      3027	0.000477964	
      3028	 0.0004781	
      3029	0.000478237	
      3030	0.000478374	
      3031	0.000478119	
      3032	0.000477863	
      3033	0.000477607	
      3034	0.00047735	
      3035	0.000477093	
      3036	0.00047644	
      3037	0.000475786	
      3038	0.000475131	
      3039	0.000474474	
      3040	0.000474014	
      3041	0.000474744	
      3042	0.000475675	
      3043	0.000476608	
      3044	0.000477543	
      3045	0.00047848	
      3046	0.00047902	
      3047	0.000479562	
      3048	0.000480105	
      3049	0.00048065	
      3050	0.000481196	
      3051	0.000481342	
      3052	0.000481489	
      3053	0.000481637	
      3054	0.000481785	
      3055	0.000481933	
      3056	0.000482083	
      3057	0.000482233	
      3058	0.000482384	
      3059	0.000482535	
      3060	0.000482688	
      3061	0.000482029	
      3062	0.000481369	
      3063	0.000480708	
      3064	0.000480046	
      3065	0.000479586	
      3066	0.000479535	
      3067	0.000479689	
      3068	0.000479844	
      3069	   0.00048	
      3070	0.000480157	
      3071	0.000480726	
      3072	0.000481297	
      3073	0.000481871	
      3074	0.000482447	
      3075	0.000483025	
      3076	0.000482778	
      3077	0.000482532	
      3078	0.000482287	
      3079	0.000482043	
      3080	0.000481798	
      3081	0.000481555	
      3082	0.000481313	
      3083	0.000481071	
      3084	0.00048083	
      3085	0.00048059	
      3086	0.000480352	
      3087	0.000480114	
      3088	0.000479878	
      3089	0.000479644	
      3090	0.00047941	
      3091	0.000479179	
      3092	0.00047895	
      3093	0.000478722	
      3094	0.000478497	
      3095	0.000478274	
      3096	0.000478054	
      3097	0.000477836	
      3098	0.000477622	
      3099	0.000477411	
      3100	0.000477204	
      3101	0.000471482	
      3102	0.000470263	
      3103	0.000470384	
      3104	0.000471236	
      3105	0.000472571	
      3106	0.000473837	
      3107	0.000475379	
      3108	0.000477147	
      3109	0.000479108	
      3110	0.000481236	
      3111	0.000483074	
      3112	0.000485041	
      3113	0.000487126	
      3114	0.000489318	
      3115	0.000491837	
      3116	0.000494908	
      3117	0.000498309	
      3118	0.000501811	
      3119	0.000505409	
      3120	0.000509103	
      3121	0.000512891	
      3122	0.00051677	
      3123	0.00052074	
      3124	0.000524799	
      3125	0.000528948	
      3126	0.000533186	
      3127	0.000537511	
      3128	0.000541926	
      3129	0.000546428	
      3130	0.00055102	
      3131	 0.0005557	
      3132	0.00056047	
      3133	0.00056533	
      3134	0.000570281	
      3135	0.000575324	
      3136	0.000579915	
      3137	0.00058459	
      3138	0.000589347	
      3139	0.000594188	
      3140	0.000599115	
      3141	0.000604698	
      3142	0.00061038	
      3143	0.000616161	
      3144	0.000622045	
      3145	0.000628031	
      3146	0.00063352	
      3147	0.000639103	
      3148	0.00064478	
      3149	0.000650553	
      3150	0.000656425	
      3151	0.00066303	
      3152	0.00066975	
      3153	0.000676588	
      3154	0.000683545	
      3155	0.000690623	
      3156	0.000697825	
      3157	0.000705153	
      3158	0.000712609	
      3159	0.000720197	
      3160	0.000727918	
      3161	0.000736487	
      3162	0.000745213	
      3163	0.000754097	
      3164	0.000763145	
      3165	0.000772359	
      3166	0.000780233	
      3167	0.000788243	
      3168	0.000796394	
      3169	0.000804687	
      3170	0.000813523	
      3171	0.000823321	
      3172	0.000833709	
      3173	0.000844294	
      3174	0.000855082	
      3175	0.000866076	
      3176	0.000875571	
      3177	0.000885238	
      3178	0.000895082	
      3179	0.000905107	
      3180	0.000915317	
      3181	0.000926631	
      3182	0.000938164	
      3183	0.000949921	
      3184	0.000961908	
      3185	0.000974131	
      3186	0.000987574	
      3187	0.00100129	
      3188	 0.0010153	
      3189	0.00102959	
      3190	0.00104418	
      3191	0.00105803	
      3192	0.00107217	
      3193	 0.0010866	
      3194	0.00110133	
      3195	0.00111637	
      3196	 0.0011306	
      3197	0.00114513	
      3198	0.00115996	
      3199	 0.0011751	
      3200	0.00119116	
      3201	0.00118414	
      3202	0.00117778	
      3203	0.00117147	
      3204	0.00116522	
      3205	0.00115903	
      3206	0.00115173	
      3207	0.00114449	
      3208	0.00113732	
      3209	0.00113021	
      3210	0.00112316	
      3211	0.00111505	
      3212	0.00110701	
      3213	0.00109904	
      3214	0.00109114	
      3215	0.00108331	
      3216	0.00107664	
      3217	0.00107004	
      3218	0.00106348	
      3219	0.00105699	
      3220	0.00105055	
      3221	0.00104416	
      3222	0.00103782	
      3223	0.00103153	
      3224	 0.0010253	
      3225	0.00101912	
      3226	0.00101403	
      3227	0.00100898	
      3228	0.00100397	
      3229	0.000998996	
      3230	0.00099406	
      3231	0.000988141	
      3232	0.000982269	
      3233	0.000976443	
      3234	0.000970662	
      3235	0.000964926	
      3236	0.000959235	
      3237	0.000953587	
      3238	0.000947982	
      3239	0.000942421	
      3240	0.000936901	
      3241	0.000931423	
      3242	0.000925987	
      3243	0.000920592	
      3244	0.000915237	
      3245	0.000909922	
      3246	0.000905594	
      3247	0.000901297	
      3248	0.00089703	
      3249	0.000892792	
      3250	0.000888583	
      3251	0.000882551	
      3252	0.000876565	
      3253	0.000870624	
      3254	0.000864729	
      3255	0.000858877	
      3256	0.000853975	
      3257	0.000849107	
      3258	0.000844274	
      3259	0.000839476	
      3260	0.000834712	
      3261	0.000829982	
      3262	0.000825285	
      3263	0.000820621	
      3264	0.00081599	
      3265	0.000811391	
      3266	0.000806825	
      3267	0.00080229	
      3268	0.000797787	
      3269	0.000793315	
      3270	0.000788874	
      3271	0.000784463	
      3272	0.000780083	
      3273	0.000775733	
      3274	0.000771412	
      3275	0.000767121	
      3276	0.000762859	
      3277	0.000758626	
      3278	0.000754422	
      3279	0.000750246	
      3280	0.000746098	
      3281	0.000741978	
      3282	0.000737885	
      3283	0.00073382	
      3284	0.000729782	
      3285	0.000725771	
      3286	0.000722576	
      3287	 0.0007194	
      3288	0.000716244	
      3289	0.000713107	
      3290	0.000709601	
      3291	0.000704572	
      3292	0.000699193	
      3293	0.000693853	
      3294	0.000688551	
      3295	0.000683667	
      3296	0.000679573	
      3297	0.000675882	
      3298	0.000672215	
      3299	0.000668572	
      3300	0.000664952	
      3301	0.000673845	
      3302	0.00068289	
      3303	0.000692091	
      3304	0.000701449	
      3305	0.00071097	
      3306	0.000719046	
      3307	0.000727247	
      3308	0.000735576	
      3309	0.000744035	
      3310	0.000752628	
      3311	0.00076222	
      3312	0.000771974	
      3313	0.000781896	
      3314	0.000791989	
      3315	0.000802256	
      3316	0.000810853	
      3317	0.000819581	
      3318	0.000828441	
      3319	0.000837438	
      3320	0.000847062	
      3321	0.000858829	
      3322	0.000871318	
      3323	0.000884043	
      3324	0.000897013	
      3325	0.000910232	
      3326	0.000921572	
      3327	0.000933111	
      3328	0.000944853	
      3329	0.000956805	
      3330	0.000968971	
      3331	0.000982508	
      3332	0.000996304	
      3333	0.00101037	
      3334	0.00102471	
      3335	0.00103933	
      3336	0.00105424	
      3337	0.00106944	
      3338	0.00108495	
      3339	0.00110078	
      3340	0.00111692	
      3341	 0.0011334	
      3342	0.00115022	
      3343	0.00116739	
      3344	0.00118493	
      3345	0.00120283	
      3346	0.00121966	
      3347	0.00123684	
      3348	0.00125437	
      3349	0.00127227	
      3350	0.00129055	
      3351	 0.0013108	
      3352	 0.0013315	
      3353	0.00135268	
      3354	0.00137434	
      3355	 0.0013965	
      3356	0.00141918	
      3357	0.00144239	
      3358	0.00146616	
      3359	 0.0014905	
      3360	0.00151544	
      3361	0.00154098	
      3362	0.00156716	
      3363	  0.001594	
      3364	0.00162152	
      3365	0.00164975	
      3366	0.00167871	
      3367	0.00170844	
      3368	0.00173895	
      3369	0.00177029	
      3370	0.00180249	
      3371	0.00183557	
      3372	0.00186958	
      3373	0.00190456	
      3374	0.00194054	
      3375	0.00197758	
      3376	0.00201571	
      3377	0.00205499	
      3378	0.00209547	
      3379	0.00213721	
      3380	0.00218026	
      3381	0.00222748	
      3382	0.00227626	
      3383	 0.0023267	
      3384	0.00237887	
      3385	0.00243287	
      3386	0.00248569	
      3387	 0.0025404	
      3388	0.00259711	
      3389	0.00265593	
      3390	  0.002717	
      3391	0.00278045	
      3392	0.00284643	
      3393	0.00291512	
      3394	 0.0029867	
      3395	0.00306136	
      3396	0.00313536	
      3397	0.00321271	
      3398	0.00329367	
      3399	0.00337854	
      3400	0.00346988	
      3401	0.00349616	
      3402	0.00352499	
      3403	0.00355415	
      3404	0.00358365	
      3405	0.00361118	
      3406	0.00362976	
      3407	0.00364619	
      3408	0.00366278	
      3409	0.00367952	
      3410	0.00369882	
      3411	0.00372312	
      3412	0.00375011	
      3413	0.00377742	
      3414	0.00380504	
      3415	  0.003833	
      3416	 0.0038563	
      3417	0.00387986	
      3418	0.00390369	
      3419	 0.0039278	
      3420	0.00395219	
      3421	0.00397686	
      3422	0.00400182	
      3423	0.00402707	
      3424	0.00405263	
      3425	 0.0040785	
      3426	0.00410468	
      3427	0.00413118	
      3428	0.00415801	
      3429	0.00418517	
      3430	0.00421267	
      3431	0.00424611	
      3432	   0.00428	
      3433	0.00431433	
      3434	0.00434914	
      3435	0.00438442	
      3436	0.00441437	
      3437	0.00444472	
      3438	0.00447548	
      3439	0.00450666	
      3440	0.00453827	
      3441	0.00457032	
      3442	0.00460282	
      3443	0.00463579	
      3444	0.00466922	
      3445	0.00470315	
      3446	0.00473757	
      3447	 0.0047725	
      3448	0.00480795	
      3449	0.00484395	
      3450	0.00488049	
      3451	0.00492422	
      3452	0.00496864	
      3453	0.00501379	
      3454	0.00505967	
      3455	0.00510633	
      3456	0.00514684	
      3457	0.00518804	
      3458	0.00522993	
      3459	0.00527254	
      3460	 0.0053159	
      3461	0.00536727	
      3462	0.00541958	
      3463	0.00547284	
      3464	0.00552711	
      3465	0.00558239	
      3466	0.00563112	
      3467	0.00568079	
      3468	0.00573144	
      3469	 0.0057831	
      3470	0.00583581	
      3471	0.00588961	
      3472	0.00594455	
      3473	0.00600067	
      3474	0.00605801	
      3475	0.00611664	
      3476	 0.0061766	
      3477	0.00623796	
      3478	0.00630078	
      3479	0.00636513	
      3480	0.00643108	
      3481	 0.0065077	
      3482	 0.0065863	
      3483	0.00666699	
      3484	0.00674988	
      3485	 0.0068351	
      3486	0.00691323	
      3487	0.00699373	
      3488	0.00707674	
      3489	0.00716243	
      3490	  0.007251	
      3491	0.00734267	
      3492	0.00743768	
      3493	0.00753631	
      3494	 0.0076389	
      3495	0.00774583	
      3496	0.00785757	
      3497	0.00797467	
      3498	0.00809783	
      3499	0.00822794	
      3500	0.00836616	
      3501	0.00837277	
      3502	0.00837941	
      3503	0.00838607	
      3504	0.00839276	
      3505	0.00839946	
      3506	0.00839436	
      3507	0.00838925	
      3508	0.00838416	
      3509	0.00837907	
      3510	0.00837398	
      3511	 0.0083689	
      3512	0.00836383	
      3513	0.00835876	
      3514	 0.0083537	
      3515	0.00834865	
      3516	 0.0083436	
      3517	0.00833856	
      3518	0.00833353	
      3519	0.00832851	
      3520	0.00832349	
      3521	0.00833047	
      3522	0.00833748	
      3523	0.00834452	
      3524	0.00835158	
      3525	0.00835868	
      3526	0.00835377	
      3527	0.00834887	
      3528	0.00834398	
      3529	 0.0083391	
      3530	0.00833424	
      3531	0.00834147	
      3532	0.00834874	
      3533	0.00835604	
      3534	0.00836337	
      3535	0.00837074	
      3536	  0.008366	
      3537	0.00836128	
      3538	0.00835657	
      3539	0.00835188	
      3540	 0.0083472	
      3541	0.00835474	
      3542	0.00836231	
      3543	0.00836993	
      3544	0.00837758	
      3545	0.00838528	
      3546	0.00838076	
      3547	0.00837627	
      3548	0.00837179	
      3549	0.00836734	
      3550	0.00836291	
      3551	 0.0083585	
      3552	0.00835411	
      3553	0.00834975	
      3554	0.00834542	
      3555	0.00834111	
      3556	0.00833683	
      3557	0.00833257	
      3558	0.00832835	
      3559	0.00832415	
      3560	0.00831999	
      3561	0.00832829	
      3562	0.00833664	
      3563	0.00834506	
      3564	0.00835354	
      3565	0.00836208	
      3566	0.00835819	
      3567	0.00835434	
      3568	0.00835054	
      3569	0.00834678	
      3570	0.00834306	
      3571	0.00833939	
      3572	0.00833578	
      3573	0.00833221	
      3574	 0.0083287	
      3575	0.00832524	
      3576	0.00832185	
      3577	0.00831852	
      3578	0.00831525	
      3579	0.00831205	
      3580	0.00830892	
      3581	0.00831856	
      3582	0.00832832	
      3583	0.00833818	
      3584	0.00834817	
      3585	0.00835828	
      3586	0.00835574	
      3587	0.00835331	
      3588	0.00835099	
      3589	0.00834878	
      3590	 0.0083467	
      3591	0.00834476	
      3592	0.00834295	
      3593	 0.0083413	
      3594	0.00833981	
      3595	 0.0083385	
      3596	0.00835033	
      3597	 0.0083624	
      3598	0.00837474	
      3599	0.00838736	
      3600	 0.0084003	
      3601	0.00839183	
      3602	0.00838335	
      3603	0.00837487	
      3604	0.00836638	
      3605	 0.0083579	
      3606	 0.0083494	
      3607	0.00834091	
      3608	0.00833241	
      3609	0.00832391	
      3610	 0.0083154	
      3611	0.00831999	
      3612	0.00832459	
      3613	0.00832921	
      3614	0.00833383	
      3615	0.00833847	
      3616	0.00832997	
      3617	0.00832148	
      3618	0.00831298	
      3619	0.00830448	
      3620	0.00829597	
      3621	0.00830064	
      3622	0.00830532	
      3623	0.00831001	
      3624	0.00831472	
      3625	0.00831943	
      3626	0.00831095	
      3627	0.00830246	
      3628	0.00829397	
      3629	0.00828548	
      3630	0.00827698	
      3631	0.00828174	
      3632	 0.0082865	
      3633	0.00829128	
      3634	0.00829608	
      3635	0.00830088	
      3636	0.00829241	
      3637	0.00828394	
      3638	0.00827547	
      3639	  0.008267	
      3640	0.00825852	
      3641	0.00826337	
      3642	0.00826824	
      3643	0.00827312	
      3644	0.00827802	
      3645	0.00828293	
      3646	0.00827449	
      3647	0.00826604	
      3648	 0.0082576	
      3649	0.00824916	
      3650	0.00824072	
      3651	0.00823227	
      3652	0.00822383	
      3653	0.00821539	
      3654	0.00820695	
      3655	0.00819851	
      3656	0.00820352	
      3657	0.00820855	
      3658	0.00821359	
      3659	0.00821866	
      3660	0.00822374	
      3661	0.00822884	
      3662	0.00823396	
      3663	 0.0082391	
      3664	0.00824426	
      3665	0.00824944	
      3666	0.00822757	
      3667	0.00820569	
      3668	 0.0081838	
      3669	 0.0081619	
      3670	0.00814677	
      3671	0.00814521	
      3672	0.00815045	
      3673	0.00815572	
      3674	0.00816101	
      3675	0.00816632	
      3676	0.00815804	
      3677	0.00814977	
      3678	0.00814151	
      3679	0.00813325	
      3680	0.00812501	
      3681	0.00811677	
      3682	0.00810854	
      3683	0.00810033	
      3684	0.00809212	
      3685	0.00808393	
      3686	0.00808945	
      3687	0.00809502	
      3688	0.00810061	
      3689	0.00810624	
      3690	 0.0081119	
      3691	0.00810384	
      3692	 0.0080958	
      3693	0.00808778	
      3694	0.00807977	
      3695	0.00807179	
      3696	0.00806383	
      3697	0.00805589	
      3698	0.00804798	
      3699	 0.0080401	
      3700	0.00803224	
      3701	0.00803781	
      3702	 0.0080434	
      3703	0.00804901	
      3704	0.00805463	
      3705	0.00806028	
      3706	0.00805204	
      3707	0.00804379	
      3708	0.00803555	
      3709	0.00802731	
      3710	0.00801906	
      3711	0.00802477	
      3712	0.00803051	
      3713	0.00803626	
      3714	0.00804203	
      3715	0.00804782	
      3716	0.00803962	
      3717	0.00803143	
      3718	0.00802323	
      3719	0.00801503	
      3720	0.00800683	
      3721	0.00801269	
      3722	0.00801858	
      3723	0.00802448	
      3724	 0.0080304	
      3725	0.00803634	
      3726	0.00802819	
      3727	0.00802005	
      3728	 0.0080119	
      3729	0.00800376	
      3730	0.00799561	
      3731	0.00800163	
      3732	0.00800766	
      3733	0.00801372	
      3734	 0.0080198	
      3735	0.00802591	
      3736	 0.0080036	
      3737	0.00798127	
      3738	0.00795892	
      3739	0.00793655	
      3740	0.00792128	
      3741	0.00792028	
      3742	0.00792643	
      3743	 0.0079326	
      3744	 0.0079388	
      3745	0.00794501	
      3746	0.00793693	
      3747	0.00792884	
      3748	0.00792076	
      3749	0.00791267	
      3750	0.00790459	
      3751	0.00791089	
      3752	0.00791722	
      3753	0.00792357	
      3754	0.00792994	
      3755	0.00793634	
      3756	0.00792832	
      3757	 0.0079203	
      3758	0.00791229	
      3759	0.00790427	
      3760	0.00789626	
      3761	0.00790275	
      3762	0.00790927	
      3763	0.00791581	
      3764	0.00792238	
      3765	0.00792897	
      3766	0.00793559	
      3767	0.00794224	
      3768	0.00794891	
      3769	0.00795561	
      3770	0.00796234	
      3771	0.00795447	
      3772	0.00794661	
      3773	0.00793875	
      3774	0.00793089	
      3775	0.00792304	
      3776	0.00791519	
      3777	0.00790734	
      3778	 0.0078995	
      3779	0.00789166	
      3780	0.00788382	
      3781	0.00789074	
      3782	0.00789768	
      3783	0.00790466	
      3784	0.00791167	
      3785	0.00791871	
      3786	0.00791096	
      3787	0.00790322	
      3788	0.00789549	
      3789	0.00788776	
      3790	0.00788004	
      3791	 0.0078872	
      3792	0.00789439	
      3793	0.00790162	
      3794	0.00790889	
      3795	0.00791618	
      3796	0.00790856	
      3797	0.00790095	
      3798	0.00789334	
      3799	0.00788574	
      3800	0.00787815	
      3801	0.00782958	
      3802	0.00779187	
      3803	0.00776051	
      3804	0.00773342	
      3805	0.00770948	
      3806	0.00767333	
      3807	 0.0076392	
      3808	0.00760676	
      3809	0.00757575	
      3810	0.00754598	
      3811	0.00753177	
      3812	0.00751846	
      3813	0.00750597	
      3814	0.00749421	
      3815	0.00748312	
      3816	0.00745827	
      3817	0.00743401	
      3818	0.00741031	
      3819	0.00738713	
      3820	0.00736443	
      3821	0.00735646	
      3822	0.00734889	
      3823	0.00734169	
      3824	0.00733485	
      3825	0.00732834	
      3826	0.00732215	
      3827	0.00731627	
      3828	0.00731068	
      3829	0.00730537	
      3830	0.00730033	
      3831	0.00728138	
      3832	0.00726271	
      3833	 0.0072443	
      3834	0.00722613	
      3835	0.00720821	
      3836	0.00720465	
      3837	0.00720131	
      3838	0.00719817	
      3839	0.00719524	
      3840	0.00719251	
      3841	0.00717588	
      3842	0.00715946	
      3843	0.00714323	
      3844	0.00712719	
      3845	0.00711134	
      3846	0.00710976	
      3847	0.00710835	
      3848	0.00710712	
      3849	0.00710607	
      3850	0.00710518	
      3851	 0.0070904	
      3852	0.00707579	
      3853	0.00706135	
      3854	0.00704708	
      3855	0.00703297	
      3856	0.00702606	
      3857	0.00701932	
      3858	0.00700571	
      3859	 0.0069993	
      3860	0.00699305	
      3861	0.00698696	
      3862	0.00698808	
      3863	0.00698233	
      3864	0.00698378	
      3865	0.00697836	
      3866	0.00696607	
      3867	0.00696099	
      3868	0.00694903	
      3869	0.00694429	
      3870	0.00693268	
      3871	0.00693535	
      3872	 0.0069382	
      3873	0.00694124	
      3874	0.00694448	
      3875	0.00694792	
      3876	0.00693741	
      3877	0.00693417	
      3878	0.00692406	
      3879	0.00692123	
      3880	0.00691153	
      3881	0.00690913	
      3882	0.00690696	
      3883	0.00690503	
      3884	0.00690334	
      3885	 0.0069019	
      3886	0.00690785	
      3887	0.00691409	
      3888	0.00692776	
      3889	0.00693462	
      3890	0.00694182	
      3891	0.00693504	
      3892	0.00692861	
      3893	0.00692971	
      3894	0.00692402	
      3895	0.00691874	
      3896	 0.0069283	
      3897	0.00693116	
      3898	0.00694178	
      3899	0.00694576	
      3900	0.00695763	
      3901	0.00696784	
      3902	 0.0069781	
      3903	0.00698115	
      3904	0.00699152	
      3905	0.00700195	
      3906	0.00700513	
      3907	0.00700103	
      3908	0.00700429	
      3909	0.00700024	
      3910	0.00700357	
      3911	 0.0070143	
      3912	0.00701773	
      3913	0.00702859	
      3914	0.00703212	
      3915	0.00704311	
      3916	0.00703932	
      3917	0.00703556	
      3918	0.00703927	
      3919	0.00703557	
      3920	 0.0070319	
      3921	0.00704322	
      3922	0.00705463	
      3923	 0.0070586	
      3924	0.00707016	
      3925	0.00708179	
      3926	0.00707841	
      3927	0.00708263	
      3928	0.00707934	
      3929	0.00708367	
      3930	0.00708046	
      3931	0.00709252	
      3932	0.00709704	
      3933	0.00710927	
      3934	0.00711394	
      3935	0.00712635	
      3936	0.00713119	
      3937	 0.0071284	
      3938	0.00713337	
      3939	 0.0071307	
      3940	0.00713582	
      3941	0.00714101	
      3942	0.00715406	
      3943	0.00715944	
      3944	 0.0071727	
      3945	0.00717827	
      3946	0.00717613	
      3947	0.00717405	
      3948	0.00717988	
      3949	0.00717796	
      3950	0.00717611	
      3951	0.00718222	
      3952	0.00719636	
      3953	0.00720272	
      3954	0.00721713	
      3955	0.00722375	
      3956	0.00723048	
      3957	0.00723735	
      3958	0.00723635	
      3959	0.00724347	
      3960	0.00725073	
      3961	0.00726619	
      3962	0.00728185	
      3963	 0.0072896	
      3964	0.00730563	
      3965	0.00732186	
      3966	0.00732202	
      3967	0.00733048	
      3968	0.00733096	
      3969	 0.0073398	
      3970	0.00734063	
      3971	0.00735811	
      3972	 0.0073676	
      3973	 0.0073856	
      3974	 0.0073956	
      3975	0.00741417	
      3976	0.00742472	
      3977	0.00742719	
      3978	 0.0074383	
      3979	0.00744133	
      3980	0.00745308	
      3981	0.00746518	
      3982	0.00747766	
      3983	0.00749905	
      3984	0.00751239	
      3985	0.00752619	
      3986	0.00754906	
      3987	0.00756391	
      3988	0.00758796	
      3989	0.00760403	
      3990	0.00762947	
      3991	0.00763827	
      3992	0.00765658	
      3993	0.00766701	
      3994	0.00768721	
      3995	0.00769968	
      3996	0.00773116	
      3997	0.00775527	
      3998	 0.0077901	
      3999	0.00781809	
      4000	0.00785767	
