       280	2.06438e-12	
       281	4.33683e-12	
       282	8.37759e-12	
       283	 1.144e-11	
       284	1.17601e-11	
       285	8.49751e-12	
       286	1.21701e-11	
       287	1.94559e-11	
       288	1.99103e-11	
       289	2.72587e-11	
       290	4.19983e-11	
       291	5.11928e-11	
       292	5.23001e-11	
       293	5.48347e-11	
       294	5.97113e-11	
       295	6.54271e-11	
       296	7.47611e-11	
       297	7.36473e-11	
       298	8.22617e-11	
       299	8.35273e-11	
       300	8.78877e-11	
       301	5.01739e-10	
       302	2.95412e-09	
       303	2.13756e-08	
       304	1.29367e-07	
       305	7.41631e-07	
       306	1.4406e-06	
       307	3.17337e-06	
       308	7.09688e-06	
       309	1.34253e-05	
       310	2.72241e-05	
       311	5.92203e-05	
       312	9.47907e-05	
       313	0.000153833	
       314	0.000257483	
       315	0.000400197	
       316	0.000466479	
       317	0.000706898	
       318	0.000897245	
       319	0.00109654	
       320	0.00152813	
       321	  0.001834	
       322	 0.0020975	
       323	0.00235647	
       324	0.00312688	
       325	0.00430412	
       326	0.00570329	
       327	 0.0065821	
       328	0.00712449	
       329	0.00846849	
       330	 0.0103344	
       331	 0.0102846	
       332	 0.0109481	
       333	 0.0114673	
       334	 0.0123385	
       335	 0.0137958	
       336	  0.013146	
       337	 0.0129754	
       338	 0.0151334	
       339	 0.0168646	
       340	 0.0189791	
       341	 0.0190392	
       342	 0.0201471	
       343	 0.0217403	
       344	 0.0195218	
       345	 0.0211121	
       346	 0.0232557	
       347	 0.0243871	
       348	 0.0247209	
       349	 0.0253284	
       350	 0.0290338	
       351	 0.0314361	
       352	 0.0304108	
       353	 0.0320585	
       354	 0.0375593	
       355	  0.039283	
       356	 0.0370909	
       357	  0.032574	
       358	 0.0304936	
       359	 0.0347252	
       360	 0.0437909	
       361	 0.0408635	
       362	 0.0427452	
       363	 0.0480235	
       364	 0.0496359	
       365	 0.0538141	
       366	 0.0629015	
       367	 0.0643945	
       368	 0.0619403	
       369	 0.0652292	
       370	 0.0701644	
       371	 0.0681282	
       372	 0.0676653	
       373	  0.062237	
       374	  0.058057	
       375	  0.063648	
       376	 0.0726191	
       377	 0.0802242	
       378	 0.0950451	
       379	 0.0873676	
       380	 0.0839278	
       381	 0.0900798	
       382	 0.0732623	
       383	 0.0585573	
       384	 0.0665824	
       385	 0.0852162	
       386	 0.0843813	
       387	  0.088178	
       388	 0.0881259	
       389	 0.0972173	
       390	  0.113091	
       391	  0.122751	
       392	  0.115611	
       393	 0.0755613	
       394	  0.078964	
       395	  0.123466	
       396	  0.115716	
       397	 0.0818265	
       398	  0.136678	
       399	  0.176261	
       400	  0.188855	
       401	  0.198979	
       402	  0.207778	
       403	  0.206611	
       404	   0.21054	
       405	  0.210216	
       406	  0.208053	
       407	  0.208236	
       408	  0.219755	
       409	  0.231072	
       410	  0.212831	
       411	  0.231824	
       412	  0.247726	
       413	  0.244605	
       414	  0.245004	
       415	  0.255791	
       416	  0.265525	
       417	  0.263516	
       418	  0.258681	
       419	  0.265123	
       420	  0.256823	
       421	  0.282037	
       422	  0.285584	
       423	  0.281581	
       424	  0.284181	
       425	  0.293043	
       426	  0.289288	
       427	  0.284461	
       428	  0.285522	
       429	  0.265464	
       430	  0.221866	
       431	  0.219119	
       432	  0.316043	
       433	  0.315701	
       434	  0.301772	
       435	  0.327868	
       436	   0.35962	
       437	  0.366529	
       438	  0.334488	
       439	  0.329233	
       440	  0.366011	
       441	  0.374545	
       442	  0.397493	
       443	  0.408222	
       444	  0.406049	
       445	  0.416103	
       446	  0.394739	
       447	  0.431619	
       448	  0.445583	
       449	  0.451043	
       450	  0.469267	
       451	  0.485472	
       452	  0.472122	
       453	  0.449938	
       454	  0.472036	
       455	  0.478693	
       456	  0.494099	
       457	  0.502725	
       458	  0.498248	
       459	  0.497301	
       460	  0.501235	
       461	  0.517341	
       462	  0.527609	
       463	  0.530921	
       464	  0.522572	
       465	  0.518552	
       466	  0.526531	
       467	  0.517004	
       468	  0.534618	
       469	  0.540992	
       470	  0.530418	
       471	  0.541484	
       472	  0.564712	
       473	  0.556605	
       474	  0.564747	
       475	  0.582106	
       476	  0.574767	
       477	  0.582994	
       478	  0.599201	
       479	  0.595944	
       480	   0.60464	
       481	  0.607561	
       482	  0.610078	
       483	  0.605836	
       484	  0.599214	
       485	  0.584877	
       486	   0.50866	
       487	  0.546657	
       488	  0.587376	
       489	  0.576993	
       490	   0.62178	
       491	  0.611157	
       492	  0.594837	
       493	  0.621085	
       494	  0.622056	
       495	  0.648218	
       496	  0.633519	
       497	  0.637636	
       498	  0.627496	
       499	  0.628239	
       500	  0.628935	
       501	  0.617092	
       502	  0.621269	
       503	  0.641697	
       504	  0.623308	
       505	  0.654776	
       506	  0.679293	
       507	  0.660247	
       508	  0.647804	
       509	  0.668613	
       510	  0.661163	
       511	  0.671529	
       512	  0.683675	
       513	  0.655332	
       514	  0.642455	
       515	   0.65933	
       516	  0.652009	
       517	  0.571827	
       518	  0.614772	
       519	  0.618223	
       520	  0.661639	
       521	  0.675745	
       522	  0.686281	
       523	  0.664218	
       524	  0.698334	
       525	  0.701166	
       526	  0.675653	
       527	  0.622484	
       528	  0.683815	
       529	  0.717803	
       530	  0.706694	
       531	  0.733792	
       532	  0.720152	
       533	  0.667282	
       534	  0.694396	
       535	  0.713668	
       536	  0.729726	
       537	  0.696869	
       538	   0.71479	
       539	  0.703898	
       540	  0.682951	
       541	  0.669692	
       542	  0.712173	
       543	  0.713697	
       544	  0.731517	
       545	  0.721969	
       546	  0.719576	
       547	  0.724398	
       548	  0.715145	
       549	  0.728189	
       550	   0.72664	
       551	  0.728578	
       552	  0.738318	
       553	  0.725537	
       554	  0.735736	
       555	  0.740046	
       556	  0.730093	
       557	   0.71665	
       558	  0.722357	
       559	  0.699956	
       560	  0.710052	
       561	  0.737433	
       562	  0.719854	
       563	  0.735376	
       564	  0.731091	
       565	  0.728263	
       566	  0.705561	
       567	  0.736431	
       568	  0.738505	
       569	  0.729619	
       570	  0.725179	
       571	  0.709191	
       572	  0.739151	
       573	  0.747624	
       574	  0.743904	
       575	  0.731864	
       576	  0.729903	
       577	  0.739533	
       578	  0.725707	
       579	  0.730463	
       580	   0.73578	
       581	  0.738629	
       582	  0.746563	
       583	  0.751513	
       584	  0.749911	
       585	  0.745269	
       586	  0.733497	
       587	  0.746659	
       588	  0.734344	
       589	   0.67849	
       590	   0.70496	
       591	  0.738213	
       592	  0.738139	
       593	  0.738577	
       594	  0.741218	
       595	  0.742323	
       596	  0.751801	
       597	  0.757173	
       598	  0.747849	
       599	  0.746402	
       600	  0.750816	
       601	  0.744087	
       602	  0.741096	
       603	  0.754849	
       604	  0.769353	
       605	  0.771038	
       606	  0.771245	
       607	  0.774414	
       608	  0.774618	
       609	  0.772021	
       610	  0.773295	
       611	  0.774913	
       612	   0.78673	
       613	  0.779236	
       614	  0.767048	
       615	  0.782359	
       616	  0.770578	
       617	  0.767957	
       618	  0.792172	
       619	  0.803079	
       620	  0.808155	
       621	  0.813248	
       622	  0.803457	
       623	   0.80432	
       624	  0.802751	
       625	   0.79509	
       626	  0.800082	
       627	  0.822181	
       628	  0.829127	
       629	  0.831793	
       630	  0.827644	
       631	  0.821472	
       632	  0.802754	
       633	  0.829574	
       634	  0.827036	
       635	  0.829501	
       636	  0.821197	
       637	  0.841405	
       638	  0.850257	
       639	  0.843786	
       640	  0.830176	
       641	  0.830631	
       642	   0.83495	
       643	  0.844474	
       644	   0.84231	
       645	  0.849267	
       646	  0.839179	
       647	  0.846789	
       648	  0.843851	
       649	  0.824941	
       650	   0.82186	
       651	   0.85416	
       652	  0.855142	
       653	  0.859475	
       654	  0.850984	
       655	  0.814627	
       656	  0.735833	
       657	  0.760502	
       658	  0.833309	
       659	  0.848868	
       660	   0.86107	
       661	  0.869877	
       662	  0.873162	
       663	   0.87156	
       664	  0.871325	
       665	  0.881621	
       666	  0.880671	
       667	  0.874021	
       668	  0.863072	
       669	  0.861576	
       670	  0.844304	
       671	   0.83575	
       672	  0.824151	
       673	  0.822777	
       674	  0.815803	
       675	  0.809908	
       676	  0.813736	
       677	  0.805729	
       678	  0.805313	
       679	  0.796402	
       680	  0.793667	
       681	  0.792403	
       682	  0.790596	
       683	  0.784921	
       684	  0.779355	
       685	  0.775209	
       686	  0.761238	
       687	   0.77443	
       688	  0.780409	
       689	  0.780507	
       690	  0.779343	
       691	  0.778897	
       692	  0.775812	
       693	  0.783467	
       694	  0.787889	
       695	  0.784939	
       696	  0.788858	
       697	  0.792901	
       698	  0.790833	
       699	  0.798623	
       700	  0.800301	
       701	  0.800722	
       702	  0.802748	
       703	  0.813668	
       704	  0.826491	
       705	  0.837687	
       706	  0.836969	
       707	  0.839925	
       708	  0.848613	
       709	  0.857463	
       710	  0.883867	
       711	  0.829024	
       712	  0.792583	
       713	  0.767411	
       714	  0.752081	
       715	  0.727539	
       716	  0.720768	
       717	   0.70983	
       718	   0.69154	
       719	  0.667145	
       720	  0.678485	
       721	    0.6785	
       722	  0.677982	
       723	  0.671966	
       724	  0.671033	
       725	  0.670606	
       726	  0.674121	
       727	  0.681658	
       728	  0.686307	
       729	  0.675591	
       730	  0.702453	
       731	  0.705502	
       732	  0.720484	
       733	  0.726617	
       734	  0.748826	
       735	  0.758123	
       736	  0.762764	
       737	  0.776163	
       738	  0.786666	
       739	    0.7909	
       740	  0.828904	
       741	  0.827422	
       742	  0.826792	
       743	  0.844245	
       744	  0.853655	
       745	  0.852481	
       746	   0.85471	
       747	  0.857078	
       748	  0.855452	
       749	  0.857379	
       750	  0.856261	
       751	  0.859833	
       752	  0.865135	
       753	  0.869949	
       754	  0.876475	
       755	  0.877011	
       756	   0.86809	
       757	  0.868606	
       758	  0.873347	
       759	  0.865926	
       760	  0.869717	
       761	  0.866586	
       762	  0.866908	
       763	  0.818995	
       764	  0.783388	
       765	   0.74908	
       766	  0.706028	
       767	  0.690787	
       768	  0.694514	
       769	  0.695302	
       770	  0.702103	
       771	  0.710771	
       772	  0.719941	
       773	  0.729708	
       774	  0.740197	
       775	  0.751589	
       776	  0.763373	
       777	  0.772746	
       778	  0.789368	
       779	  0.814133	
       780	  0.849156	
       781	  0.847027	
       782	  0.850508	
       783	  0.844418	
       784	  0.838482	
       785	  0.842407	
       786	  0.842874	
       787	  0.841642	
       788	  0.836046	
       789	  0.834041	
       790	  0.827658	
       791	   0.82043	
       792	  0.813235	
       793	  0.806069	
       794	  0.799813	
       795	  0.799764	
       796	  0.806804	
       797	  0.817395	
       798	  0.812979	
       799	  0.805043	
       800	  0.795351	
       801	  0.780616	
       802	  0.765314	
       803	  0.744046	
       804	   0.73463	
       805	  0.714303	
       806	  0.717432	
       807	  0.707593	
       808	   0.69835	
       809	  0.683412	
       810	  0.680513	
       811	  0.676366	
       812	  0.675498	
       813	  0.671067	
       814	  0.665364	
       815	  0.656182	
       816	   0.65091	
       817	  0.644152	
       818	  0.628976	
       819	  0.614148	
       820	  0.608879	
       821	  0.607304	
       822	  0.596729	
       823	  0.598894	
       824	   0.59637	
       825	   0.60703	
       826	  0.622786	
       827	  0.635219	
       828	  0.643535	
       829	  0.653074	
       830	  0.669034	
       831	  0.688609	
       832	  0.699652	
       833	  0.690731	
       834	  0.702797	
       835	   0.71012	
       836	  0.719442	
       837	  0.720574	
       838	  0.724613	
       839	  0.726493	
       840	  0.737725	
       841	  0.738662	
       842	   0.72991	
       843	  0.728228	
       844	  0.722126	
       845	  0.738292	
       846	  0.740294	
       847	  0.726233	
       848	  0.725611	
       849	  0.718735	
       850	  0.674662	
       851	  0.714846	
       852	  0.720011	
       853	   0.70661	
       854	  0.652125	
       855	  0.682138	
       856	   0.72709	
       857	  0.747433	
       858	  0.753279	
       859	   0.75727	
       860	  0.758727	
       861	  0.758576	
       862	  0.765069	
       863	   0.76454	
       864	  0.751963	
       865	  0.730261	
       866	  0.669318	
       867	  0.700962	
       868	  0.731774	
       869	  0.732278	
       870	  0.740584	
       871	  0.735861	
       872	  0.741318	
       873	  0.735538	
       874	  0.723935	
       875	  0.717669	
       876	  0.731901	
       877	   0.73612	
       878	  0.733477	
       879	  0.724619	
       880	  0.722342	
       881	  0.652576	
       882	  0.636418	
       883	   0.61678	
       884	  0.603425	
       885	  0.592552	
       886	  0.567216	
       887	  0.553817	
       888	  0.551475	
       889	  0.544273	
       890	  0.534371	
       891	   0.52407	
       892	  0.512379	
       893	  0.498777	
       894	  0.493257	
       895	  0.488222	
       896	  0.484543	
       897	  0.475924	
       898	  0.467742	
       899	  0.458083	
       900	  0.451013	
       901	  0.438613	
       902	  0.427753	
       903	  0.437792	
       904	  0.435132	
       905	  0.428772	
       906	  0.429166	
       907	  0.433979	
       908	  0.432294	
       909	  0.430411	
       910	  0.436821	
       911	  0.441702	
       912	  0.443959	
       913	  0.451365	
       914	  0.454949	
       915	  0.455881	
       916	  0.457774	
       917	   0.45608	
       918	  0.455794	
       919	  0.457045	
       920	  0.453866	
       921	  0.447411	
       922	  0.442043	
       923	  0.432617	
       924	  0.445559	
       925	  0.448538	
       926	  0.368764	
       927	  0.327745	
       928	   0.28989	
       929	  0.259569	
       930	  0.234874	
       931	  0.216104	
       932	  0.198814	
       933	  0.184966	
       934	  0.171557	
       935	  0.158459	
       936	   0.14759	
       937	  0.138717	
       938	  0.141417	
       939	  0.143054	
       940	  0.142855	
       941	  0.143085	
       942	  0.142408	
       943	  0.147896	
       944	   0.14848	
       945	  0.151245	
       946	  0.154686	
       947	  0.156988	
       948	  0.159948	
       949	  0.167206	
       950	  0.173884	
       951	  0.180406	
       952	  0.189301	
       953	  0.197862	
       954	  0.204698	
       955	  0.207627	
       956	  0.224538	
       957	  0.239622	
       958	  0.255424	
       959	  0.272344	
       960	   0.28806	
       961	  0.306661	
       962	  0.330649	
       963	  0.357345	
       964	  0.388962	
       965	  0.436716	
       966	  0.437748	
       967	  0.444229	
       968	  0.445077	
       969	    0.4502	
       970	  0.455552	
       971	  0.456921	
       972	  0.463168	
       973	  0.464562	
       974	  0.464036	
       975	  0.470824	
       976	  0.479652	
       977	   0.48235	
       978	   0.48968	
       979	   0.49194	
       980	  0.501515	
       981	  0.506095	
       982	  0.513172	
       983	  0.516005	
       984	  0.517857	
       985	  0.523225	
       986	  0.526408	
       987	  0.531717	
       988	   0.53622	
       989	  0.538267	
       990	  0.546451	
       991	  0.557298	
       992	  0.564624	
       993	  0.575808	
       994	  0.584769	
       995	  0.582635	
       996	  0.581179	
       997	  0.575847	
       998	  0.575355	
       999	  0.575439	
      1000	  0.576891	
      1001	  0.579896	
      1002	  0.580001	
      1003	  0.574653	
      1004	  0.565698	
      1005	  0.541425	
      1006	  0.558581	
      1007	  0.570307	
      1008	  0.572961	
      1009	  0.571615	
      1010	   0.57253	
      1011	  0.570304	
      1012	   0.56936	
      1013	  0.567239	
      1014	  0.567979	
      1015	  0.562119	
      1016	  0.562664	
      1017	  0.560356	
      1018	  0.563693	
      1019	  0.553872	
      1020	  0.555736	
      1021	  0.557115	
      1022	  0.552648	
      1023	  0.556144	
      1024	  0.558466	
      1025	  0.558215	
      1026	  0.558483	
      1027	  0.557561	
      1028	  0.557964	
      1029	  0.554882	
      1030	   0.55603	
      1031	  0.555907	
      1032	  0.555414	
      1033	  0.549506	
      1034	  0.551924	
      1035	  0.554612	
      1036	  0.555256	
      1037	  0.551918	
      1038	  0.551248	
      1039	  0.555056	
      1040	  0.554447	
      1041	  0.554701	
      1042	   0.55433	
      1043	  0.551087	
      1044	  0.552054	
      1045	   0.54829	
      1046	  0.538656	
      1047	   0.54446	
      1048	  0.549129	
      1049	  0.547624	
      1050	  0.545087	
      1051	  0.545021	
      1052	  0.542688	
      1053	  0.541589	
      1054	  0.540696	
      1055	  0.542276	
      1056	  0.541382	
      1057	  0.540074	
      1058	  0.534431	
      1059	  0.524036	
      1060	  0.531906	
      1061	  0.526569	
      1062	  0.532277	
      1063	  0.528483	
      1064	  0.533052	
      1065	   0.53205	
      1066	  0.523801	
      1067	  0.525071	
      1068	  0.522608	
      1069	  0.503282	
      1070	  0.513447	
      1071	  0.495336	
      1072	  0.484796	
      1073	  0.470039	
      1074	   0.46751	
      1075	  0.455661	
      1076	  0.452403	
      1077	  0.447256	
      1078	  0.441619	
      1079	  0.431241	
      1080	  0.430195	
      1081	    0.4184	
      1082	   0.41129	
      1083	  0.411258	
      1084	  0.410739	
      1085	   0.40715	
      1086	    0.4037	
      1087	   0.38998	
      1088	  0.392999	
      1089	  0.392004	
      1090	  0.387309	
      1091	  0.385265	
      1092	  0.377368	
      1093	  0.369224	
      1094	  0.353668	
      1095	  0.359465	
      1096	  0.360676	
      1097	  0.360681	
      1098	  0.356682	
      1099	  0.353357	
      1100	  0.358951	
      1101	  0.280391	
      1102	  0.229966	
      1103	   0.20052	
      1104	  0.175768	
      1105	  0.155547	
      1106	  0.139027	
      1107	  0.124853	
      1108	  0.113393	
      1109	  0.103388	
      1110	 0.0947657	
      1111	 0.0867335	
      1112	 0.0798763	
      1113	 0.0735316	
      1114	 0.0686407	
      1115	  0.063646	
      1116	 0.0588434	
      1117	 0.0552891	
      1118	 0.0510585	
      1119	 0.0476788	
      1120	 0.0445788	
      1121	 0.0471342	
      1122	 0.0499047	
      1123	 0.0526155	
      1124	 0.0554607	
      1125	  0.058194	
      1126	 0.0603203	
      1127	 0.0645765	
      1128	 0.0692551	
      1129	 0.0736834	
      1130	  0.078147	
      1131	 0.0781758	
      1132	 0.0779636	
      1133	  0.076849	
      1134	 0.0764731	
      1135	 0.0761836	
      1136	 0.0758299	
      1137	 0.0740869	
      1138	 0.0728923	
      1139	 0.0733845	
      1140	 0.0732935	
      1141	 0.0719354	
      1142	 0.0725056	
      1143	 0.0718128	
      1144	 0.0710121	
      1145	 0.0711729	
      1146	 0.0758316	
      1147	 0.0803856	
      1148	 0.0848493	
      1149	 0.0898798	
      1150	 0.0954588	
      1151	  0.101693	
      1152	  0.108422	
      1153	  0.116581	
      1154	  0.126263	
      1155	  0.136366	
      1156	  0.146717	
      1157	  0.160643	
      1158	  0.175945	
      1159	  0.192238	
      1160	   0.21235	
      1161	  0.238387	
      1162	  0.247597	
      1163	   0.25424	
      1164	  0.256591	
      1165	  0.263611	
      1166	  0.265492	
      1167	  0.274065	
      1168	  0.281478	
      1169	  0.282247	
      1170	  0.293846	
      1171	  0.297034	
      1172	  0.298363	
      1173	   0.29823	
      1174	  0.299233	
      1175	   0.29633	
      1176	  0.294264	
      1177	  0.300335	
      1178	  0.300093	
      1179	  0.300882	
      1180	  0.305127	
      1181	   0.30545	
      1182	  0.304228	
      1183	   0.29459	
      1184	  0.304773	
      1185	  0.310414	
      1186	  0.312119	
      1187	  0.313473	
      1188	  0.311024	
      1189	   0.30216	
      1190	  0.312826	
      1191	   0.32005	
      1192	  0.321652	
      1193	  0.323053	
      1194	  0.324651	
      1195	  0.324371	
      1196	  0.325883	
      1197	  0.325734	
      1198	  0.320879	
      1199	  0.315486	
      1200	  0.329682	
      1201	  0.333985	
      1202	   0.33312	
      1203	  0.323733	
      1204	  0.323114	
      1205	  0.330561	
      1206	  0.330927	
      1207	  0.331289	
      1208	  0.324577	
      1209	  0.314482	
      1210	  0.325091	
      1211	  0.322498	
      1212	  0.328319	
      1213	  0.330428	
      1214	  0.329981	
      1215	  0.331093	
      1216	  0.331574	
      1217	  0.331845	
      1218	   0.33147	
      1219	  0.330536	
      1220	  0.332304	
      1221	  0.333003	
      1222	  0.332713	
      1223	  0.331773	
      1224	  0.335586	
      1225	  0.336063	
      1226	  0.336785	
      1227	  0.332617	
      1228	  0.336658	
      1229	  0.340365	
      1230	  0.341324	
      1231	  0.342118	
      1232	  0.341587	
      1233	  0.344287	
      1234	  0.345538	
      1235	  0.346636	
      1236	  0.350931	
      1237	  0.353989	
      1238	  0.356958	
      1239	   0.35915	
      1240	  0.368272	
      1241	  0.367902	
      1242	  0.364425	
      1243	  0.359036	
      1244	  0.355555	
      1245	  0.354418	
      1246	  0.354425	
      1247	   0.35276	
      1248	  0.352694	
      1249	  0.350768	
      1250	   0.34833	
      1251	  0.344724	
      1252	  0.340985	
      1253	  0.340404	
      1254	  0.339204	
      1255	  0.337287	
      1256	  0.335133	
      1257	  0.332372	
      1258	  0.331766	
      1259	  0.329346	
      1260	  0.328972	
      1261	  0.326977	
      1262	   0.32301	
      1263	  0.323612	
      1264	  0.319889	
      1265	  0.319169	
      1266	  0.319277	
      1267	  0.314564	
      1268	  0.311766	
      1269	  0.312901	
      1270	  0.313514	
      1271	  0.314053	
      1272	  0.313501	
      1273	  0.313734	
      1274	  0.313243	
      1275	  0.315663	
      1276	  0.317592	
      1277	  0.318826	
      1278	  0.319352	
      1279	  0.318803	
      1280	  0.317347	
      1281	  0.307798	
      1282	  0.285685	
      1283	  0.304522	
      1284	  0.318491	
      1285	  0.323292	
      1286	  0.326094	
      1287	  0.329192	
      1288	  0.330863	
      1289	  0.334065	
      1290	  0.333879	
      1291	  0.325604	
      1292	  0.319714	
      1293	  0.313613	
      1294	  0.305269	
      1295	  0.302161	
      1296	  0.298889	
      1297	  0.293549	
      1298	  0.288327	
      1299	  0.286899	
      1300	  0.283326	
      1301	   0.27967	
      1302	  0.274915	
      1303	  0.271076	
      1304	  0.268034	
      1305	  0.267722	
      1306	  0.266018	
      1307	  0.263998	
      1308	  0.261659	
      1309	   0.25964	
      1310	  0.256916	
      1311	  0.254427	
      1312	  0.250467	
      1313	  0.244119	
      1314	  0.246528	
      1315	  0.241226	
      1316	  0.240614	
      1317	  0.242355	
      1318	   0.23956	
      1319	  0.240745	
      1320	  0.239248	
      1321	  0.182387	
      1322	  0.150083	
      1323	  0.127626	
      1324	   0.11061	
      1325	 0.0969404	
      1326	 0.0855993	
      1327	 0.0761334	
      1328	 0.0685007	
      1329	 0.0608295	
      1330	 0.0557116	
      1331	  0.051092	
      1332	 0.0461553	
      1333	 0.0429555	
      1334	 0.0396724	
      1335	 0.0365295	
      1336	 0.0335579	
      1337	 0.0311339	
      1338	 0.0287885	
      1339	 0.0265073	
      1340	 0.0246483	
      1341	 0.0233609	
      1342	 0.0218229	
      1343	 0.0204265	
      1344	 0.0191558	
      1345	 0.0179615	
      1346	   0.01676	
      1347	 0.0158063	
      1348	  0.014862	
      1349	 0.0139548	
      1350	 0.0130356	
      1351	  0.011188	
      1352	0.00970131	
      1353	0.00839206	
      1354	0.00727252	
      1355	0.00628946	
      1356	0.00550747	
      1357	0.00480789	
      1358	0.00428693	
      1359	0.00378939	
      1360	0.00334036	
      1361	 0.0029974	
      1362	0.00266594	
      1363	0.00235207	
      1364	0.00212256	
      1365	0.00190415	
      1366	0.00170898	
      1367	0.00152861	
      1368	0.00138517	
      1369	0.00123525	
      1370	0.00111503	
      1371	0.00101183	
      1372	0.000925828	
      1373	0.000842381	
      1374	0.000764776	
      1375	0.000687229	
      1376	 0.0006223	
      1377	0.000572106	
      1378	0.000523015	
      1379	0.00048081	
      1380	0.000438149	
      1381	0.000401331	
      1382	0.000364596	
      1383	0.00033516	
      1384	0.00030901	
      1385	0.000282343	
      1386	0.000260841	
      1387	 0.0002387	
      1388	0.000220791	
      1389	0.000203792	
      1390	0.000185773	
      1391	0.000173073	
      1392	0.000160197	
      1393	0.000147483	
      1394	0.000135862	
      1395	0.000125821	
      1396	0.000135022	
      1397	0.000144984	
      1398	0.000156056	
      1399	0.000166958	
      1400	0.00017581	
      1401	0.000189103	
      1402	0.000205897	
      1403	0.000220783	
      1404	0.000238589	
      1405	0.000257673	
      1406	0.000279842	
      1407	0.000302503	
      1408	0.000327163	
      1409	0.000355446	
      1410	0.000384968	
      1411	0.00041501	
      1412	0.000442769	
      1413	0.000485598	
      1414	0.000534875	
      1415	0.000584064	
      1416	0.000635622	
      1417	0.000697941	
      1418	0.000765249	
      1419	0.000831352	
      1420	0.000910007	
      1421	0.00100378	
      1422	0.00108852	
      1423	 0.0011959	
      1424	0.00131931	
      1425	0.00146885	
      1426	0.00159493	
      1427	 0.0017805	
      1428	0.00198962	
      1429	 0.0021821	
      1430	0.00242851	
      1431	0.00272849	
      1432	0.00310793	
      1433	 0.0034923	
      1434	0.00388252	
      1435	0.00439515	
      1436	0.00498507	
      1437	0.00567508	
      1438	 0.0064544	
      1439	0.00739253	
      1440	0.00821443	
      1441	0.00952231	
      1442	 0.0110679	
      1443	 0.0123204	
      1444	 0.0129994	
      1445	  0.013698	
      1446	 0.0144789	
      1447	 0.0151841	
      1448	 0.0161056	
      1449	  0.016971	
      1450	 0.0178137	
      1451	 0.0186482	
      1452	 0.0197195	
      1453	 0.0209315	
      1454	  0.022101	
      1455	 0.0233812	
      1456	 0.0247555	
      1457	 0.0265105	
      1458	 0.0285771	
      1459	 0.0306061	
      1460	 0.0325109	
      1461	 0.0346787	
      1462	 0.0369311	
      1463	 0.0380867	
      1464	 0.0381487	
      1465	 0.0384749	
      1466	 0.0381977	
      1467	 0.0386334	
      1468	 0.0383569	
      1469	 0.0386544	
      1470	 0.0384721	
      1471	  0.037948	
      1472	 0.0380775	
      1473	 0.0380061	
      1474	 0.0372955	
      1475	  0.037771	
      1476	 0.0379823	
      1477	   0.03793	
      1478	 0.0396716	
      1479	 0.0419102	
      1480	 0.0440832	
      1481	 0.0459437	
      1482	 0.0484725	
      1483	  0.050323	
      1484	 0.0535429	
      1485	 0.0571194	
      1486	 0.0598878	
      1487	 0.0621362	
      1488	 0.0610245	
      1489	 0.0700209	
      1490	 0.0761976	
      1491	 0.0816644	
      1492	 0.0869721	
      1493	  0.094505	
      1494	  0.102438	
      1495	  0.110789	
      1496	  0.118708	
      1497	  0.133018	
      1498	  0.136038	
      1499	  0.137428	
      1500	  0.141651	
      1501	  0.143989	
      1502	  0.143741	
      1503	  0.136643	
      1504	  0.142054	
      1505	  0.141941	
      1506	  0.149839	
      1507	  0.157625	
      1508	  0.159935	
      1509	  0.162824	
      1510	   0.16908	
      1511	   0.17321	
      1512	  0.174853	
      1513	    0.1785	
      1514	  0.182844	
      1515	  0.189743	
      1516	  0.195729	
      1517	  0.202377	
      1518	  0.213255	
      1519	  0.222474	
      1520	  0.241103	
      1521	  0.236982	
      1522	  0.236174	
      1523	  0.238878	
      1524	  0.239408	
      1525	  0.236186	
      1526	  0.240484	
      1527	  0.239961	
      1528	  0.241054	
      1529	  0.238688	
      1530	  0.230399	
      1531	  0.239367	
      1532	  0.241271	
      1533	  0.239377	
      1534	  0.236789	
      1535	  0.239213	
      1536	  0.242301	
      1537	  0.242743	
      1538	  0.239323	
      1539	  0.242582	
      1540	  0.234671	
      1541	  0.234304	
      1542	  0.234182	
      1543	  0.233002	
      1544	  0.232932	
      1545	  0.232335	
      1546	  0.230272	
      1547	  0.226434	
      1548	  0.221354	
      1549	  0.223027	
      1550	  0.220942	
      1551	  0.220642	
      1552	  0.221388	
      1553	  0.218425	
      1554	  0.213893	
      1555	  0.213324	
      1556	  0.211087	
      1557	  0.213951	
      1558	  0.212743	
      1559	  0.212789	
      1560	  0.212036	
      1561	  0.215092	
      1562	  0.214862	
      1563	  0.214238	
      1564	  0.212709	
      1565	  0.214922	
      1566	  0.213617	
      1567	  0.214038	
      1568	   0.21264	
      1569	  0.214517	
      1570	  0.214878	
      1571	  0.219066	
      1572	  0.219998	
      1573	  0.218163	
      1574	  0.216329	
      1575	  0.208983	
      1576	   0.21396	
      1577	  0.203773	
      1578	  0.215377	
      1579	  0.220602	
      1580	   0.22224	
      1581	  0.221666	
      1582	  0.215013	
      1583	  0.215714	
      1584	  0.214221	
      1585	  0.218177	
      1586	  0.215963	
      1587	  0.212912	
      1588	  0.207373	
      1589	  0.196419	
      1590	  0.200496	
      1591	  0.201961	
      1592	  0.209662	
      1593	  0.213221	
      1594	  0.212118	
      1595	   0.21125	
      1596	    0.2033	
      1597	  0.204634	
      1598	  0.208222	
      1599	  0.205065	
      1600	  0.204988	
      1601	  0.200344	
      1602	  0.201511	
      1603	  0.201571	
      1604	  0.201428	
      1605	  0.199287	
      1606	  0.198358	
      1607	  0.197247	
      1608	   0.19954	
      1609	  0.197443	
      1610	  0.188175	
      1611	   0.19203	
      1612	  0.194024	
      1613	  0.197554	
      1614	  0.197584	
      1615	  0.196925	
      1616	  0.190779	
      1617	   0.19361	
      1618	  0.199572	
      1619	  0.199215	
      1620	  0.194947	
      1621	  0.195369	
      1622	  0.198763	
      1623	  0.203307	
      1624	   0.20447	
      1625	  0.202851	
      1626	   0.20562	
      1627	  0.207609	
      1628	  0.210095	
      1629	  0.212096	
      1630	  0.213498	
      1631	  0.214225	
      1632	  0.213955	
      1633	  0.211444	
      1634	    0.2094	
      1635	  0.211605	
      1636	    0.2108	
      1637	  0.203968	
      1638	  0.202177	
      1639	   0.19916	
      1640	   0.20094	
      1641	   0.19994	
      1642	  0.200174	
      1643	  0.203073	
      1644	  0.201414	
      1645	  0.200764	
      1646	  0.203222	
      1647	  0.203587	
      1648	  0.202961	
      1649	  0.200002	
      1650	  0.201597	
      1651	  0.199758	
      1652	  0.201588	
      1653	    0.2002	
      1654	  0.200812	
      1655	  0.199208	
      1656	  0.200153	
      1657	  0.200222	
      1658	  0.199177	
      1659	  0.197257	
      1660	  0.198325	
      1661	  0.199059	
      1662	  0.198359	
      1663	  0.197556	
      1664	  0.197189	
      1665	  0.195611	
      1666	   0.19415	
      1667	  0.194125	
      1668	  0.191774	
      1669	   0.19308	
      1670	  0.195829	
      1671	   0.19459	
      1672	  0.188939	
      1673	  0.190914	
      1674	  0.192997	
      1675	  0.190995	
      1676	   0.18889	
      1677	  0.189987	
      1678	  0.190528	
      1679	  0.186582	
      1680	  0.179708	
      1681	  0.173343	
      1682	  0.175544	
      1683	  0.179506	
      1684	  0.181442	
      1685	   0.18138	
      1686	  0.179013	
      1687	  0.178707	
      1688	  0.177896	
      1689	  0.175427	
      1690	  0.174981	
      1691	  0.176964	
      1692	  0.176764	
      1693	  0.175639	
      1694	  0.175046	
      1695	  0.174476	
      1696	  0.173292	
      1697	  0.172132	
      1698	  0.171496	
      1699	   0.17015	
      1700	  0.167805	
      1701	  0.167099	
      1702	   0.16668	
      1703	  0.166067	
      1704	  0.165421	
      1705	  0.164726	
      1706	  0.163629	
      1707	  0.162477	
      1708	  0.161334	
      1709	    0.1602	
      1710	  0.159235	
      1711	  0.159234	
      1712	  0.159397	
      1713	  0.159562	
      1714	   0.15973	
      1715	  0.159766	
      1716	  0.158967	
      1717	  0.158041	
      1718	   0.15712	
      1719	  0.156206	
      1720	   0.15536	
      1721	  0.154864	
      1722	  0.154435	
      1723	   0.15401	
      1724	  0.153588	
      1725	  0.153116	
      1726	   0.15229	
      1727	  0.151415	
      1728	  0.150544	
      1729	  0.149679	
      1730	  0.148686	
      1731	  0.146883	
      1732	  0.144957	
      1733	  0.143038	
      1734	  0.141127	
      1735	   0.13959	
      1736	  0.140229	
      1737	  0.141233	
      1738	  0.142235	
      1739	  0.143236	
      1740	  0.144007	
      1741	  0.123628	
      1742	  0.110556	
      1743	  0.100684	
      1744	 0.0926984	
      1745	 0.0860262	
      1746	 0.0804718	
      1747	 0.0756392	
      1748	 0.0713499	
      1749	 0.0675036	
      1750	 0.0640361	
      1751	 0.0609252	
      1752	 0.0580857	
      1753	 0.0554722	
      1754	 0.0530564	
      1755	 0.0507959	
      1756	 0.0485707	
      1757	 0.0464775	
      1758	 0.0445201	
      1759	 0.0426855	
      1760	 0.0409737	
      1761	 0.0394276	
      1762	 0.0379795	
      1763	 0.0366109	
      1764	 0.0353155	
      1765	 0.0340875	
      1766	  0.032922	
      1767	 0.0318144	
      1768	 0.0307605	
      1769	 0.0297567	
      1770	 0.0287885	
      1771	 0.0277933	
      1772	 0.0268333	
      1773	  0.025917	
      1774	 0.0250415	
      1775	 0.0242183	
      1776	 0.0235106	
      1777	 0.0228448	
      1778	 0.0222054	
      1779	  0.021591	
      1780	 0.0209944	
      1781	 0.0203857	
      1782	 0.0197947	
      1783	 0.0192264	
      1784	 0.0186794	
      1785	 0.0181579	
      1786	  0.017686	
      1787	 0.0172357	
      1788	 0.0168009	
      1789	  0.016381	
      1790	 0.0159688	
      1791	 0.0155292	
      1792	 0.0150988	
      1793	 0.0146832	
      1794	 0.0142818	
      1795	 0.0138939	
      1796	 0.0135191	
      1797	 0.0131567	
      1798	 0.0128063	
      1799	 0.0124672	
      1800	 0.0121464	
      1801	 0.0104395	
      1802	0.00903836	
      1803	0.00787124	
      1804	0.00689026	
      1805	0.00605855	
      1806	0.00534416	
      1807	0.00473104	
      1808	0.00420248	
      1809	0.00374459	
      1810	 0.0033392	
      1811	0.00294831	
      1812	0.00260342	
      1813	0.00230345	
      1814	0.00204178	
      1815	 0.0018185	
      1816	0.00165241	
      1817	0.00150874	
      1818	0.00137982	
      1819	0.00126387	
      1820	0.00115899	
      1821	0.00106232	
      1822	0.00097471	
      1823	0.000895476	
      1824	0.000823692	
      1825	0.000757758	
      1826	0.000693356	
      1827	0.00063444	
      1828	0.000581122	
      1829	0.000532806	
      1830	0.000489212	
      1831	0.000450842	
      1832	0.000416063	
      1833	0.000384298	
      1834	0.000355253	
      1835	0.000328627	
      1836	0.000303924	
      1837	0.000281253	
      1838	0.000260462	
      1839	0.000241377	
      1840	0.000223814	
      1841	0.000207452	
      1842	0.000192384	
      1843	0.000178519	
      1844	0.000165753	
      1845	0.000154069	
      1846	0.000143704	
      1847	0.000134181	
      1848	0.000125359	
      1849	0.000117179	
      1850	0.000109555	
      1851	0.000102277	
      1852	9.54991e-05	
      1853	8.92127e-05	
      1854	8.3379e-05	
      1855	7.79624e-05	
      1856	7.29301e-05	
      1857	6.82523e-05	
      1858	6.39019e-05	
      1859	5.98536e-05	
      1860	5.60846e-05	
      1861	5.7972e-05	
      1862	5.99306e-05	
      1863	6.19635e-05	
      1864	6.40738e-05	
      1865	6.62784e-05	
      1866	6.86337e-05	
      1867	7.10974e-05	
      1868	7.36601e-05	
      1869	7.63265e-05	
      1870	7.89278e-05	
      1871	8.05269e-05	
      1872	8.19597e-05	
      1873	8.33979e-05	
      1874	8.48396e-05	
      1875	8.67601e-05	
      1876	9.16638e-05	
      1877	9.73482e-05	
      1878	0.000103354	
      1879	0.000109699	
      1880	0.000116086	
      1881	0.000120852	
      1882	0.000125493	
      1883	0.000130336	
      1884	0.000135391	
      1885	0.000140552	
      1886	0.000145174	
      1887	0.000149843	
      1888	0.000154682	
      1889	0.000159698	
      1890	0.000165015	
      1891	0.000171269	
      1892	0.000177923	
      1893	0.000184872	
      1894	0.000192133	
      1895	0.000199865	
      1896	0.000208859	
      1897	0.000218463	
      1898	0.000228559	
      1899	0.000239176	
      1900	0.000250218	
      1901	0.000260973	
      1902	0.00027212	
      1903	0.000283814	
      1904	0.000296086	
      1905	0.000308923	
      1906	0.00032203	
      1907	0.000335733	
      1908	0.000350113	
      1909	0.000365208	
      1910	0.000381144	
      1911	0.000398297	
      1912	0.000416436	
      1913	0.000435534	
      1914	0.000455649	
      1915	0.000476843	
      1916	0.000499186	
      1917	0.000522749	
      1918	0.00054761	
      1919	0.000573853	
      1920	0.000601567	
      1921	0.000572714	
      1922	0.000576063	
      1923	0.000586208	
      1924	0.00060038	
      1925	0.000617372	
      1926	0.000635539	
      1927	0.000655765	
      1928	0.000678194	
      1929	0.000702814	
      1930	0.000730224	
      1931	0.000763487	
      1932	0.000800167	
      1933	0.000839902	
      1934	0.000882925	
      1935	0.000929008	
      1936	0.000975488	
      1937	 0.0010252	
      1938	0.00107896	
      1939	0.00113716	
      1940	0.00119837	
      1941	0.00125296	
      1942	0.00130966	
      1943	0.00137069	
      1944	0.00143646	
      1945	0.00151248	
      1946	0.00162717	
      1947	0.00175935	
      1948	0.00190562	
      1949	0.00206791	
      1950	0.00224666	
      1951	0.00243449	
      1952	0.00264207	
      1953	0.00287451	
      1954	0.00313581	
      1955	0.00342818	
      1956	0.00374214	
      1957	0.00409594	
      1958	0.00450054	
      1959	0.00496651	
      1960	0.00550665	
      1961	0.00584921	
      1962	0.00621925	
      1963	 0.0066208	
      1964	0.00705746	
      1965	0.00753951	
      1966	0.00810602	
      1967	0.00873632	
      1968	0.00943207	
      1969	 0.0102025	
      1970	 0.0110522	
      1971	  0.011955	
      1972	 0.0129559	
      1973	 0.0140787	
      1974	  0.015345	
      1975	 0.0167818	
      1976	 0.0184237	
      1977	 0.0203155	
      1978	 0.0225168	
      1979	 0.0251088	
      1980	 0.0282136	
      1981	 0.0320335	
      1982	 0.0368194	
      1983	 0.0430295	
      1984	 0.0515771	
      1985	 0.0648045	
      1986	 0.0495146	
      1987	 0.0419024	
      1988	 0.0366579	
      1989	 0.0326707	
      1990	 0.0294544	
      1991	  0.026661	
      1992	 0.0242802	
      1993	 0.0222354	
      1994	 0.0204568	
      1995	 0.0189067	
      1996	 0.0175989	
      1997	 0.0164412	
      1998	 0.0153997	
      1999	 0.0144578	
      2000	 0.0135961	
      2001	 0.0127773	
      2002	 0.0120233	
      2003	 0.0113317	
      2004	 0.0106955	
      2005	  0.010113	
      2006	 0.0105353	
      2007	 0.0109867	
      2008	  0.011465	
      2009	 0.0119724	
      2010	 0.0125091	
      2011	 0.0130616	
      2012	 0.0136472	
      2013	 0.0142713	
      2014	 0.0149375	
      2015	 0.0156474	
      2016	 0.0163851	
      2017	 0.0171737	
      2018	 0.0180218	
      2019	 0.0189366	
      2020	  0.019935	
      2021	 0.0210753	
      2022	 0.0223293	
      2023	 0.0237035	
      2024	 0.0252163	
      2025	 0.0268788	
      2026	 0.0286535	
      2027	 0.0306297	
      2028	 0.0328663	
      2029	 0.0354274	
      2030	 0.0384155	
      2031	 0.0420154	
      2032	 0.0464285	
      2033	 0.0520828	
      2034	  0.060017	
      2035	 0.0751122	
      2036	 0.0739074	
      2037	 0.0727942	
      2038	 0.0717638	
      2039	 0.0708008	
      2040	 0.0699464	
      2041	 0.0694243	
      2042	 0.0689901	
      2043	 0.0685869	
      2044	 0.0682113	
      2045	 0.0678163	
      2046	  0.067157	
      2047	 0.0664789	
      2048	 0.0658237	
      2049	 0.0651898	
      2050	  0.064594	
      2051	 0.0641013	
      2052	 0.0636429	
      2053	 0.0631995	
      2054	 0.0627705	
      2055	 0.0623432	
      2056	 0.0618343	
      2057	  0.061327	
      2058	 0.0608326	
      2059	 0.0603505	
      2060	 0.0598978	
      2061	 0.0595377	
      2062	 0.0592054	
      2063	 0.0588833	
      2064	 0.0585712	
      2065	  0.058269	
      2066	 0.0585265	
      2067	 0.0587892	
      2068	 0.0590572	
      2069	  0.059331	
      2070	 0.0596283	
      2071	 0.0600153	
      2072	 0.0604281	
      2073	 0.0608494	
      2074	 0.0612797	
      2075	 0.0616948	
      2076	 0.0619594	
      2077	 0.0622069	
      2078	  0.062462	
      2079	 0.0627254	
      2080	 0.0630103	
      2081	 0.0633687	
      2082	 0.0637514	
      2083	 0.0641465	
      2084	 0.0645549	
      2085	 0.0649844	
      2086	 0.0654429	
      2087	 0.0659256	
      2088	 0.0664275	
      2089	 0.0669504	
      2090	 0.0674828	
      2091	 0.0679709	
      2092	 0.0684724	
      2093	  0.069005	
      2094	 0.0695733	
      2095	 0.0702128	
      2096	 0.0710956	
      2097	 0.0720755	
      2098	   0.07314	
      2099	 0.0743145	
      2100	 0.0756332	
      2101	 0.0756553	
      2102	 0.0756702	
      2103	  0.075686	
      2104	 0.0757025	
      2105	 0.0757041	
      2106	 0.0756116	
      2107	 0.0755038	
      2108	 0.0753968	
      2109	 0.0752904	
      2110	 0.0751927	
      2111	 0.0751594	
      2112	  0.075135	
      2113	 0.0751116	
      2114	 0.0750894	
      2115	 0.0750682	
      2116	 0.0750322	
      2117	 0.0749974	
      2118	 0.0749638	
      2119	 0.0749315	
      2120	 0.0749007	
      2121	 0.0748552	
      2122	 0.0748112	
      2123	 0.0747689	
      2124	 0.0747283	
      2125	 0.0747138	
      2126	 0.0748312	
      2127	 0.0749755	
      2128	 0.0751226	
      2129	 0.0752727	
      2130	 0.0753935	
      2131	 0.0753378	
      2132	 0.0752524	
      2133	 0.0751703	
      2134	 0.0750919	
      2135	 0.0750422	
      2136	 0.0751621	
      2137	 0.0753128	
      2138	 0.0754703	
      2139	 0.0756356	
      2140	 0.0757849	
      2141	 0.0757946	
      2142	 0.0757911	
      2143	 0.0758023	
      2144	 0.0758323	
      2145	  0.075913	
      2146	  0.076149	
      2147	 0.0764701	
      2148	 0.0769056	
      2149	 0.0768567	
      2150	 0.0767994	
      2151	 0.0766566	
      2152	 0.0765054	
      2153	 0.0763543	
      2154	 0.0762033	
      2155	 0.0760524	
      2156	 0.0758674	
      2157	 0.0756826	
      2158	 0.0754979	
      2159	 0.0753134	
      2160	 0.0750264	
      2161	 0.0741073	
      2162	 0.0730859	
      2163	 0.0720651	
      2164	 0.0710446	
      2165	  0.070221	
      2166	  0.070593	
      2167	 0.0711613	
      2168	 0.0717295	
      2169	 0.0722976	
      2170	 0.0728058	
      2171	 0.0729215	
      2172	 0.0729774	
      2173	 0.0730335	
      2174	 0.0730896	
      2175	 0.0731116	
      2176	 0.0729291	
      2177	 0.0727127	
      2178	 0.0724963	
      2179	 0.0722801	
      2180	 0.0720896	
      2181	 0.0720696	
      2182	 0.0720752	
      2183	 0.0720808	
      2184	 0.0720865	
      2185	 0.0720582	
      2186	 0.0718087	
      2187	 0.0715253	
      2188	  0.071242	
      2189	 0.0709589	
      2190	 0.0707185	
      2191	 0.0707333	
      2192	 0.0707907	
      2193	 0.0708481	
      2194	 0.0709056	
      2195	 0.0709376	
      2196	 0.0708337	
      2197	 0.0707044	
      2198	 0.0705752	
      2199	 0.0704293	
      2200	 0.0702582	
      2201	 0.0699345	
      2202	 0.0695857	
      2203	 0.0692373	
      2204	 0.0688892	
      2205	 0.0685838	
      2206	  0.068499	
      2207	 0.0684565	
      2208	 0.0684142	
      2209	  0.068372	
      2210	 0.0683215	
      2211	 0.0682372	
      2212	 0.0681446	
      2213	 0.0680522	
      2214	 0.0679599	
      2215	 0.0678677	
      2216	 0.0677757	
      2217	 0.0676838	
      2218	  0.067592	
      2219	 0.0675004	
      2220	  0.067392	
      2221	 0.0671828	
      2222	 0.0669568	
      2223	 0.0667311	
      2224	 0.0665057	
      2225	 0.0662972	
      2226	 0.0661899	
      2227	 0.0660995	
      2228	 0.0660093	
      2229	 0.0659191	
      2230	 0.0658291	
      2231	 0.0657224	
      2232	 0.0656159	
      2233	 0.0655094	
      2234	 0.0654032	
      2235	 0.0652802	
      2236	 0.0650401	
      2237	 0.0647835	
      2238	 0.0645271	
      2239	 0.0642709	
      2240	   0.06404	
      2241	 0.0639599	
      2242	  0.063905	
      2243	 0.0638502	
      2244	 0.0637955	
      2245	 0.0637242	
      2246	 0.0635694	
      2247	 0.0633981	
      2248	  0.063227	
      2249	  0.063056	
      2250	 0.0628852	
      2251	 0.0626812	
      2252	 0.0624773	
      2253	 0.0622737	
      2254	 0.0620702	
      2255	 0.0618836	
      2256	 0.0618136	
      2257	 0.0617604	
      2258	 0.0617072	
      2259	 0.0616542	
      2260	 0.0615929	
      2261	 0.0614485	
      2262	  0.061296	
      2263	 0.0611437	
      2264	 0.0609914	
      2265	 0.0608559	
      2266	  0.060787	
      2267	 0.0607346	
      2268	 0.0606824	
      2269	 0.0606302	
      2270	 0.0605698	
      2271	 0.0601948	
      2272	 0.0598235	
      2273	 0.0594632	
      2274	 0.0591128	
      2275	 0.0587554	
      2276	  0.058326	
      2277	 0.0578891	
      2278	 0.0574603	
      2279	 0.0570392	
      2280	 0.0566491	
      2281	 0.0564078	
      2282	 0.0561952	
      2283	 0.0559874	
      2284	 0.0557839	
      2285	 0.0555846	
      2286	 0.0553583	
      2287	 0.0551359	
      2288	 0.0549174	
      2289	 0.0547024	
      2290	 0.0544603	
      2291	 0.0540233	
      2292	 0.0535606	
      2293	 0.0531025	
      2294	  0.052649	
      2295	  0.052245	
      2296	 0.0520852	
      2297	 0.0519728	
      2298	 0.0518623	
      2299	 0.0517538	
      2300	 0.0516397	
      2301	 0.0514683	
      2302	 0.0512916	
      2303	  0.051117	
      2304	 0.0509444	
      2305	 0.0507664	
      2306	 0.0505613	
      2307	 0.0503508	
      2308	 0.0501425	
      2309	 0.0499361	
      2310	 0.0497316	
      2311	 0.0495002	
      2312	 0.0492708	
      2313	 0.0490433	
      2314	 0.0488178	
      2315	  0.048594	
      2316	 0.0483863	
      2317	 0.0481802	
      2318	 0.0479759	
      2319	 0.0477731	
      2320	 0.0475508	
      2321	 0.0471757	
      2322	  0.046782	
      2323	 0.0463906	
      2324	 0.0460017	
      2325	 0.0456638	
      2326	 0.0455915	
      2327	 0.0455685	
      2328	 0.0455461	
      2329	 0.0455242	
      2330	 0.0454822	
      2331	 0.0453311	
      2332	 0.0451606	
      2333	 0.0449912	
      2334	  0.044823	
      2335	 0.0446559	
      2336	 0.0444899	
      2337	  0.044325	
      2338	 0.0441612	
      2339	 0.0439984	
      2340	 0.0438434	
      2341	 0.0437296	
      2342	 0.0436233	
      2343	 0.0435178	
      2344	  0.043413	
      2345	 0.0432956	
      2346	 0.0431127	
      2347	 0.0429175	
      2348	 0.0427234	
      2349	 0.0425304	
      2350	 0.0423253	
      2351	 0.0420292	
      2352	 0.0417215	
      2353	 0.0414152	
      2354	 0.0411105	
      2355	 0.0408462	
      2356	 0.0407915	
      2357	 0.0407761	
      2358	  0.040761	
      2359	 0.0407462	
      2360	 0.0407252	
      2361	 0.0390613	
      2362	 0.0375781	
      2363	 0.0362416	
      2364	 0.0350241	
      2365	 0.0338999	
      2366	 0.0328179	
      2367	 0.0318055	
      2368	 0.0308586	
      2369	 0.0299692	
      2370	 0.0291264	
      2371	 0.0283025	
      2372	 0.0275172	
      2373	 0.0267712	
      2374	 0.0260609	
      2375	 0.0254001	
      2376	 0.0248496	
      2377	 0.0243387	
      2378	 0.0238491	
      2379	 0.0233792	
      2380	  0.022898	
      2381	 0.0222679	
      2382	 0.0216332	
      2383	 0.0210219	
      2384	 0.0204328	
      2385	 0.0198981	
      2386	 0.0195799	
      2387	 0.0193043	
      2388	 0.0190372	
      2389	 0.0187782	
      2390	 0.0185145	
      2391	 0.0181861	
      2392	 0.0178556	
      2393	 0.0175349	
      2394	 0.0172234	
      2395	 0.0169207	
      2396	 0.0166209	
      2397	 0.0163294	
      2398	 0.0160458	
      2399	 0.0157698	
      2400	 0.0155011	
      2401	 0.0152444	
      2402	 0.0149943	
      2403	 0.0147505	
      2404	 0.0145127	
      2405	 0.0142808	
      2406	 0.0140592	
      2407	 0.0138429	
      2408	 0.0136316	
      2409	 0.0134253	
      2410	 0.0132125	
      2411	 0.0129386	
      2412	 0.0126603	
      2413	 0.0123888	
      2414	 0.0121237	
      2415	 0.0118815	
      2416	 0.0117353	
      2417	 0.0116082	
      2418	 0.0114835	
      2419	 0.0113612	
      2420	 0.0112354	
      2421	 0.0110735	
      2422	 0.0109093	
      2423	 0.0107484	
      2424	 0.0105908	
      2425	 0.0104382	
      2426	 0.0102994	
      2427	 0.0101651	
      2428	 0.0100333	
      2429	0.00990403	
      2430	0.00977544	
      2431	0.00963237	
      2432	0.00949039	
      2433	0.00935111	
      2434	0.00921449	
      2435	0.00908205	
      2436	0.00896478	
      2437	0.00885119	
      2438	0.00873962	
      2439	0.00863001	
      2440	 0.0085208	
      2441	0.00840153	
      2442	0.00828292	
      2443	0.00816644	
      2444	0.00805202	
      2445	 0.0079382	
      2446	0.00782073	
      2447	0.00770396	
      2448	0.00758926	
      2449	0.00747658	
      2450	0.00736857	
      2451	0.00692198	
      2452	0.00651438	
      2453	0.00613911	
      2454	0.00579277	
      2455	0.00547442	
      2456	0.00518884	
      2457	0.00492507	
      2458	0.00467926	
      2459	 0.0044498	
      2460	0.00423449	
      2461	  0.004027	
      2462	0.00383197	
      2463	 0.0036491	
      2464	0.00347741	
      2465	0.00331482	
      2466	0.00315604	
      2467	0.00300558	
      2468	0.00286396	
      2469	0.00273053	
      2470	0.00260569	
      2471	0.00249437	
      2472	0.00238991	
      2473	0.00229094	
      2474	 0.0021971	
      2475	0.00210687	
      2476	0.00201365	
      2477	0.00192424	
      2478	0.00183951	
      2479	0.00175916	
      2480	 0.0016839	
      2481	0.00161677	
      2482	0.00155377	
      2483	0.00149375	
      2484	0.00143654	
      2485	 0.0013825	
      2486	0.00133349	
      2487	0.00128712	
      2488	0.00124273	
      2489	0.00120023	
      2490	0.00115752	
      2491	0.00110464	
      2492	0.00105247	
      2493	0.00100287	
      2494	0.000955687	
      2495	0.000913591	
      2496	0.000888948	
      2497	0.000867747	
      2498	0.000847168	
      2499	0.000827188	
      2500	0.000806529	
      2501	0.000304267	
      2502	0.000131029	
      2503	6.16255e-05	
      2504	3.08951e-05	
      2505	1.62653e-05	
      2506	8.88914e-06	
      2507	5.01721e-06	
      2508	2.91041e-06	
      2509	1.72848e-06	
      2510	 1.048e-06	
      2511	6.47806e-07	
      2512	4.07021e-07	
      2513	2.59467e-07	
      2514	1.67588e-07	
      2515	1.09545e-07	
      2516	7.24232e-08	
      2517	4.8366e-08	
      2518	3.26027e-08	
      2519	2.2168e-08	
      2520	1.51983e-08	
      2521	1.05076e-08	
      2522	7.31775e-09	
      2523	5.1303e-09	
      2524	3.61938e-09	
      2525	2.56917e-09	
      2526	1.83627e-09	
      2527	1.31974e-09	
      2528	9.53325e-10	
      2529	6.91973e-10	
      2530	5.04481e-10	
      2531	3.68636e-10	
      2532	2.70447e-10	
      2533	1.99211e-10	
      2534	1.47305e-10	
      2535	1.09351e-10	
      2536	8.15349e-11	
      2537	6.1016e-11	
      2538	4.58118e-11	
      2539	3.45058e-11	
      2540	 2.607e-11	
      2541	1.97635e-11	
      2542	1.50256e-11	
      2543	1.14552e-11	
      2544	8.75668e-12	
      2545	6.71129e-12	
      2546	5.15443e-12	
      2547	3.96841e-12	
      2548	3.06254e-12	
      2549	2.36891e-12	
      2550	1.83648e-12	
      2551	1.4262e-12	
      2552	1.10993e-12	
      2553	8.65576e-13	
      2554	6.7637e-13	
      2555	5.29557e-13	
      2556	4.1522e-13	
      2557	3.26173e-13	
      2558	2.56688e-13	
      2559	2.02362e-13	
      2560	1.59844e-13	
      2561	1.26584e-13	
      2562	1.00432e-13	
      2563	7.98119e-14	
      2564	6.35252e-14	
      2565	5.06401e-14	
      2566	4.04116e-14	
      2567	3.22967e-14	
      2568	2.58486e-14	
      2569	2.07172e-14	
      2570	1.66274e-14	
      2571	1.33572e-14	
      2572	1.07445e-14	
      2573	8.65408e-15	
      2574	6.97929e-15	
      2575	5.63568e-15	
      2576	4.55634e-15	
      2577	3.68816e-15	
      2578	2.98895e-15	
      2579	2.42512e-15	
      2580	1.96945e-15	
      2581	1.59902e-15	
      2582	1.29938e-15	
      2583	1.05703e-15	
      2584	8.60788e-16	
      2585	7.02031e-16	
      2586	5.74998e-16	
      2587	4.71649e-16	
      2588	3.87263e-16	
      2589	3.18288e-16	
      2590	2.61791e-16	
      2591	2.15131e-16	
      2592	1.76912e-16	
      2593	1.45616e-16	
      2594	1.19966e-16	
      2595	9.8945e-17	
      2596	8.17555e-17	
      2597	6.76268e-17	
      2598	5.59878e-17	
      2599	4.6391e-17	
      2600	3.84713e-17	
      2601	2.40936e-17	
      2602	1.84546e-17	
      2603	1.46805e-17	
      2604	1.19157e-17	
      2605	9.7993e-18	
      2606	8.12794e-18	
      2607	6.79095e-18	
      2608	5.70718e-18	
      2609	4.81965e-18	
      2610	4.08688e-18	
      2611	3.47946e-18	
      2612	2.97154e-18	
      2613	2.54478e-18	
      2614	2.1847e-18	
      2615	1.87977e-18	
      2616	1.61916e-18	
      2617	1.39729e-18	
      2618	1.2079e-18	
      2619	1.04585e-18	
      2620	9.06458e-19	
      2621	7.84098e-19	
      2622	6.78794e-19	
      2623	5.88335e-19	
      2624	5.10505e-19	
      2625	4.43989e-19	
      2626	3.89211e-19	
      2627	3.4195e-19	
      2628	3.00712e-19	
      2629	2.64686e-19	
      2630	2.33065e-19	
      2631	2.04795e-19	
      2632	1.80011e-19	
      2633	1.58349e-19	
      2634	1.39398e-19	
      2635	1.22773e-19	
      2636	1.07942e-19	
      2637	9.49418e-20	
      2638	8.35604e-20	
      2639	7.35888e-20	
      2640	6.48782e-20	
      2641	5.74034e-20	
      2642	5.08445e-20	
      2643	4.50604e-20	
      2644	3.99562e-20	
      2645	3.54491e-20	
      2646	3.14356e-20	
      2647	2.78905e-20	
      2648	2.47575e-20	
      2649	2.19871e-20	
      2650	1.9536e-20	
      2651	1.73487e-20	
      2652	1.54133e-20	
      2653	1.36998e-20	
      2654	1.2182e-20	
      2655	1.08397e-20	
      2656	9.65905e-21	
      2657	8.6127e-21	
      2658	7.68279e-21	
      2659	6.85598e-21	
      2660	6.11897e-21	
      2661	5.45496e-21	
      2662	4.86356e-21	
      2663	4.33784e-21	
      2664	3.87032e-21	
      2665	3.45617e-21	
      2666	3.09374e-21	
      2667	2.77169e-21	
      2668	2.48401e-21	
      2669	2.22693e-21	
      2670	1.9966e-21	
      2671	1.78609e-21	
      2672	1.59787e-21	
      2673	1.42992e-21	
      2674	1.28001e-21	
      2675	1.14646e-21	
      2676	1.02822e-21	
      2677	9.22679e-22	
      2678	8.28217e-22	
      2679	7.4364e-22	
      2680	6.6789e-22	
      2681	6.00025e-22	
      2682	5.39206e-22	
      2683	4.84685e-22	
      2684	4.35794e-22	
      2685	3.9194e-22	
      2686	3.52223e-22	
      2687	3.16613e-22	
      2688	2.84675e-22	
      2689	2.56024e-22	
      2690	2.30313e-22	
      2691	2.07346e-22	
      2692	1.86715e-22	
      2693	1.68177e-22	
      2694	1.51517e-22	
      2695	1.36539e-22	
      2696	1.23005e-22	
      2697	1.10838e-22	
      2698	9.98979e-23	
      2699	9.00576e-23	
      2700	8.12268e-23	
      2701	9.2977e-23	
      2702	1.06505e-22	
      2703	1.22057e-22	
      2704	1.39946e-22	
      2705	1.60533e-22	
      2706	1.84236e-22	
      2707	2.1154e-22	
      2708	2.43009e-22	
      2709	2.79295e-22	
      2710	3.21157e-22	
      2711	3.6968e-22	
      2712	4.25748e-22	
      2713	4.90568e-22	
      2714	5.65546e-22	
      2715	6.52321e-22	
      2716	7.52391e-22	
      2717	8.68269e-22	
      2718	1.00252e-21	
      2719	1.15816e-21	
      2720	1.33868e-21	
      2721	1.54733e-21	
      2722	1.78949e-21	
      2723	2.0707e-21	
      2724	2.39744e-21	
      2725	2.77808e-21	
      2726	3.22278e-21	
      2727	3.74188e-21	
      2728	4.34715e-21	
      2729	5.05332e-21	
      2730	5.87772e-21	
      2731	6.83316e-21	
      2732	7.94875e-21	
      2733	9.25217e-21	
      2734	1.0776e-20	
      2735	1.25588e-20	
      2736	1.46541e-20	
      2737	 1.711e-20	
      2738	1.99906e-20	
      2739	2.33715e-20	
      2740	2.73426e-20	
      2741	3.2028e-20	
      2742	3.75422e-20	
      2743	4.40362e-20	
      2744	5.16899e-20	
      2745	6.0717e-20	
      2746	7.13316e-20	
      2747	8.38629e-20	
      2748	9.86683e-20	
      2749	1.16174e-19	
      2750	1.3689e-19	
      2751	1.61331e-19	
      2752	1.90283e-19	
      2753	2.24607e-19	
      2754	2.65333e-19	
      2755	3.13697e-19	
      2756	3.7118e-19	
      2757	4.3956e-19	
      2758	5.20975e-19	
      2759	6.17996e-19	
      2760	7.33719e-19	
      2761	8.72381e-19	
      2762	1.03817e-18	
      2763	1.23659e-18	
      2764	1.47429e-18	
      2765	1.75931e-18	
      2766	2.10265e-18	
      2767	2.51541e-18	
      2768	3.01214e-18	
      2769	3.61055e-18	
      2770	4.33094e-18	
      2771	5.19433e-18	
      2772	6.23448e-18	
      2773	7.49081e-18	
      2774	9.00996e-18	
      2775	1.0849e-17	
      2776	1.30857e-17	
      2777	1.58014e-17	
      2778	1.91026e-17	
      2779	2.31207e-17	
      2780	2.80173e-17	
      2781	3.40125e-17	
      2782	4.13419e-17	
      2783	5.03142e-17	
      2784	6.13127e-17	
      2785	7.48137e-17	
      2786	 9.141e-17	
      2787	1.11841e-16	
      2788	1.37029e-16	
      2789	1.68129e-16	
      2790	2.06587e-16	
      2791	2.54066e-16	
      2792	3.12932e-16	
      2793	3.86032e-16	
      2794	4.76964e-16	
      2795	5.9045e-16	
      2796	7.32596e-16	
      2797	9.10785e-16	
      2798	1.13429e-15	
      2799	1.41515e-15	
      2800	1.76879e-15	
      2801	 2.066e-15	
      2802	2.41476e-15	
      2803	2.82429e-15	
      2804	3.30555e-15	
      2805	3.87268e-15	
      2806	4.54313e-15	
      2807	5.3351e-15	
      2808	6.26971e-15	
      2809	7.37347e-15	
      2810	8.67807e-15	
      2811	1.02213e-14	
      2812	1.20482e-14	
      2813	1.42128e-14	
      2814	1.67796e-14	
      2815	1.98261e-14	
      2816	2.34304e-14	
      2817	2.77131e-14	
      2818	3.28064e-14	
      2819	3.88692e-14	
      2820	4.60928e-14	
      2821	5.46735e-14	
      2822	6.49101e-14	
      2823	7.71343e-14	
      2824	9.17464e-14	
      2825	1.09265e-13	
      2826	1.30337e-13	
      2827	1.55675e-13	
      2828	1.86126e-13	
      2829	2.22763e-13	
      2830	2.66891e-13	
      2831	3.19898e-13	
      2832	3.83849e-13	
      2833	4.61094e-13	
      2834	5.54509e-13	
      2835	6.67617e-13	
      2836	8.04229e-13	
      2837	9.69954e-13	
      2838	1.17126e-12	
      2839	1.41611e-12	
      2840	1.71433e-12	
      2841	2.07938e-12	
      2842	2.52554e-12	
      2843	3.07161e-12	
      2844	3.74097e-12	
      2845	4.56269e-12	
      2846	5.56944e-12	
      2847	6.8085e-12	
      2848	8.33596e-12	
      2849	1.02221e-11	
      2850	1.25552e-11	
      2851	1.54463e-11	
      2852	1.90353e-11	
      2853	2.34991e-11	
      2854	2.90615e-11	
      2855	3.60067e-11	
      2856	4.47253e-11	
      2857	5.56633e-11	
      2858	6.94151e-11	
      2859	8.67431e-11	
      2860	1.08627e-10	
      2861	1.36332e-10	
      2862	1.7149e-10	
      2863	2.16219e-10	
      2864	2.73276e-10	
      2865	3.46254e-10	
      2866	4.39272e-10	
      2867	5.58774e-10	
      2868	7.12763e-10	
      2869	9.11817e-10	
      2870	1.17036e-09	
      2871	1.50794e-09	
      2872	1.94988e-09	
      2873	2.52993e-09	
      2874	3.2942e-09	
      2875	4.30677e-09	
      2876	5.65637e-09	
      2877	7.46181e-09	
      2878	9.88584e-09	
      2879	1.31566e-08	
      2880	1.75931e-08	
      2881	2.36124e-08	
      2882	3.18606e-08	
      2883	4.32347e-08	
      2884	5.90252e-08	
      2885	8.11055e-08	
      2886	1.12299e-07	
      2887	1.56657e-07	
      2888	2.20313e-07	
      2889	3.12581e-07	
      2890	4.47796e-07	
      2891	6.48383e-07	
      2892	9.50049e-07	
      2893	1.41085e-06	
      2894	2.12752e-06	
      2895	3.26619e-06	
      2896	5.11978e-06	
      2897	8.24504e-06	
      2898	1.37735e-05	
      2899	2.43938e-05	
      2900	5.15709e-05	
      2901	5.26837e-05	
      2902	5.38238e-05	
      2903	5.49922e-05	
      2904	5.61895e-05	
      2905	5.74167e-05	
      2906	5.86336e-05	
      2907	5.98802e-05	
      2908	6.11573e-05	
      2909	6.24658e-05	
      2910	6.38066e-05	
      2911	6.51348e-05	
      2912	6.64949e-05	
      2913	6.78881e-05	
      2914	6.9315e-05	
      2915	7.07768e-05	
      2916	7.23258e-05	
      2917	7.3914e-05	
      2918	7.55425e-05	
      2919	7.72127e-05	
      2920	7.89256e-05	
      2921	8.06826e-05	
      2922	8.2485e-05	
      2923	8.43342e-05	
      2924	8.62315e-05	
      2925	8.81784e-05	
      2926	9.01765e-05	
      2927	9.22273e-05	
      2928	9.43324e-05	
      2929	9.64935e-05	
      2930	9.87124e-05	
      2931	0.000100917	
      2932	0.00010318	
      2933	0.000105503	
      2934	0.000107887	
      2935	0.000110334	
      2936	0.000112929	
      2937	0.000115596	
      2938	0.000118337	
      2939	0.000121154	
      2940	0.00012405	
      2941	0.000126933	
      2942	0.000129896	
      2943	0.00013294	
      2944	0.000136069	
      2945	0.000139337	
      2946	0.000142805	
      2947	0.000146429	
      2948	0.000150161	
      2949	0.000154004	
      2950	0.000157964	
      2951	0.000162043	
      2952	0.000166246	
      2953	0.000170578	
      2954	0.000175043	
      2955	0.000179645	
      2956	0.000184253	
      2957	0.000189001	
      2958	0.000193895	
      2959	0.00019894	
      2960	0.000204142	
      2961	0.000209666	
      2962	0.000215367	
      2963	0.000221253	
      2964	0.000227331	
      2965	0.000233607	
      2966	0.000239908	
      2967	0.000246414	
      2968	0.000253132	
      2969	0.000260072	
      2970	0.000267241	
      2971	0.000274861	
      2972	0.000282741	
      2973	0.000290894	
      2974	0.00029933	
      2975	0.000308062	
      2976	0.000316858	
      2977	0.00032596	
      2978	0.000335382	
      2979	0.000345138	
      2980	0.000355242	
      2981	0.000365993	
      2982	0.000377142	
      2983	0.000388706	
      2984	0.000400705	
      2985	0.00041316	
      2986	0.00042576	
      2987	0.000438838	
      2988	0.000452417	
      2989	0.000466522	
      2990	0.000481179	
      2991	0.000496806	
      2992	0.000513069	
      2993	0.000530001	
      2994	0.000547639	
      2995	0.000566022	
      2996	0.000585191	
      2997	0.000605194	
      2998	0.00062608	
      2999	0.000647906	
      3000	0.000670734	
      3001	0.000670334	
      3002	0.000669933	
      3003	0.000669531	
      3004	0.000669128	
      3005	0.000668724	
      3006	0.000668853	
      3007	0.000668981	
      3008	0.00066911	
      3009	0.00066924	
      3010	0.000669369	
      3011	0.000669498	
      3012	0.000669628	
      3013	0.000669758	
      3014	0.000669888	
      3015	0.000670018	
      3016	0.00066961	
      3017	0.000669201	
      3018	0.000668791	
      3019	0.000668381	
      3020	0.000667969	
      3021	0.000667557	
      3022	0.000667144	
      3023	0.00066673	
      3024	0.000666315	
      3025	0.000665899	
      3026	0.000666027	
      3027	0.000666155	
      3028	0.000666283	
      3029	0.000666412	
      3030	0.000666541	
      3031	0.000666123	
      3032	0.000665705	
      3033	0.000665286	
      3034	0.000664866	
      3035	0.000664446	
      3036	0.000663475	
      3037	0.000662502	
      3038	0.000661527	
      3039	0.000660551	
      3040	0.000659849	
      3041	0.000660803	
      3042	0.000662036	
      3043	0.000663271	
      3044	0.00066451	
      3045	0.000665751	
      3046	0.000666439	
      3047	0.00066713	
      3048	0.000667822	
      3049	0.000668516	
      3050	0.000669212	
      3051	0.000669351	
      3052	0.000669491	
      3053	0.000669632	
      3054	0.000669773	
      3055	0.000669915	
      3056	0.000670058	
      3057	0.000670202	
      3058	0.000670347	
      3059	0.000670492	
      3060	0.000670639	
      3061	0.000669658	
      3062	0.000668676	
      3063	0.000667692	
      3064	0.000666707	
      3065	0.000666004	
      3066	0.000665867	
      3067	0.000666015	
      3068	0.000666164	
      3069	0.000666314	
      3070	0.000666465	
      3071	0.000667188	
      3072	0.000667914	
      3073	0.000668642	
      3074	0.000669373	
      3075	0.000670107	
      3076	0.000669697	
      3077	0.000669288	
      3078	0.000668879	
      3079	0.00066847	
      3080	0.000668063	
      3081	0.000667656	
      3082	0.00066725	
      3083	0.000666844	
      3084	0.00066644	
      3085	0.000666037	
      3086	0.000665635	
      3087	0.000665234	
      3088	0.000664835	
      3089	0.000664437	
      3090	0.000664041	
      3091	0.000663647	
      3092	0.000663255	
      3093	0.000662865	
      3094	0.000662478	
      3095	0.000662093	
      3096	0.000661711	
      3097	0.000661332	
      3098	0.000660957	
      3099	0.000660585	
      3100	0.000660217	
      3101	0.000652942	
      3102	0.000651313	
      3103	0.000651398	
      3104	0.000652416	
      3105	0.000654049	
      3106	0.000655548	
      3107	0.000657397	
      3108	0.000659533	
      3109	0.000661911	
      3110	 0.0006645	
      3111	0.000666671	
      3112	0.000669002	
      3113	0.00067148	
      3114	0.000674092	
      3115	0.000677139	
      3116	0.000680933	
      3117	0.000685165	
      3118	0.000689521	
      3119	0.000693996	
      3120	0.000698588	
      3121	0.000703293	
      3122	0.00070811	
      3123	0.000713037	
      3124	0.000718073	
      3125	0.000723216	
      3126	0.000728466	
      3127	0.000733823	
      3128	0.000739285	
      3129	0.000744854	
      3130	0.000750528	
      3131	0.000756309	
      3132	0.000762196	
      3133	0.00076819	
      3134	0.000774292	
      3135	0.000780502	
      3136	0.000786085	
      3137	0.000791765	
      3138	0.000797542	
      3139	0.000803417	
      3140	0.000809391	
      3141	0.000816236	
      3142	0.000823196	
      3143	0.000830273	
      3144	0.000837469	
      3145	0.000844784	
      3146	0.000851413	
      3147	0.00085815	
      3148	0.000864995	
      3149	0.000871951	
      3150	0.000879019	
      3151	0.00088705	
      3152	0.000895215	
      3153	0.000903514	
      3154	0.00091195	
      3155	0.000920527	
      3156	0.000929245	
      3157	0.000938108	
      3158	0.000947118	
      3159	0.000956279	
      3160	0.000965592	
      3161	0.000976004	
      3162	0.000986596	
      3163	0.00099737	
      3164	0.00100833	
      3165	0.00101948	
      3166	0.00102884	
      3167	0.00103834	
      3168	0.00104801	
      3169	0.00105783	
      3170	0.00106834	
      3171	0.00108009	
      3172	0.00109257	
      3173	0.00110527	
      3174	0.00111821	
      3175	0.00113138	
      3176	0.00114255	
      3177	0.00115392	
      3178	0.00116548	
      3179	0.00117725	
      3180	0.00118922	
      3181	0.00120258	
      3182	0.00121619	
      3183	0.00123005	
      3184	0.00124416	
      3185	0.00125854	
      3186	0.00127445	
      3187	0.00129067	
      3188	 0.0013072	
      3189	0.00132405	
      3190	0.00134124	
      3191	0.00135742	
      3192	0.00137392	
      3193	0.00139074	
      3194	0.00140789	
      3195	0.00142539	
      3196	0.00144179	
      3197	0.00145852	
      3198	0.00147557	
      3199	0.00149297	
      3200	0.00151147	
      3201	0.00150324	
      3202	0.00149583	
      3203	0.00148849	
      3204	 0.0014812	
      3205	0.00147398	
      3206	0.00146534	
      3207	0.00145678	
      3208	0.00144829	
      3209	0.00143986	
      3210	0.00143151	
      3211	0.00142179	
      3212	0.00141215	
      3213	0.00140258	
      3214	 0.0013931	
      3215	 0.0013837	
      3216	0.00137578	
      3217	0.00136792	
      3218	0.00136012	
      3219	0.00135239	
      3220	0.00134472	
      3221	 0.0013371	
      3222	0.00132955	
      3223	0.00132205	
      3224	0.00131461	
      3225	0.00130723	
      3226	0.00130124	
      3227	 0.0012953	
      3228	 0.0012894	
      3229	0.00128355	
      3230	0.00127773	
      3231	0.00127065	
      3232	0.00126361	
      3233	0.00125663	
      3234	 0.0012497	
      3235	0.00124282	
      3236	0.00123599	
      3237	0.00122921	
      3238	0.00122248	
      3239	 0.0012158	
      3240	0.00120917	
      3241	0.00120258	
      3242	0.00119604	
      3243	0.00118954	
      3244	 0.0011831	
      3245	0.00117669	
      3246	0.00117156	
      3247	0.00116646	
      3248	 0.0011614	
      3249	0.00115637	
      3250	0.00115137	
      3251	  0.001144	
      3252	0.00113669	
      3253	0.00112943	
      3254	0.00112222	
      3255	0.00111506	
      3256	0.00110912	
      3257	0.00110323	
      3258	0.00109737	
      3259	0.00109156	
      3260	0.00108578	
      3261	0.00108004	
      3262	0.00107434	
      3263	0.00106868	
      3264	0.00106305	
      3265	0.00105747	
      3266	0.00105192	
      3267	 0.0010464	
      3268	0.00104092	
      3269	0.00103548	
      3270	0.00103007	
      3271	 0.0010247	
      3272	0.00101936	
      3273	0.00101406	
      3274	0.00100879	
      3275	0.00100355	
      3276	0.000998347	
      3277	0.000993178	
      3278	0.000988041	
      3279	0.000982937	
      3280	0.000977865	
      3281	0.000972825	
      3282	0.000967817	
      3283	0.000962841	
      3284	0.000957895	
      3285	0.00095298	
      3286	0.000949134	
      3287	0.000945309	
      3288	0.000941506	
      3289	0.000937725	
      3290	0.000933454	
      3291	0.000927176	
      3292	0.000920433	
      3293	0.000913735	
      3294	0.000907081	
      3295	0.000900972	
      3296	 0.0008959	
      3297	0.000891356	
      3298	0.000886839	
      3299	0.00088235	
      3300	0.000877887	
      3301	0.000888642	
      3302	0.000899568	
      3303	0.000910669	
      3304	0.000921948	
      3305	0.00093341	
      3306	0.000942947	
      3307	0.00095262	
      3308	0.000962434	
      3309	0.00097239	
      3310	0.000982492	
      3311	0.000993868	
      3312	0.00100542	
      3313	0.00101716	
      3314	0.00102909	
      3315	0.00104121	
      3316	0.00105114	
      3317	 0.0010612	
      3318	 0.0010714	
      3319	0.00108175	
      3320	0.00109287	
      3321	0.00110672	
      3322	0.00112146	
      3323	0.00113647	
      3324	0.00115174	
      3325	0.00116728	
      3326	0.00118038	
      3327	0.00119368	
      3328	0.00120721	
      3329	0.00122096	
      3330	0.00123494	
      3331	0.00125062	
      3332	0.00126658	
      3333	0.00128283	
      3334	0.00129938	
      3335	0.00131623	
      3336	0.00133339	
      3337	0.00135088	
      3338	0.00136869	
      3339	0.00138684	
      3340	0.00140533	
      3341	0.00142418	
      3342	 0.0014434	
      3343	0.00146299	
      3344	0.00148297	
      3345	0.00150334	
      3346	 0.0015223	
      3347	0.00154163	
      3348	0.00156134	
      3349	0.00158143	
      3350	0.00160192	
      3351	0.00162477	
      3352	0.00164811	
      3353	0.00167195	
      3354	 0.0016963	
      3355	0.00172118	
      3356	0.00174661	
      3357	0.00177259	
      3358	0.00179916	
      3359	0.00182633	
      3360	0.00185413	
      3361	0.00188256	
      3362	0.00191166	
      3363	0.00194145	
      3364	0.00197194	
      3365	0.00200318	
      3366	0.00203518	
      3367	0.00206797	
      3368	0.00210158	
      3369	0.00213605	
      3370	 0.0021714	
      3371	0.00220767	
      3372	 0.0022449	
      3373	0.00228313	
      3374	0.00232239	
      3375	0.00236274	
      3376	0.00240421	
      3377	0.00244686	
      3378	0.00249074	
      3379	0.00253591	
      3380	0.00258242	
      3381	0.00263363	
      3382	0.00268645	
      3383	0.00274095	
      3384	0.00279723	
      3385	0.00285538	
      3386	0.00291184	
      3387	0.00297021	
      3388	 0.0030306	
      3389	0.00309313	
      3390	0.00315792	
      3391	0.00322511	
      3392	0.00329484	
      3393	0.00336729	
      3394	0.00344263	
      3395	0.00352105	
      3396	0.00359822	
      3397	0.00367872	
      3398	0.00376279	
      3399	0.00385074	
      3400	0.00394542	
      3401	0.00397301	
      3402	0.00400346	
      3403	0.00403423	
      3404	0.00406534	
      3405	0.00409417	
      3406	0.00411281	
      3407	0.00412899	
      3408	0.00414531	
      3409	0.00416178	
      3410	0.00418111	
      3411	0.00420605	
      3412	0.00423398	
      3413	0.00426223	
      3414	0.00429079	
      3415	0.00431967	
      3416	0.00434326	
      3417	 0.0043671	
      3418	0.00439121	
      3419	0.00441558	
      3420	0.00444021	
      3421	0.00446512	
      3422	0.00449031	
      3423	0.00451579	
      3424	0.00454155	
      3425	0.00456761	
      3426	0.00459397	
      3427	0.00462064	
      3428	0.00464763	
      3429	0.00467493	
      3430	0.00470257	
      3431	0.00473677	
      3432	 0.0047714	
      3433	0.00480647	
      3434	  0.004842	
      3435	0.00487798	
      3436	0.00490797	
      3437	0.00493835	
      3438	0.00496911	
      3439	0.00500028	
      3440	0.00503186	
      3441	0.00506386	
      3442	0.00509629	
      3443	0.00512916	
      3444	0.00516249	
      3445	0.00519627	
      3446	0.00523054	
      3447	0.00526528	
      3448	0.00530053	
      3449	0.00533629	
      3450	0.00537258	
      3451	0.00541668	
      3452	0.00546145	
      3453	0.00550691	
      3454	0.00555309	
      3455	    0.0056	
      3456	0.00564008	
      3457	 0.0056808	
      3458	0.00572219	
      3459	0.00576426	
      3460	0.00580703	
      3461	0.00585845	
      3462	0.00591075	
      3463	0.00596398	
      3464	0.00601815	
      3465	 0.0060733	
      3466	0.00612119	
      3467	0.00616996	
      3468	0.00621966	
      3469	0.00627031	
      3470	0.00632196	
      3471	0.00637463	
      3472	0.00642838	
      3473	0.00648325	
      3474	0.00653927	
      3475	 0.0065965	
      3476	0.00665499	
      3477	0.00671479	
      3478	0.00677597	
      3479	0.00683859	
      3480	0.00690272	
      3481	0.00697806	
      3482	0.00705528	
      3483	0.00713447	
      3484	0.00721574	
      3485	 0.0072992	
      3486	 0.0073748	
      3487	0.00745262	
      3488	 0.0075328	
      3489	0.00761549	
      3490	0.00770089	
      3491	0.00778919	
      3492	0.00788062	
      3493	0.00797545	
      3494	0.00807399	
      3495	 0.0081766	
      3496	0.00828371	
      3497	0.00839585	
      3498	0.00851368	
      3499	0.00863802	
      3500	0.00876997	
      3501	0.00877632	
      3502	 0.0087827	
      3503	0.00878909	
      3504	0.00879551	
      3505	0.00880195	
      3506	0.00879601	
      3507	0.00879008	
      3508	0.00878414	
      3509	0.00877822	
      3510	0.00877229	
      3511	0.00876638	
      3512	0.00876047	
      3513	0.00875456	
      3514	0.00874866	
      3515	0.00874277	
      3516	0.00873688	
      3517	  0.008731	
      3518	0.00872513	
      3519	0.00871926	
      3520	 0.0087134	
      3521	 0.0087201	
      3522	0.00872682	
      3523	0.00873357	
      3524	0.00874035	
      3525	0.00874715	
      3526	0.00874139	
      3527	0.00873564	
      3528	 0.0087299	
      3529	0.00872417	
      3530	0.00871845	
      3531	0.00872539	
      3532	0.00873236	
      3533	0.00873935	
      3534	0.00874639	
      3535	0.00875345	
      3536	0.00874785	
      3537	0.00874227	
      3538	 0.0087367	
      3539	0.00873114	
      3540	 0.0087256	
      3541	0.00873282	
      3542	0.00874007	
      3543	0.00874737	
      3544	 0.0087547	
      3545	0.00876208	
      3546	0.00875669	
      3547	0.00875132	
      3548	0.00874597	
      3549	0.00874063	
      3550	0.00873532	
      3551	0.00873003	
      3552	0.00872477	
      3553	0.00871952	
      3554	 0.0087143	
      3555	0.00870911	
      3556	0.00870394	
      3557	0.00869879	
      3558	0.00869367	
      3559	0.00868859	
      3560	0.00868353	
      3561	0.00869147	
      3562	0.00869947	
      3563	0.00870752	
      3564	0.00871564	
      3565	0.00872381	
      3566	0.00871901	
      3567	0.00871425	
      3568	0.00870953	
      3569	0.00870486	
      3570	0.00870022	
      3571	0.00869563	
      3572	0.00869109	
      3573	 0.0086866	
      3574	0.00868216	
      3575	0.00867777	
      3576	0.00867344	
      3577	0.00866917	
      3578	0.00866496	
      3579	0.00866082	
      3580	0.00865674	
      3581	0.00866596	
      3582	0.00867529	
      3583	0.00868473	
      3584	0.00869428	
      3585	0.00870394	
      3586	0.00870043	
      3587	0.00869701	
      3588	 0.0086937	
      3589	0.00869051	
      3590	0.00868743	
      3591	0.00868448	
      3592	0.00868166	
      3593	0.00867899	
      3594	0.00867648	
      3595	0.00867414	
      3596	0.00868544	
      3597	0.00869698	
      3598	0.00870876	
      3599	0.00872083	
      3600	0.00873319	
      3601	0.00872398	
      3602	0.00871478	
      3603	0.00870556	
      3604	0.00869635	
      3605	0.00868713	
      3606	0.00867791	
      3607	0.00866868	
      3608	0.00865945	
      3609	0.00865021	
      3610	0.00864097	
      3611	0.00864535	
      3612	0.00864973	
      3613	0.00865412	
      3614	0.00865853	
      3615	0.00866294	
      3616	0.00865371	
      3617	0.00864449	
      3618	0.00863525	
      3619	0.00862602	
      3620	0.00861678	
      3621	0.00862122	
      3622	0.00862568	
      3623	0.00863014	
      3624	0.00863462	
      3625	0.00863911	
      3626	0.00862989	
      3627	0.00862066	
      3628	0.00861144	
      3629	0.00860221	
      3630	0.00859298	
      3631	 0.0085975	
      3632	0.00860204	
      3633	0.00860659	
      3634	0.00861115	
      3635	0.00861572	
      3636	0.00860651	
      3637	 0.0085973	
      3638	0.00858809	
      3639	0.00857888	
      3640	0.00856966	
      3641	0.00857428	
      3642	0.00857891	
      3643	0.00858355	
      3644	 0.0085882	
      3645	0.00859287	
      3646	0.00858369	
      3647	 0.0085745	
      3648	0.00856532	
      3649	0.00855614	
      3650	0.00854695	
      3651	0.00853776	
      3652	0.00852858	
      3653	0.00851939	
      3654	0.00851021	
      3655	0.00850102	
      3656	0.00850578	
      3657	0.00851056	
      3658	0.00851535	
      3659	0.00852016	
      3660	0.00852499	
      3661	0.00852984	
      3662	 0.0085347	
      3663	0.00853958	
      3664	0.00854448	
      3665	 0.0085494	
      3666	0.00852629	
      3667	0.00850317	
      3668	0.00848003	
      3669	0.00845688	
      3670	0.00844075	
      3671	0.00843868	
      3672	0.00844366	
      3673	0.00844865	
      3674	0.00845367	
      3675	0.00845872	
      3676	0.00844968	
      3677	0.00844064	
      3678	0.00843161	
      3679	0.00842259	
      3680	0.00841358	
      3681	0.00840458	
      3682	0.00839558	
      3683	 0.0083866	
      3684	0.00837762	
      3685	0.00836865	
      3686	0.00837389	
      3687	0.00837916	
      3688	0.00838445	
      3689	0.00838978	
      3690	0.00839514	
      3691	0.00838629	
      3692	0.00837746	
      3693	0.00836865	
      3694	0.00835985	
      3695	0.00835108	
      3696	0.00834232	
      3697	0.00833358	
      3698	0.00832486	
      3699	0.00831617	
      3700	 0.0083075	
      3701	0.00831278	
      3702	0.00831808	
      3703	0.00832339	
      3704	0.00832873	
      3705	0.00833408	
      3706	0.00832507	
      3707	0.00831606	
      3708	0.00830705	
      3709	0.00829803	
      3710	0.00828902	
      3711	0.00829443	
      3712	0.00829986	
      3713	0.00830531	
      3714	0.00831078	
      3715	0.00831626	
      3716	0.00830729	
      3717	0.00829832	
      3718	0.00828935	
      3719	0.00828038	
      3720	 0.0082714	
      3721	0.00827695	
      3722	0.00828252	
      3723	 0.0082881	
      3724	0.00829371	
      3725	0.00829933	
      3726	 0.0082904	
      3727	0.00828148	
      3728	0.00827255	
      3729	0.00826362	
      3730	0.00825469	
      3731	0.00826038	
      3732	0.00826609	
      3733	0.00827182	
      3734	0.00827758	
      3735	0.00828335	
      3736	 0.0082598	
      3737	0.00823623	
      3738	0.00821263	
      3739	0.00818902	
      3740	0.00817275	
      3741	0.00817118	
      3742	0.00817699	
      3743	0.00818283	
      3744	0.00818868	
      3745	0.00819456	
      3746	0.00818568	
      3747	 0.0081768	
      3748	0.00816792	
      3749	0.00815904	
      3750	0.00815017	
      3751	0.00815612	
      3752	0.00816209	
      3753	0.00816809	
      3754	0.00817411	
      3755	0.00818015	
      3756	0.00817133	
      3757	0.00816251	
      3758	 0.0081537	
      3759	0.00814488	
      3760	0.00813607	
      3761	0.00814219	
      3762	0.00814834	
      3763	0.00815452	
      3764	0.00816071	
      3765	0.00816694	
      3766	0.00817318	
      3767	0.00817945	
      3768	0.00818575	
      3769	0.00819207	
      3770	0.00819842	
      3771	0.00818974	
      3772	0.00818106	
      3773	0.00817238	
      3774	0.00816371	
      3775	0.00815503	
      3776	0.00814636	
      3777	 0.0081377	
      3778	0.00812903	
      3779	0.00812037	
      3780	0.00811172	
      3781	0.00811824	
      3782	0.00812478	
      3783	0.00813136	
      3784	0.00813796	
      3785	 0.0081446	
      3786	0.00813602	
      3787	0.00812745	
      3788	0.00811888	
      3789	0.00811032	
      3790	0.00810177	
      3791	0.00810851	
      3792	0.00811529	
      3793	 0.0081221	
      3794	0.00812894	
      3795	0.00813581	
      3796	0.00812734	
      3797	0.00811889	
      3798	0.00811044	
      3799	  0.008102	
      3800	0.00809356	
      3801	0.00804767	
      3802	0.00801196	
      3803	0.00798225	
      3804	0.00795658	
      3805	0.00793389	
      3806	0.00789843	
      3807	 0.0078649	
      3808	0.00783296	
      3809	0.00780238	
      3810	0.00777296	
      3811	 0.0077595	
      3812	0.00774689	
      3813	0.00773505	
      3814	 0.0077239	
      3815	0.00771339	
      3816	0.00768864	
      3817	0.00766445	
      3818	 0.0076408	
      3819	0.00761763	
      3820	0.00759491	
      3821	0.00758736	
      3822	0.00758018	
      3823	0.00757335	
      3824	0.00756686	
      3825	0.00756069	
      3826	0.00755482	
      3827	0.00754924	
      3828	0.00754393	
      3829	 0.0075389	
      3830	0.00753412	
      3831	0.00751496	
      3832	0.00749607	
      3833	0.00747741	
      3834	  0.007459	
      3835	0.00744081	
      3836	0.00743743	
      3837	0.00743426	
      3838	0.00743128	
      3839	 0.0074285	
      3840	0.00742591	
      3841	0.00740895	
      3842	0.00739218	
      3843	 0.0073756	
      3844	 0.0073592	
      3845	0.00734298	
      3846	0.00734148	
      3847	0.00734014	
      3848	0.00733897	
      3849	0.00733796	
      3850	0.00733712	
      3851	0.00732191	
      3852	0.00730686	
      3853	0.00729198	
      3854	0.00727725	
      3855	0.00726268	
      3856	0.00725554	
      3857	0.00724855	
      3858	0.00723445	
      3859	0.00722777	
      3860	0.00722124	
      3861	0.00721488	
      3862	0.00721593	
      3863	0.00720988	
      3864	0.00721125	
      3865	0.00720552	
      3866	0.00719267	
      3867	0.00718725	
      3868	0.00717472	
      3869	0.00716963	
      3870	0.00715742	
      3871	0.00715995	
      3872	0.00716265	
      3873	0.00716553	
      3874	0.00716859	
      3875	0.00717184	
      3876	0.00716069	
      3877	0.00715702	
      3878	0.00714624	
      3879	0.00714295	
      3880	0.00713256	
      3881	0.00712969	
      3882	0.00712703	
      3883	0.00712459	
      3884	0.00712239	
      3885	0.00712043	
      3886	0.00712606	
      3887	0.00713197	
      3888	0.00714552	
      3889	0.00715201	
      3890	0.00715882	
      3891	 0.0071512	
      3892	 0.0071439	
      3893	0.00714434	
      3894	0.00713774	
      3895	0.00713154	
      3896	0.00714059	
      3897	0.00714269	
      3898	0.00715274	
      3899	0.00715591	
      3900	0.00716715	
      3901	0.00717679	
      3902	0.00718648	
      3903	0.00718873	
      3904	0.00719852	
      3905	0.00720837	
      3906	0.00721075	
      3907	0.00720563	
      3908	0.00720807	
      3909	  0.007203	
      3910	0.00720551	
      3911	0.00721564	
      3912	0.00721824	
      3913	0.00722849	
      3914	0.00723118	
      3915	0.00724155	
      3916	0.00723671	
      3917	0.00723189	
      3918	0.00723475	
      3919	   0.00723	
      3920	0.00722526	
      3921	0.00723594	
      3922	0.00724668	
      3923	0.00724979	
      3924	0.00726067	
      3925	0.00727162	
      3926	0.00726716	
      3927	0.00727049	
      3928	 0.0072661	
      3929	0.00726953	
      3930	0.00726523	
      3931	0.00727657	
      3932	0.00728018	
      3933	0.00729168	
      3934	0.00729543	
      3935	 0.0073071	
      3936	  0.007311	
      3937	0.00730708	
      3938	 0.0073111	
      3939	0.00730728	
      3940	0.00731143	
      3941	0.00731566	
      3942	0.00732792	
      3943	0.00733231	
      3944	0.00734477	
      3945	0.00734935	
      3946	0.00734601	
      3947	0.00734274	
      3948	0.00734755	
      3949	0.00734442	
      3950	0.00734135	
      3951	0.00734643	
      3952	0.00735969	
      3953	0.00736499	
      3954	0.00737852	
      3955	0.00738405	
      3956	 0.0073897	
      3957	0.00739546	
      3958	0.00739317	
      3959	0.00739917	
      3960	0.00740531	
      3961	 0.0074198	
      3962	0.00743446	
      3963	0.00744105	
      3964	0.00745606	
      3965	0.00747127	
      3966	0.00747005	
      3967	0.00747729	
      3968	0.00747637	
      3969	0.00748396	
      3970	0.00748336	
      3971	0.00749971	
      3972	 0.0075079	
      3973	0.00752474	
      3974	0.00753339	
      3975	0.00755076	
      3976	0.00755993	
      3977	0.00756084	
      3978	0.00757053	
      3979	0.00757196	
      3980	0.00758223	
      3981	0.00759284	
      3982	0.00760379	
      3983	0.00762376	
      3984	 0.0076355	
      3985	0.00764767	
      3986	  0.007669	
      3987	0.00768214	
      3988	0.00770457	
      3989	0.00771883	
      3990	0.00774254	
      3991	0.00774929	
      3992	0.00776561	
      3993	0.00777385	
      3994	 0.0077919	
      3995	0.00780202	
      3996	0.00783125	
      3997	0.00785287	
      3998	0.00788514	
      3999	0.00791023	
      4000	0.00794674	
