       280	2.95237e-17	
       281	6.55271e-17	
       282	1.3359e-16	
       283	1.92329e-16	
       284	2.08234e-16	
       285	1.58318e-16	
       286	2.38347e-16	
       287	4.00167e-16	
       288	4.29676e-16	
       289	6.16673e-16	
       290	9.95149e-16	
       291	1.26941e-15	
       292	1.35602e-15	
       293	1.48538e-15	
       294	1.68853e-15	
       295	1.92994e-15	
       296	2.2986e-15	
       297	2.35842e-15	
       298	2.74172e-15	
       299	2.89539e-15	
       300	3.16632e-15	
       301	4.02077e-14	
       302	5.26229e-13	
       303	8.45855e-12	
       304	1.13646e-10	
       305	1.44545e-09	
       306	3.95363e-09	
       307	1.22561e-08	
       308	3.85498e-08	
       309	1.02507e-07	
       310	2.92021e-07	
       311	7.99131e-07	
       312	1.6083e-06	
       313	3.28001e-06	
       314	6.89566e-06	
       315	1.34549e-05	
       316	1.75034e-05	
       317	2.95881e-05	
       318	4.18732e-05	
       319	5.70314e-05	
       320	8.85345e-05	
       321	0.00011608	
       322	0.000144968	
       323	0.000177769	
       324	0.000257365	
       325	0.000386356	
       326	0.000541997	
       327	0.00066196	
       328	0.000757965	
       329	0.000952718	
       330	0.00122898	
       331	0.00126707	
       332	0.00139687	
       333	0.00151468	
       334	0.00168663	
       335	0.00195099	
       336	0.00190865	
       337	0.00193347	
       338	0.00231366	
       339	0.00264454	
       340	0.00305159	
       341	0.00313151	
       342	0.00338879	
       343	0.00373851	
       344	0.00343107	
       345	0.00379137	
       346	0.00426047	
       347	0.00455653	
       348	0.00470944	
       349	0.00491849	
       350	0.00574561	
       351	0.00633022	
       352	0.00622973	
       353	0.00667933	
       354	0.00795702	
       355	 0.0084602	
       356	0.00811871	
       357	0.00724496	
       358	0.00689007	
       359	0.00796922	
       360	 0.0102051	
       361	 0.0096632	
       362	 0.0102549	
       363	 0.0116862	
       364	  0.012249	
       365	 0.0134649	
       366	 0.0159547	
       367	 0.0165544	
       368	 0.0161359	
       369	 0.0172163	
       370	 0.0187592	
       371	  0.018448	
       372	  0.018554	
       373	  0.017278	
       374	 0.0163155	
       375	 0.0181035	
       376	 0.0209021	
       377	 0.0233634	
       378	 0.0280017	
       379	 0.0260352	
       380	 0.0252935	
       381	 0.0274509	
       382	 0.0225722	
       383	 0.0182379	
       384	 0.0209601	
       385	 0.0271104	
       386	 0.0271256	
       387	 0.0286388	
       388	 0.0289136	
       389	 0.0322173	
       390	 0.0378498	
       391	 0.0414857	
       392	  0.039451	
       393	 0.0260307	
       394	 0.0274595	
       395	 0.0433348	
       396	 0.0409882	
       397	 0.0292472	
       398	 0.0492906	
       399	 0.0641284	
       400	 0.0693114	
       401	 0.0736575	
       402	 0.0775705	
       403	 0.0777847	
       404	 0.0799232	
       405	 0.0804556	
       406	 0.0802741	
       407	 0.0809887	
       408	 0.0861458	
       409	 0.0912909	
       410	 0.0847341	
       411	 0.0930003	
       412	   0.10013	
       413	 0.0996049	
       414	  0.100503	
       415	  0.105691	
       416	  0.110502	
       417	  0.110445	
       418	   0.10918	
       419	  0.112675	
       420	  0.109896	
       421	  0.121503	
       422	  0.123856	
       423	  0.122928	
       424	  0.124875	
       425	  0.129602	
       426	   0.12876	
       427	  0.127412	
       428	  0.128686	
       429	  0.120385	
       430	  0.101228	
       431	  0.100578	
       432	  0.145934	
       433	  0.146637	
       434	  0.140985	
       435	  0.154061	
       436	  0.169944	
       437	  0.174187	
       438	  0.159847	
       439	  0.158204	
       440	  0.176836	
       441	  0.181896	
       442	  0.194028	
       443	  0.200273	
       444	  0.200204	
       445	  0.206175	
       446	  0.196545	
       447	  0.215947	
       448	  0.223999	
       449	  0.227815	
       450	  0.238127	
       451	  0.247488	
       452	  0.241781	
       453	  0.231461	
       454	  0.243914	
       455	  0.248446	
       456	  0.257562	
       457	   0.26319	
       458	  0.261961	
       459	  0.262568	
       460	  0.265751	
       461	  0.275403	
       462	  0.281997	
       463	  0.284893	
       464	  0.281514	
       465	  0.280433	
       466	  0.285841	
       467	  0.281735	
       468	  0.292428	
       469	  0.297013	
       470	  0.292277	
       471	   0.29946	
       472	  0.313428	
       473	  0.310026	
       474	  0.315667	
       475	  0.326502	
       476	  0.323494	
       477	  0.329241	
       478	  0.339533	
       479	  0.338812	
       480	  0.344888	
       481	  0.347608	
       482	  0.350096	
       483	  0.348694	
       484	  0.345895	
       485	  0.338599	
       486	   0.29532	
       487	   0.31828	
       488	  0.342947	
       489	  0.337819	
       490	  0.365038	
       491	  0.359721	
       492	  0.351001	
       493	  0.367405	
       494	  0.368889	
       495	  0.385342	
       496	  0.377512	
       497	  0.380871	
       498	  0.375696	
       499	  0.377016	
       500	  0.378301	
       501	  0.371992	
       502	  0.375323	
       503	  0.388495	
       504	   0.37816	
       505	  0.398082	
       506	   0.41384	
       507	  0.403056	
       508	  0.396256	
       509	  0.409797	
       510	  0.406026	
       511	  0.413252	
       512	  0.421593	
       513	  0.404938	
       514	   0.39778	
       515	  0.409041	
       516	  0.405294	
       517	  0.356143	
       518	  0.383626	
       519	  0.386511	
       520	  0.414431	
       521	  0.423834	
       522	   0.43101	
       523	  0.417696	
       524	   0.43971	
       525	  0.442048	
       526	  0.426489	
       527	  0.393405	
       528	  0.432682	
       529	  0.454722	
       530	  0.448202	
       531	  0.466018	
       532	  0.457967	
       533	  0.424905	
       534	  0.442744	
       535	  0.455614	
       536	  0.466454	
       537	  0.446004	
       538	  0.458035	
       539	    0.4516	
       540	  0.438682	
       541	  0.430732	
       542	  0.458651	
       543	  0.460223	
       544	  0.472312	
       545	   0.46673	
       546	  0.465757	
       547	  0.469449	
       548	   0.46401	
       549	  0.473033	
       550	  0.472579	
       551	  0.474126	
       552	  0.480747	
       553	  0.472696	
       554	  0.479609	
       555	  0.482681	
       556	  0.476441	
       557	  0.467908	
       558	   0.47187	
       559	  0.457458	
       560	  0.464275	
       561	  0.482399	
       562	  0.471108	
       563	  0.481472	
       564	  0.478865	
       565	  0.477204	
       566	  0.462508	
       567	  0.482925	
       568	   0.48446	
       569	  0.478798	
       570	  0.476044	
       571	  0.465548	
       572	  0.485532	
       573	  0.491537	
       574	  0.489586	
       575	  0.482181	
       576	  0.481428	
       577	  0.488339	
       578	  0.479768	
       579	   0.48348	
       580	  0.487576	
       581	  0.490046	
       582	    0.4959	
       583	  0.499783	
       584	  0.499312	
       585	  0.496813	
       586	  0.489546	
       587	  0.498922	
       588	  0.491272	
       589	  0.454441	
       590	  0.472723	
       591	    0.4956	
       592	  0.496126	
       593	  0.496995	
       594	  0.499578	
       595	  0.501131	
       596	   0.50835	
       597	   0.51281	
       598	  0.507315	
       599	  0.507155	
       600	  0.510986	
       601	  0.507236	
       602	  0.506031	
       603	  0.516281	
       604	  0.527091	
       605	  0.529157	
       606	  0.530237	
       607	  0.533402	
       608	  0.534602	
       609	  0.534021	
       610	  0.536604	
       611	  0.538957	
       612	  0.548424	
       613	  0.544434	
       614	  0.537131	
       615	  0.549088	
       616	  0.542035	
       617	  0.541401	
       618	  0.559717	
       619	  0.568685	
       620	  0.573547	
       621	  0.578435	
       622	  0.572728	
       623	  0.574599	
       624	  0.574731	
       625	  0.570485	
       626	  0.575311	
       627	   0.59248	
       628	  0.598772	
       629	  0.601987	
       630	  0.600266	
       631	  0.596824	
       632	  0.584234	
       633	  0.604794	
       634	  0.603978	
       635	  0.606813	
       636	  0.601761	
       637	  0.617614	
       638	  0.625166	
       639	  0.621452	
       640	  0.612453	
       641	  0.613811	
       642	  0.618029	
       643	  0.626114	
       644	  0.625539	
       645	  0.631742	
       646	   0.62526	
       647	   0.63196	
       648	   0.63079	
       649	  0.617653	
       650	  0.616339	
       651	   0.64159	
       652	  0.643356	
       653	  0.647647	
       654	  0.642268	
       655	  0.615801	
       656	  0.557116	
       657	  0.576802	
       658	  0.633127	
       659	  0.646071	
       660	  0.656495	
       661	  0.664357	
       662	  0.668015	
       663	  0.667936	
       664	    0.6689	
       665	   0.67796	
       666	  0.678383	
       667	  0.674403	
       668	  0.664526	
       669	   0.66184	
       670	  0.647844	
       671	  0.640852	
       672	  0.631706	
       673	  0.630519	
       674	  0.625126	
       675	  0.620628	
       676	  0.623633	
       677	  0.617612	
       678	  0.617445	
       679	  0.610794	
       680	  0.608904	
       681	  0.608164	
       682	  0.607027	
       683	  0.602936	
       684	  0.598941	
       685	  0.596048	
       686	  0.585606	
       687	  0.596072	
       688	  0.601004	
       689	   0.60142	
       690	  0.600872	
       691	  0.601702	
       692	  0.600499	
       693	  0.607631	
       694	  0.612288	
       695	  0.611234	
       696	  0.615549	
       697	  0.619993	
       698	  0.619684	
       699	  0.627135	
       700	  0.629831	
       701	  0.631575	
       702	  0.634627	
       703	  0.644783	
       704	  0.656548	
       705	  0.667142	
       706	  0.668366	
       707	  0.672663	
       708	  0.681789	
       709	  0.691503	
       710	  0.717997	
       711	  0.664349	
       712	  0.630651	
       713	   0.60729	
       714	  0.592434	
       715	  0.570806	
       716	  0.563462	
       717	  0.553094	
       718	  0.537214	
       719	  0.517801	
       720	  0.526155	
       721	   0.52574	
       722	  0.524933	
       723	   0.51989	
       724	    0.5188	
       725	  0.519252	
       726	  0.523555	
       727	   0.53105	
       728	  0.536371	
       729	  0.529723	
       730	  0.552643	
       731	  0.556979	
       732	   0.57087	
       733	   0.57791	
       734	  0.597946	
       735	  0.607927	
       736	  0.614422	
       737	  0.628315	
       738	  0.640369	
       739	  0.648088	
       740	  0.685549	
       741	   0.68502	
       742	  0.685204	
       743	  0.700399	
       744	  0.708958	
       745	   0.70875	
       746	  0.711392	
       747	  0.714178	
       748	  0.713671	
       749	  0.716175	
       750	  0.716209	
       751	    0.7203	
       752	  0.726159	
       753	  0.731489	
       754	  0.737506	
       755	  0.738488	
       756	  0.731502	
       757	  0.732464	
       758	  0.736962	
       759	  0.731163	
       760	  0.734828	
       761	  0.732643	
       762	  0.733375	
       763	  0.683544	
       764	  0.646749	
       765	   0.61372	
       766	  0.574846	
       767	  0.559402	
       768	  0.561842	
       769	   0.56415	
       770	  0.571413	
       771	    0.5803	
       772	  0.589722	
       773	  0.599779	
       774	  0.610603	
       775	  0.622386	
       776	  0.634763	
       777	  0.645484	
       778	  0.662789	
       779	  0.687946	
       780	  0.727093	
       781	  0.724931	
       782	  0.727743	
       783	  0.722464	
       784	  0.717374	
       785	  0.720759	
       786	  0.721213	
       787	  0.720232	
       788	  0.715532	
       789	  0.713916	
       790	  0.708561	
       791	  0.702488	
       792	  0.696448	
       793	  0.690436	
       794	  0.685204	
       795	  0.685294	
       796	  0.691462	
       797	  0.700679	
       798	  0.697036	
       799	  0.690373	
       800	  0.682205	
       801	  0.665311	
       802	  0.649495	
       803	  0.629278	
       804	  0.619478	
       805	  0.600752	
       806	  0.601942	
       807	  0.592378	
       808	  0.583439	
       809	  0.569857	
       810	  0.566405	
       811	  0.561979	
       812	  0.560329	
       813	  0.555773	
       814	  0.550211	
       815	  0.541824	
       816	   0.53671	
       817	  0.530235	
       818	  0.516894	
       819	  0.503909	
       820	  0.498819	
       821	  0.496788	
       822	  0.487431	
       823	   0.48851	
       824	  0.486583	
       825	  0.497383	
       826	  0.512568	
       827	  0.525266	
       828	  0.534819	
       829	  0.545697	
       830	  0.562378	
       831	  0.582758	
       832	  0.594836	
       833	  0.588189	
       834	  0.599451	
       835	  0.606734	
       836	  0.615793	
       837	  0.617911	
       838	  0.622597	
       839	  0.625522	
       840	  0.636636	
       841	  0.637899	
       842	  0.630795	
       843	  0.629801	
       844	  0.624987	
       845	  0.639457	
       846	   0.64168	
       847	   0.62998	
       848	  0.629938	
       849	  0.624473	
       850	  0.586665	
       851	  0.622136	
       852	  0.627181	
       853	  0.616067	
       854	  0.569103	
       855	   0.59589	
       856	  0.635838	
       857	  0.654391	
       858	  0.660392	
       859	  0.665017	
       860	  0.668422	
       861	  0.668421	
       862	  0.674277	
       863	  0.673947	
       864	  0.662995	
       865	  0.643992	
       866	   0.59037	
       867	  0.618409	
       868	  0.645726	
       869	  0.646306	
       870	  0.653774	
       871	  0.649741	
       872	  0.654697	
       873	   0.64973	
       874	  0.639616	
       875	  0.634214	
       876	  0.646928	
       877	  0.650797	
       878	  0.648598	
       879	  0.640901	
       880	  0.639023	
       881	  0.566695	
       882	  0.547752	
       883	  0.527147	
       884	  0.512661	
       885	  0.500758	
       886	  0.477038	
       887	  0.463696	
       888	  0.459814	
       889	  0.452031	
       890	  0.442157	
       891	  0.432097	
       892	  0.421024	
       893	  0.408511	
       894	  0.402721	
       895	  0.397399	
       896	  0.393245	
       897	  0.385148	
       898	  0.377477	
       899	  0.368683	
       900	  0.362038	
       901	  0.351179	
       902	  0.341624	
       903	  0.348783	
       904	   0.34583	
       905	  0.339973	
       906	  0.340997	
       907	  0.345551	
       908	  0.344946	
       909	  0.344188	
       910	  0.350081	
       911	  0.354779	
       912	  0.357395	
       913	  0.364188	
       914	  0.367931	
       915	  0.369553	
       916	  0.371172	
       917	  0.369883	
       918	  0.369734	
       919	  0.370833	
       920	  0.368337	
       921	  0.363179	
       922	  0.358902	
       923	  0.351327	
       924	  0.361917	
       925	  0.364417	
       926	  0.287806	
       927	  0.247695	
       928	  0.213089	
       929	   0.18612	
       930	   0.16463	
       931	  0.148591	
       932	  0.134248	
       933	  0.122768	
       934	  0.112015	
       935	  0.101849	
       936	 0.0934387	
       937	 0.0865487	
       938	 0.0885455	
       939	 0.0898889	
       940	  0.090086	
       941	 0.0905569	
       942	 0.0904567	
       943	 0.0942872	
       944	 0.0950093	
       945	 0.0971386	
       946	 0.0997213	
       947	  0.101588	
       948	  0.103899	
       949	  0.109697	
       950	  0.115245	
       951	  0.120824	
       952	  0.128151	
       953	  0.135439	
       954	   0.14173	
       955	  0.145471	
       956	  0.159268	
       957	  0.172162	
       958	  0.185997	
       959	  0.201142	
       960	  0.215961	
       961	   0.23362	
       962	  0.256301	
       963	  0.282335	
       964	  0.314029	
       965	  0.361759	
       966	  0.363411	
       967	  0.369617	
       968	  0.371166	
       969	  0.376311	
       970	  0.381688	
       971	  0.383764	
       972	  0.389975	
       973	  0.392144	
       974	  0.392723	
       975	  0.399538	
       976	  0.408156	
       977	  0.411625	
       978	  0.419119	
       979	   0.42235	
       980	  0.431955	
       981	  0.436816	
       982	  0.443884	
       983	  0.447334	
       984	   0.44998	
       985	  0.455742	
       986	  0.459671	
       987	  0.465537	
       988	  0.470794	
       989	  0.474005	
       990	  0.482767	
       991	  0.494101	
       992	  0.502611	
       993	  0.515036	
       994	  0.524672	
       995	  0.522916	
       996	  0.521768	
       997	  0.517138	
       998	  0.516854	
       999	  0.517088	
      1000	  0.518552	
      1001	  0.521413	
      1002	  0.521669	
      1003	   0.51702	
      1004	  0.509122	
      1005	  0.487428	
      1006	  0.503032	
      1007	  0.513754	
      1008	  0.516309	
      1009	   0.51526	
      1010	   0.51625	
      1011	  0.514409	
      1012	  0.513724	
      1013	  0.511977	
      1014	  0.512814	
      1015	  0.507692	
      1016	  0.508353	
      1017	  0.506439	
      1018	  0.509628	
      1019	  0.500921	
      1020	  0.502782	
      1021	  0.504206	
      1022	  0.500341	
      1023	  0.503687	
      1024	  0.505976	
      1025	  0.505936	
      1026	   0.50637	
      1027	  0.505729	
      1028	  0.506294	
      1029	  0.503701	
      1030	  0.504953	
      1031	  0.505058	
      1032	  0.504836	
      1033	  0.499699	
      1034	  0.502145	
      1035	  0.504856	
      1036	  0.505732	
      1037	  0.503014	
      1038	   0.50278	
      1039	  0.506729	
      1040	   0.50685	
      1041	  0.507143	
      1042	  0.506865	
      1043	  0.503961	
      1044	  0.504906	
      1045	  0.501524	
      1046	   0.49277	
      1047	  0.498139	
      1048	  0.502471	
      1049	  0.501153	
      1050	  0.498891	
      1051	   0.49889	
      1052	  0.496813	
      1053	  0.495865	
      1054	  0.495106	
      1055	  0.496611	
      1056	   0.49585	
      1057	   0.49471	
      1058	  0.489598	
      1059	  0.480131	
      1060	  0.487398	
      1061	  0.482564	
      1062	  0.487852	
      1063	  0.484429	
      1064	  0.488675	
      1065	  0.487812	
      1066	  0.480304	
      1067	  0.481523	
      1068	  0.479319	
      1069	  0.461646	
      1070	  0.471024	
      1071	  0.449327	
      1072	  0.437464	
      1073	  0.422401	
      1074	  0.418648	
      1075	   0.40676	
      1076	  0.402699	
      1077	  0.397067	
      1078	  0.391094	
      1079	  0.381015	
      1080	  0.379252	
      1081	  0.368077	
      1082	  0.361093	
      1083	  0.360365	
      1084	  0.359237	
      1085	  0.355455	
      1086	  0.351826	
      1087	  0.339292	
      1088	  0.341354	
      1089	  0.339943	
      1090	  0.335344	
      1091	  0.333064	
      1092	  0.325749	
      1093	  0.318253	
      1094	  0.304407	
      1095	  0.308962	
      1096	  0.309575	
      1097	  0.309161	
      1098	  0.305327	
      1099	  0.302085	
      1100	  0.306474	
      1101	  0.226255	
      1102	  0.178084	
      1103	  0.150041	
      1104	  0.127609	
      1105	  0.109884	
      1106	 0.0957714	
      1107	   0.08401	
      1108	 0.0746286	
      1109	 0.0666301	
      1110	  0.059863	
      1111	 0.0537482	
      1112	 0.0485942	
      1113	 0.0439454	
      1114	 0.0403226	
      1115	   0.03677	
      1116	  0.033449	
      1117	  0.030937	
      1118	 0.0281342	
      1119	  0.025881	
      1120	 0.0238463	
      1121	 0.0255169	
      1122	 0.0273481	
      1123	 0.0291941	
      1124	 0.0311651	
      1125	 0.0331268	
      1126	 0.0347942	
      1127	 0.0377564	
      1128	 0.0410567	
      1129	 0.0443071	
      1130	 0.0476822	
      1131	 0.0476532	
      1132	 0.0474775	
      1133	 0.0467532	
      1134	 0.0464793	
      1135	 0.0462585	
      1136	 0.0459991	
      1137	 0.0448984	
      1138	  0.044132	
      1139	 0.0443872	
      1140	 0.0442896	
      1141	 0.0434273	
      1142	 0.0437297	
      1143	 0.0432705	
      1144	 0.0427474	
      1145	 0.0428034	
      1146	 0.0462078	
      1147	 0.0496468	
      1148	 0.0531337	
      1149	 0.0570913	
      1150	 0.0615323	
      1151	  0.066554	
      1152	 0.0720835	
      1153	 0.0787871	
      1154	 0.0868002	
      1155	   0.09544	
      1156	  0.104642	
      1157	  0.116896	
      1158	  0.130814	
      1159	  0.146305	
      1160	  0.165844	
      1161	  0.191751	
      1162	  0.200059	
      1163	   0.20638	
      1164	  0.209282	
      1165	  0.216063	
      1166	  0.218709	
      1167	  0.226954	
      1168	  0.234362	
      1169	  0.236333	
      1170	  0.247502	
      1171	  0.250481	
      1172	  0.251899	
      1173	  0.252088	
      1174	   0.25324	
      1175	  0.251088	
      1176	  0.249643	
      1177	  0.255109	
      1178	  0.255221	
      1179	  0.256214	
      1180	  0.260161	
      1181	  0.260771	
      1182	  0.260065	
      1183	  0.252157	
      1184	  0.261221	
      1185	  0.266412	
      1186	   0.26824	
      1187	  0.269775	
      1188	  0.268041	
      1189	  0.260769	
      1190	  0.270361	
      1191	  0.277005	
      1192	  0.278801	
      1193	  0.280434	
      1194	  0.282249	
      1195	   0.28244	
      1196	  0.284202	
      1197	  0.284525	
      1198	   0.28074	
      1199	  0.276479	
      1200	  0.289408	
      1201	  0.292788	
      1202	  0.291948	
      1203	  0.283735	
      1204	  0.283252	
      1205	  0.289869	
      1206	    0.2903	
      1207	  0.290745	
      1208	  0.284992	
      1209	  0.276273	
      1210	  0.285753	
      1211	  0.283642	
      1212	  0.288942	
      1213	  0.290988	
      1214	  0.290793	
      1215	   0.29198	
      1216	  0.292621	
      1217	  0.293085	
      1218	  0.292987	
      1219	  0.292404	
      1220	  0.294219	
      1221	    0.2951	
      1222	  0.295116	
      1223	  0.294563	
      1224	  0.298244	
      1225	  0.298976	
      1226	   0.29994	
      1227	  0.296561	
      1228	  0.300515	
      1229	  0.304197	
      1230	  0.305447	
      1231	  0.306573	
      1232	  0.306539	
      1233	  0.309436	
      1234	  0.311074	
      1235	  0.312622	
      1236	  0.317122	
      1237	  0.320602	
      1238	  0.324139	
      1239	  0.327224	
      1240	  0.337852	
      1241	  0.337039	
      1242	  0.333414	
      1243	  0.328076	
      1244	  0.324514	
      1245	  0.323113	
      1246	  0.322773	
      1247	  0.320926	
      1248	  0.320547	
      1249	   0.31849	
      1250	  0.315982	
      1251	  0.312429	
      1252	  0.308769	
      1253	   0.30798	
      1254	  0.306639	
      1255	  0.304658	
      1256	  0.302472	
      1257	  0.299748	
      1258	  0.298973	
      1259	  0.296572	
      1260	  0.296019	
      1261	  0.294013	
      1262	  0.290242	
      1263	  0.290582	
      1264	  0.287044	
      1265	  0.286206	
      1266	  0.286114	
      1267	  0.281708	
      1268	  0.279024	
      1269	  0.279864	
      1270	  0.280238	
      1271	   0.28063	
      1272	  0.280214	
      1273	  0.280571	
      1274	   0.28032	
      1275	  0.282707	
      1276	  0.284682	
      1277	  0.286059	
      1278	  0.286825	
      1279	  0.286645	
      1280	  0.285671	
      1281	  0.277421	
      1282	  0.257834	
      1283	  0.275227	
      1284	  0.288294	
      1285	  0.293124	
      1286	    0.2962	
      1287	  0.299611	
      1288	  0.301808	
      1289	  0.305521	
      1290	  0.306331	
      1291	  0.296874	
      1292	  0.290132	
      1293	  0.283474	
      1294	  0.274975	
      1295	  0.271325	
      1296	  0.267618	
      1297	  0.262136	
      1298	  0.256832	
      1299	  0.254959	
      1300	  0.251222	
      1301	  0.247455	
      1302	  0.242756	
      1303	  0.238902	
      1304	  0.235781	
      1305	  0.235086	
      1306	  0.233187	
      1307	  0.231032	
      1308	  0.228619	
      1309	  0.226504	
      1310	  0.223794	
      1311	  0.221308	
      1312	  0.217563	
      1313	  0.211768	
      1314	  0.213586	
      1315	  0.208742	
      1316	  0.207978	
      1317	  0.209266	
      1318	  0.206665	
      1319	  0.207543	
      1320	  0.206198	
      1321	   0.14797	
      1322	  0.116463	
      1323	 0.0954154	
      1324	 0.0800252	
      1325	 0.0680819	
      1326	 0.0584915	
      1327	 0.0507088	
      1328	 0.0445379	
      1329	 0.0386556	
      1330	 0.0346388	
      1331	  0.031109	
      1332	 0.0275434	
      1333	 0.0251411	
      1334	 0.0227877	
      1335	 0.0206039	
      1336	  0.018596	
      1337	 0.0169584	
      1338	 0.0154201	
      1339	 0.0139676	
      1340	 0.0127819	
      1341	 0.0119262	
      1342	 0.0109716	
      1343	 0.0101164	
      1344	0.00934826	
      1345	0.00863947	
      1346	0.00794777	
      1347	0.00739148	
      1348	0.00685498	
      1349	0.00635004	
      1350	0.00585322	
      1351	0.00484874	
      1352	0.00406325	
      1353	0.00340077	
      1354	0.00285435	
      1355	0.00239305	
      1356	0.00203319	
      1357	0.00172348	
      1358	0.00149326	
      1359	0.00128347	
      1360	0.00110078	
      1361	0.000961609	
      1362	0.000833073	
      1363	0.000716277	
      1364	0.000630224	
      1365	0.000551487	
      1366	0.000483007	
      1367	0.000421767	
      1368	0.000373252	
      1369	0.000325187	
      1370	0.000286878	
      1371	0.000254503	
      1372	0.000227732	
      1373	0.000202695	
      1374	0.000180067	
      1375	0.000158375	
      1376	0.000140406	
      1377	0.000126408	
      1378	0.000113196	
      1379	0.000101956	
      1380	9.10499e-05	
      1381	8.17477e-05	
      1382	7.28104e-05	
      1383	6.56342e-05	
      1384	5.93517e-05	
      1385	5.31992e-05	
      1386	4.82228e-05	
      1387	4.33067e-05	
      1388	3.93175e-05	
      1389	3.5626e-05	
      1390	3.18869e-05	
      1391	2.91727e-05	
      1392	2.65208e-05	
      1393	2.39842e-05	
      1394	2.17069e-05	
      1395	1.97529e-05	
      1396	2.15189e-05	
      1397	2.34814e-05	
      1398	2.56956e-05	
      1399	2.79565e-05	
      1400	2.99444e-05	
      1401	3.27686e-05	
      1402	3.63062e-05	
      1403	3.96233e-05	
      1404	4.35884e-05	
      1405	4.79299e-05	
      1406	5.30091e-05	
      1407	5.83646e-05	
      1408	6.43062e-05	
      1409	7.11899e-05	
      1410	7.85806e-05	
      1411	8.63547e-05	
      1412	9.39367e-05	
      1413	0.000105066	
      1414	0.00011805	
      1415	0.000131525	
      1416	0.000146078	
      1417	0.00016374	
      1418	0.000183318	
      1419	0.00020341	
      1420	0.000227479	
      1421	0.000256434	
      1422	0.00028428	
      1423	0.000319391	
      1424	0.000360446	
      1425	0.000410672	
      1426	0.000456502	
      1427	0.000521915	
      1428	0.00059754	
      1429	0.000671742	
      1430	0.000766657	
      1431	0.00088376	
      1432	0.00103339	
      1433	0.00119269	
      1434	0.00136277	
      1435	0.00158655	
      1436	0.00185196	
      1437	0.00217142	
      1438	0.00254567	
      1439	0.00300822	
      1440	0.00345225	
      1441	0.00413773	
      1442	0.00497881	
      1443	0.00567455	
      1444	0.00605735	
      1445	0.00645862	
      1446	0.00690893	
      1447	0.00733387	
      1448	0.00787533	
      1449	0.00840287	
      1450	0.00893286	
      1451	0.00947284	
      1452	 0.0101494	
      1453	 0.0109182	
      1454	 0.0116863	
      1455	 0.0125361	
      1456	 0.0134622	
      1457	 0.0146268	
      1458	  0.016002	
      1459	 0.0173997	
      1460	 0.0187719	
      1461	 0.0203454	
      1462	 0.0220252	
      1463	 0.0229081	
      1464	 0.0229501	
      1465	 0.0231511	
      1466	 0.0229891	
      1467	 0.0232563	
      1468	  0.023095	
      1469	 0.0232792	
      1470	 0.0231746	
      1471	 0.0228642	
      1472	 0.0229476	
      1473	 0.0229101	
      1474	 0.0224872	
      1475	 0.0227797	
      1476	 0.0229131	
      1477	 0.0228876	
      1478	 0.0241967	
      1479	 0.0258433	
      1480	 0.0274887	
      1481	 0.0289779	
      1482	 0.0309323	
      1483	    0.0325	
      1484	 0.0350069	
      1485	 0.0378197	
      1486	 0.0401713	
      1487	  0.042242	
      1488	 0.0420652	
      1489	 0.0489649	
      1490	 0.0540863	
      1491	 0.0588777	
      1492	 0.0637382	
      1493	 0.0704634	
      1494	 0.0777898	
      1495	 0.0857991	
      1496	 0.0939119	
      1497	  0.107742	
      1498	  0.110613	
      1499	  0.112183	
      1500	  0.116094	
      1501	  0.118495	
      1502	  0.118787	
      1503	  0.113408	
      1504	  0.118419	
      1505	  0.118862	
      1506	  0.126061	
      1507	   0.13325	
      1508	  0.135877	
      1509	  0.139045	
      1510	  0.145164	
      1511	  0.149544	
      1512	  0.151851	
      1513	  0.155981	
      1514	  0.160832	
      1515	  0.168083	
      1516	  0.174722	
      1517	  0.182203	
      1518	  0.193881	
      1519	  0.204692	
      1520	  0.225801	
      1521	  0.221893	
      1522	  0.221125	
      1523	  0.223669	
      1524	  0.224195	
      1525	   0.22122	
      1526	    0.2253	
      1527	  0.224874	
      1528	  0.225972	
      1529	  0.223836	
      1530	  0.216149	
      1531	  0.224661	
      1532	  0.226558	
      1533	  0.224899	
      1534	  0.222599	
      1535	  0.225027	
      1536	  0.228107	
      1537	  0.228734	
      1538	  0.225787	
      1539	  0.229366	
      1540	  0.221283	
      1541	   0.22049	
      1542	  0.220001	
      1543	  0.218566	
      1544	  0.218205	
      1545	  0.217374	
      1546	  0.215194	
      1547	  0.211378	
      1548	  0.206422	
      1549	  0.207778	
      1550	  0.205644	
      1551	  0.205181	
      1552	  0.205696	
      1553	  0.202775	
      1554	  0.198408	
      1555	  0.197727	
      1556	  0.195505	
      1557	  0.198012	
      1558	  0.196755	
      1559	  0.196916	
      1560	   0.19634	
      1561	  0.199294	
      1562	  0.199207	
      1563	  0.198756	
      1564	  0.197467	
      1565	  0.199654	
      1566	  0.198576	
      1567	  0.199106	
      1568	  0.197945	
      1569	  0.199836	
      1570	   0.20032	
      1571	   0.20438	
      1572	  0.205408	
      1573	  0.203858	
      1574	  0.202311	
      1575	  0.195607	
      1576	  0.200442	
      1577	  0.191073	
      1578	  0.202147	
      1579	  0.207001	
      1580	  0.208488	
      1581	    0.2079	
      1582	  0.201614	
      1583	  0.202226	
      1584	  0.200781	
      1585	  0.204444	
      1586	  0.202325	
      1587	  0.199424	
      1588	  0.194196	
      1589	  0.183899	
      1590	  0.187678	
      1591	  0.189011	
      1592	   0.19618	
      1593	  0.199386	
      1594	  0.198237	
      1595	   0.19731	
      1596	  0.189777	
      1597	  0.190915	
      1598	  0.194158	
      1599	  0.191113	
      1600	  0.190942	
      1601	  0.186521	
      1602	  0.187514	
      1603	  0.187478	
      1604	  0.187255	
      1605	  0.185177	
      1606	  0.184229	
      1607	  0.183113	
      1608	  0.185158	
      1609	  0.183131	
      1610	  0.174459	
      1611	  0.178175	
      1612	  0.180172	
      1613	  0.183604	
      1614	  0.183789	
      1615	  0.183339	
      1616	  0.177778	
      1617	  0.180585	
      1618	  0.186327	
      1619	  0.186181	
      1620	  0.182384	
      1621	  0.182979	
      1622	  0.186372	
      1623	  0.190864	
      1624	  0.192204	
      1625	  0.190946	
      1626	  0.193846	
      1627	  0.196051	
      1628	  0.198785	
      1629	  0.201167	
      1630	  0.203368	
      1631	  0.204002	
      1632	  0.203693	
      1633	  0.201256	
      1634	  0.199269	
      1635	   0.20133	
      1636	  0.200528	
      1637	  0.193998	
      1638	  0.192265	
      1639	  0.189369	
      1640	  0.191036	
      1641	  0.190062	
      1642	  0.190261	
      1643	  0.192994	
      1644	  0.191396	
      1645	  0.190759	
      1646	  0.193075	
      1647	  0.193408	
      1648	  0.192801	
      1649	   0.18998	
      1650	  0.191484	
      1651	  0.189729	
      1652	   0.19146	
      1653	  0.190135	
      1654	   0.19071	
      1655	  0.189182	
      1656	  0.190075	
      1657	  0.190137	
      1658	  0.189141	
      1659	  0.187316	
      1660	  0.188329	
      1661	  0.189025	
      1662	  0.188361	
      1663	  0.187598	
      1664	   0.18725	
      1665	  0.185754	
      1666	  0.184369	
      1667	  0.184348	
      1668	  0.182119	
      1669	  0.183363	
      1670	  0.185979	
      1671	  0.184808	
      1672	  0.179447	
      1673	   0.18133	
      1674	  0.183316	
      1675	  0.181424	
      1676	  0.179433	
      1677	  0.180485	
      1678	  0.181011	
      1679	  0.176998	
      1680	  0.170259	
      1681	  0.164042	
      1682	  0.165954	
      1683	  0.169536	
      1684	  0.171211	
      1685	  0.171007	
      1686	  0.168639	
      1687	  0.168221	
      1688	  0.167334	
      1689	  0.164894	
      1690	  0.164362	
      1691	  0.166115	
      1692	   0.16582	
      1693	  0.164662	
      1694	  0.164007	
      1695	  0.163377	
      1696	  0.162174	
      1697	  0.160998	
      1698	  0.160315	
      1699	  0.158971	
      1700	  0.156697	
      1701	  0.155957	
      1702	  0.155487	
      1703	  0.154838	
      1704	   0.15416	
      1705	  0.153439	
      1706	  0.152345	
      1707	  0.151201	
      1708	  0.150069	
      1709	  0.148947	
      1710	  0.147983	
      1711	  0.147918	
      1712	  0.148005	
      1713	  0.148095	
      1714	  0.148188	
      1715	   0.14816	
      1716	  0.147359	
      1717	   0.14644	
      1718	  0.145529	
      1719	  0.144624	
      1720	  0.143785	
      1721	   0.14327	
      1722	  0.142818	
      1723	  0.142371	
      1724	  0.141928	
      1725	  0.141439	
      1726	  0.140624	
      1727	  0.139765	
      1728	  0.138911	
      1729	  0.138062	
      1730	  0.137099	
      1731	  0.135388	
      1732	  0.133566	
      1733	  0.131752	
      1734	  0.129947	
      1735	  0.128489	
      1736	  0.129033	
      1737	  0.129914	
      1738	  0.130793	
      1739	   0.13167	
      1740	  0.132335	
      1741	  0.109767	
      1742	 0.0957672	
      1743	 0.0854447	
      1744	 0.0772648	
      1745	 0.0705462	
      1746	 0.0650098	
      1747	 0.0602575	
      1748	 0.0560973	
      1749	  0.052415	
      1750	 0.0491344	
      1751	 0.0462175	
      1752	 0.0435831	
      1753	 0.0411845	
      1754	 0.0389902	
      1755	 0.0369609	
      1756	 0.0350032	
      1757	 0.0331824	
      1758	 0.0314961	
      1759	 0.0299304	
      1760	 0.0284811	
      1761	 0.0271741	
      1762	 0.0259587	
      1763	 0.0248196	
      1764	 0.0237502	
      1765	 0.0227447	
      1766	 0.0217978	
      1767	 0.0209049	
      1768	 0.0200619	
      1769	 0.0192649	
      1770	 0.0185034	
      1771	 0.0177366	
      1772	 0.0170039	
      1773	 0.0163096	
      1774	 0.0156511	
      1775	 0.0150346	
      1776	 0.0144982	
      1777	  0.013995	
      1778	  0.013515	
      1779	 0.0130567	
      1780	 0.0126154	
      1781	 0.0121727	
      1782	 0.0117465	
      1783	 0.0113392	
      1784	 0.0109496	
      1785	 0.0105799	
      1786	 0.0102436	
      1787	0.00992383	
      1788	0.00961696	
      1789	0.00932229	
      1790	0.00903556	
      1791	0.00873688	
      1792	0.00844682	
      1793	0.00816841	
      1794	0.00790108	
      1795	0.00764428	
      1796	 0.0073975	
      1797	0.00716027	
      1798	0.00693213	
      1799	0.00671267	
      1800	0.00650534	
      1801	0.00539908	
      1802	0.00452087	
      1803	0.00381286	
      1804	0.00323618	
      1805	0.00276194	
      1806	0.00236693	
      1807	0.00203748	
      1808	0.00176122	
      1809	0.00152824	
      1810	  0.001328	
      1811	0.00114329	
      1812	0.000984925	
      1813	0.000850631	
      1814	0.000736355	
      1815	0.000640778	
      1816	0.000569135	
      1817	0.000508153	
      1818	0.000454622	
      1819	0.000407507	
      1820	0.000365822	
      1821	0.000328354	
      1822	0.00029512	
      1823	0.00026567	
      1824	0.000239519	
      1825	0.000216029	
      1826	0.000193847	
      1827	0.000173989	
      1828	0.000156362	
      1829	0.00014069	
      1830	0.000126801	
      1831	0.000114728	
      1832	0.000103972	
      1833	9.43241e-05	
      1834	8.56592e-05	
      1835	7.78574e-05	
      1836	7.07622e-05	
      1837	6.43647e-05	
      1838	5.85979e-05	
      1839	5.3394e-05	
      1840	4.86868e-05	
      1841	4.4385e-05	
      1842	4.04897e-05	
      1843	3.69643e-05	
      1844	3.37708e-05	
      1845	3.08914e-05	
      1846	2.83589e-05	
      1847	2.60658e-05	
      1848	2.39742e-05	
      1849	2.2065e-05	
      1850	2.03143e-05	
      1851	1.86774e-05	
      1852	1.71773e-05	
      1853	1.58069e-05	
      1854	1.45542e-05	
      1855	1.34084e-05	
      1856	1.23596e-05	
      1857	1.13989e-05	
      1858	1.05184e-05	
      1859	9.71095e-06	
      1860	8.96997e-06	
      1861	9.34843e-06	
      1862	9.74442e-06	
      1863	1.01588e-05	
      1864	1.05926e-05	
      1865	1.10491e-05	
      1866	1.15381e-05	
      1867	1.20534e-05	
      1868	1.2594e-05	
      1869	1.31611e-05	
      1870	1.37262e-05	
      1871	1.41248e-05	
      1872	1.45003e-05	
      1873	1.48827e-05	
      1874	1.52718e-05	
      1875	1.57542e-05	
      1876	1.67908e-05	
      1877	1.79895e-05	
      1878	1.92685e-05	
      1879	2.06335e-05	
      1880	2.20302e-05	
      1881	2.31408e-05	
      1882	2.42465e-05	
      1883	2.54105e-05	
      1884	2.66365e-05	
      1885	2.79049e-05	
      1886	2.90877e-05	
      1887	3.03009e-05	
      1888	3.15699e-05	
      1889	3.28977e-05	
      1890	3.43119e-05	
      1891	3.59482e-05	
      1892	3.76987e-05	
      1893	3.95443e-05	
      1894	4.14909e-05	
      1895	4.35762e-05	
      1896	4.59778e-05	
      1897	 4.856e-05	
      1898	5.13013e-05	
      1899	5.42124e-05	
      1900	5.72764e-05	
      1901	6.03326e-05	
      1902	6.35393e-05	
      1903	6.69369e-05	
      1904	7.05382e-05	
      1905	7.43462e-05	
      1906	7.82948e-05	
      1907	8.2468e-05	
      1908	8.68924e-05	
      1909	9.15851e-05	
      1910	9.65857e-05	
      1911	  0.000102	
      1912	0.00010778	
      1913	0.000113931	
      1914	0.000120479	
      1915	0.000127453	
      1916	0.000134884	
      1917	0.000142807	
      1918	0.000151259	
      1919	0.000160279	
      1920	0.000169912	
      1921	0.000160063	
      1922	0.000161285	
      1923	0.000164851	
      1924	0.000169831	
      1925	0.000175843	
      1926	0.000182406	
      1927	0.000189773	
      1928	0.000197999	
      1929	0.000207097	
      1930	0.00021727	
      1931	0.00022947	
      1932	0.000243024	
      1933	0.000257866	
      1934	0.000274116	
      1935	0.000291757	
      1936	0.000309997	
      1937	0.000329777	
      1938	0.000351428	
      1939	0.000375156	
      1940	0.000400578	
      1941	0.000424506	
      1942	0.00044989	
      1943	0.000477574	
      1944	0.000507818	
      1945	0.000542725	
      1946	0.000592886	
      1947	0.000651199	
      1948	0.000716817	
      1949	0.000790874	
      1950	0.000874029	
      1951	0.000963888	
      1952	0.00106519	
      1953	0.00118076	
      1954	 0.0013132	
      1955	0.00146461	
      1956	 0.0016322	
      1957	0.00182537	
      1958	0.00205112	
      1959	0.00231708	
      1960	0.00263287	
      1961	0.00283879	
      1962	0.00306469	
      1963	0.00331357	
      1964	0.00358841	
      1965	0.00389589	
      1966	0.00425826	
      1967	0.00466742	
      1968	0.00512687	
      1969	0.00564465	
      1970	0.00622688	
      1971	0.00686257	
      1972	 0.0075817	
      1973	0.00840413	
      1974	0.00935037	
      1975	 0.0104465	
      1976	 0.0117265	
      1977	 0.0132347	
      1978	 0.0150315	
      1979	 0.0172005	
      1980	 0.0198668	
      1981	 0.0232353	
      1982	 0.0275865	
      1983	 0.0334285	
      1984	 0.0417891	
      1985	 0.0553491	
      1986	 0.0397459	
      1987	 0.0323572	
      1988	   0.02744	
      1989	 0.0238075	
      1990	 0.0209544	
      1991	 0.0185555	
      1992	 0.0165581	
      1993	 0.0148774	
      1994	 0.0134433	
      1995	  0.012214	
      1996	 0.0111852	
      1997	 0.0102872	
      1998	0.00949173	
      1999	0.00878284	
      2000	0.00814436	
      2001	0.00755055	
      2002	 0.0070119	
      2003	0.00652438	
      2004	0.00608166	
      2005	 0.0056809	
      2006	 0.0059747	
      2007	0.00629122	
      2008	0.00662984	
      2009	0.00699258	
      2010	0.00738047	
      2011	0.00778635	
      2012	 0.0082213	
      2013	0.00868972	
      2014	0.00919516	
      2015	0.00973997	
      2016	 0.0103158	
      2017	 0.0109388	
      2018	 0.0116166	
      2019	 0.0123563	
      2020	 0.0131719	
      2021	 0.0141062	
      2022	 0.0151457	
      2023	 0.0163003	
      2024	 0.0175893	
      2025	 0.0190285	
      2026	 0.0206003	
      2027	 0.0223802	
      2028	 0.0244272	
      2029	 0.0268115	
      2030	 0.0296425	
      2031	 0.0331112	
      2032	  0.037455	
      2033	 0.0431597	
      2034	 0.0514039	
      2035	 0.0677605	
      2036	 0.0664818	
      2037	 0.0653095	
      2038	 0.0642305	
      2039	 0.0632274	
      2040	 0.0623342	
      2041	 0.0617476	
      2042	 0.0612476	
      2043	 0.0607826	
      2044	 0.0603485	
      2045	 0.0599032	
      2046	 0.0592303	
      2047	 0.0585463	
      2048	 0.0578879	
      2049	  0.057253	
      2050	 0.0566561	
      2051	 0.0561536	
      2052	 0.0556849	
      2053	 0.0552328	
      2054	 0.0547965	
      2055	 0.0543647	
      2056	 0.0538648	
      2057	 0.0533692	
      2058	 0.0528877	
      2059	 0.0524196	
      2060	 0.0519796	
      2061	 0.0516224	
      2062	 0.0512915	
      2063	 0.0509717	
      2064	 0.0506627	
      2065	 0.0503643	
      2066	 0.0506615	
      2067	 0.0509648	
      2068	 0.0512744	
      2069	 0.0515907	
      2070	 0.0519293	
      2071	 0.0523481	
      2072	 0.0527918	
      2073	 0.0532452	
      2074	  0.053709	
      2075	 0.0541622	
      2076	 0.0544857	
      2077	 0.0547964	
      2078	 0.0551164	
      2079	 0.0554461	
      2080	 0.0557976	
      2081	 0.0562172	
      2082	 0.0566617	
      2083	 0.0571208	
      2084	 0.0575956	
      2085	 0.0580933	
      2086	 0.0586215	
      2087	 0.0591762	
      2088	 0.0597534	
      2089	 0.0603553	
      2090	 0.0609721	
      2091	 0.0615559	
      2092	 0.0621591	
      2093	  0.062799	
      2094	  0.063481	
      2095	 0.0642391	
      2096	 0.0652335	
      2097	 0.0663341	
      2098	 0.0675337	
      2099	 0.0688619	
      2100	 0.0703605	
      2101	 0.0703981	
      2102	 0.0704293	
      2103	 0.0704613	
      2104	 0.0704943	
      2105	 0.0705135	
      2106	 0.0704453	
      2107	 0.0703631	
      2108	 0.0702816	
      2109	 0.0702009	
      2110	 0.0701285	
      2111	 0.0701163	
      2112	 0.0701127	
      2113	 0.0701103	
      2114	 0.0701091	
      2115	 0.0701092	
      2116	 0.0700957	
      2117	 0.0700836	
      2118	 0.0700729	
      2119	 0.0700638	
      2120	 0.0700563	
      2121	 0.0700355	
      2122	 0.0700164	
      2123	 0.0699991	
      2124	 0.0699839	
      2125	 0.0699936	
      2126	 0.0701272	
      2127	 0.0702867	
      2128	 0.0704495	
      2129	 0.0706157	
      2130	 0.0707551	
      2131	 0.0707295	
      2132	 0.0706768	
      2133	 0.0706278	
      2134	  0.070583	
      2135	 0.0705661	
      2136	 0.0707098	
      2137	 0.0708837	
      2138	 0.0710654	
      2139	 0.0712561	
      2140	 0.0714336	
      2141	 0.0714817	
      2142	 0.0715198	
      2143	 0.0715747	
      2144	 0.0716515	
      2145	 0.0717818	
      2146	 0.0720677	
      2147	 0.0724499	
      2148	 0.0729799	
      2149	 0.0729314	
      2150	  0.072875	
      2151	 0.0727374	
      2152	 0.0725919	
      2153	 0.0724465	
      2154	 0.0723012	
      2155	 0.0721561	
      2156	 0.0719787	
      2157	 0.0718014	
      2158	 0.0716243	
      2159	 0.0714474	
      2160	 0.0711733	
      2161	 0.0702995	
      2162	 0.0693289	
      2163	 0.0683588	
      2164	 0.0673892	
      2165	 0.0666063	
      2166	 0.0669576	
      2167	  0.067495	
      2168	 0.0680323	
      2169	 0.0685695	
      2170	 0.0690499	
      2171	  0.069158	
      2172	 0.0692096	
      2173	 0.0692612	
      2174	 0.0693129	
      2175	 0.0693323	
      2176	 0.0691577	
      2177	  0.068951	
      2178	 0.0687445	
      2179	 0.0685381	
      2180	 0.0683561	
      2181	 0.0683357	
      2182	 0.0683397	
      2183	 0.0683437	
      2184	 0.0683478	
      2185	 0.0683197	
      2186	 0.0680819	
      2187	  0.067812	
      2188	 0.0675423	
      2189	 0.0672727	
      2190	 0.0670437	
      2191	 0.0670566	
      2192	 0.0671099	
      2193	 0.0671633	
      2194	 0.0672167	
      2195	  0.067246	
      2196	 0.0671465	
      2197	  0.067023	
      2198	 0.0668996	
      2199	 0.0667557	
      2200	  0.066588	
      2201	 0.0662757	
      2202	 0.0659397	
      2203	 0.0656041	
      2204	 0.0652689	
      2205	 0.0649743	
      2206	 0.0648886	
      2207	 0.0648432	
      2208	 0.0647979	
      2209	 0.0647527	
      2210	 0.0646996	
      2211	 0.0646147	
      2212	 0.0645219	
      2213	 0.0644293	
      2214	 0.0643368	
      2215	 0.0642445	
      2216	 0.0641524	
      2217	 0.0640604	
      2218	 0.0639686	
      2219	  0.063877	
      2220	 0.0637695	
      2221	 0.0635666	
      2222	  0.063348	
      2223	 0.0631297	
      2224	 0.0629116	
      2225	 0.0627097	
      2226	 0.0626035	
      2227	 0.0625133	
      2228	 0.0624233	
      2229	 0.0623334	
      2230	 0.0622437	
      2231	 0.0621382	
      2232	 0.0620329	
      2233	 0.0619278	
      2234	 0.0618228	
      2235	 0.0617021	
      2236	 0.0614707	
      2237	 0.0612237	
      2238	  0.060977	
      2239	 0.0607305	
      2240	  0.060508	
      2241	 0.0604281	
      2242	 0.0603719	
      2243	 0.0603159	
      2244	 0.0602599	
      2245	 0.0601883	
      2246	 0.0600379	
      2247	  0.059872	
      2248	 0.0597062	
      2249	 0.0595406	
      2250	 0.0593752	
      2251	 0.0591785	
      2252	  0.058982	
      2253	 0.0587857	
      2254	 0.0585896	
      2255	 0.0584094	
      2256	 0.0583394	
      2257	 0.0582853	
      2258	 0.0582312	
      2259	 0.0581772	
      2260	 0.0581154	
      2261	 0.0579754	
      2262	 0.0578276	
      2263	   0.05768	
      2264	 0.0575326	
      2265	  0.057401	
      2266	 0.0573321	
      2267	  0.057279	
      2268	  0.057226	
      2269	 0.0571731	
      2270	 0.0571124	
      2271	 0.0566949	
      2272	  0.056284	
      2273	 0.0558859	
      2274	 0.0554997	
      2275	 0.0551091	
      2276	 0.0546531	
      2277	 0.0541922	
      2278	  0.053741	
      2279	 0.0532988	
      2280	 0.0528873	
      2281	 0.0526162	
      2282	 0.0523732	
      2283	 0.0521357	
      2284	 0.0519035	
      2285	 0.0516762	
      2286	 0.0514249	
      2287	 0.0511782	
      2288	  0.050936	
      2289	 0.0506981	
      2290	 0.0504359	
      2291	 0.0499944	
      2292	 0.0495301	
      2293	 0.0490712	
      2294	 0.0486176	
      2295	 0.0482107	
      2296	 0.0480301	
      2297	 0.0478936	
      2298	 0.0477595	
      2299	 0.0476278	
      2300	 0.0474914	
      2301	 0.0473028	
      2302	 0.0471099	
      2303	 0.0469195	
      2304	 0.0467315	
      2305	 0.0465391	
      2306	 0.0463222	
      2307	 0.0461011	
      2308	 0.0458824	
      2309	 0.0456659	
      2310	 0.0454517	
      2311	 0.0452134	
      2312	 0.0449775	
      2313	 0.0447437	
      2314	 0.0445122	
      2315	 0.0442828	
      2316	 0.0440684	
      2317	  0.043856	
      2318	 0.0436455	
      2319	  0.043437	
      2320	  0.043211	
      2321	 0.0428467	
      2322	  0.042466	
      2323	 0.0420881	
      2324	 0.0417129	
      2325	 0.0413845	
      2326	 0.0412972	
      2327	 0.0412548	
      2328	  0.041213	
      2329	 0.0411719	
      2330	 0.0411128	
      2331	 0.0409553	
      2332	 0.0407806	
      2333	 0.0406071	
      2334	 0.0404351	
      2335	 0.0402643	
      2336	 0.0400948	
      2337	 0.0399265	
      2338	 0.0397595	
      2339	 0.0395937	
      2340	 0.0394352	
      2341	  0.039314	
      2342	 0.0391997	
      2343	 0.0390863	
      2344	 0.0389738	
      2345	 0.0388502	
      2346	 0.0386679	
      2347	  0.038475	
      2348	 0.0382833	
      2349	 0.0380928	
      2350	 0.0378918	
      2351	 0.0376096	
      2352	 0.0373174	
      2353	 0.0370268	
      2354	 0.0367378	
      2355	 0.0364854	
      2356	 0.0364203	
      2357	 0.0363906	
      2358	 0.0363611	
      2359	  0.036332	
      2360	 0.0362974	
      2361	  0.034484	
      2362	 0.0328835	
      2363	 0.0314537	
      2364	 0.0301616	
      2365	 0.0289789	
      2366	  0.027857	
      2367	 0.0268159	
      2368	 0.0258489	
      2369	  0.024947	
      2370	 0.0240987	
      2371	 0.0232796	
      2372	 0.0225046	
      2373	 0.0217729	
      2374	 0.0210805	
      2375	 0.0204374	
      2376	 0.0198912	
      2377	 0.0193838	
      2378	 0.0188998	
      2379	 0.0184376	
      2380	 0.0179721	
      2381	 0.0173959	
      2382	 0.0168223	
      2383	 0.0162732	
      2384	 0.0157468	
      2385	 0.0152677	
      2386	 0.0149588	
      2387	 0.0146857	
      2388	 0.0144218	
      2389	 0.0141669	
      2390	  0.013911	
      2391	 0.0136093	
      2392	  0.013309	
      2393	 0.0130186	
      2394	 0.0127378	
      2395	  0.012466	
      2396	 0.0121988	
      2397	   0.01194	
      2398	 0.0116891	
      2399	 0.0114459	
      2400	 0.0112101	
      2401	 0.0109849	
      2402	 0.0107662	
      2403	 0.0105538	
      2404	 0.0103475	
      2405	 0.0101469	
      2406	0.00995527	
      2407	0.00976882	
      2408	0.00958737	
      2409	0.00941074	
      2410	0.00923095	
      2411	0.00900989	
      2412	0.00878746	
      2413	0.00857122	
      2414	0.00836095	
      2415	0.00816788	
      2416	0.00804189	
      2417	0.00792988	
      2418	0.00782034	
      2419	0.00771317	
      2420	0.00760436	
      2421	  0.007472	
      2422	0.00733894	
      2423	0.00720902	
      2424	0.00708213	
      2425	 0.0069594	
      2426	0.00684666	
      2427	 0.0067376	
      2428	0.00663093	
      2429	0.00652657	
      2430	0.00642335	
      2431	0.00631128	
      2432	0.00620062	
      2433	 0.0060924	
      2434	0.00598656	
      2435	0.00588408	
      2436	0.00579201	
      2437	0.00570287	
      2438	0.00561555	
      2439	0.00553001	
      2440	0.00544524	
      2441	0.00535454	
      2442	 0.0052648	
      2443	0.00517691	
      2444	0.00509083	
      2445	0.00500562	
      2446	0.00491859	
      2447	0.00483249	
      2448	0.00474816	
      2449	0.00466556	
      2450	0.00458632	
      2451	0.00424865	
      2452	 0.0039444	
      2453	0.00366807	
      2454	0.00341639	
      2455	0.00318777	
      2456	0.00298398	
      2457	0.00279781	
      2458	 0.0026264	
      2459	0.00246828	
      2460	0.00232173	
      2461	0.00218289	
      2462	0.00205395	
      2463	 0.0019344	
      2464	0.00182339	
      2465	0.00171954	
      2466	 0.0016199	
      2467	0.00152662	
      2468	0.00143974	
      2469	0.00135874	
      2470	0.00128363	
      2471	0.00121663	
      2472	0.00115427	
      2473	0.00109576	
      2474	0.00104082	
      2475	0.000988634	
      2476	0.000936043	
      2477	0.000886191	
      2478	0.000839396	
      2479	0.000795439	
      2480	0.000754556	
      2481	0.00071802	
      2482	0.000683948	
      2483	0.000651773	
      2484	0.000621371	
      2485	0.000592857	
      2486	0.000566966	
      2487	0.000542624	
      2488	0.00051952	
      2489	0.00049758	
      2490	0.000475913	
      2491	0.000450453	
      2492	0.000425693	
      2493	0.00040236	
      2494	0.000380363	
      2495	0.00036072	
      2496	0.000348222	
      2497	0.000337255	
      2498	0.000326696	
      2499	0.000316527	
      2500	0.000306254	
      2501	9.23442e-05	
      2502	3.27787e-05	
      2503	1.29676e-05	
      2504	5.54939e-06	
      2505	2.52221e-06	
      2506	1.20081e-06	
      2507	5.94856e-07	
      2508	3.04775e-07	
      2509	1.60736e-07	
      2510	8.69542e-08	
      2511	4.81569e-08	
      2512	 2.721e-08	
      2513	1.56509e-08	
      2514	9.14867e-09	
      2515	5.42702e-09	
      2516	3.26432e-09	
      2517	1.98798e-09	
      2518	1.22465e-09	
      2519	7.62501e-10	
      2520	4.7959e-10	
      2521	3.04715e-10	
      2522	1.9534e-10	
      2523	1.26254e-10	
      2524	8.22342e-11	
      2525	5.3966e-11	
      2526	3.57055e-11	
      2527	2.37843e-11	
      2528	1.59423e-11	
      2529	1.07496e-11	
      2530	7.28782e-12	
      2531	4.95725e-12	
      2532	3.38873e-12	
      2533	2.32799e-12	
      2534	1.60688e-12	
      2535	1.11444e-12	
      2536	7.76968e-13	
      2537	5.4409e-13	
      2538	3.82562e-13	
      2539	2.70043e-13	
      2540	1.91339e-13	
      2541	1.36127e-13	
      2542	9.71892e-14	
      2543	6.96261e-14	
      2544	5.00449e-14	
      2545	3.60858e-14	
      2546	 2.609e-14	
      2547	1.89198e-14	
      2548	1.37602e-14	
      2549	1.00361e-14	
      2550	7.34009e-15	
      2551	5.38037e-15	
      2552	3.95416e-15	
      2553	2.91337e-15	
      2554	2.15184e-15	
      2555	1.59319e-15	
      2556	1.18182e-15	
      2557	8.78674e-16	
      2558	6.54744e-16	
      2559	4.88943e-16	
      2560	3.65985e-16	
      2561	2.74758e-16	
      2562	2.06735e-16	
      2563	1.55862e-16	
      2564	1.17736e-16	
      2565	8.91043e-17	
      2566	6.7531e-17	
      2567	5.12738e-17	
      2568	3.89996e-17	
      2569	2.97154e-17	
      2570	2.26799e-17	
      2571	1.73315e-17	
      2572	1.3266e-17	
      2573	1.01704e-17	
      2574	7.80949e-18	
      2575	6.00588e-18	
      2576	4.62582e-18	
      2577	3.56817e-18	
      2578	2.75636e-18	
      2579	2.13231e-18	
      2580	1.65149e-18	
      2581	1.27911e-18	
      2582	9.9181e-19	
      2583	7.70059e-19	
      2584	5.98666e-19	
      2585	4.66232e-19	
      2586	3.64731e-19	
      2587	2.85816e-19	
      2588	2.24251e-19	
      2589	1.76161e-19	
      2590	1.38516e-19	
      2591	1.08843e-19	
      2592	8.56052e-20	
      2593	6.7405e-20	
      2594	5.31336e-20	
      2595	4.19396e-20	
      2596	3.31706e-20	
      2597	2.62694e-20	
      2598	2.08259e-20	
      2599	1.65275e-20	
      2600	1.31298e-20	
      2601	7.38788e-21	
      2602	5.32291e-21	
      2603	4.01778e-21	
      2604	3.10864e-21	
      2605	2.44435e-21	
      2606	1.94273e-21	
      2607	1.55795e-21	
      2608	1.2584e-21	
      2609	1.02252e-21	
      2610	8.35057e-22	
      2611	6.85266e-22	
      2612	5.64498e-22	
      2613	4.66594e-22	
      2614	3.86844e-22	
      2615	3.21609e-22	
      2616	2.67792e-22	
      2617	2.23493e-22	
      2618	1.86918e-22	
      2619	1.56636e-22	
      2620	1.31438e-22	
      2621	1.10112e-22	
      2622	9.23469e-23	
      2623	7.75627e-23	
      2624	6.52363e-23	
      2625	5.50089e-23	
      2626	4.67651e-23	
      2627	3.98544e-23	
      2628	3.40044e-23	
      2629	2.90454e-23	
      2630	2.4824e-23	
      2631	2.11762e-23	
      2632	1.80735e-23	
      2633	1.54401e-23	
      2634	1.32025e-23	
      2635	1.12964e-23	
      2636	9.65015e-24	
      2637	8.24851e-24	
      2638	 7.056e-24	
      2639	6.04049e-24	
      2640	5.17754e-24	
      2641	4.45437e-24	
      2642	3.83684e-24	
      2643	3.30721e-24	
      2644	2.85262e-24	
      2645	2.46213e-24	
      2646	2.12434e-24	
      2647	1.83404e-24	
      2648	1.58438e-24	
      2649	1.36951e-24	
      2650	1.18448e-24	
      2651	 1.024e-24	
      2652	8.85752e-25	
      2653	7.66586e-25	
      2654	6.63804e-25	
      2655	5.75247e-25	
      2656	4.99263e-25	
      2657	4.33644e-25	
      2658	3.76835e-25	
      2659	3.27627e-25	
      2660	2.84909e-25	
      2661	2.47499e-25	
      2662	2.15045e-25	
      2663	1.86929e-25	
      2664	1.62561e-25	
      2665	1.41502e-25	
      2666	1.23478e-25	
      2667	1.0785e-25	
      2668	9.4239e-26	
      2669	8.23798e-26	
      2670	7.20236e-26	
      2671	6.28333e-26	
      2672	5.48229e-26	
      2673	4.78518e-26	
      2674	4.17828e-26	
      2675	3.65065e-26	
      2676	3.19413e-26	
      2677	2.79644e-26	
      2678	2.44915e-26	
      2679	2.14575e-26	
      2680	1.88059e-26	
      2681	1.64877e-26	
      2682	1.44603e-26	
      2683	1.26864e-26	
      2684	1.11338e-26	
      2685	9.77451e-27	
      2686	8.57494e-27	
      2687	7.52498e-27	
      2688	6.60567e-27	
      2689	5.80047e-27	
      2690	5.09499e-27	
      2691	4.47905e-27	
      2692	3.93876e-27	
      2693	3.46469e-27	
      2694	3.04858e-27	
      2695	2.68323e-27	
      2696	2.36109e-27	
      2697	2.07821e-27	
      2698	1.82974e-27	
      2699	1.61143e-27	
      2700	1.41994e-27	
      2701	1.67719e-27	
      2702	1.98269e-27	
      2703	2.34519e-27	
      2704	2.77555e-27	
      2705	3.2868e-27	
      2706	3.89451e-27	
      2707	4.6173e-27	
      2708	5.4775e-27	
      2709	6.50186e-27	
      2710	7.72247e-27	
      2711	9.18286e-27	
      2712	1.09262e-26	
      2713	1.30086e-26	
      2714	1.54976e-26	
      2715	1.84746e-26	
      2716	2.20255e-26	
      2717	2.6276e-26	
      2718	3.13672e-26	
      2719	3.74695e-26	
      2720	4.47888e-26	
      2721	5.35443e-26	
      2722	6.40549e-26	
      2723	7.6681e-26	
      2724	9.18593e-26	
      2725	1.10149e-25	
      2726	1.32248e-25	
      2727	1.58937e-25	
      2728	1.9115e-25	
      2729	2.30061e-25	
      2730	2.77096e-25	
      2731	3.33625e-25	
      2732	4.01988e-25	
      2733	4.84726e-25	
      2734	5.84943e-25	
      2735	7.06429e-25	
      2736	8.54293e-25	
      2737	1.03393e-24	
      2738	1.25235e-24	
      2739	1.51814e-24	
      2740	1.84186e-24	
      2741	2.23773e-24	
      2742	2.72097e-24	
      2743	3.31141e-24	
      2744	4.03345e-24	
      2745	4.91722e-24	
      2746	5.99656e-24	
      2747	7.31937e-24	
      2748	8.94209e-24	
      2749	1.09346e-23	
      2750	1.33836e-23	
      2751	1.63871e-23	
      2752	2.00839e-23	
      2753	2.46384e-23	
      2754	3.02553e-23	
      2755	3.71896e-23	
      2756	4.57593e-23	
      2757	5.63611e-23	
      2758	6.9491e-23	
      2759	8.57697e-23	
      2760	1.05974e-22	
      2761	1.31156e-22	
      2762	1.62499e-22	
      2763	2.01557e-22	
      2764	2.50286e-22	
      2765	3.11152e-22	
      2766	3.87496e-22	
      2767	4.83143e-22	
      2768	6.03123e-22	
      2769	7.53819e-22	
      2770	9.43063e-22	
      2771	1.17992e-21	
      2772	1.47773e-21	
      2773	1.85311e-21	
      2774	2.32691e-21	
      2775	2.92578e-21	
      2776	3.68598e-21	
      2777	4.65017e-21	
      2778	5.87491e-21	
      2779	7.43292e-21	
      2780	9.41795e-21	
      2781	1.19581e-20	
      2782	1.52065e-20	
      2783	1.93675e-20	
      2784	2.47062e-20	
      2785	3.15675e-20	
      2786	4.04008e-20	
      2787	5.17929e-20	
      2788	6.65113e-20	
      2789	8.55621e-20	
      2790	1.10267e-19	
      2791	1.42278e-19	
      2792	1.83925e-19	
      2793	2.38217e-19	
      2794	3.09136e-19	
      2795	4.02091e-19	
      2796	5.24383e-19	
      2797	6.85508e-19	
      2798	8.9806e-19	
      2799	1.1791e-18	
      2800	1.55157e-18	
      2801	 1.879e-18	
      2802	2.27739e-18	
      2803	2.76255e-18	
      2804	3.35389e-18	
      2805	4.07654e-18	
      2806	4.96227e-18	
      2807	6.04763e-18	
      2808	7.37699e-18	
      2809	9.00675e-18	
      2810	1.10067e-17	
      2811	1.34634e-17	
      2812	1.6484e-17	
      2813	2.02018e-17	
      2814	2.47824e-17	
      2815	3.04319e-17	
      2816	3.73839e-17	
      2817	4.59712e-17	
      2818	5.65901e-17	
      2819	6.97357e-17	
      2820	8.60277e-17	
      2821	1.06176e-16	
      2822	1.31189e-16	
      2823	1.62278e-16	
      2824	2.00965e-16	
      2825	2.49246e-16	
      2826	3.09691e-16	
      2827	3.85383e-16	
      2828	4.8017e-16	
      2829	5.99027e-16	
      2830	7.48266e-16	
      2831	9.35321e-16	
      2832	1.1707e-15	
      2833	1.4673e-15	
      2834	1.84161e-15	
      2835	2.31467e-15	
      2836	2.91161e-15	
      2837	3.66788e-15	
      2838	4.62755e-15	
      2839	5.84726e-15	
      2840	7.40005e-15	
      2841	9.38625e-15	
      2842	1.19251e-14	
      2843	1.51761e-14	
      2844	1.93465e-14	
      2845	2.47063e-14	
      2846	3.15873e-14	
      2847	4.0459e-14	
      2848	5.19202e-14	
      2849	6.67568e-14	
      2850	8.60032e-14	
      2851	1.11024e-13	
      2852	1.43622e-13	
      2853	1.8619e-13	
      2854	2.41905e-13	
      2855	3.15004e-13	
      2856	4.11417e-13	
      2857	5.38626e-13	
      2858	7.06908e-13	
      2859	9.30124e-13	
      2860	1.22703e-12	
      2861	1.62308e-12	
      2862	2.15296e-12	
      2863	2.86406e-12	
      2864	3.82138e-12	
      2865	5.1144e-12	
      2866	6.8576e-12	
      2867	9.22534e-12	
      2868	1.24531e-11	
      2869	 1.687e-11	
      2870	2.29459e-11	
      2871	3.13513e-11	
      2872	4.30224e-11	
      2873	5.92856e-11	
      2874	8.2054e-11	
      2875	1.14125e-10	
      2876	1.59601e-10	
      2877	2.24397e-10	
      2878	3.1717e-10	
      2879	4.50793e-10	
      2880	6.44479e-10	
      2881	9.25848e-10	
      2882	1.33882e-09	
      2883	1.94956e-09	
      2884	2.86009e-09	
      2885	4.2294e-09	
      2886	6.31222e-09	
      2887	9.50785e-09	
      2888	1.44647e-08	
      2889	2.22458e-08	
      2890	3.46217e-08	
      2891	5.45943e-08	
      2892	8.73568e-08	
      2893	1.42103e-07	
      2894	2.35561e-07	
      2895	3.99176e-07	
      2896	6.94091e-07	
      2897	1.24766e-06	
      2898	2.34611e-06	
      2899	4.74038e-06	
      2900	1.19064e-05	
      2901	1.22252e-05	
      2902	1.25535e-05	
      2903	1.28916e-05	
      2904	1.32399e-05	
      2905	1.35987e-05	
      2906	1.39586e-05	
      2907	1.43291e-05	
      2908	1.47107e-05	
      2909	1.51037e-05	
      2910	1.55085e-05	
      2911	1.59143e-05	
      2912	1.63321e-05	
      2913	1.67621e-05	
      2914	1.7205e-05	
      2915	1.76611e-05	
      2916	1.81437e-05	
      2917	1.86411e-05	
      2918	1.91539e-05	
      2919	1.96826e-05	
      2920	2.02278e-05	
      2921	2.07899e-05	
      2922	2.13698e-05	
      2923	2.19678e-05	
      2924	2.25848e-05	
      2925	2.32214e-05	
      2926	2.38783e-05	
      2927	2.45562e-05	
      2928	2.52559e-05	
      2929	2.59781e-05	
      2930	2.67238e-05	
      2931	2.74738e-05	
      2932	2.82477e-05	
      2933	2.90465e-05	
      2934	2.9871e-05	
      2935	3.07222e-05	
      2936	3.16242e-05	
      2937	3.25564e-05	
      2938	3.35199e-05	
      2939	3.45158e-05	
      2940	3.55455e-05	
      2941	3.65832e-05	
      2942	3.76555e-05	
      2943	3.87639e-05	
      2944	3.99096e-05	
      2945	4.11096e-05	
      2946	4.23826e-05	
      2947	4.37169e-05	
      2948	4.50992e-05	
      2949	4.65314e-05	
      2950	4.80155e-05	
      2951	4.95537e-05	
      2952	5.11483e-05	
      2953	5.28017e-05	
      2954	5.45163e-05	
      2955	5.62947e-05	
      2956	5.80959e-05	
      2957	5.99636e-05	
      2958	6.19006e-05	
      2959	 6.391e-05	
      2960	6.59947e-05	
      2961	6.82099e-05	
      2962	7.05108e-05	
      2963	7.29013e-05	
      2964	7.53854e-05	
      2965	7.79673e-05	
      2966	8.05902e-05	
      2967	8.33158e-05	
      2968	8.61488e-05	
      2969	8.90942e-05	
      2970	9.21571e-05	
      2971	9.54162e-05	
      2972	9.88096e-05	
      2973	0.000102344	
      2974	0.000106025	
      2975	0.000109861	
      2976	0.000113772	
      2977	0.000117847	
      2978	0.000122094	
      2979	0.000126522	
      2980	0.000131139	
      2981	0.000136062	
      2982	0.000141202	
      2983	0.000146572	
      2984	0.000152184	
      2985	0.00015805	
      2986	0.000164057	
      2987	0.000170337	
      2988	0.000176906	
      2989	0.000183779	
      2990	0.000190974	
      2991	0.000198665	
      2992	0.00020673	
      2993	0.00021519	
      2994	0.00022407	
      2995	0.000233396	
      2996	0.000243197	
      2997	0.000253504	
      2998	0.000264352	
      2999	0.000275777	
      3000	0.000287823	
      3001	0.000287717	
      3002	0.000287611	
      3003	0.000287504	
      3004	0.000287397	
      3005	0.00028729	
      3006	0.000287411	
      3007	0.000287533	
      3008	0.000287654	
      3009	0.000287776	
      3010	0.000287898	
      3011	0.00028802	
      3012	0.000288142	
      3013	0.000288265	
      3014	0.000288388	
      3015	0.000288511	
      3016	0.000288402	
      3017	0.000288292	
      3018	0.000288183	
      3019	0.000288073	
      3020	0.000287962	
      3021	0.000287851	
      3022	0.00028774	
      3023	0.000287629	
      3024	0.000287517	
      3025	0.000287405	
      3026	0.000287527	
      3027	0.00028765	
      3028	0.000287773	
      3029	0.000287896	
      3030	0.000288019	
      3031	0.000287906	
      3032	0.000287793	
      3033	0.00028768	
      3034	0.000287566	
      3035	0.000287452	
      3036	 0.0002871	
      3037	0.000286747	
      3038	0.000286393	
      3039	0.000286038	
      3040	0.000285802	
      3041	0.000286284	
      3042	0.000286886	
      3043	0.00028749	
      3044	0.000288096	
      3045	0.000288703	
      3046	0.000289071	
      3047	0.00028944	
      3048	0.00028981	
      3049	0.000290181	
      3050	0.000290553	
      3051	0.000290684	
      3052	0.000290815	
      3053	0.000290946	
      3054	0.000291079	
      3055	0.000291211	
      3056	0.000291344	
      3057	0.000291478	
      3058	0.000291613	
      3059	0.000291747	
      3060	0.000291883	
      3061	0.000291528	
      3062	0.000291172	
      3063	0.000290816	
      3064	0.000290459	
      3065	0.000290224	
      3066	0.000290237	
      3067	0.000290374	
      3068	0.000290512	
      3069	0.00029065	
      3070	0.00029079	
      3071	0.000291179	
      3072	0.000291569	
      3073	0.000291962	
      3074	0.000292355	
      3075	0.000292751	
      3076	0.000292647	
      3077	0.000292544	
      3078	0.000292441	
      3079	0.000292338	
      3080	0.000292236	
      3081	0.000292135	
      3082	0.000292034	
      3083	0.000291934	
      3084	0.000291835	
      3085	0.000291737	
      3086	0.000291639	
      3087	0.000291543	
      3088	0.000291448	
      3089	0.000291353	
      3090	0.00029126	
      3091	0.000291169	
      3092	0.000291079	
      3093	0.000290991	
      3094	0.000290904	
      3095	0.000290819	
      3096	0.000290737	
      3097	0.000290657	
      3098	0.000290579	
      3099	0.000290504	
      3100	0.000290432	
      3101	0.000286535	
      3102	0.000285754	
      3103	0.000285884	
      3104	0.000286509	
      3105	0.000287465	
      3106	0.000288405	
      3107	0.000289534	
      3108	0.00029082	
      3109	0.000292238	
      3110	0.000293773	
      3111	0.000295143	
      3112	0.000296604	
      3113	0.000298148	
      3114	0.000299768	
      3115	0.000301598	
      3116	0.000303778	
      3117	0.00030617	
      3118	0.000308634	
      3119	0.000311169	
      3120	0.000313773	
      3121	0.000316444	
      3122	0.000319183	
      3123	0.000321988	
      3124	0.000324859	
      3125	0.000327796	
      3126	0.000330798	
      3127	0.000333866	
      3128	  0.000337	
      3129	 0.0003402	
      3130	0.000343467	
      3131	 0.0003468	
      3132	0.000350201	
      3133	0.00035367	
      3134	0.000357207	
      3135	0.000360814	
      3136	0.00036415	
      3137	0.00036755	
      3138	0.000371014	
      3139	0.000374543	
      3140	0.000378137	
      3141	0.00038216	
      3142	0.000386258	
      3143	0.000390433	
      3144	0.000394688	
      3145	0.000399022	
      3146	0.000403054	
      3147	0.000407161	
      3148	0.000411342	
      3149	0.000415599	
      3150	0.000419933	
      3151	0.000424753	
      3152	0.000429663	
      3153	0.000434666	
      3154	0.000439763	
      3155	0.000444956	
      3156	0.000450247	
      3157	0.000455638	
      3158	0.000461131	
      3159	0.000466729	
      3160	0.000472434	
      3161	0.00047871	
      3162	0.00048511	
      3163	0.000491636	
      3164	0.000498293	
      3165	0.000505082	
      3166	0.000511018	
      3167	0.000517065	
      3168	0.000523228	
      3169	0.000529507	
      3170	0.000536168	
      3171	0.000543488	
      3172	0.000551227	
      3173	0.000559125	
      3174	0.000567186	
      3175	0.000575416	
      3176	0.000582679	
      3177	0.000590086	
      3178	0.00059764	
      3179	0.000605344	
      3180	0.000613203	
      3181	0.000621835	
      3182	0.000630647	
      3183	0.000639646	
      3184	0.000648837	
      3185	0.000658224	
      3186	0.000668475	
      3187	0.000678955	
      3188	0.00068967	
      3189	0.000700627	
      3190	0.000711833	
      3191	0.00072258	
      3192	0.000733567	
      3193	0.000744802	
      3194	0.000756293	
      3195	0.000768047	
      3196	0.000779294	
      3197	0.000790795	
      3198	0.000802558	
      3199	0.000814589	
      3200	0.000827313	
      3201	0.000821874	
      3202	0.000816898	
      3203	0.00081197	
      3204	0.000807089	
      3205	0.000802254	
      3206	0.000796663	
      3207	0.000791125	
      3208	0.000785641	
      3209	0.000780209	
      3210	0.000774828	
      3211	0.00076872	
      3212	0.000762672	
      3213	0.000756682	
      3214	0.000750749	
      3215	0.000744872	
      3216	0.000739807	
      3217	0.000734789	
      3218	0.000729816	
      3219	0.000724888	
      3220	0.000720004	
      3221	0.000715164	
      3222	0.000710368	
      3223	0.000705613	
      3224	0.000700901	
      3225	0.000696231	
      3226	0.000692314	
      3227	0.000688431	
      3228	0.000684579	
      3229	0.000680759	
      3230	0.000676969	
      3231	0.000672517	
      3232	0.000668102	
      3233	0.000663725	
      3234	0.000659385	
      3235	0.000655082	
      3236	0.000650815	
      3237	0.000646583	
      3238	0.000642387	
      3239	0.000638225	
      3240	0.000634098	
      3241	0.000630005	
      3242	0.000625946	
      3243	0.00062192	
      3244	0.000617926	
      3245	0.000613965	
      3246	0.000610676	
      3247	0.000607411	
      3248	0.000604171	
      3249	0.000600956	
      3250	0.000597764	
      3251	0.000593351	
      3252	0.000588974	
      3253	0.000584634	
      3254	0.00058033	
      3255	0.000576061	
      3256	0.000572433	
      3257	0.000568834	
      3258	0.000565263	
      3259	0.00056172	
      3260	0.000558204	
      3261	0.000554715	
      3262	0.000551254	
      3263	0.000547818	
      3264	0.000544409	
      3265	0.000541026	
      3266	0.000537669	
      3267	0.000534338	
      3268	0.000531031	
      3269	0.00052775	
      3270	0.000524493	
      3271	0.00052126	
      3272	0.000518052	
      3273	0.000514868	
      3274	0.000511708	
      3275	0.000508571	
      3276	0.000505457	
      3277	0.000502367	
      3278	0.000499299	
      3279	0.000496254	
      3280	0.000493231	
      3281	0.00049023	
      3282	0.000487251	
      3283	0.000484294	
      3284	0.000481359	
      3285	0.000478444	
      3286	0.000476072	
      3287	0.000473714	
      3288	0.000471373	
      3289	0.000469047	
      3290	0.000466481	
      3291	0.000462918	
      3292	0.000459129	
      3293	0.000455371	
      3294	0.000451642	
      3295	0.00044819	
      3296	0.000445261	
      3297	0.000442599	
      3298	0.000439956	
      3299	0.000437332	
      3300	0.000434726	
      3301	0.000441287	
      3302	0.000447972	
      3303	0.000454782	
      3304	0.000461722	
      3305	0.000468794	
      3306	0.000474938	
      3307	0.000481187	
      3308	0.000487545	
      3309	0.000494013	
      3310	0.000500595	
      3311	0.000507867	
      3312	0.000515276	
      3313	0.000522824	
      3314	0.000530516	
      3315	0.000538355	
      3316	0.000545102	
      3317	0.000551962	
      3318	0.00055894	
      3319	0.000566037	
      3320	0.000573588	
      3321	0.000582623	
      3322	0.000592184	
      3323	0.000601945	
      3324	0.000611911	
      3325	0.000622088	
      3326	0.000631019	
      3327	0.000640123	
      3328	0.000649406	
      3329	0.000658871	
      3330	0.000668524	
      3331	0.000679164	
      3332	0.00069003	
      3333	0.000701127	
      3334	0.000712462	
      3335	0.000724041	
      3336	0.000735873	
      3337	0.000747963	
      3338	0.00076032	
      3339	0.000772952	
      3340	0.000785866	
      3341	0.000799072	
      3342	0.000812577	
      3343	0.000826392	
      3344	0.000840525	
      3345	0.000854987	
      3346	0.000868752	
      3347	0.000882827	
      3348	0.000897224	
      3349	0.000911951	
      3350	0.000927021	
      3351	0.000943581	
      3352	0.00096055	
      3353	0.000977941	
      3354	0.000995769	
      3355	0.00101405	
      3356	0.00103279	
      3357	0.00105203	
      3358	0.00107176	
      3359	0.00109201	
      3360	 0.0011128	
      3361	0.00113415	
      3362	0.00115608	
      3363	0.00117861	
      3364	0.00120176	
      3365	0.00122557	
      3366	0.00125005	
      3367	0.00127523	
      3368	0.00130115	
      3369	0.00132782	
      3370	0.00135529	
      3371	0.00138359	
      3372	0.00141275	
      3373	0.00144281	
      3374	0.00147382	
      3375	0.00150581	
      3376	0.00153883	
      3377	0.00157293	
      3378	0.00160816	
      3379	0.00164458	
      3380	0.00168224	
      3381	0.00172337	
      3382	0.00176599	
      3383	0.00181017	
      3384	0.00185599	
      3385	0.00190356	
      3386	0.00195053	
      3387	0.00199932	
      3388	0.00205003	
      3389	0.00210279	
      3390	0.00215773	
      3391	0.00221498	
      3392	 0.0022747	
      3393	0.00233705	
      3394	0.00240223	
      3395	0.00247045	
      3396	0.00253869	
      3397	0.00261026	
      3398	0.00268541	
      3399	0.00276445	
      3400	0.00284954	
      3401	0.00287366	
      3402	0.00289992	
      3403	0.00292651	
      3404	0.00295343	
      3405	0.00297879	
      3406	 0.0029968	
      3407	0.00301308	
      3408	0.00302953	
      3409	0.00304616	
      3410	0.00306493	
      3411	 0.0030879	
      3412	0.00311315	
      3413	0.00313872	
      3414	0.00316462	
      3415	0.00319084	
      3416	0.00321325	
      3417	0.00323593	
      3418	0.00325889	
      3419	0.00328213	
      3420	0.00330566	
      3421	0.00332949	
      3422	0.00335362	
      3423	0.00337805	
      3424	 0.0034028	
      3425	0.00342787	
      3426	0.00345327	
      3427	  0.003479	
      3428	0.00350507	
      3429	0.00353149	
      3430	0.00355826	
      3431	0.00359012	
      3432	0.00362244	
      3433	0.00365523	
      3434	0.00368849	
      3435	0.00372224	
      3436	0.00375155	
      3437	0.00378128	
      3438	0.00381144	
      3439	0.00384204	
      3440	 0.0038731	
      3441	0.00390461	
      3442	 0.0039366	
      3443	0.00396907	
      3444	0.00400204	
      3445	0.00403553	
      3446	0.00406953	
      3447	0.00410408	
      3448	0.00413918	
      3449	0.00417484	
      3450	0.00421109	
      3451	0.00425365	
      3452	0.00429694	
      3453	0.00434098	
      3454	 0.0043858	
      3455	0.00443142	
      3456	0.00447185	
      3457	  0.004513	
      3458	0.00455489	
      3459	0.00459754	
      3460	0.00464098	
      3461	0.00469158	
      3462	0.00474316	
      3463	0.00479575	
      3464	0.00484939	
      3465	0.00490411	
      3466	0.00495326	
      3467	 0.0050034	
      3468	 0.0050546	
      3469	0.00510687	
      3470	0.00516027	
      3471	0.00521484	
      3472	0.00527063	
      3473	0.00532768	
      3474	0.00538605	
      3475	 0.0054458	
      3476	0.00550698	
      3477	0.00556967	
      3478	0.00563393	
      3479	0.00569984	
      3480	0.00576747	
      3481	0.00584498	
      3482	0.00592463	
      3483	0.00600651	
      3484	0.00609077	
      3485	0.00617752	
      3486	0.00625828	
      3487	0.00634159	
      3488	0.00642763	
      3489	0.00651658	
      3490	0.00660865	
      3491	0.00670408	
      3492	0.00680314	
      3493	0.00690614	
      3494	0.00701343	
      3495	0.00712544	
      3496	0.00724268	
      3497	0.00736574	
      3498	 0.0074954	
      3499	0.00763259	
      3500	0.00777859	
      3501	0.00778553	
      3502	 0.0077925	
      3503	0.00779949	
      3504	 0.0078065	
      3505	0.00781354	
      3506	0.00780959	
      3507	0.00780565	
      3508	0.00780171	
      3509	0.00779778	
      3510	0.00779386	
      3511	0.00778994	
      3512	0.00778603	
      3513	0.00778213	
      3514	0.00777823	
      3515	0.00777435	
      3516	0.00777047	
      3517	 0.0077666	
      3518	0.00776273	
      3519	0.00775888	
      3520	0.00775504	
      3521	0.00776237	
      3522	0.00776974	
      3523	0.00777713	
      3524	0.00778456	
      3525	0.00779202	
      3526	0.00778829	
      3527	0.00778458	
      3528	0.00778087	
      3529	0.00777718	
      3530	 0.0077735	
      3531	 0.0077811	
      3532	0.00778875	
      3533	0.00779643	
      3534	0.00780415	
      3535	 0.0078119	
      3536	0.00780836	
      3537	0.00780484	
      3538	0.00780133	
      3539	0.00779783	
      3540	0.00779436	
      3541	0.00780229	
      3542	0.00781027	
      3543	0.00781829	
      3544	0.00782635	
      3545	0.00783445	
      3546	0.00783115	
      3547	0.00782788	
      3548	0.00782462	
      3549	0.00782139	
      3550	0.00781818	
      3551	  0.007815	
      3552	0.00781184	
      3553	0.00780871	
      3554	0.00780561	
      3555	0.00780253	
      3556	0.00779948	
      3557	0.00779647	
      3558	0.00779348	
      3559	0.00779053	
      3560	0.00778761	
      3561	0.00779636	
      3562	0.00780518	
      3563	0.00781406	
      3564	  0.007823	
      3565	0.00783201	
      3566	0.00782939	
      3567	0.00782681	
      3568	0.00782427	
      3569	0.00782179	
      3570	0.00781935	
      3571	0.00781696	
      3572	0.00781463	
      3573	0.00781236	
      3574	0.00781014	
      3575	0.00780798	
      3576	0.00780588	
      3577	0.00780385	
      3578	0.00780189	
      3579	0.00780001	
      3580	 0.0077982	
      3581	0.00780839	
      3582	0.00781869	
      3583	0.00782912	
      3584	0.00783967	
      3585	0.00785035	
      3586	0.00784917	
      3587	 0.0078481	
      3588	0.00784715	
      3589	0.00784632	
      3590	0.00784563	
      3591	0.00784508	
      3592	0.00784468	
      3593	0.00784444	
      3594	0.00784437	
      3595	 0.0078445	
      3596	  0.007857	
      3597	0.00786977	
      3598	0.00788282	
      3599	0.00789617	
      3600	0.00790985	
      3601	0.00790242	
      3602	0.00789499	
      3603	0.00788755	
      3604	0.00788011	
      3605	0.00787267	
      3606	0.00786522	
      3607	0.00785776	
      3608	0.00785031	
      3609	0.00784285	
      3610	0.00783538	
      3611	0.00784026	
      3612	0.00784516	
      3613	0.00785006	
      3614	0.00785498	
      3615	 0.0078599	
      3616	0.00785246	
      3617	0.00784501	
      3618	0.00783756	
      3619	 0.0078301	
      3620	0.00782264	
      3621	0.00782761	
      3622	0.00783258	
      3623	0.00783757	
      3624	0.00784257	
      3625	0.00784759	
      3626	0.00784016	
      3627	0.00783272	
      3628	0.00782528	
      3629	0.00781784	
      3630	0.00781039	
      3631	0.00781545	
      3632	0.00782052	
      3633	0.00782561	
      3634	0.00783071	
      3635	0.00783582	
      3636	0.00782841	
      3637	0.00782099	
      3638	0.00781358	
      3639	0.00780616	
      3640	0.00779874	
      3641	 0.0078039	
      3642	0.00780908	
      3643	0.00781428	
      3644	0.00781949	
      3645	0.00782473	
      3646	0.00781734	
      3647	0.00780996	
      3648	0.00780258	
      3649	 0.0077952	
      3650	0.00778782	
      3651	0.00778044	
      3652	0.00777305	
      3653	0.00776568	
      3654	 0.0077583	
      3655	0.00775092	
      3656	0.00775626	
      3657	0.00776162	
      3658	  0.007767	
      3659	 0.0077724	
      3660	0.00777782	
      3661	0.00778326	
      3662	0.00778872	
      3663	 0.0077942	
      3664	 0.0077997	
      3665	0.00780523	
      3666	0.00778516	
      3667	0.00776509	
      3668	  0.007745	
      3669	 0.0077249	
      3670	0.00771121	
      3671	0.00771036	
      3672	0.00771596	
      3673	0.00772158	
      3674	0.00772723	
      3675	0.00773291	
      3676	0.00772572	
      3677	0.00771853	
      3678	0.00771136	
      3679	0.00770419	
      3680	0.00769704	
      3681	0.00768989	
      3682	0.00768276	
      3683	0.00767564	
      3684	0.00766853	
      3685	0.00766144	
      3686	0.00766735	
      3687	0.00767331	
      3688	0.00767929	
      3689	0.00768532	
      3690	0.00769138	
      3691	0.00768444	
      3692	0.00767752	
      3693	0.00767062	
      3694	0.00766375	
      3695	 0.0076569	
      3696	0.00765007	
      3697	0.00764328	
      3698	0.00763651	
      3699	0.00762977	
      3700	0.00762307	
      3701	0.00762903	
      3702	0.00763502	
      3703	0.00764102	
      3704	0.00764704	
      3705	0.00765309	
      3706	0.00764595	
      3707	0.00763881	
      3708	0.00763167	
      3709	0.00762453	
      3710	 0.0076174	
      3711	0.00762352	
      3712	0.00762966	
      3713	0.00763582	
      3714	0.00764201	
      3715	0.00764822	
      3716	0.00764113	
      3717	0.00763405	
      3718	0.00762697	
      3719	0.00761989	
      3720	0.00761281	
      3721	0.00761909	
      3722	 0.0076254	
      3723	0.00763173	
      3724	0.00763809	
      3725	0.00764446	
      3726	0.00763744	
      3727	0.00763042	
      3728	 0.0076234	
      3729	0.00761638	
      3730	0.00760936	
      3731	0.00761582	
      3732	0.00762231	
      3733	0.00762881	
      3734	0.00763535	
      3735	 0.0076419	
      3736	0.00762141	
      3737	0.00760089	
      3738	0.00758035	
      3739	0.00755979	
      3740	  0.007546	
      3741	 0.0075458	
      3742	0.00755241	
      3743	0.00755904	
      3744	 0.0075657	
      3745	0.00757239	
      3746	0.00756545	
      3747	 0.0075585	
      3748	0.00755156	
      3749	0.00754462	
      3750	0.00753769	
      3751	0.00754447	
      3752	0.00755128	
      3753	0.00755811	
      3754	0.00756497	
      3755	0.00757186	
      3756	  0.007565	
      3757	0.00755813	
      3758	0.00755127	
      3759	0.00754442	
      3760	0.00753756	
      3761	0.00754455	
      3762	0.00755157	
      3763	0.00755862	
      3764	 0.0075657	
      3765	 0.0075728	
      3766	0.00757994	
      3767	 0.0075871	
      3768	 0.0075943	
      3769	0.00760152	
      3770	0.00760878	
      3771	0.00760209	
      3772	 0.0075954	
      3773	0.00758872	
      3774	0.00758205	
      3775	0.00757538	
      3776	0.00756871	
      3777	0.00756204	
      3778	0.00755539	
      3779	0.00754873	
      3780	0.00754208	
      3781	0.00754955	
      3782	0.00755705	
      3783	0.00756459	
      3784	0.00757215	
      3785	0.00757976	
      3786	0.00757321	
      3787	0.00756667	
      3788	0.00756014	
      3789	0.00755361	
      3790	0.00754709	
      3791	0.00755483	
      3792	0.00756261	
      3793	0.00757043	
      3794	0.00757828	
      3795	0.00758617	
      3796	0.00757976	
      3797	0.00757337	
      3798	0.00756699	
      3799	0.00756061	
      3800	0.00755424	
      3801	0.00750204	
      3802	 0.0074616	
      3803	0.00742798	
      3804	0.00739895	
      3805	0.00737328	
      3806	0.00733622	
      3807	0.00730134	
      3808	0.00726827	
      3809	0.00723673	
      3810	0.00720651	
      3811	0.00719128	
      3812	0.00717703	
      3813	0.00716365	
      3814	0.00715105	
      3815	0.00713917	
      3816	0.00711423	
      3817	0.00708994	
      3818	0.00706624	
      3819	0.00704309	
      3820	0.00702046	
      3821	0.00701193	
      3822	0.00700383	
      3823	0.00699612	
      3824	 0.0069888	
      3825	0.00698183	
      3826	0.00697521	
      3827	0.00696892	
      3828	0.00696294	
      3829	0.00695726	
      3830	0.00695187	
      3831	0.00693327	
      3832	0.00691496	
      3833	0.00689693	
      3834	0.00687917	
      3835	0.00686167	
      3836	0.00685786	
      3837	0.00685429	
      3838	0.00685094	
      3839	0.00684781	
      3840	 0.0068449	
      3841	0.00682878	
      3842	0.00681288	
      3843	0.00679719	
      3844	 0.0067817	
      3845	0.00676642	
      3846	0.00676473	
      3847	0.00676324	
      3848	0.00676193	
      3849	 0.0067608	
      3850	0.00675986	
      3851	0.00674572	
      3852	0.00673176	
      3853	0.00671799	
      3854	0.00670439	
      3855	0.00669098	
      3856	0.00668443	
      3857	0.00667806	
      3858	0.00666517	
      3859	0.00665915	
      3860	 0.0066533	
      3861	0.00664763	
      3862	0.00664884	
      3863	0.00664352	
      3864	0.00664509	
      3865	0.00664013	
      3866	0.00662866	
      3867	0.00662406	
      3868	0.00661294	
      3869	0.00660872	
      3870	0.00659797	
      3871	0.00660083	
      3872	0.00660389	
      3873	0.00660716	
      3874	0.00661063	
      3875	0.00661432	
      3876	0.00660476	
      3877	0.00660214	
      3878	0.00659299	
      3879	0.00659081	
      3880	0.00658211	
      3881	0.00658039	
      3882	0.00657892	
      3883	 0.0065777	
      3884	0.00657674	
      3885	0.00657606	
      3886	0.00658244	
      3887	0.00658913	
      3888	0.00660295	
      3889	0.00661031	
      3890	0.00661802	
      3891	0.00661247	
      3892	0.00660727	
      3893	0.00660931	
      3894	0.00660491	
      3895	0.00660096	
      3896	0.00661122	
      3897	0.00661515	
      3898	0.00662654	
      3899	0.00663167	
      3900	0.00664441	
      3901	 0.0066554	
      3902	0.00666645	
      3903	0.00667061	
      3904	0.00668178	
      3905	0.00669302	
      3906	0.00669734	
      3907	0.00669469	
      3908	0.00669909	
      3909	0.00669651	
      3910	0.00670099	
      3911	0.00671257	
      3912	0.00671716	
      3913	0.00672888	
      3914	0.00673358	
      3915	0.00674544	
      3916	0.00674315	
      3917	 0.0067409	
      3918	0.00674581	
      3919	0.00674362	
      3920	0.00674147	
      3921	0.00675371	
      3922	0.00676603	
      3923	0.00677124	
      3924	0.00678373	
      3925	0.00679631	
      3926	0.00679449	
      3927	0.00679997	
      3928	0.00679825	
      3929	0.00680385	
      3930	0.00680223	
      3931	0.00681528	
      3932	 0.0068211	
      3933	0.00683434	
      3934	0.00684034	
      3935	0.00685378	
      3936	0.00685995	
      3937	 0.0068588	
      3938	0.00686513	
      3939	0.00686411	
      3940	0.00687059	
      3941	0.00687717	
      3942	0.00689132	
      3943	0.00689811	
      3944	 0.0069125	
      3945	 0.0069195	
      3946	0.00691907	
      3947	0.00691871	
      3948	0.00692601	
      3949	0.00692583	
      3950	0.00692573	
      3951	0.00693334	
      3952	0.00694871	
      3953	0.00695659	
      3954	0.00697227	
      3955	0.00698043	
      3956	0.00698873	
      3957	0.00699718	
      3958	0.00699803	
      3959	0.00700676	
      3960	0.00701565	
      3961	 0.0070325	
      3962	0.00704955	
      3963	0.00705899	
      3964	0.00707646	
      3965	0.00709416	
      3966	0.00709631	
      3967	0.00710654	
      3968	0.00710905	
      3969	 0.0071197	
      3970	 0.0071226	
      3971	0.00714169	
      3972	0.00715306	
      3973	0.00717273	
      3974	0.00718467	
      3975	0.00720497	
      3976	0.00721752	
      3977	0.00722225	
      3978	0.00723543	
      3979	0.00724079	
      3980	0.00725467	
      3981	0.00726895	
      3982	0.00728366	
      3983	0.00730709	
      3984	0.00732275	
      3985	0.00733892	
      3986	  0.007364	
      3987	0.00738134	
      3988	0.00740774	
      3989	0.00742644	
      3990	0.00745439	
      3991	0.00746618	
      3992	0.00748738	
      3993	  0.007501	
      3994	0.00752431	
      3995	0.00754024	
      3996	0.00757496	
      3997	 0.0076027	
      3998	0.00764123	
      3999	0.00767342	
      4000	0.00771749	
