       280	3.60207e-23	
       281	8.54939e-23	
       282	1.8615e-22	
       283	2.85864e-22	
       284	3.2973e-22	
       285	2.66753e-22	
       286	4.26829e-22	
       287	7.60767e-22	
       288	8.66227e-22	
       289	1.3169e-21	
       290	2.24868e-21	
       291	3.03201e-21	
       292	3.42014e-21	
       293	3.9521e-21	
       294	4.7347e-21	
       295	5.69777e-21	
       296	7.13835e-21	
       297	7.69724e-21	
       298	9.3957e-21	
       299	1.04094e-20	
       300	1.19321e-20	
       301	4.0206e-19	
       302	1.39515e-17	
       303	5.94101e-16	
       304	 2.113e-14	
       305	7.1088e-13	
       306	2.95274e-12	
       307	1.38899e-11	
       308	6.62487e-11	
       309	2.66939e-10	
       310	1.15154e-09	
       311	4.17031e-09	
       312	1.10998e-08	
       313	2.99188e-08	
       314	8.3079e-08	
       315	2.13981e-07	
       316	3.18286e-07	
       317	6.14837e-07	
       318	9.93741e-07	
       319	1.54489e-06	
       320	2.73592e-06	
       321	3.99597e-06	
       322	5.55625e-06	
       323	 7.582e-06	
       324	1.22087e-05	
       325	2.03744e-05	
       326	3.06427e-05	
       327	4.01039e-05	
       328	4.91838e-05	
       329	6.61841e-05	
       330	9.13591e-05	
       331	9.83449e-05	
       332	0.000113151	
       333	0.000127995	
       334	0.00014862	
       335	0.000179191	
       336	0.000181024	
       337	0.000189287	
       338	0.000233716	
       339	0.000275536	
       340	0.000327816	
       341	0.000345849	
       342	0.000384637	
       343	0.000435936	
       344	0.000410887	
       345	0.000466131	
       346	0.000536716	
       347	0.000587968	
       348	0.000622273	
       349	0.000665269	
       350	0.000795281	
       351	0.000895014	
       352	0.000899448	
       353	0.000984482	
       354	0.00119693	
       355	0.00129842	
       356	0.00127093	
       357	0.00115651	
       358	0.00112124	
       359	0.00132171	
       360	0.00172454	
       361	0.00166237	
       362	0.00179548	
       363	0.00208188	
       364	 0.0022198	
       365	0.00248167	
       366	0.00298987	
       367	0.00315357	
       368	  0.003124	
       369	0.00338678	
       370	0.00374885	
       371	0.00374433	
       372	0.00382395	
       373	0.00361519	
       374	0.00346506	
       375	0.00390173	
       376	0.00457071	
       377	0.00518256	
       378	0.00629978	
       379	0.00593956	
       380	0.00585022	
       381	0.00643595	
       382	0.00536345	
       383	0.00439121	
       384	0.00511288	
       385	0.00669881	
       386	0.00678826	
       387	0.00725738	
       388	0.00741827	
       389	 0.0083675	
       390	0.00994967	
       391	 0.0110361	
       392	 0.0106189	
       393	0.00708841	
       394	0.00756368	
       395	 0.0120723	
       396	 0.0115469	
       397	0.00833074	
       398	 0.0141937	
       399	 0.0186661	
       400	 0.0203903	
       401	 0.0218974	
       402	  0.023301	
       403	 0.0236058	
       404	 0.0245013	
       405	 0.0249121	
       406	 0.0251023	
       407	 0.0255738	
       408	 0.0274655	
       409	 0.0293841	
       410	 0.0275311	
       411	 0.0304988	
       412	 0.0331394	
       413	 0.0332659	
       414	 0.0338677	
       415	 0.0359327	
       416	 0.0378983	
       417	 0.0382076	
       418	 0.0380939	
       419	 0.0396469	
       420	 0.0389929	
       421	 0.0434683	
       422	 0.0446725	
       423	 0.0446966	
       424	 0.0457674	
       425	 0.0478753	
       426	 0.0479355	
       427	 0.0477999	
       428	 0.0486466	
       429	 0.0458518	
       430	 0.0388431	
       431	 0.0388784	
       432	 0.0568218	
       433	 0.0575071	
       434	 0.0556848	
       435	 0.0612782	
       436	 0.0680671	
       437	 0.0702472	
       438	 0.0649034	
       439	 0.0646692	
       440	 0.0727674	
       441	 0.0753226	
       442	 0.0808487	
       443	 0.0839666	
       444	 0.0844501	
       445	  0.087494	
       446	 0.0839055	
       447	 0.0927321	
       448	  0.096751	
       449	  0.098967	
       450	  0.104037	
       451	  0.108737	
       452	  0.106822	
       453	  0.102827	
       454	   0.10895	
       455	  0.111573	
       456	  0.116283	
       457	  0.119451	
       458	  0.119514	
       459	  0.120409	
       460	   0.12249	
       461	  0.127568	
       462	  0.131263	
       463	  0.133254	
       464	  0.132305	
       465	  0.132421	
       466	  0.135608	
       467	   0.13428	
       468	  0.140015	
       469	  0.142856	
       470	  0.141209	
       471	   0.14532	
       472	  0.152766	
       473	  0.151764	
       474	  0.155189	
       475	  0.161197	
       476	  0.160383	
       477	  0.163911	
       478	   0.16973	
       479	  0.170058	
       480	  0.173804	
       481	  0.175825	
       482	  0.177733	
       483	  0.177663	
       484	  0.176868	
       485	  0.173751	
       486	  0.152073	
       487	  0.164464	
       488	  0.177817	
       489	   0.17575	
       490	  0.190547	
       491	  0.188358	
       492	  0.184361	
       493	  0.193566	
       494	  0.194934	
       495	  0.204235	
       496	  0.200675	
       497	  0.203049	
       498	  0.200866	
       499	  0.202144	
       500	  0.203402	
       501	  0.200546	
       502	  0.202878	
       503	  0.210547	
       504	  0.205475	
       505	  0.216852	
       506	  0.226004	
       507	  0.220662	
       508	  0.217472	
       509	   0.22545	
       510	  0.223911	
       511	  0.228475	
       512	  0.233673	
       513	     0.225	
       514	  0.221566	
       515	  0.228391	
       516	  0.226843	
       517	  0.199806	
       518	  0.215729	
       519	  0.217856	
       520	  0.234127	
       521	  0.239832	
       522	  0.244285	
       523	  0.237114	
       524	      0.25	
       525	  0.251715	
       526	  0.243221	
       527	  0.224687	
       528	   0.24748	
       529	  0.260459	
       530	  0.257086	
       531	  0.267748	
       532	  0.263552	
       533	  0.244918	
       534	  0.255605	
       535	  0.263447	
       536	   0.27013	
       537	  0.258679	
       538	  0.266054	
       539	  0.262703	
       540	  0.255558	
       541	  0.251331	
       542	  0.268047	
       543	  0.269388	
       544	  0.276892	
       545	  0.274037	
       546	  0.273878	
       547	  0.276459	
       548	  0.273657	
       549	  0.279382	
       550	  0.279513	
       551	  0.280634	
       552	  0.284758	
       553	  0.280185	
       554	  0.284476	
       555	  0.286488	
       556	  0.282967	
       557	  0.278074	
       558	  0.280599	
       559	   0.27219	
       560	  0.276405	
       561	  0.287355	
       562	  0.280781	
       563	  0.287108	
       564	  0.285698	
       565	  0.284847	
       566	  0.276205	
       567	   0.28853	
       568	  0.289575	
       569	  0.286313	
       570	  0.284782	
       571	  0.278559	
       572	  0.290809	
       573	  0.294774	
       574	  0.294005	
       575	   0.28997	
       576	   0.28994	
       577	  0.294538	
       578	  0.289801	
       579	  0.292483	
       580	  0.295407	
       581	  0.297352	
       582	  0.301359	
       583	  0.304178	
       584	   0.30435	
       585	  0.303281	
       586	  0.299294	
       587	  0.305481	
       588	  0.301245	
       589	  0.279073	
       590	  0.290729	
       591	  0.305246	
       592	  0.306016	
       593	  0.306998	
       594	  0.309185	
       595	   0.31074	
       596	   0.31582	
       597	    0.3192	
       598	  0.316384	
       599	   0.31689	
       600	  0.319897	
       601	  0.318161	
       602	   0.31802	
       603	  0.325096	
       604	  0.332558	
       605	   0.33453	
       606	    0.3359	
       607	  0.338621	
       608	  0.340145	
       609	  0.340635	
       610	  0.343516	
       611	  0.345986	
       612	  0.353043	
       613	  0.351447	
       614	  0.347691	
       615	  0.356409	
       616	  0.352796	
       617	  0.353347	
       618	  0.366296	
       619	  0.373174	
       620	  0.377383	
       621	  0.381624	
       622	  0.378873	
       623	  0.381128	
       624	  0.382232	
       625	  0.380416	
       626	   0.38465	
       627	  0.397175	
       628	  0.402448	
       629	  0.405669	
       630	  0.405566	
       631	  0.404096	
       632	  0.396407	
       633	   0.41122	
       634	  0.411526	
       635	   0.41432	
       636	  0.411725	
       637	  0.423446	
       638	  0.429508	
       639	  0.427833	
       640	    0.4225	
       641	    0.4243	
       642	  0.428082	
       643	  0.434559	
       644	  0.435035	
       645	  0.440231	
       646	  0.436585	
       647	  0.442141	
       648	  0.442198	
       649	  0.433845	
       650	  0.433774	
       651	  0.452432	
       652	  0.454564	
       653	  0.458486	
       654	  0.455561	
       655	  0.437632	
       656	  0.396689	
       657	  0.411584	
       658	  0.452739	
       659	  0.462976	
       660	  0.471443	
       661	  0.478096	
       662	  0.481741	
       663	  0.482694	
       664	  0.484402	
       665	  0.491987	
       666	  0.493317	
       667	   0.49144	
       668	  0.483281	
       669	  0.480308	
       670	  0.469724	
       671	  0.464454	
       672	   0.45776	
       673	  0.456923	
       674	  0.453104	
       675	  0.449982	
       676	  0.452341	
       677	  0.448184	
       678	  0.448301	
       679	   0.44373	
       680	  0.442634	
       681	   0.44239	
       682	  0.441872	
       683	  0.439214	
       684	  0.436633	
       685	  0.434863	
       686	  0.427586	
       687	  0.435585	
       688	  0.439557	
       689	  0.440236	
       690	  0.440216	
       691	  0.441807	
       692	  0.441913	
       693	  0.448174	
       694	  0.452639	
       695	  0.452903	
       696	  0.457163	
       697	   0.46155	
       698	  0.462424	
       699	  0.469121	
       700	  0.472302	
       701	  0.474805	
       702	  0.478331	
       703	  0.487274	
       704	  0.497524	
       705	  0.506991	
       706	  0.509441	
       707	  0.514355	
       708	  0.523162	
       709	  0.532797	
       710	  0.557489	
       711	  0.508667	
       712	  0.479369	
       713	  0.459054	
       714	  0.445752	
       715	  0.427749	
       716	  0.420727	
       717	  0.411637	
       718	  0.398618	
       719	  0.383919	
       720	  0.389831	
       721	  0.389259	
       722	  0.388411	
       723	  0.384445	
       724	  0.383418	
       725	  0.384408	
       726	  0.388864	
       727	  0.395753	
       728	  0.401093	
       729	   0.39752	
       730	  0.416228	
       731	   0.42107	
       732	  0.433255	
       733	  0.440383	
       734	  0.457597	
       735	  0.467341	
       736	  0.474624	
       737	  0.487924	
       738	  0.500238	
       739	  0.509836	
       740	  0.544612	
       741	  0.544831	
       742	  0.545626	
       743	  0.558396	
       744	  0.565909	
       745	  0.566444	
       746	  0.569275	
       747	  0.572247	
       748	  0.572608	
       749	  0.575424	
       750	  0.576313	
       751	  0.580573	
       752	   0.58652	
       753	  0.591996	
       754	  0.597385	
       755	  0.598702	
       756	  0.593557	
       757	  0.594858	
       758	  0.599007	
       759	  0.594753	
       760	  0.598195	
       761	  0.596875	
       762	  0.597928	
       763	  0.549587	
       764	  0.514176	
       765	  0.484092	
       766	  0.450529	
       767	  0.436001	
       768	  0.437484	
       769	  0.440698	
       770	  0.447856	
       771	  0.456383	
       772	  0.465447	
       773	  0.475144	
       774	  0.485609	
       775	  0.497032	
       776	  0.509172	
       777	  0.520301	
       778	  0.537214	
       779	  0.561396	
       780	  0.601627	
       781	  0.599565	
       782	  0.601802	
       783	  0.597434	
       784	  0.593271	
       785	  0.596149	
       786	  0.596623	
       787	  0.595927	
       788	  0.592163	
       789	  0.590959	
       790	  0.586666	
       791	  0.581782	
       792	  0.576927	
       793	  0.572097	
       794	  0.567914	
       795	  0.568143	
       796	  0.573415	
       797	  0.581221	
       798	  0.578362	
       799	  0.572998	
       800	   0.56638	
       801	  0.548727	
       802	  0.533338	
       803	  0.514915	
       804	  0.505365	
       805	  0.488774	
       806	  0.488551	
       807	  0.479713	
       808	  0.471491	
       809	  0.459618	
       810	  0.455993	
       811	   0.45164	
       812	  0.449566	
       813	  0.445201	
       814	  0.440074	
       815	   0.43273	
       816	   0.42804	
       817	  0.422152	
       818	  0.410852	
       819	  0.399893	
       820	  0.395244	
       821	  0.393046	
       822	  0.385084	
       823	  0.385393	
       824	  0.384003	
       825	  0.394291	
       826	  0.408244	
       827	  0.420442	
       828	  0.430363	
       829	  0.441636	
       830	  0.458006	
       831	  0.477994	
       832	  0.490282	
       833	  0.485641	
       834	  0.495821	
       835	  0.502769	
       836	  0.511255	
       837	  0.514042	
       838	  0.519035	
       839	  0.522647	
       840	  0.533225	
       841	  0.534712	
       842	  0.529185	
       843	  0.528784	
       844	  0.525176	
       845	  0.537786	
       846	  0.540116	
       847	  0.530726	
       848	  0.531158	
       849	  0.527022	
       850	  0.495568	
       851	  0.526027	
       852	  0.530805	
       853	  0.521921	
       854	  0.482637	
       855	  0.505907	
       856	   0.54045	
       857	  0.556922	
       858	  0.562829	
       859	   0.56777	
       860	  0.572628	
       861	  0.572765	
       862	  0.577925	
       863	  0.577787	
       864	  0.568541	
       865	  0.552386	
       866	  0.506522	
       867	  0.530717	
       868	  0.554305	
       869	  0.554949	
       870	   0.56151	
       871	  0.558194	
       872	  0.562602	
       873	  0.558482	
       874	  0.549936	
       875	  0.545438	
       876	  0.556522	
       877	      0.56	
       878	  0.558258	
       879	  0.551782	
       880	  0.550314	
       881	  0.478759	
       882	  0.458481	
       883	   0.43804	
       884	  0.423372	
       885	  0.411276	
       886	  0.389842	
       887	  0.377195	
       888	   0.37243	
       889	  0.364645	
       890	  0.355311	
       891	  0.345958	
       892	  0.335914	
       893	  0.324835	
       894	  0.319195	
       895	  0.313992	
       896	   0.30977	
       897	  0.302501	
       898	  0.295631	
       899	  0.287943	
       900	  0.281988	
       901	  0.272809	
       902	  0.264702	
       903	  0.269568	
       904	  0.266625	
       905	  0.261476	
       906	  0.262847	
       907	  0.266957	
       908	  0.267097	
       909	  0.267124	
       910	  0.272331	
       911	  0.276638	
       912	  0.279345	
       913	  0.285345	
       914	  0.288987	
       915	  0.290986	
       916	  0.292343	
       917	  0.291408	
       918	  0.291371	
       919	  0.292318	
       920	   0.29043	
       921	  0.286442	
       922	  0.283145	
       923	  0.277245	
       924	  0.285679	
       925	   0.28773	
       926	  0.217915	
       927	   0.18136	
       928	  0.151573	
       929	  0.129007	
       930	  0.111441	
       931	 0.0985904	
       932	 0.0874091	
       933	 0.0785157	
       934	 0.0704248	
       935	  0.062993	
       936	 0.0568881	
       937	 0.0518986	
       938	 0.0532939	
       939	 0.0543057	
       940	 0.0546305	
       941	 0.0551252	
       942	 0.0552753	
       943	 0.0578386	
       944	 0.0585084	
       945	 0.0600543	
       946	 0.0618947	
       947	 0.0633047	
       948	 0.0650046	
       949	 0.0693495	
       950	 0.0736374	
       951	 0.0780517	
       952	 0.0837222	
       953	 0.0895153	
       954	 0.0948021	
       955	 0.0985189	
       956	  0.109261	
       957	  0.119703	
       958	  0.131152	
       959	  0.143945	
       960	  0.156992	
       961	  0.172699	
       962	  0.192933	
       963	  0.216816	
       964	  0.246666	
       965	  0.291891	
       966	  0.293906	
       967	  0.299633	
       968	  0.301615	
       969	  0.306548	
       970	  0.311709	
       971	  0.314208	
       972	  0.320131	
       973	  0.322777	
       974	  0.324145	
       975	  0.330705	
       976	  0.338825	
       977	  0.342736	
       978	  0.350066	
       979	  0.353911	
       980	  0.363187	
       981	  0.368092	
       982	  0.374905	
       983	  0.378714	
       984	  0.381889	
       985	  0.387766	
       986	  0.392151	
       987	  0.398266	
       988	  0.403955	
       989	  0.407993	
       990	   0.41695	
       991	  0.428337	
       992	  0.437562	
       993	  0.450651	
       994	  0.460584	
       995	  0.459201	
       996	  0.458352	
       997	  0.454443	
       998	  0.454352	
       999	  0.454716	
      1000	  0.456164	
      1001	  0.458842	
      1002	  0.459229	
      1003	  0.455297	
      1004	  0.448501	
      1005	  0.429543	
      1006	  0.443452	
      1007	  0.453066	
      1008	  0.455483	
      1009	  0.454722	
      1010	  0.455762	
      1011	  0.454302	
      1012	  0.453863	
      1013	  0.452487	
      1014	  0.453395	
      1015	  0.449034	
      1016	  0.449788	
      1017	  0.448265	
      1018	   0.45126	
      1019	  0.443721	
      1020	  0.445542	
      1021	   0.44698	
      1022	   0.44373	
      1023	  0.446878	
      1024	  0.449091	
      1025	  0.449241	
      1026	  0.449815	
      1027	  0.449438	
      1028	  0.450136	
      1029	   0.44803	
      1030	  0.449348	
      1031	  0.449652	
      1032	  0.449672	
      1033	  0.445321	
      1034	  0.447737	
      1035	  0.450407	
      1036	  0.451461	
      1037	  0.449336	
      1038	  0.449477	
      1039	  0.453455	
      1040	  0.454252	
      1041	  0.454582	
      1042	    0.4544	
      1043	  0.451863	
      1044	  0.452777	
      1045	   0.44981	
      1046	  0.442024	
      1047	  0.446905	
      1048	  0.450858	
      1049	  0.449742	
      1050	  0.447777	
      1051	  0.447841	
      1052	  0.446041	
      1053	  0.445255	
      1054	  0.444638	
      1055	  0.446054	
      1056	  0.445435	
      1057	  0.444475	
      1058	  0.439945	
      1059	    0.4315	
      1060	  0.438094	
      1061	  0.433811	
      1062	  0.438627	
      1063	  0.435612	
      1064	  0.439492	
      1065	  0.438778	
      1066	  0.432086	
      1067	  0.433243	
      1068	  0.431321	
      1069	  0.415477	
      1070	  0.423976	
      1071	   0.39979	
      1072	  0.387113	
      1073	  0.372184	
      1074	  0.367528	
      1075	   0.35593	
      1076	  0.351335	
      1077	  0.345474	
      1078	  0.339409	
      1079	  0.329865	
      1080	  0.327589	
      1081	  0.317245	
      1082	  0.310577	
      1083	   0.30933	
      1084	  0.307768	
      1085	   0.30396	
      1086	  0.300313	
      1087	  0.289108	
      1088	  0.290369	
      1089	   0.28869	
      1090	  0.284325	
      1091	  0.281946	
      1092	  0.275329	
      1093	  0.268588	
      1094	  0.256524	
      1095	  0.259986	
      1096	  0.260133	
      1097	  0.259424	
      1098	  0.255856	
      1099	    0.2528	
      1100	  0.256134	
      1101	  0.178272	
      1102	   0.13442	
      1103	  0.109269	
      1104	 0.0900513	
      1105	 0.0753649	
      1106	 0.0639828	
      1107	 0.0547665	
      1108	 0.0475407	
      1109	 0.0415264	
      1110	  0.036538	
      1111	 0.0321562	
      1112	 0.0285189	
      1113	 0.0253166	
      1114	 0.0228165	
      1115	 0.0204476	
      1116	 0.0182893	
      1117	   0.01664	
      1118	 0.0148921	
      1119	 0.0134869	
      1120	 0.0122383	
      1121	 0.0132606	
      1122	 0.0143945	
      1123	  0.015567	
      1124	 0.0168396	
      1125	 0.0181432	
      1126	 0.0193215	
      1127	  0.021265	
      1128	  0.023461	
      1129	 0.0256972	
      1130	 0.0280798	
      1131	 0.0280347	
      1132	 0.0279034	
      1133	 0.0274503	
      1134	 0.0272624	
      1135	 0.0271059	
      1136	 0.0269273	
      1137	  0.026257	
      1138	 0.0257833	
      1139	 0.0259069	
      1140	 0.0258245	
      1141	 0.0252968	
      1142	 0.0254481	
      1143	 0.0251562	
      1144	 0.0248278	
      1145	 0.0248362	
      1146	 0.0271819	
      1147	 0.0296189	
      1148	 0.0321609	
      1149	 0.0350745	
      1150	 0.0383876	
      1151	 0.0421845	
      1152	  0.046447	
      1153	 0.0516422	
      1154	 0.0579191	
      1155	 0.0648872	
      1156	 0.0725611	
      1157	 0.0827748	
      1158	 0.0947342	
      1159	   0.10857	
      1160	  0.126437	
      1161	  0.150761	
      1162	  0.158038	
      1163	  0.163824	
      1164	  0.166957	
      1165	  0.173254	
      1166	  0.176306	
      1167	  0.183958	
      1168	  0.191044	
      1169	  0.193794	
      1170	  0.204211	
      1171	  0.206925	
      1172	  0.208358	
      1173	  0.208778	
      1174	  0.209999	
      1175	  0.208482	
      1176	  0.207551	
      1177	  0.212372	
      1178	  0.212746	
      1179	  0.213859	
      1180	  0.217446	
      1181	  0.218252	
      1182	   0.21796	
      1183	  0.211626	
      1184	   0.21954	
      1185	  0.224222	
      1186	  0.226085	
      1187	  0.227708	
      1188	  0.226578	
      1189	   0.22076	
      1190	  0.229225	
      1191	  0.235218	
      1192	  0.237111	
      1193	  0.238876	
      1194	  0.240807	
      1195	  0.241362	
      1196	  0.243268	
      1197	  0.243955	
      1198	  0.241122	
      1199	  0.237877	
      1200	  0.249444	
      1201	  0.251986	
      1202	  0.251209	
      1203	  0.244167	
      1204	  0.243812	
      1205	  0.249596	
      1206	  0.250072	
      1207	  0.250574	
      1208	  0.245744	
      1209	   0.23836	
      1210	  0.246687	
      1211	   0.24502	
      1212	  0.249765	
      1213	   0.25171	
      1214	  0.251724	
      1215	  0.252944	
      1216	  0.253698	
      1217	  0.254309	
      1218	  0.254439	
      1219	  0.254155	
      1220	  0.255966	
      1221	  0.256975	
      1222	  0.257239	
      1223	  0.257018	
      1224	  0.260503	
      1225	  0.261428	
      1226	  0.262569	
      1227	  0.259918	
      1228	   0.26371	
      1229	  0.267286	
      1230	   0.26875	
      1231	  0.270128	
      1232	  0.270508	
      1233	  0.273508	
      1234	  0.275434	
      1235	  0.277329	
      1236	  0.281908	
      1237	  0.285672	
      1238	  0.289621	
      1239	  0.293406	
      1240	  0.305075	
      1241	  0.303897	
      1242	   0.30022	
      1243	  0.295035	
      1244	  0.291477	
      1245	  0.289883	
      1246	  0.289258	
      1247	  0.287297	
      1248	  0.286663	
      1249	  0.284542	
      1250	  0.282032	
      1251	  0.278601	
      1252	  0.275089	
      1253	  0.274145	
      1254	  0.272718	
      1255	  0.270731	
      1256	  0.268569	
      1257	  0.265938	
      1258	  0.265044	
      1259	  0.262715	
      1260	  0.262029	
      1261	  0.260061	
      1262	  0.256541	
      1263	  0.256659	
      1264	  0.253358	
      1265	  0.252446	
      1266	  0.252195	
      1267	  0.248146	
      1268	  0.245622	
      1269	  0.246202	
      1270	  0.246375	
      1271	  0.246652	
      1272	  0.246373	
      1273	  0.246832	
      1274	  0.246793	
      1275	  0.249104	
      1276	  0.251077	
      1277	  0.252546	
      1278	  0.253496	
      1279	  0.253632	
      1280	  0.253082	
      1281	  0.246098	
      1282	  0.229044	
      1283	  0.244863	
      1284	  0.256902	
      1285	  0.261663	
      1286	  0.264911	
      1287	  0.268524	
      1288	  0.271131	
      1289	  0.275219	
      1290	  0.276877	
      1291	  0.266581	
      1292	   0.25925	
      1293	   0.25226	
      1294	  0.243815	
      1295	  0.239796	
      1296	  0.235814	
      1297	  0.230345	
      1298	  0.225099	
      1299	  0.222913	
      1300	  0.219137	
      1301	  0.215376	
      1302	  0.210842	
      1303	  0.207077	
      1304	  0.203977	
      1305	  0.202999	
      1306	  0.200999	
      1307	  0.198799	
      1308	  0.196396	
      1309	  0.194268	
      1310	  0.191647	
      1311	  0.189235	
      1312	  0.185766	
      1313	  0.180569	
      1314	   0.18188	
      1315	  0.177531	
      1316	  0.176672	
      1317	  0.177573	
      1318	  0.175197	
      1319	   0.17581	
      1320	  0.174628	
      1321	  0.117652	
      1322	 0.0883986	
      1323	  0.069663	
      1324	 0.0564606	
      1325	 0.0465677	
      1326	   0.03888	
      1327	 0.0328187	
      1328	 0.0281087	
      1329	 0.0238209	
      1330	 0.0208651	
      1331	 0.0183344	
      1332	 0.0158958	
      1333	 0.0142186	
      1334	 0.0126377	
      1335	 0.0112117	
      1336	0.00993412	
      1337	0.00889812	
      1338	0.00795064	
      1339	0.00707983	
      1340	0.00637163	
      1341	0.00584879	
      1342	0.00529531	
      1343	0.00480667	
      1344	0.00437395	
      1345	0.00398177	
      1346	0.00360907	
      1347	0.00330789	
      1348	0.00302412	
      1349	0.00276209	
      1350	0.00251085	
      1351	0.00200446	
      1352	0.00162095	
      1353	0.00131074	
      1354	0.00106403	
      1355	0.000863643	
      1356	0.000711015	
      1357	0.000584491	
      1358	0.000491478	
      1359	0.000410254	
      1360	0.00034194	
      1361	0.000290459	
      1362	0.000244824	
      1363	0.000204911	
      1364	0.000175593	
      1365	0.00014972	
      1366	0.000127827	
      1367	0.000108855	
      1368	9.39847e-05	
      1369	7.99155e-05	
      1370	6.88326e-05	
      1371	5.96402e-05	
      1372	5.21388e-05	
      1373	4.53531e-05	
      1374	3.93874e-05	
      1375	3.38761e-05	
      1376	2.93762e-05	
      1377	2.58764e-05	
      1378	2.26773e-05	
      1379	1.99944e-05	
      1380	1.74831e-05	
      1381	1.53729e-05	
      1382	1.34125e-05	
      1383	1.18461e-05	
      1384	1.04978e-05	
      1385	9.22315e-06	
      1386	8.19632e-06	
      1387	7.21764e-06	
      1388	6.42657e-06	
      1389	5.71203e-06	
      1390	5.01581e-06	
      1391	4.50281e-06	
      1392	4.01737e-06	
      1393	3.56614e-06	
      1394	3.16851e-06	
      1395	2.83099e-06	
      1396	3.13275e-06	
      1397	3.47657e-06	
      1398	3.87072e-06	
      1399	4.28594e-06	
      1400	4.67314e-06	
      1401	5.20684e-06	
      1402	5.87498e-06	
      1403	6.53087e-06	
      1404	7.31932e-06	
      1405	8.20107e-06	
      1406	9.24408e-06	
      1407	1.03753e-05	
      1408	1.16555e-05	
      1409	1.31587e-05	
      1410	1.48156e-05	
      1411	1.6611e-05	
      1412	1.84395e-05	
      1413	2.10515e-05	
      1414	2.41488e-05	
      1415	2.7476e-05	
      1416	3.11718e-05	
      1417	3.57007e-05	
      1418	 4.085e-05	
      1419	4.63395e-05	
      1420	5.29959e-05	
      1421	6.1113e-05	
      1422	6.93271e-05	
      1423	7.97307e-05	
      1424	9.2139e-05	
      1425	0.000107538	
      1426	0.000122502	
      1427	0.000143587	
      1428	0.000168611	
      1429	0.000194503	
      1430	0.000227898	
      1431	0.000269846	
      1432	0.000324285	
      1433	0.000384885	
      1434	0.00045252	
      1435	0.000542476	
      1436	0.00065251	
      1437	0.000788997	
      1438	0.000954745	
      1439	0.00116564	
      1440	0.00138351	
      1441	0.00171701	
      1442	0.00214209	
      1443	0.00250233	
      1444	 0.0027038	
      1445	0.00291865	
      1446	0.00316139	
      1447	0.00339862	
      1448	0.00369678	
      1449	0.00399626	
      1450	0.00430504	
      1451	0.00462726	
      1452	0.00502622	
      1453	0.00548298	
      1454	0.00595278	
      1455	0.00647889	
      1456	0.00706127	
      1457	0.00778891	
      1458	0.00865395	
      1459	0.00955989	
      1460	 0.0104824	
      1461	 0.0115519	
      1462	 0.0127217	
      1463	 0.0133495	
      1464	 0.0133769	
      1465	 0.0134972	
      1466	 0.0134058	
      1467	 0.0135648	
      1468	 0.0134738	
      1469	 0.0135846	
      1470	 0.0135268	
      1471	 0.0133489	
      1472	  0.013401	
      1473	 0.0133825	
      1474	 0.0131389	
      1475	 0.0133134	
      1476	 0.0133951	
      1477	  0.013384	
      1478	 0.0143089	
      1479	 0.0154583	
      1480	 0.0166355	
      1481	 0.0177471	
      1482	 0.0191766	
      1483	  0.020402	
      1484	 0.0222594	
      1485	  0.024367	
      1486	 0.0262356	
      1487	 0.0279768	
      1488	 0.0282656	
      1489	  0.033399	
      1490	  0.037472	
      1491	  0.041461	
      1492	 0.0456563	
      1493	   0.05139	
      1494	 0.0578279	
      1495	  0.065102	
      1496	 0.0728604	
      1497	 0.0856722	
      1498	 0.0883096	
      1499	 0.0899314	
      1500	 0.0934579	
      1501	 0.0957998	
      1502	 0.0964579	
      1503	 0.0925041	
      1504	 0.0970375	
      1505	 0.0978629	
      1506	  0.104298	
      1507	  0.110801	
      1508	  0.113574	
      1509	   0.11685	
      1510	  0.122678	
      1511	  0.127121	
      1512	  0.129877	
      1513	  0.134276	
      1514	  0.139408	
      1515	  0.146773	
      1516	  0.153801	
      1517	  0.161823	
      1518	  0.173965	
      1519	  0.185972	
      1520	  0.208993	
      1521	  0.205315	
      1522	  0.204591	
      1523	  0.206959	
      1524	  0.207479	
      1525	  0.204772	
      1526	  0.208606	
      1527	  0.208279	
      1528	  0.209371	
      1529	  0.207474	
      1530	  0.200436	
      1531	  0.208429	
      1532	  0.210298	
      1533	  0.208877	
      1534	  0.206872	
      1535	  0.209275	
      1536	   0.21231	
      1537	  0.213096	
      1538	  0.210612	
      1539	  0.214428	
      1540	  0.206291	
      1541	   0.20512	
      1542	  0.204304	
      1543	  0.202656	
      1544	  0.202037	
      1545	  0.201008	
      1546	  0.198753	
      1547	  0.195007	
      1548	  0.190232	
      1549	  0.191288	
      1550	   0.18914	
      1551	  0.188538	
      1552	  0.188844	
      1553	  0.186002	
      1554	  0.181846	
      1555	  0.181076	
      1556	  0.178903	
      1557	  0.181061	
      1558	  0.179779	
      1559	  0.180042	
      1560	  0.179633	
      1561	  0.182455	
      1562	  0.182498	
      1563	  0.182209	
      1564	  0.181152	
      1565	  0.183288	
      1566	  0.182429	
      1567	   0.18305	
      1568	  0.182119	
      1569	     0.184	
      1570	  0.184589	
      1571	  0.188481	
      1572	  0.189585	
      1573	  0.188313	
      1574	  0.187046	
      1575	  0.181011	
      1576	  0.185658	
      1577	  0.177151	
      1578	  0.187607	
      1579	  0.192064	
      1580	  0.193397	
      1581	  0.192807	
      1582	  0.186933	
      1583	  0.187457	
      1584	  0.186076	
      1585	  0.189429	
      1586	  0.187425	
      1587	  0.184698	
      1588	  0.179817	
      1589	  0.170248	
      1590	   0.17371	
      1591	  0.174909	
      1592	  0.181506	
      1593	  0.184355	
      1594	  0.183179	
      1595	  0.182213	
      1596	  0.175153	
      1597	  0.176103	
      1598	  0.178993	
      1599	   0.17609	
      1600	  0.175838	
      1601	  0.171677	
      1602	  0.172502	
      1603	  0.172382	
      1604	  0.172091	
      1605	  0.170098	
      1606	  0.169146	
      1607	  0.168043	
      1608	  0.169841	
      1609	  0.167905	
      1610	  0.159882	
      1611	  0.163424	
      1612	  0.165397	
      1613	  0.168695	
      1614	  0.169018	
      1615	   0.16876	
      1616	  0.163797	
      1617	  0.166548	
      1618	  0.172018	
      1619	  0.172065	
      1620	  0.168741	
      1621	  0.169487	
      1622	  0.172838	
      1623	  0.177229	
      1624	  0.178715	
      1625	  0.177804	
      1626	  0.180791	
      1627	  0.183171	
      1628	  0.186104	
      1629	  0.188811	
      1630	  0.191709	
      1631	  0.192248	
      1632	  0.191906	
      1633	  0.189567	
      1634	  0.187657	
      1635	  0.189562	
      1636	  0.188776	
      1637	    0.1826	
      1638	  0.180944	
      1639	  0.178195	
      1640	  0.179741	
      1641	  0.178803	
      1642	   0.17897	
      1643	  0.181522	
      1644	  0.180001	
      1645	  0.179385	
      1646	  0.181545	
      1647	  0.181847	
      1648	  0.181267	
      1649	  0.178606	
      1650	  0.180013	
      1651	  0.178355	
      1652	  0.179977	
      1653	  0.178726	
      1654	  0.179262	
      1655	  0.177822	
      1656	  0.178659	
      1657	  0.178715	
      1658	  0.177778	
      1659	  0.176061	
      1660	  0.177013	
      1661	  0.177667	
      1662	  0.177044	
      1663	  0.176329	
      1664	  0.176004	
      1665	    0.1746	
      1666	  0.173302	
      1667	  0.173287	
      1668	  0.171197	
      1669	  0.172372	
      1670	  0.174837	
      1671	  0.173743	
      1672	  0.168711	
      1673	   0.17049	
      1674	  0.172367	
      1675	  0.170598	
      1676	  0.168738	
      1677	  0.169741	
      1678	  0.170249	
      1679	  0.166219	
      1680	  0.159679	
      1681	  0.153667	
      1682	   0.15529	
      1683	  0.158483	
      1684	    0.1599	
      1685	  0.159568	
      1686	  0.157227	
      1687	  0.156713	
      1688	  0.155767	
      1689	  0.153383	
      1690	  0.152779	
      1691	  0.154302	
      1692	  0.153927	
      1693	  0.152753	
      1694	   0.15205	
      1695	  0.151373	
      1696	  0.150169	
      1697	  0.148993	
      1698	  0.148276	
      1699	  0.146951	
      1700	  0.144771	
      1701	  0.144011	
      1702	  0.143501	
      1703	  0.142828	
      1704	  0.142131	
      1705	  0.141396	
      1706	  0.140319	
      1707	    0.1392	
      1708	  0.138092	
      1709	  0.136995	
      1710	  0.136047	
      1711	  0.135925	
      1712	  0.135944	
      1713	  0.135967	
      1714	  0.135994	
      1715	   0.13591	
      1716	  0.135118	
      1717	  0.134219	
      1718	  0.133329	
      1719	  0.132446	
      1720	  0.131624	
      1721	  0.131101	
      1722	  0.130636	
      1723	  0.130176	
      1724	  0.129721	
      1725	  0.129224	
      1726	  0.128431	
      1727	  0.127598	
      1728	  0.126772	
      1729	  0.125951	
      1730	  0.125026	
      1731	  0.123422	
      1732	  0.121717	
      1733	  0.120022	
      1734	  0.118336	
      1735	  0.116967	
      1736	  0.117423	
      1737	  0.118183	
      1738	  0.118942	
      1739	    0.1197	
      1740	  0.120265	
      1741	  0.096237	
      1742	 0.0818271	
      1743	 0.0714614	
      1744	 0.0634178	
      1745	 0.0569285	
      1746	 0.0516469	
      1747	 0.0471784	
      1748	 0.0433222	
      1749	 0.0399549	
      1750	  0.036992	
      1751	 0.0343846	
      1752	  0.032056	
      1753	 0.0299595	
      1754	 0.0280624	
      1755	 0.0263282	
      1756	 0.0246846	
      1757	  0.023173	
      1758	 0.0217869	
      1759	 0.0205124	
      1760	 0.0193427	
      1761	 0.0182919	
      1762	 0.0173224	
      1763	 0.0164217	
      1764	 0.0155833	
      1765	 0.0148016	
      1766	 0.0140714	
      1767	 0.0133885	
      1768	 0.0127487	
      1769	 0.0121487	
      1770	 0.0115806	
      1771	 0.0110183	
      1772	 0.0104859	
      1773	0.00998515	
      1774	 0.0095138	
      1775	0.00907483	
      1776	0.00869034	
      1777	0.00833124	
      1778	0.00799101	
      1779	 0.0076684	
      1780	0.00736017	
      1781	0.00705546	
      1782	0.00676436	
      1783	0.00648797	
      1784	0.00622537	
      1785	0.00597743	
      1786	0.00575146	
      1787	0.00553766	
      1788	0.00533372	
      1789	0.00513908	
      1790	0.00495122	
      1791	0.00475916	
      1792	0.00457412	
      1793	0.00439758	
      1794	0.00422907	
      1795	0.00406817	
      1796	0.00391446	
      1797	0.00376756	
      1798	0.00362711	
      1799	0.00349278	
      1800	0.00336625	
      1801	0.00269372	
      1802	0.00217827	
      1803	0.00177668	
      1804	0.00146015	
      1805	0.00120798	
      1806	0.00100449	
      1807	0.000839761	
      1808	0.000705556	
      1809	0.00059551	
      1810	0.000503698	
      1811	0.00042236	
      1812	0.000354598	
      1813	0.000298621	
      1814	0.000252194	
      1815	0.000214206	
      1816	0.000185786	
      1817	0.00016205	
      1818	0.000141689	
      1819	0.000124171	
      1820	0.00010902	
      1821	9.57377e-05	
      1822	8.4214e-05	
      1823	7.42177e-05	
      1824	6.55262e-05	
      1825	5.78922e-05	
      1826	5.08998e-05	
      1827	4.47757e-05	
      1828	3.9448e-05	
      1829	3.48046e-05	
      1830	3.0766e-05	
      1831	2.73084e-05	
      1832	2.42834e-05	
      1833	2.16209e-05	
      1834	1.92739e-05	
      1835	1.71999e-05	
      1836	1.5351e-05	
      1837	1.37143e-05	
      1838	1.22652e-05	
      1839	1.09805e-05	
      1840	9.83903e-06	
      1841	8.81571e-06	
      1842	7.90522e-06	
      1843	7.09522e-06	
      1844	6.37385e-06	
      1845	5.73375e-06	
      1846	5.17715e-06	
      1847	4.6809e-06	
      1848	4.23564e-06	
      1849	3.83576e-06	
      1850	3.47516e-06	
      1851	3.14463e-06	
      1852	2.84667e-06	
      1853	2.57877e-06	
      1854	2.33769e-06	
      1855	2.12057e-06	
      1856	1.92489e-06	
      1857	1.74839e-06	
      1858	1.58907e-06	
      1859	1.44516e-06	
      1860	1.31508e-06	
      1861	1.38239e-06	
      1862	1.45342e-06	
      1863	1.5284e-06	
      1864	1.60758e-06	
      1865	1.69154e-06	
      1866	1.78195e-06	
      1867	1.87798e-06	
      1868	1.9796e-06	
      1869	2.08718e-06	
      1870	2.19627e-06	
      1871	2.28033e-06	
      1872	2.36206e-06	
      1873	2.44632e-06	
      1874	2.53312e-06	
      1875	 2.637e-06	
      1876	2.83631e-06	
      1877	3.06678e-06	
      1878	3.31525e-06	
      1879	3.58311e-06	
      1880	3.86139e-06	
      1881	4.09411e-06	
      1882	4.33017e-06	
      1883	4.58104e-06	
      1884	4.84775e-06	
      1885	5.12716e-06	
      1886	5.39584e-06	
      1887	5.67514e-06	
      1888	5.97018e-06	
      1889	6.28195e-06	
      1890	6.61619e-06	
      1891	6.99997e-06	
      1892	7.41349e-06	
      1893	7.85381e-06	
      1894	8.32284e-06	
      1895	8.82903e-06	
      1896	9.4098e-06	
      1897	1.00393e-05	
      1898	1.07144e-05	
      1899	1.14387e-05	
      1900	1.22101e-05	
      1901	1.29953e-05	
      1902	1.38291e-05	
      1903	1.47217e-05	
      1904	1.56778e-05	
      1905	  1.67e-05	
      1906	1.77752e-05	
      1907	1.89243e-05	
      1908	2.01556e-05	
      1909	2.14758e-05	
      1910	2.2897e-05	
      1911	2.44475e-05	
      1912	2.61202e-05	
      1913	2.79199e-05	
      1914	2.98572e-05	
      1915	3.19439e-05	
      1916	3.41927e-05	
      1917	3.66178e-05	
      1918	3.92344e-05	
      1919	4.20596e-05	
      1920	4.51118e-05	
      1921	4.2036e-05	
      1922	4.24356e-05	
      1923	4.35738e-05	
      1924	4.51663e-05	
      1925	4.71022e-05	
      1926	4.92517e-05	
      1927	5.16852e-05	
      1928	5.4423e-05	
      1929	5.74774e-05	
      1930	6.09142e-05	
      1931	6.50161e-05	
      1932	6.96123e-05	
      1933	7.47025e-05	
      1934	8.03407e-05	
      1935	8.65434e-05	
      1936	9.3096e-05	
      1937	 0.0001003	
      1938	0.000108287	
      1939	0.000117154	
      1940	0.00012682	
      1941	0.000136299	
      1942	0.000146548	
      1943	0.000157885	
      1944	0.000170451	
      1945	0.000185026	
      1946	0.000205382	
      1947	0.000229313	
      1948	0.00025671	
      1949	0.00028818	
      1950	0.000324205	
      1951	0.000364156	
      1952	0.000410108	
      1953	0.000463558	
      1954	0.000526051	
      1955	0.000599065	
      1956	0.000682205	
      1957	0.000780273	
      1958	0.000897526	
      1959	0.00103898	
      1960	0.00121119	
      1961	0.00132647	
      1962	0.00145497	
      1963	0.00159881	
      1964	0.00176025	
      1965	0.00194356	
      1966	0.00216123	
      1967	0.00241096	
      1968	0.00269646	
      1969	0.00302414	
      1970	0.00339996	
      1971	0.00382087	
      1972	0.00430695	
      1973	0.00487424	
      1974	0.00554075	
      1975	0.00632983	
      1976	0.00727222	
      1977	 0.0084092	
      1978	0.00979758	
      1979	 0.0115177	
      1980	  0.013691	
      1981	 0.0165157	
      1982	 0.0202833	
      1983	 0.0255259	
      1984	 0.0333415	
      1985	 0.0466596	
      1986	 0.0314045	
      1987	 0.0245532	
      1988	 0.0201566	
      1989	 0.0170049	
      1990	 0.0145967	
      1991	 0.0126329	
      1992	 0.0110363	
      1993	0.00972081	
      1994	0.00862035	
      1995	0.00769366	
      1996	0.00692663	
      1997	0.00626743	
      1998	0.00569272	
      1999	0.00518842	
      2000	0.00474135	
      2001	0.00433377	
      2002	 0.0039696	
      2003	0.00364451	
      2004	0.00335324	
      2005	0.00309275	
      2006	0.00328519	
      2007	0.00349431	
      2008	0.00372031	
      2009	0.00396492	
      2010	0.00422939	
      2011	0.00451029	
      2012	0.00481473	
      2013	0.00514621	
      2014	0.00550791	
      2015	0.00590247	
      2016	0.00632611	
      2017	0.00679012	
      2018	0.00730111	
      2019	0.00786567	
      2020	0.00849544	
      2021	0.00922146	
      2022	 0.0100395	
      2023	  0.010961	
      2024	 0.0120049	
      2025	 0.0131893	
      2026	 0.0145108	
      2027	  0.016033	
      2028	 0.0178136	
      2029	 0.0199253	
      2030	   0.02248	
      2031	 0.0256694	
      2032	 0.0297547	
      2033	 0.0352612	
      2034	 0.0434693	
      2035	  0.060493	
      2036	 0.0591732	
      2037	 0.0579715	
      2038	 0.0568711	
      2039	 0.0558529	
      2040	 0.0549443	
      2041	  0.054316	
      2042	 0.0537721	
      2043	 0.0532661	
      2044	 0.0527935	
      2045	 0.0523167	
      2046	 0.0516467	
      2047	 0.0509725	
      2048	 0.0503255	
      2049	 0.0497037	
      2050	  0.049119	
      2051	 0.0486201	
      2052	 0.0481538	
      2053	 0.0477052	
      2054	 0.0472732	
      2055	 0.0468481	
      2056	 0.0463671	
      2057	 0.0458925	
      2058	 0.0454326	
      2059	 0.0449869	
      2060	 0.0445676	
      2061	 0.0442215	
      2062	 0.0439001	
      2063	 0.0435902	
      2064	 0.0432914	
      2065	 0.0430037	
      2066	 0.0433242	
      2067	 0.0436516	
      2068	 0.0439861	
      2069	 0.0443281	
      2070	 0.0446913	
      2071	 0.0451255	
      2072	 0.0455834	
      2073	 0.0460522	
      2074	 0.0465325	
      2075	 0.0470063	
      2076	   0.04737	
      2077	  0.047725	
      2078	 0.0480906	
      2079	 0.0484673	
      2080	 0.0488658	
      2081	 0.0493272	
      2082	 0.0498138	
      2083	 0.0503168	
      2084	 0.0508377	
      2085	 0.0513829	
      2086	 0.0519597	
      2087	  0.052565	
      2088	 0.0531957	
      2089	 0.0538543	
      2090	 0.0545328	
      2091	 0.0551886	
      2092	 0.0558696	
      2093	 0.0565921	
      2094	 0.0573624	
      2095	 0.0582129	
      2096	 0.0592915	
      2097	  0.060484	
      2098	 0.0617882	
      2099	 0.0632375	
      2100	 0.0648805	
      2101	 0.0649318	
      2102	 0.0649774	
      2103	  0.065024	
      2104	 0.0650716	
      2105	 0.0651068	
      2106	 0.0650613	
      2107	 0.0650031	
      2108	 0.0649458	
      2109	 0.0648893	
      2110	 0.0648406	
      2111	 0.0648479	
      2112	 0.0648633	
      2113	   0.06488	
      2114	 0.0648982	
      2115	 0.0649177	
      2116	  0.064925	
      2117	 0.0649338	
      2118	 0.0649442	
      2119	 0.0649564	
      2120	 0.0649704	
      2121	 0.0649723	
      2122	 0.0649762	
      2123	 0.0649822	
      2124	 0.0649904	
      2125	 0.0650222	
      2126	 0.0651696	
      2127	 0.0653417	
      2128	 0.0655173	
      2129	 0.0656969	
      2130	 0.0658522	
      2131	 0.0658547	
      2132	 0.0658325	
      2133	 0.0658145	
      2134	 0.0658012	
      2135	 0.0658148	
      2136	 0.0659792	
      2137	  0.066173	
      2138	 0.0663756	
      2139	 0.0665881	
      2140	 0.0667902	
      2141	 0.0668733	
      2142	 0.0669495	
      2143	 0.0670445	
      2144	 0.0671638	
      2145	 0.0673385	
      2146	 0.0676672	
      2147	 0.0681006	
      2148	 0.0687093	
      2149	 0.0686618	
      2150	 0.0686068	
      2151	 0.0684754	
      2152	 0.0683366	
      2153	  0.068198	
      2154	 0.0680595	
      2155	 0.0679211	
      2156	 0.0677524	
      2157	 0.0675839	
      2158	 0.0674155	
      2159	 0.0672473	
      2160	 0.0669877	
      2161	 0.0661638	
      2162	 0.0652487	
      2163	 0.0643342	
      2164	 0.0634202	
      2165	  0.062682	
      2166	 0.0630112	
      2167	 0.0635155	
      2168	 0.0640198	
      2169	 0.0645239	
      2170	 0.0649746	
      2171	  0.065075	
      2172	 0.0651222	
      2173	 0.0651694	
      2174	 0.0652168	
      2175	 0.0652337	
      2176	 0.0650683	
      2177	 0.0648726	
      2178	  0.064677	
      2179	 0.0644817	
      2180	 0.0643093	
      2181	  0.064289	
      2182	 0.0642917	
      2183	 0.0642944	
      2184	 0.0642972	
      2185	 0.0642697	
      2186	  0.064045	
      2187	 0.0637902	
      2188	 0.0635355	
      2189	  0.063281	
      2190	 0.0630647	
      2191	  0.063076	
      2192	 0.0631253	
      2193	 0.0631747	
      2194	 0.0632241	
      2195	  0.063251	
      2196	 0.0631567	
      2197	 0.0630398	
      2198	  0.062923	
      2199	 0.0627824	
      2200	 0.0626193	
      2201	 0.0623204	
      2202	 0.0619993	
      2203	 0.0616786	
      2204	 0.0613584	
      2205	 0.0610764	
      2206	 0.0609908	
      2207	 0.0609431	
      2208	 0.0608956	
      2209	 0.0608482	
      2210	 0.0607935	
      2211	 0.0607088	
      2212	 0.0606168	
      2213	 0.0605249	
      2214	 0.0604333	
      2215	 0.0603418	
      2216	 0.0602506	
      2217	 0.0601595	
      2218	 0.0600686	
      2219	 0.0599779	
      2220	 0.0598724	
      2221	 0.0596773	
      2222	 0.0594676	
      2223	 0.0592581	
      2224	 0.0590489	
      2225	  0.058855	
      2226	 0.0587509	
      2227	 0.0586618	
      2228	  0.058573	
      2229	 0.0584843	
      2230	 0.0583958	
      2231	 0.0582926	
      2232	 0.0581895	
      2233	 0.0580866	
      2234	 0.0579839	
      2235	 0.0578665	
      2236	 0.0576453	
      2237	 0.0574096	
      2238	 0.0571741	
      2239	  0.056939	
      2240	 0.0567263	
      2241	 0.0566473	
      2242	 0.0565907	
      2243	 0.0565342	
      2244	 0.0564778	
      2245	 0.0564067	
      2246	 0.0562618	
      2247	 0.0561024	
      2248	 0.0559432	
      2249	 0.0557842	
      2250	 0.0556254	
      2251	 0.0554373	
      2252	 0.0552494	
      2253	 0.0550618	
      2254	 0.0548744	
      2255	 0.0547019	
      2256	 0.0546327	
      2257	 0.0545783	
      2258	  0.054524	
      2259	 0.0544698	
      2260	 0.0544084	
      2261	 0.0542736	
      2262	 0.0541317	
      2263	   0.05399	
      2264	 0.0538485	
      2265	 0.0537218	
      2266	 0.0536538	
      2267	 0.0536006	
      2268	 0.0535475	
      2269	 0.0534945	
      2270	 0.0534343	
      2271	 0.0529816	
      2272	 0.0525379	
      2273	  0.052109	
      2274	 0.0516936	
      2275	 0.0512764	
      2276	 0.0508007	
      2277	 0.0503225	
      2278	 0.0498553	
      2279	 0.0493984	
      2280	 0.0489717	
      2281	 0.0486765	
      2282	 0.0484086	
      2283	 0.0481471	
      2284	 0.0478916	
      2285	 0.0476418	
      2286	 0.0473708	
      2287	 0.0471051	
      2288	 0.0468446	
      2289	  0.046589	
      2290	 0.0463119	
      2291	 0.0458712	
      2292	 0.0454108	
      2293	 0.0449565	
      2294	  0.044508	
      2295	 0.0441034	
      2296	 0.0439066	
      2297	 0.0437507	
      2298	 0.0435976	
      2299	 0.0434471	
      2300	  0.043293	
      2301	 0.0430917	
      2302	 0.0428872	
      2303	 0.0426855	
      2304	 0.0424864	
      2305	 0.0422839	
      2306	 0.0420597	
      2307	 0.0418322	
      2308	 0.0416073	
      2309	 0.0413851	
      2310	 0.0411654	
      2311	 0.0409243	
      2312	 0.0406858	
      2313	 0.0404499	
      2314	 0.0402164	
      2315	 0.0399853	
      2316	 0.0397683	
      2317	 0.0395534	
      2318	 0.0393407	
      2319	 0.0391301	
      2320	 0.0389043	
      2321	 0.0385544	
      2322	 0.0381903	
      2323	 0.0378292	
      2324	 0.0374712	
      2325	 0.0371556	
      2326	 0.0370569	
      2327	 0.0369987	
      2328	 0.0369413	
      2329	 0.0368846	
      2330	  0.036812	
      2331	 0.0366516	
      2332	  0.036476	
      2333	 0.0363019	
      2334	 0.0361292	
      2335	 0.0359581	
      2336	 0.0357883	
      2337	 0.0356199	
      2338	  0.035453	
      2339	 0.0352873	
      2340	 0.0351284	
      2341	 0.0350029	
      2342	 0.0348839	
      2343	 0.0347659	
      2344	 0.0346488	
      2345	 0.0345221	
      2346	 0.0343435	
      2347	 0.0341557	
      2348	 0.0339692	
      2349	 0.0337841	
      2350	 0.0335898	
      2351	 0.0333239	
      2352	 0.0330495	
      2353	 0.0327768	
      2354	 0.0325059	
      2355	 0.0322676	
      2356	 0.0321953	
      2357	 0.0321542	
      2358	 0.0321135	
      2359	 0.0320733	
      2360	 0.0320283	
      2361	 0.0301267	
      2362	 0.0284654	
      2363	 0.0269946	
      2364	 0.0256767	
      2365	 0.0244805	
      2366	 0.0233605	
      2367	 0.0223295	
      2368	 0.0213788	
      2369	 0.0204982	
      2370	 0.0196762	
      2371	 0.0188911	
      2372	 0.0181535	
      2373	 0.0174615	
      2374	 0.0168108	
      2375	 0.0162081	
      2376	   0.01569	
      2377	 0.0152092	
      2378	 0.0147529	
      2379	 0.0143192	
      2380	 0.0138884	
      2381	 0.0133775	
      2382	 0.0128745	
      2383	 0.0123955	
      2384	  0.011939	
      2385	 0.0115229	
      2386	 0.0112391	
      2387	  0.010985	
      2388	 0.0107405	
      2389	 0.0105052	
      2390	 0.0102717	
      2391	 0.0100068	
      2392	0.00974539	
      2393	 0.0094938	
      2394	0.00925146	
      2395	 0.0090179	
      2396	0.00878974	
      2397	0.00856963	
      2398	0.00835719	
      2399	0.00815204	
      2400	0.00795383	
      2401	0.00776485	
      2402	0.00758207	
      2403	0.00740521	
      2404	0.00723401	
      2405	0.00706822	
      2406	0.00690994	
      2407	0.00675652	
      2408	0.00660775	
      2409	0.00646345	
      2410	0.00631809	
      2411	0.00614569	
      2412	0.00597362	
      2413	0.00580701	
      2414	0.00564563	
      2415	0.00549698	
      2416	0.00539438	
      2417	0.00530188	
      2418	0.00521169	
      2419	0.00512373	
      2420	 0.0050353	
      2421	0.00493196	
      2422	0.00482887	
      2423	0.00472854	
      2424	0.00463087	
      2425	0.00453656	
      2426	0.00444938	
      2427	0.00436515	
      2428	0.00428303	
      2429	0.00420293	
      2430	0.00412408	
      2431	0.00404008	
      2432	 0.0039575	
      2433	0.00387701	
      2434	0.00379853	
      2435	0.00372265	
      2436	0.00365382	
      2437	0.00358725	
      2438	0.00352224	
      2439	0.00345873	
      2440	0.00339609	
      2441	0.00333014	
      2442	0.00326517	
      2443	0.00320174	
      2444	0.00313979	
      2445	0.00307874	
      2446	0.00301693	
      2447	0.00295605	
      2448	0.00289659	
      2449	0.00283852	
      2450	0.00278282	
      2451	0.00254067	
      2452	0.00232546	
      2453	0.00213273	
      2454	0.00195961	
      2455	0.00180432	
      2456	0.00166711	
      2457	0.00154325	
      2458	0.00143064	
      2459	0.00132804	
      2460	0.00123415	
      2461	0.00114659	
      2462	0.00106628	
      2463	0.000992681	
      2464	0.000925122	
      2465	 0.0008627	
      2466	0.000803768	
      2467	0.000749259	
      2468	0.000699046	
      2469	0.000652736	
      2470	0.000610204	
      2471	0.00057238	
      2472	 0.0005375	
      2473	0.000505106	
      2474	0.000474992	
      2475	0.00044672	
      2476	0.000418824	
      2477	0.000392684	
      2478	0.000368388	
      2479	0.000345788	
      2480	0.000324936	
      2481	0.000306327	
      2482	0.000289103	
      2483	0.000272988	
      2484	0.000257899	
      2485	0.000243857	
      2486	0.000231134	
      2487	0.00021926	
      2488	0.000208088	
      2489	0.000197571	
      2490	0.000187341	
      2491	0.000175805	
      2492	0.000164734	
      2493	0.000154395	
      2494	0.000144735	
      2495	0.000136123	
      2496	0.000130326	
      2497	0.00012519	
      2498	0.000120286	
      2499	0.000115603	
      2500	0.000110956	
      2501	2.64798e-05	
      2502	7.6824e-06	
      2503	2.5372e-06	
      2504	9.20429e-07	
      2505	3.58837e-07	
      2506	1.47932e-07	
      2507	6.3953e-08	
      2508	2.87835e-08	
      2509	1.34107e-08	
      2510	6.44078e-09	
      2511	3.18058e-09	
      2512	1.60864e-09	
      2513	8.31118e-10	
      2514	4.37768e-10	
      2515	2.3467e-10	
      2516	1.27891e-10	
      2517	7.07399e-11	
      2518	3.96683e-11	
      2519	2.25296e-11	
      2520	1.29511e-11	
      2521	7.53429e-12	
      2522	4.42986e-12	
      2523	2.6302e-12	
      2524	1.57615e-12	
      2525	9.52979e-13	
      2526	5.81706e-13	
      2527	3.57947e-13	
      2528	2.21906e-13	
      2529	1.38548e-13	
      2530	8.70722e-14	
      2531	5.49609e-14	
      2532	3.48994e-14	
      2533	2.22921e-14	
      2534	1.43201e-14	
      2535	9.25122e-15	
      2536	6.01303e-15	
      2537	3.92888e-15	
      2538	2.57959e-15	
      2539	1.70163e-15	
      2540	1.12756e-15	
      2541	7.50751e-16	
      2542	5.01973e-16	
      2543	3.37005e-16	
      2544	2.27146e-16	
      2545	1.53686e-16	
      2546	1.04325e-16	
      2547	7.10722e-17	
      2548	4.85878e-17	
      2549	3.33293e-17	
      2550	2.29379e-17	
      2551	1.58301e-17	
      2552	1.09589e-17	
      2553	7.60962e-18	
      2554	5.29958e-18	
      2555	3.70141e-18	
      2556	2.59131e-18	
      2557	1.8191e-18	
      2558	1.28042e-18	
      2559	9.03595e-19	
      2560	6.3943e-19	
      2561	4.54017e-19	
      2562	3.23221e-19	
      2563	2.30652e-19	
      2564	1.64976e-19	
      2565	1.18268e-19	
      2566	8.49352e-20	
      2567	6.11292e-20	
      2568	4.40893e-20	
      2569	3.18655e-20	
      2570	2.30777e-20	
      2571	1.67394e-20	
      2572	1.21657e-20	
      2573	8.85859e-21	
      2574	6.46265e-21	
      2575	4.72344e-21	
      2576	3.45853e-21	
      2577	2.53687e-21	
      2578	1.86406e-21	
      2579	1.37204e-21	
      2580	1.01136e-21	
      2581	7.45713e-22	
      2582	5.50603e-22	
      2583	4.07187e-22	
      2584	3.01596e-22	
      2585	2.23833e-22	
      2586	1.66911e-22	
      2587	1.24708e-22	
      2588	9.33128e-23	
      2589	6.99226e-23	
      2590	5.2458e-23	
      2591	3.93382e-23	
      2592	2.95334e-23	
      2593	2.22025e-23	
      2594	1.67136e-23	
      2595	1.26012e-23	
      2596	9.52178e-24	
      2597	7.2058e-24	
      2598	  5.46e-24	
      2599	4.14232e-24	
      2600	3.14648e-24	
      2601	1.58343e-24	
      2602	1.07027e-24	
      2603	7.64769e-25	
      2604	5.62877e-25	
      2605	4.22349e-25	
      2606	3.2105e-25	
      2607	2.46675e-25	
      2608	1.91167e-25	
      2609	1.49208e-25	
      2610	1.17164e-25	
      2611	9.25257e-26	
      2612	7.34031e-26	
      2613	5.84693e-26	
      2614	4.67433e-26	
      2615	3.7492e-26	
      2616	3.01334e-26	
      2617	2.42857e-26	
      2618	1.96224e-26	
      2619	1.58918e-26	
      2620	1.28926e-26	
      2621	1.04457e-26	
      2622	8.47509e-27	
      2623	6.88848e-27	
      2624	5.60828e-27	
      2625	4.57886e-27	
      2626	  3.77e-27	
      2627	3.11239e-27	
      2628	2.57306e-27	
      2629	2.13003e-27	
      2630	1.76467e-27	
      2631	1.45952e-27	
      2632	1.20798e-27	
      2633	1.00093e-27	
      2634	8.30279e-28	
      2635	6.89283e-28	
      2636	5.71417e-28	
      2637	4.74053e-28	
      2638	3.93649e-28	
      2639	3.27182e-28	
      2640	2.72314e-28	
      2641	2.27522e-28	
      2642	1.90355e-28	
      2643	1.59391e-28	
      2644	1.33572e-28	
      2645	1.12023e-28	
      2646	9.39284e-29	
      2647	7.88157e-29	
      2648	6.61828e-29	
      2649	5.56143e-29	
      2650	4.67659e-29	
      2651	3.93127e-29	
      2652	3.30693e-29	
      2653	2.78355e-29	
      2654	2.34448e-29	
      2655	1.97641e-29	
      2656	1.66882e-29	
      2657	1.41031e-29	
      2658	1.19255e-29	
      2659	1.00899e-29	
      2660	8.53961e-30	
      2661	7.22054e-30	
      2662	6.10699e-30	
      2663	5.16794e-30	
      2664	4.37557e-30	
      2665	3.7085e-30	
      2666	3.1512e-30	
      2667	2.68037e-30	
      2668	2.28103e-30	
      2669	1.94213e-30	
      2670	1.65396e-30	
      2671	1.40562e-30	
      2672	1.19481e-30	
      2673	1.01608e-30	
      2674	8.64474e-31	
      2675	7.36005e-31	
      2676	6.27554e-31	
      2677	5.35455e-31	
      2678	4.5707e-31	
      2679	3.90325e-31	
      2680	3.33466e-31	
      2681	2.85009e-31	
      2682	2.43692e-31	
      2683	2.08449e-31	
      2684	1.78375e-31	
      2685	1.52699e-31	
      2686	1.30633e-31	
      2687	1.11799e-31	
      2688	9.57158e-32	
      2689	8.19771e-32	
      2690	7.02363e-32	
      2691	6.02309e-32	
      2692	5.16695e-32	
      2693	4.4341e-32	
      2694	3.80654e-32	
      2695	3.26894e-32	
      2696	2.80675e-32	
      2697	2.41073e-32	
      2698	2.07128e-32	
      2699	1.78023e-32	
      2700	1.53099e-32	
      2701	1.8686e-32	
      2702	2.28281e-32	
      2703	2.79074e-32	
      2704	3.41404e-32	
      2705	4.17945e-32	
      2706	5.12005e-32	
      2707	6.27677e-32	
      2708	7.7003e-32	
      2709	9.45347e-32	
      2710	1.16142e-31	
      2711	1.42871e-31	
      2712	1.7588e-31	
      2713	2.16678e-31	
      2714	2.67141e-31	
      2715	3.29606e-31	
      2716	4.06768e-31	
      2717	5.0238e-31	
      2718	6.20952e-31	
      2719	7.68114e-31	
      2720	9.50909e-31	
      2721	1.1775e-30	
      2722	1.45927e-30	
      2723	1.80995e-30	
      2724	2.24675e-30	
      2725	2.79207e-30	
      2726	3.47461e-30	
      2727	4.32888e-30	
      2728	5.39785e-30	
      2729	6.73666e-30	
      2730	8.41494e-30	
      2731	1.0509e-29	
      2732	1.3136e-29	
      2733	1.64345e-29	
      2734	2.05802e-29	
      2735	2.57956e-29	
      2736	3.23812e-29	
      2737	4.06868e-29	
      2738	5.1172e-29	
      2739	6.44217e-29	
      2740	8.11821e-29	
      2741	1.02463e-28	
      2742	1.29452e-28	
      2743	1.63717e-28	
      2744	2.07267e-28	
      2745	2.62675e-28	
      2746	3.3306e-28	
      2747	4.22757e-28	
      2748	5.37192e-28	
      2749	6.83354e-28	
      2750	8.70252e-28	
      2751	1.10888e-27	
      2752	1.41457e-27	
      2753	1.8066e-27	
      2754	2.30998e-27	
      2755	2.95712e-27	
      2756	3.79013e-27	
      2757	4.86371e-27	
      2758	6.24912e-27	
      2759	8.03924e-27	
      2760	1.03553e-26	
      2761	1.33636e-26	
      2762	1.72684e-26	
      2763	2.2344e-26	
      2764	2.89505e-26	
      2765	3.75617e-26	
      2766	4.88306e-26	
      2767	6.35702e-26	
      2768	8.2878e-26	
      2769	1.08208e-25	
      2770	1.41448e-25	
      2771	1.84961e-25	
      2772	2.42159e-25	
      2773	3.17539e-25	
      2774	4.1704e-25	
      2775	 5.486e-25	
      2776	7.23269e-25	
      2777	9.55141e-25	
      2778	1.26349e-24	
      2779	1.67426e-24	
      2780	2.22249e-24	
      2781	2.95727e-24	
      2782	3.94217e-24	
      2783	5.26485e-24	
      2784	7.04466e-24	
      2785	9.44438e-24	
      2786	1.26865e-23	
      2787	1.70759e-23	
      2788	2.30312e-23	
      2789	3.11286e-23	
      2790	4.21628e-23	
      2791	5.71986e-23	
      2792	7.77696e-23	
      2793	1.0598e-22	
      2794	1.4476e-22	
      2795	1.98262e-22	
      2796	2.72367e-22	
      2797	3.7522e-22	
      2798	5.18237e-22	
      2799	7.17642e-22	
      2800	9.96444e-22	
      2801	1.25313e-21	
      2802	1.57749e-21	
      2803	1.98779e-21	
      2804	2.50732e-21	
      2805	3.16685e-21	
      2806	4.00648e-21	
      2807	5.07564e-21	
      2808	 6.437e-21	
      2809	8.17237e-21	
      2810	1.0387e-20	
      2811	1.32166e-20	
      2812	1.68362e-20	
      2813	2.14717e-20	
      2814	2.74157e-20	
      2815	3.50468e-20	
      2816	4.48284e-20	
      2817	5.74105e-20	
      2818	7.36157e-20	
      2819	9.45148e-20	
      2820	1.21504e-19	
      2821	1.56306e-19	
      2822	2.01345e-19	
      2823	2.59712e-19	
      2824	3.35462e-19	
      2825	4.34048e-19	
      2826	5.62764e-19	
      2827	7.30942e-19	
      2828	9.50786e-19	
      2829	1.23862e-18	
      2830	1.61607e-18	
      2831	2.11052e-18	
      2832	2.76066e-18	
      2833	3.61693e-18	
      2834	4.74667e-18	
      2835	6.23983e-18	
      2836	8.21163e-18	
      2837	1.08256e-17	
      2838	1.42972e-17	
      2839	1.89169e-17	
      2840	2.50763e-17	
      2841	3.33263e-17	
      2842	4.43774e-17	
      2843	5.92116e-17	
      2844	7.91667e-17	
      2845	1.06069e-16	
      2846	1.42328e-16	
      2847	1.91401e-16	
      2848	2.57973e-16	
      2849	3.48505e-16	
      2850	4.71922e-16	
      2851	6.40599e-16	
      2852	8.71734e-16	
      2853	1.1893e-15	
      2854	1.62683e-15	
      2855	2.23134e-15	
      2856	3.07101e-15	
      2857	4.23877e-15	
      2858	5.86782e-15	
      2859	8.14763e-15	
      2860	1.13486e-14	
      2861	1.58583e-14	
      2862	2.2234e-14	
      2863	3.12804e-14	
      2864	4.41642e-14	
      2865	6.25844e-14	
      2866	8.8907e-14	
      2867	 1.268e-13	
      2868	1.81583e-13	
      2869	2.61143e-13	
      2870	3.7735e-13	
      2871	5.48151e-13	
      2872	8.00355e-13	
      2873	1.17445e-12	
      2874	1.73243e-12	
      2875	2.57035e-12	
      2876	3.83803e-12	
      2877	5.76737e-12	
      2878	8.7214e-12	
      2879	1.32763e-11	
      2880	2.03522e-11	
      2881	3.13884e-11	
      2882	4.87906e-11	
      2883	7.6476e-11	
      2884	1.20942e-10	
      2885	1.93088e-10	
      2886	3.11647e-10	
      2887	5.08567e-10	
      2888	8.39856e-10	
      2889	1.40505e-09	
      2890	2.38423e-09	
      2891	4.10976e-09	
      2892	7.20899e-09	
      2893	1.2897e-08	
      2894	2.35989e-08	
      2895	4.43326e-08	
      2896	8.58989e-08	
      2897	1.7318e-07	
      2898	3.68464e-07	
      2899	8.54274e-07	
      2900	2.56858e-06	
      2901	2.65136e-06	
      2902	2.73706e-06	
      2903	2.82579e-06	
      2904	2.91768e-06	
      2905	3.01285e-06	
      2906	3.10925e-06	
      2907	3.20905e-06	
      2908	3.31238e-06	
      2909	3.41936e-06	
      2910	3.53016e-06	
      2911	3.64235e-06	
      2912	3.75847e-06	
      2913	3.87869e-06	
      2914	4.00316e-06	
      2915	4.13204e-06	
      2916	4.26855e-06	
      2917	4.41003e-06	
      2918	4.5567e-06	
      2919	4.70876e-06	
      2920	4.86643e-06	
      2921	5.02994e-06	
      2922	5.19953e-06	
      2923	5.37545e-06	
      2924	5.55797e-06	
      2925	5.74735e-06	
      2926	5.94388e-06	
      2927	6.14787e-06	
      2928	6.35963e-06	
      2929	6.57949e-06	
      2930	6.80779e-06	
      2931	7.03977e-06	
      2932	7.28056e-06	
      2933	7.53054e-06	
      2934	7.79008e-06	
      2935	8.0596e-06	
      2936	8.34566e-06	
      2937	8.64303e-06	
      2938	8.95221e-06	
      2939	9.27373e-06	
      2940	9.60814e-06	
      2941	9.94866e-06	
      2942	1.03027e-05	
      2943	1.06708e-05	
      2944	1.10537e-05	
      2945	1.14563e-05	
      2946	1.18842e-05	
      2947	1.23346e-05	
      2948	1.28041e-05	
      2949	1.32935e-05	
      2950	1.38039e-05	
      2951	1.43362e-05	
      2952	1.48915e-05	
      2953	1.5471e-05	
      2954	1.60757e-05	
      2955	1.67069e-05	
      2956	1.7353e-05	
      2957	1.80272e-05	
      2958	1.87309e-05	
      2959	1.94657e-05	
      2960	2.0233e-05	
      2961	2.10505e-05	
      2962	2.19053e-05	
      2963	2.27992e-05	
      2964	2.37343e-05	
      2965	2.47128e-05	
      2966	2.57174e-05	
      2967	2.67684e-05	
      2968	2.78682e-05	
      2969	2.90194e-05	
      2970	3.02248e-05	
      2971	3.15115e-05	
      2972	3.28604e-05	
      2973	3.42751e-05	
      2974	3.57593e-05	
      2975	3.73167e-05	
      2976	3.89216e-05	
      2977	4.06057e-05	
      2978	4.23735e-05	
      2979	4.42299e-05	
      2980	4.61799e-05	
      2981	4.82664e-05	
      2982	5.04614e-05	
      2983	5.27714e-05	
      2984	5.52034e-05	
      2985	5.77648e-05	
      2986	6.04167e-05	
      2987	6.32103e-05	
      2988	6.61544e-05	
      2989	6.92587e-05	
      2990	7.25335e-05	
      2991	7.60497e-05	
      2992	7.97656e-05	
      2993	8.36948e-05	
      2994	8.78519e-05	
      2995	9.22531e-05	
      2996	9.6916e-05	
      2997	0.00010186	
      2998	0.000107106	
      2999	0.000112677	
      3000	0.000118601	
      3001	0.000118585	
      3002	0.00011857	
      3003	0.000118555	
      3004	0.000118539	
      3005	0.000118523	
      3006	0.000118602	
      3007	0.000118681	
      3008	0.00011876	
      3009	0.000118839	
      3010	0.000118918	
      3011	0.000118997	
      3012	0.000119076	
      3013	0.000119156	
      3014	0.000119235	
      3015	0.000119315	
      3016	0.000119299	
      3017	0.000119283	
      3018	0.000119267	
      3019	0.00011925	
      3020	0.000119233	
      3021	0.000119217	
      3022	 0.0001192	
      3023	0.000119183	
      3024	0.000119165	
      3025	0.000119148	
      3026	0.000119228	
      3027	0.000119308	
      3028	0.000119388	
      3029	0.000119469	
      3030	0.00011955	
      3031	0.000119532	
      3032	0.000119515	
      3033	0.000119497	
      3034	0.000119479	
      3035	0.000119462	
      3036	0.000119345	
      3037	0.000119228	
      3038	0.00011911	
      3039	0.000118992	
      3040	0.000118924	
      3041	0.000119154	
      3042	0.000119434	
      3043	0.000119715	
      3044	0.000119998	
      3045	0.000120281	
      3046	0.000120464	
      3047	0.000120648	
      3048	0.000120833	
      3049	0.000121018	
      3050	0.000121204	
      3051	0.000121289	
      3052	0.000121374	
      3053	0.00012146	
      3054	0.000121546	
      3055	0.000121633	
      3056	0.000121719	
      3057	0.000121806	
      3058	0.000121893	
      3059	0.000121981	
      3060	0.000122069	
      3061	0.000121952	
      3062	0.000121835	
      3063	0.000121717	
      3064	0.000121599	
      3065	0.000121532	
      3066	0.000121569	
      3067	0.000121658	
      3068	0.000121748	
      3069	0.000121838	
      3070	0.000121928	
      3071	0.000122124	
      3072	0.00012232	
      3073	0.000122517	
      3074	0.000122715	
      3075	0.000122913	
      3076	0.000122903	
      3077	0.000122892	
      3078	0.000122882	
      3079	0.000122872	
      3080	0.000122863	
      3081	0.000122854	
      3082	0.000122845	
      3083	0.000122837	
      3084	0.000122829	
      3085	0.000122822	
      3086	0.000122815	
      3087	0.000122809	
      3088	0.000122803	
      3089	0.000122799	
      3090	0.000122795	
      3091	0.000122792	
      3092	0.000122789	
      3093	0.000122788	
      3094	0.000122788	
      3095	0.000122789	
      3096	0.000122791	
      3097	0.000122795	
      3098	 0.0001228	
      3099	0.000122807	
      3100	0.000122816	
      3101	0.000120879	
      3102	0.000120521	
      3103	0.000120616	
      3104	0.000120959	
      3105	0.000121467	
      3106	0.000121988	
      3107	0.000122605	
      3108	0.000123302	
      3109	0.000124067	
      3110	0.000124892	
      3111	0.000125657	
      3112	0.00012647	
      3113	0.000127327	
      3114	0.000128224	
      3115	0.00012922	
      3116	0.000130373	
      3117	0.000131626	
      3118	0.000132918	
      3119	0.000134249	
      3120	0.000135618	
      3121	0.000137025	
      3122	0.00013847	
      3123	0.000139952	
      3124	0.000141471	
      3125	0.000143028	
      3126	0.000144623	
      3127	0.000146255	
      3128	0.000147925	
      3129	0.000149633	
      3130	0.000151381	
      3131	0.000153167	
      3132	0.000154993	
      3133	0.000156859	
      3134	0.000158766	
      3135	0.000160714	
      3136	0.000162552	
      3137	0.000164429	
      3138	0.000166345	
      3139	 0.0001683	
      3140	0.000170296	
      3141	0.000172496	
      3142	0.000174743	
      3143	0.000177036	
      3144	0.000179379	
      3145	0.00018177	
      3146	0.000184037	
      3147	0.00018635	
      3148	0.000188711	
      3149	0.000191119	
      3150	0.000193577	
      3151	0.000196273	
      3152	0.000199027	
      3153	0.000201838	
      3154	0.00020471	
      3155	0.000207642	
      3156	0.000210637	
      3157	0.000213696	
      3158	0.000216821	
      3159	0.000220013	
      3160	0.000223274	
      3161	0.000226825	
      3162	0.000230455	
      3163	0.000234167	
      3164	0.000237962	
      3165	0.000241844	
      3166	0.000245338	
      3167	0.000248908	
      3168	0.000252554	
      3169	0.000256279	
      3170	0.000260213	
      3171	0.000264491	
      3172	0.000268999	
      3173	0.000273614	
      3174	0.000278337	
      3175	0.000283172	
      3176	0.00028756	
      3177	0.000292047	
      3178	0.000296636	
      3179	0.000301329	
      3180	0.000306129	
      3181	0.000311348	
      3182	0.000316691	
      3183	0.000322163	
      3184	0.000327768	
      3185	0.00033351	
      3186	0.000339729	
      3187	0.000346105	
      3188	0.000352645	
      3189	0.000359353	
      3190	0.000366235	
      3191	0.000372927	
      3192	0.000379789	
      3193	0.000386829	
      3194	0.00039405	
      3195	0.00040146	
      3196	0.000408658	
      3197	0.00041604	
      3198	0.000423614	
      3199	0.000431386	
      3200	0.000439582	
      3201	0.000436175	
      3202	0.000433023	
      3203	0.000429905	
      3204	0.00042682	
      3205	0.000423767	
      3206	0.000420324	
      3207	0.000416918	
      3208	0.000413549	
      3209	0.000410217	
      3210	0.00040692	
      3211	0.00040325	
      3212	0.000399621	
      3213	0.000396031	
      3214	0.00039248	
      3215	0.000388967	
      3216	0.000385887	
      3217	0.000382838	
      3218	0.000379821	
      3219	0.000376835	
      3220	0.000373879	
      3221	0.000370953	
      3222	0.000368056	
      3223	0.000365189	
      3224	0.000362351	
      3225	0.00035954	
      3226	0.000357126	
      3227	0.000354734	
      3228	0.000352365	
      3229	0.000350018	
      3230	0.000347692	
      3231	0.000345031	
      3232	0.000342397	
      3233	0.000339787	
      3234	0.000337203	
      3235	0.000334643	
      3236	0.000332108	
      3237	0.000329597	
      3238	0.00032711	
      3239	0.000324646	
      3240	0.000322205	
      3241	0.000319787	
      3242	0.000317392	
      3243	0.000315019	
      3244	0.000312668	
      3245	0.000310339	
      3246	0.000308354	
      3247	0.000306386	
      3248	0.000304435	
      3249	 0.0003025	
      3250	0.000300583	
      3251	0.000298055	
      3252	0.000295552	
      3253	0.000293072	
      3254	0.000290616	
      3255	0.000288183	
      3256	0.000286076	
      3257	0.000283987	
      3258	0.000281917	
      3259	0.000279865	
      3260	0.000277832	
      3261	0.000275816	
      3262	0.000273818	
      3263	0.000271838	
      3264	0.000269874	
      3265	0.000267928	
      3266	0.000265999	
      3267	0.000264086	
      3268	0.00026219	
      3269	0.000260311	
      3270	0.000258447	
      3271	0.000256599	
      3272	0.000254768	
      3273	0.000252951	
      3274	0.000251151	
      3275	0.000249365	
      3276	0.000247595	
      3277	0.000245839	
      3278	0.000244099	
      3279	0.000242373	
      3280	0.000240661	
      3281	0.000238964	
      3282	0.000237281	
      3283	0.000235612	
      3284	0.000233957	
      3285	0.000232315	
      3286	0.000230939	
      3287	0.000229574	
      3288	0.00022822	
      3289	0.000226875	
      3290	0.000225418	
      3291	0.000223481	
      3292	0.00022144	
      3293	0.000219418	
      3294	0.000217413	
      3295	0.000215547	
      3296	0.000213934	
      3297	0.000212454	
      3298	0.000210985	
      3299	0.000209528	
      3300	0.000208083	
      3301	0.000211843	
      3302	0.000215684	
      3303	0.00021961	
      3304	0.000223622	
      3305	0.000227722	
      3306	0.000231396	
      3307	0.000235143	
      3308	0.000238967	
      3309	0.000242869	
      3310	0.00024685	
      3311	0.000251199	
      3312	0.000255642	
      3313	0.000260183	
      3314	0.000264824	
      3315	0.000269568	
      3316	0.000273794	
      3317	0.000278104	
      3318	0.000282502	
      3319	0.000286988	
      3320	0.000291735	
      3321	0.000297271	
      3322	0.000303111	
      3323	0.000309093	
      3324	0.00031522	
      3325	0.000321497	
      3326	0.00032717	
      3327	0.000332972	
      3328	0.000338906	
      3329	0.000344976	
      3330	0.000351187	
      3331	0.00035796	
      3332	 0.0003649	
      3333	0.000372011	
      3334	0.000379299	
      3335	0.000386769	
      3336	0.000394426	
      3337	0.000402278	
      3338	0.00041033	
      3339	0.000418588	
      3340	0.000427061	
      3341	0.000435754	
      3342	0.000444675	
      3343	0.000453832	
      3344	0.000463233	
      3345	0.000472886	
      3346	0.000482225	
      3347	0.000491809	
      3348	0.000501646	
      3349	0.000511744	
      3350	0.000522114	
      3351	0.000533409	
      3352	0.000545024	
      3353	0.000556971	
      3354	0.000569264	
      3355	0.000581916	
      3356	0.000594939	
      3357	0.000608349	
      3358	0.000622161	
      3359	0.000636391	
      3360	0.000651055	
      3361	0.000666172	
      3362	0.00068176	
      3363	0.000697839	
      3364	0.000714429	
      3365	0.000731553	
      3366	0.000749234	
      3367	0.000767495	
      3368	0.000786364	
      3369	0.000805867	
      3370	0.000826034	
      3371	0.000846896	
      3372	0.000868485	
      3373	0.000890836	
      3374	0.000913987	
      3375	0.000937978	
      3376	0.00096285	
      3377	0.000988649	
      3378	0.00101542	
      3379	0.00104323	
      3380	0.00107211	
      3381	0.00110352	
      3382	0.00113621	
      3383	0.00117027	
      3384	0.00120577	
      3385	 0.0012428	
      3386	0.00127985	
      3387	0.00131853	
      3388	0.00135894	
      3389	0.00140119	
      3390	0.00144541	
      3391	0.00149174	
      3392	0.00154032	
      3393	0.00159131	
      3394	0.00164491	
      3395	0.00170131	
      3396	0.00175851	
      3397	0.00181883	
      3398	0.00188253	
      3399	0.00194992	
      3400	0.00202263	
      3401	0.00204286	
      3402	0.00206468	
      3403	0.00208681	
      3404	0.00210925	
      3405	0.00213066	
      3406	0.00214687	
      3407	0.00216191	
      3408	0.00217712	
      3409	0.00219251	
      3410	 0.0022095	
      3411	0.00222959	
      3412	0.00225141	
      3413	0.00227354	
      3414	0.00229598	
      3415	0.00231874	
      3416	0.00233881	
      3417	0.00235916	
      3418	0.00237979	
      3419	 0.0024007	
      3420	 0.0024219	
      3421	0.00244341	
      3422	0.00246522	
      3423	0.00248734	
      3424	0.00250978	
      3425	0.00253255	
      3426	0.00255565	
      3427	0.00257909	
      3428	0.00260288	
      3429	0.00262702	
      3430	0.00265153	
      3431	0.00267994	
      3432	0.00270881	
      3433	0.00273814	
      3434	0.00276796	
      3435	0.00279826	
      3436	0.00282535	
      3437	0.00285287	
      3438	0.00288084	
      3439	0.00290926	
      3440	0.00293815	
      3441	0.00296752	
      3442	0.00299738	
      3443	0.00302775	
      3444	0.00305863	
      3445	0.00309005	
      3446	0.00312202	
      3447	0.00315455	
      3448	0.00318766	
      3449	0.00322136	
      3450	0.00325568	
      3451	0.00329505	
      3452	0.00333518	
      3453	0.00337608	
      3454	0.00341779	
      3455	0.00346033	
      3456	0.00349902	
      3457	0.00353847	
      3458	 0.0035787	
      3459	0.00361975	
      3460	0.00366164	
      3461	0.00370941	
      3462	0.00375821	
      3463	0.00380807	
      3464	0.00385904	
      3465	0.00391114	
      3466	0.00395908	
      3467	 0.0040081	
      3468	0.00405824	
      3469	0.00410955	
      3470	0.00416207	
      3471	0.00421585	
      3472	0.00427095	
      3473	0.00432742	
      3474	0.00438532	
      3475	0.00444471	
      3476	0.00450567	
      3477	0.00456826	
      3478	0.00463257	
      3479	0.00469867	
      3480	0.00476667	
      3481	0.00484333	
      3482	0.00492231	
      3483	0.00500373	
      3484	0.00508773	
      3485	0.00517445	
      3486	0.00525682	
      3487	  0.005342	
      3488	0.00543019	
      3489	0.00552161	
      3490	0.00561648	
      3491	0.00571508	
      3492	0.00581771	
      3493	0.00592472	
      3494	0.00603651	
      3495	0.00615356	
      3496	0.00627643	
      3497	 0.0064058	
      3498	0.00654252	
      3499	0.00668765	
      3500	 0.0068426	
      3501	0.00684991	
      3502	0.00685724	
      3503	0.00686461	
      3504	  0.006872	
      3505	0.00687942	
      3506	0.00687717	
      3507	0.00687492	
      3508	0.00687268	
      3509	0.00687046	
      3510	0.00686824	
      3511	0.00686602	
      3512	0.00686382	
      3513	0.00686163	
      3514	0.00685944	
      3515	0.00685727	
      3516	 0.0068551	
      3517	0.00685294	
      3518	 0.0068508	
      3519	0.00684866	
      3520	0.00684654	
      3521	0.00685429	
      3522	0.00686207	
      3523	0.00686989	
      3524	0.00687774	
      3525	0.00688563	
      3526	0.00688364	
      3527	0.00688166	
      3528	0.00687969	
      3529	0.00687773	
      3530	 0.0068758	
      3531	0.00688385	
      3532	0.00689194	
      3533	0.00690007	
      3534	0.00690824	
      3535	0.00691646	
      3536	0.00691467	
      3537	0.00691291	
      3538	0.00691116	
      3539	0.00690944	
      3540	0.00690773	
      3541	0.00691614	
      3542	 0.0069246	
      3543	 0.0069331	
      3544	0.00694165	
      3545	0.00695025	
      3546	0.00694874	
      3547	0.00694725	
      3548	0.00694579	
      3549	0.00694435	
      3550	0.00694294	
      3551	0.00694156	
      3552	0.00694021	
      3553	0.00693888	
      3554	0.00693759	
      3555	0.00693633	
      3556	 0.0069351	
      3557	 0.0069339	
      3558	0.00693274	
      3559	0.00693162	
      3560	0.00693053	
      3561	0.00693984	
      3562	0.00694922	
      3563	0.00695867	
      3564	0.00696818	
      3565	0.00697778	
      3566	0.00697701	
      3567	 0.0069763	
      3568	0.00697563	
      3569	0.00697502	
      3570	0.00697446	
      3571	0.00697396	
      3572	0.00697352	
      3573	0.00697314	
      3574	0.00697282	
      3575	0.00697256	
      3576	0.00697238	
      3577	0.00697227	
      3578	0.00697223	
      3579	0.00697228	
      3580	 0.0069724	
      3581	0.00698328	
      3582	0.00699428	
      3583	0.00700541	
      3584	0.00701667	
      3585	0.00702808	
      3586	0.00702889	
      3587	0.00702982	
      3588	0.00703088	
      3589	0.00703207	
      3590	 0.0070334	
      3591	0.00703489	
      3592	0.00703654	
      3593	0.00703837	
      3594	0.00704038	
      3595	 0.0070426	
      3596	0.00705597	
      3597	0.00706963	
      3598	0.00708358	
      3599	0.00709786	
      3600	 0.0071125	
      3601	0.00710668	
      3602	0.00710085	
      3603	0.00709502	
      3604	0.00708918	
      3605	0.00708334	
      3606	 0.0070775	
      3607	0.00707165	
      3608	 0.0070658	
      3609	0.00705995	
      3610	0.00705409	
      3611	0.00705935	
      3612	0.00706462	
      3613	0.00706991	
      3614	 0.0070752	
      3615	0.00708051	
      3616	0.00707468	
      3617	0.00706884	
      3618	  0.007063	
      3619	0.00705716	
      3620	0.00705132	
      3621	0.00705667	
      3622	0.00706204	
      3623	0.00706742	
      3624	0.00707281	
      3625	0.00707823	
      3626	0.00707241	
      3627	0.00706659	
      3628	0.00706077	
      3629	0.00705494	
      3630	0.00704912	
      3631	0.00705458	
      3632	0.00706006	
      3633	0.00706555	
      3634	0.00707106	
      3635	0.00707658	
      3636	0.00707079	
      3637	  0.007065	
      3638	0.00705921	
      3639	0.00705342	
      3640	0.00704762	
      3641	0.00705321	
      3642	0.00705881	
      3643	0.00706443	
      3644	0.00707006	
      3645	0.00707572	
      3646	0.00706997	
      3647	0.00706422	
      3648	0.00705847	
      3649	0.00705273	
      3650	0.00704698	
      3651	0.00704124	
      3652	 0.0070355	
      3653	0.00702976	
      3654	0.00702402	
      3655	0.00701828	
      3656	0.00702406	
      3657	0.00702986	
      3658	0.00703569	
      3659	0.00704153	
      3660	 0.0070474	
      3661	0.00705329	
      3662	0.00705921	
      3663	0.00706515	
      3664	0.00707111	
      3665	 0.0070771	
      3666	0.00705989	
      3667	0.00704267	
      3668	0.00702543	
      3669	0.00700818	
      3670	0.00699674	
      3671	0.00699696	
      3672	0.00700303	
      3673	0.00700914	
      3674	0.00701527	
      3675	0.00702143	
      3676	0.00701591	
      3677	 0.0070104	
      3678	 0.0070049	
      3679	0.00699941	
      3680	0.00699394	
      3681	0.00698847	
      3682	0.00698303	
      3683	0.00697759	
      3684	0.00697218	
      3685	0.00696677	
      3686	0.00697321	
      3687	0.00697968	
      3688	 0.0069862	
      3689	0.00699276	
      3690	0.00699937	
      3691	0.00699414	
      3692	0.00698894	
      3693	0.00698377	
      3694	0.00697862	
      3695	0.00697351	
      3696	0.00696842	
      3697	0.00696337	
      3698	0.00695836	
      3699	0.00695338	
      3700	0.00694844	
      3701	0.00695495	
      3702	0.00696148	
      3703	0.00696803	
      3704	0.00697461	
      3705	0.00698122	
      3706	0.00697579	
      3707	0.00697037	
      3708	0.00696496	
      3709	0.00695954	
      3710	0.00695413	
      3711	0.00696082	
      3712	0.00696753	
      3713	0.00697428	
      3714	0.00698104	
      3715	0.00698783	
      3716	0.00698249	
      3717	0.00697714	
      3718	 0.0069718	
      3719	0.00696645	
      3720	0.00696111	
      3721	  0.006968	
      3722	0.00697491	
      3723	0.00698185	
      3724	0.00698881	
      3725	 0.0069958	
      3726	0.00699053	
      3727	0.00698526	
      3728	   0.00698	
      3729	0.00697473	
      3730	0.00696947	
      3731	0.00697656	
      3732	0.00698367	
      3733	0.00699082	
      3734	0.00699799	
      3735	0.00700519	
      3736	0.00698759	
      3737	0.00696997	
      3738	0.00695233	
      3739	0.00693466	
      3740	 0.0069232	
      3741	0.00692421	
      3742	0.00693147	
      3743	0.00693877	
      3744	0.00694609	
      3745	0.00695345	
      3746	0.00694829	
      3747	0.00694313	
      3748	0.00693798	
      3749	0.00693283	
      3750	0.00692768	
      3751	0.00693515	
      3752	0.00694264	
      3753	0.00695017	
      3754	0.00695773	
      3755	0.00696532	
      3756	0.00696026	
      3757	 0.0069552	
      3758	0.00695015	
      3759	0.00694511	
      3760	0.00694007	
      3761	0.00694778	
      3762	0.00695552	
      3763	0.00696329	
      3764	 0.0069711	
      3765	0.00697895	
      3766	0.00698682	
      3767	0.00699473	
      3768	0.00700268	
      3769	0.00701066	
      3770	0.00701867	
      3771	0.00701383	
      3772	0.00700899	
      3773	0.00700416	
      3774	0.00699933	
      3775	0.00699451	
      3776	 0.0069897	
      3777	0.00698489	
      3778	0.00698009	
      3779	 0.0069753	
      3780	0.00697051	
      3781	0.00697878	
      3782	0.00698708	
      3783	0.00699542	
      3784	 0.0070038	
      3785	0.00701223	
      3786	0.00700756	
      3787	0.00700291	
      3788	0.00699826	
      3789	0.00699363	
      3790	  0.006989	
      3791	0.00699759	
      3792	0.00700621	
      3793	0.00701488	
      3794	0.00702359	
      3795	0.00703235	
      3796	0.00702786	
      3797	0.00702339	
      3798	0.00701892	
      3799	0.00701447	
      3800	0.00701003	
      3801	0.00695272	
      3802	0.00690838	
      3803	0.00687153	
      3804	0.00683972	
      3805	 0.0068116	
      3806	 0.0067734	
      3807	 0.0067376	
      3808	0.00670378	
      3809	0.00667164	
      3810	0.00664095	
      3811	0.00662428	
      3812	0.00660868	
      3813	0.00659403	
      3814	0.00658025	
      3815	0.00656725	
      3816	0.00654236	
      3817	0.00651818	
      3818	0.00649465	
      3819	0.00647173	
      3820	0.00644938	
      3821	0.00644006	
      3822	0.00643121	
      3823	0.00642279	
      3824	0.00641479	
      3825	0.00640719	
      3826	0.00639996	
      3827	 0.0063931	
      3828	0.00638657	
      3829	0.00638038	
      3830	0.00637451	
      3831	0.00635657	
      3832	0.00633895	
      3833	0.00632163	
      3834	0.00630461	
      3835	0.00628787	
      3836	0.00628373	
      3837	0.00627984	
      3838	 0.0062762	
      3839	 0.0062728	
      3840	0.00626963	
      3841	 0.0062544	
      3842	0.00623941	
      3843	0.00622465	
      3844	0.00621012	
      3845	0.00619581	
      3846	0.00619398	
      3847	0.00619236	
      3848	0.00619094	
      3849	0.00618973	
      3850	0.00618872	
      3851	0.00617565	
      3852	0.00616279	
      3853	0.00615012	
      3854	0.00613765	
      3855	0.00612537	
      3856	0.00611941	
      3857	0.00611365	
      3858	0.00610195	
      3859	0.00609657	
      3860	0.00609138	
      3861	0.00608639	
      3862	0.00608771	
      3863	 0.0060831	
      3864	0.00608482	
      3865	0.00608061	
      3866	0.00607045	
      3867	0.00606663	
      3868	0.00605686	
      3869	0.00605344	
      3870	0.00604408	
      3871	0.00604722	
      3872	0.00605057	
      3873	0.00605416	
      3874	0.00605796	
      3875	  0.006062	
      3876	0.00605394	
      3877	0.00605227	
      3878	0.00604467	
      3879	0.00604349	
      3880	0.00603637	
      3881	0.00603569	
      3882	0.00603528	
      3883	0.00603515	
      3884	0.00603531	
      3885	0.00603576	
      3886	0.00604276	
      3887	0.00605009	
      3888	0.00606403	
      3889	0.00607209	
      3890	0.00608055	
      3891	0.00607688	
      3892	0.00607361	
      3893	0.00607705	
      3894	0.00607466	
      3895	0.00607275	
      3896	0.00608401	
      3897	0.00608953	
      3898	0.00610203	
      3899	0.00610888	
      3900	0.00612287	
      3901	0.00613497	
      3902	0.00614714	
      3903	0.00615298	
      3904	0.00616529	
      3905	0.00617769	
      3906	0.00618371	
      3907	0.00618331	
      3908	0.00618943	
      3909	 0.0061891	
      3910	0.00619532	
      3911	0.00620812	
      3912	0.00621446	
      3913	0.00622742	
      3914	 0.0062339	
      3915	0.00624702	
      3916	0.00624706	
      3917	0.00624713	
      3918	0.00625385	
      3919	0.00625401	
      3920	0.00625422	
      3921	0.00626778	
      3922	0.00628145	
      3923	0.00628853	
      3924	0.00630238	
      3925	0.00631634	
      3926	0.00631695	
      3927	0.00632435	
      3928	0.00632506	
      3929	0.00633261	
      3930	0.00633345	
      3931	0.00634796	
      3932	0.00635577	
      3933	0.00637051	
      3934	0.00637851	
      3935	0.00639349	
      3936	 0.0064017	
      3937	 0.0064031	
      3938	 0.0064115	
      3939	0.00641306	
      3940	0.00642164	
      3941	0.00643034	
      3942	0.00644614	
      3943	0.00645508	
      3944	0.00647116	
      3945	0.00648036	
      3946	0.00648261	
      3947	0.00648496	
      3948	 0.0064945	
      3949	0.00649705	
      3950	0.00649971	
      3951	0.00650962	
      3952	0.00652685	
      3953	0.00653708	
      3954	0.00655467	
      3955	0.00656523	
      3956	0.00657595	
      3957	0.00658684	
      3958	0.00659062	
      3959	0.00660184	
      3960	0.00661326	
      3961	0.00663221	
      3962	0.00665141	
      3963	0.00666346	
      3964	0.00668315	
      3965	 0.0067031	
      3966	 0.0067084	
      3967	0.00672139	
      3968	0.00672711	
      3969	0.00674058	
      3970	0.00674676	
      3971	0.00676834	
      3972	0.00678266	
      3973	0.00680491	
      3974	0.00681988	
      3975	0.00684287	
      3976	0.00685856	
      3977	0.00686689	
      3978	0.00688333	
      3979	0.00689238	
      3980	0.00690964	
      3981	0.00692736	
      3982	0.00694557	
      3983	0.00697221	
      3984	0.00699153	
      3985	0.00701145	
      3986	0.00704001	
      3987	0.00706129	
      3988	0.00709138	
      3989	0.00711426	
      3990	0.00714615	
      3991	0.00716274	
      3992	0.00718853	
      3993	0.00720726	
      3994	0.00723553	
      3995	0.00725697	
      3996	0.00729681	
      3997	0.00733033	
      3998	0.00737472	
      3999	0.00741358	
      4000	0.00746474	
