       280	8.14233e-06	
       281	1.58722e-05	
       282	2.84914e-05	
       283	3.62043e-05	
       284	3.46799e-05	
       285	2.33816e-05	
       286	3.12867e-05	
       287	4.67903e-05	
       288	4.48497e-05	
       289	5.75833e-05	
       290	8.33006e-05	
       291	9.54457e-05	
       292	9.17644e-05	
       293	9.06429e-05	
       294	9.30924e-05	
       295	9.63064e-05	
       296	0.000104007	
       297	9.69342e-05	
       298	0.000102537	
       299	9.86951e-05	
       300	9.85353e-05	
       301	0.000189418	
       302	0.000375877	
       303	0.000917478	
       304	0.00187473	
       305	0.00363171	
       306	0.00442685	
       307	 0.0061243	
       308	0.00860859	
       309	 0.0102437	
       310	 0.0130764	
       311	 0.0208104	
       312	 0.0243876	
       313	 0.0289972	
       314	  0.035585	
       315	 0.0405789	
       316	 0.0407324	
       317	 0.0531903	
       318	 0.0582151	
       319	 0.0613867	
       320	 0.0738585	
       321	  0.078588	
       322	 0.0797321	
       323	 0.0795097	
       324	 0.0937012	
       325	  0.114614	
       326	  0.140526	
       327	  0.150144	
       328	  0.150535	
       329	  0.165827	
       330	  0.187638	
       331	  0.177958	
       332	  0.180625	
       333	  0.180473	
       334	  0.185323	
       335	  0.197848	
       336	  0.181895	
       337	  0.173294	
       338	  0.195175	
       339	  0.210124	
       340	  0.228543	
       341	  0.222291	
       342	  0.228162	
       343	  0.238906	
       344	  0.208247	
       345	  0.218702	
       346	  0.234453	
       347	  0.239359	
       348	  0.236306	
       349	  0.235881	
       350	   0.26352	
       351	  0.278643	
       352	   0.26333	
       353	  0.271278	
       354	  0.310688	
       355	  0.317751	
       356	  0.293468	
       357	  0.252178	
       358	  0.231057	
       359	  0.257606	
       360	  0.318143	
       361	  0.291024	
       362	  0.298508	
       363	  0.328941	
       364	  0.333559	
       365	  0.354897	
       366	    0.4072	
       367	  0.409307	
       368	  0.386665	
       369	  0.400013	
       370	  0.422789	
       371	  0.403472	
       372	  0.393945	
       373	  0.356287	
       374	  0.326878	
       375	  0.352529	
       376	  0.395763	
       377	  0.430286	
       378	  0.501812	
       379	  0.454164	
       380	  0.429644	
       381	  0.454211	
       382	  0.363936	
       383	  0.286633	
       384	  0.321208	
       385	  0.405242	
       386	  0.395626	
       387	  0.407685	
       388	  0.401858	
       389	  0.437314	
       390	  0.501919	
       391	  0.537605	
       392	  0.499741	
       393	  0.322419	
       394	  0.332659	
       395	  0.513614	
       396	  0.475412	
       397	  0.332067	
       398	  0.547963	
       399	  0.698228	
       400	  0.739306	
       401	  0.769872	
       402	  0.794675	
       403	  0.781242	
       404	   0.78717	
       405	  0.777248	
       406	  0.760832	
       407	  0.753266	
       408	  0.786444	
       409	  0.818218	
       410	  0.745768	
       411	  0.803949	
       412	  0.850352	
       413	  0.831191	
       414	  0.824274	
       415	  0.852111	
       416	   0.87595	
       417	  0.860982	
       418	   0.83717	
       419	   0.84998	
       420	  0.815742	
       421	  0.887628	
       422	  0.890658	
       423	   0.87032	
       424	  0.870588	
       425	   0.88989	
       426	  0.870896	
       427	   0.84905	
       428	   0.84502	
       429	  0.779095	
       430	  0.645767	
       431	  0.632565	
       432	  0.905008	
       433	  0.896816	
       434	  0.850483	
       435	  0.916818	
       436	  0.997844	
       437	   1.00925	
       438	  0.914077	
       439	  0.893001	
       440	  0.985427	
       441	   1.00134	
       442	   1.05533	
       443	    1.0764	
       444	   1.06342	
       445	   1.08246	
       446	   1.02009	
       447	   1.10809	
       448	   1.13654	
       449	   1.14311	
       450	   1.18178	
       451	   1.21494	
       452	   1.17422	
       453	    1.1122	
       454	   1.15977	
       455	   1.16909	
       456	   1.19957	
       457	   1.21337	
       458	   1.19561	
       459	   1.18651	
       460	   1.18912	
       461	   1.22058	
       462	   1.23804	
       463	   1.23911	
       464	   1.21313	
       465	   1.19747	
       466	   1.20956	
       467	   1.18157	
       468	    1.2156	
       469	    1.2239	
       470	     1.194	
       471	   1.21291	
       472	   1.25878	
       473	   1.23473	
       474	   1.24682	
       475	   1.27908	
       476	   1.25706	
       477	   1.26917	
       478	    1.2985	
       479	   1.28561	
       480	   1.29854	
       481	   1.29944	
       482	    1.2995	
       483	   1.28527	
       484	   1.26616	
       485	     1.231	
       486	   1.06641	
       487	   1.14166	
       488	   1.22204	
       489	   1.19592	
       490	   1.28396	
       491	   1.25763	
       492	   1.21984	
       493	   1.26935	
       494	   1.26707	
       495	   1.31598	
       496	   1.28193	
       497	   1.28609	
       498	   1.26159	
       499	    1.2591	
       500	   1.25656	
       501	   1.22922	
       502	   1.23389	
       503	   1.27076	
       504	   1.23079	
       505	   1.28926	
       506	   1.33379	
       507	    1.2928	
       508	   1.26497	
       509	   1.30208	
       510	   1.28414	
       511	   1.30058	
       512	    1.3204	
       513	   1.26216	
       514	   1.23398	
       515	   1.26297	
       516	   1.24561	
       517	   1.08954	
       518	   1.16831	
       519	   1.17184	
       520	   1.25094	
       521	   1.27528	
       522	   1.29284	
       523	   1.24907	
       524	   1.31095	
       525	   1.31401	
       526	   1.26407	
       527	   1.16268	
       528	   1.27516	
       529	    1.3364	
       530	   1.31365	
       531	   1.36151	
       532	   1.33377	
       533	   1.23364	
       534	    1.2815	
       535	   1.31478	
       536	   1.34205	
       537	   1.27946	
       538	   1.31018	
       539	    1.2881	
       540	   1.24774	
       541	   1.22132	
       542	    1.2965	
       543	   1.29701	
       544	    1.3271	
       545	   1.30755	
       546	   1.30103	
       547	   1.30758	
       548	   1.28877	
       549	   1.31016	
       550	   1.30529	
       551	    1.3077	
       552	   1.32412	
       553	   1.30018	
       554	   1.31746	
       555	    1.3242	
       556	   1.30545	
       557	   1.28051	
       558	   1.28984	
       559	   1.24901	
       560	   1.26622	
       561	   1.31423	
       562	   1.28213	
       563	   1.30901	
       564	   1.30064	
       565	   1.29491	
       566	   1.25388	
       567	   1.30807	
       568	   1.31111	
       569	   1.29472	
       570	   1.28625	
       571	    1.2583	
       572	   1.31091	
       573	   1.32487	
       574	   1.31693	
       575	    1.2941	
       576	   1.28901	
       577	   1.30429	
       578	   1.27815	
       579	   1.28472	
       580	   1.29222	
       581	   1.29535	
       582	   1.30735	
       583	   1.31408	
       584	   1.30934	
       585	    1.2993	
       586	   1.27688	
       587	   1.29786	
       588	   1.27456	
       589	   1.17587	
       590	   1.21993	
       591	   1.27559	
       592	   1.27358	
       593	   1.27247	
       594	   1.27403	
       595	   1.27294	
       596	   1.28617	
       597	   1.29231	
       598	   1.27337	
       599	   1.26788	
       600	   1.27232	
       601	   1.25786	
       602	   1.24972	
       603	   1.26973	
       604	   1.29083	
       605	   1.29025	
       606	   1.28705	
       607	   1.28857	
       608	   1.28481	
       609	   1.27579	
       610	   1.27175	
       611	   1.27046	
       612	   1.28584	
       613	   1.26966	
       614	   1.24596	
       615	   1.26694	
       616	   1.24406	
       617	   1.23606	
       618	   1.27117	
       619	   1.28478	
       620	   1.28901	
       621	   1.29325	
       622	   1.27386	
       623	   1.27144	
       624	   1.26519	
       625	   1.24942	
       626	   1.25356	
       627	    1.2844	
       628	   1.29146	
       629	   1.29184	
       630	   1.28166	
       631	    1.2691	
       632	   1.23727	
       633	   1.27561	
       634	   1.26874	
       635	   1.26957	
       636	   1.25395	
       637	   1.28185	
       638	   1.29237	
       639	    1.2796	
       640	   1.25609	
       641	   1.25393	
       642	    1.2576	
       643	   1.26909	
       644	   1.26299	
       645	   1.27058	
       646	    1.2527	
       647	   1.26126	
       648	    1.2541	
       649	    1.2233	
       650	   1.21606	
       651	    1.2611	
       652	    1.2598	
       653	   1.26344	
       654	   1.24826	
       655	   1.19235	
       656	   1.07472	
       657	    1.1081	
       658	   1.21131	
       659	   1.23101	
       660	   1.24576	
       661	   1.25554	
       662	   1.25733	
       663	   1.25209	
       664	   1.24884	
       665	   1.26066	
       666	   1.25639	
       667	   1.24403	
       668	   1.23372	
       669	    1.2379	
       670	   1.21636	
       671	   1.20627	
       672	   1.19116	
       673	   1.19042	
       674	   1.18129	
       675	   1.17348	
       676	   1.17958	
       677	   1.16837	
       678	   1.16804	
       679	   1.15529	
       680	   1.15139	
       681	   1.14955	
       682	   1.14685	
       683	   1.13848	
       684	   1.13021	
       685	   1.12395	
       686	   1.10341	
       687	   1.12219	
       688	   1.13048	
       689	   1.13021	
       690	   1.12809	
       691	   1.12401	
       692	   1.11611	
       693	   1.12362	
       694	   1.12641	
       695	   1.11861	
       696	   1.12056	
       697	    1.1226	
       698	   1.11592	
       699	   1.12307	
       700	   1.12151	
       701	   1.11809	
       702	   1.11679	
       703	   1.12768	
       704	   1.14093	
       705	   1.15159	
       706	   1.14555	
       707	   1.14414	
       708	   1.14982	
       709	    1.1543	
       710	   1.17472	
       711	   1.13011	
       712	   1.09474	
       713	   1.07086	
       714	   1.05858	
       715	   1.03186	
       716	    1.0293	
       717	   1.02008	
       718	  0.999608	
       719	  0.966294	
       720	  0.984626	
       721	  0.986488	
       722	  0.987512	
       723	  0.980452	
       724	  0.980737	
       725	  0.977785	
       726	  0.977858	
       727	   0.98358	
       728	  0.984925	
       729	   0.96414	
       730	    0.9967	
       731	   0.99505	
       732	   1.00986	
       733	   1.01184	
       734	   1.03562	
       735	   1.04084	
       736	   1.03901	
       737	   1.04819	
       738	   1.05209	
       739	   1.04554	
       740	   1.07793	
       741	   1.07432	
       742	    1.0718	
       743	   1.09266	
       744	   1.10301	
       745	   1.09962	
       746	   1.10056	
       747	   1.10159	
       748	   1.09738	
       749	   1.09758	
       750	   1.09365	
       751	   1.09533	
       752	   1.09842	
       753	   1.10156	
       754	   1.10873	
       755	   1.10831	
       756	   1.09596	
       757	   1.09553	
       758	   1.10049	
       759	    1.0902	
       760	   1.09403	
       761	   1.08916	
       762	   1.08864	
       763	    1.0544	
       764	   1.02874	
       765	   0.99756	
       766	  0.951103	
       767	  0.939929	
       768	  0.947022	
       769	  0.943342	
       770	  0.947637	
       771	  0.954184	
       772	  0.961091	
       773	  0.968426	
       774	  0.976279	
       775	  0.984786	
       776	  0.993121	
       777	  0.997443	
       778	   1.00978	
       779	   1.02993	
       780	   1.04896	
       781	   1.04719	
       782	   1.05208	
       783	   1.04495	
       784	   1.03787	
       785	    1.0429	
       786	   1.04359	
       787	   1.04211	
       788	   1.03518	
       789	   1.03266	
       790	    1.0247	
       791	   1.01566	
       792	   1.00665	
       793	  0.997655	
       794	  0.989775	
       795	  0.989566	
       796	  0.998115	
       797	   1.01104	
       798	    1.0054	
       799	    0.9954	
       800	  0.983225	
       801	  0.976443	
       802	  0.964822	
       803	  0.943978	
       804	  0.937156	
       805	    0.9157	
       806	  0.923831	
       807	  0.914933	
       808	  0.906475	
       809	  0.890317	
       810	    0.8896	
       811	  0.887085	
       812	  0.888731	
       813	  0.885563	
       814	  0.880585	
       815	  0.870865	
       816	  0.866207	
       817	  0.859976	
       818	   0.84233	
       819	  0.824952	
       820	  0.820266	
       821	  0.820469	
       822	  0.808411	
       823	   0.81353	
       824	   0.80983	
       825	  0.818161	
       826	  0.832822	
       827	  0.842409	
       828	  0.845885	
       829	  0.850211	
       830	  0.861814	
       831	  0.876434	
       832	  0.883275	
       833	  0.869638	
       834	  0.882337	
       835	  0.888925	
       836	  0.897847	
       837	  0.896379	
       838	  0.898351	
       839	  0.897422	
       840	  0.907716	
       841	   0.90783	
       842	  0.896033	
       843	  0.892917	
       844	  0.884379	
       845	  0.903078	
       846	  0.904408	
       847	   0.88611	
       848	  0.884209	
       849	  0.874672	
       850	   0.81992	
       851	  0.867537	
       852	  0.872532	
       853	   0.85499	
       854	  0.787801	
       855	  0.822653	
       856	  0.875243	
       857	  0.897875	
       858	   0.90271	
       859	  0.904646	
       860	  0.901604	
       861	  0.901182	
       862	  0.908652	
       863	   0.90778	
       864	  0.892605	
       865	  0.866609	
       866	  0.794072	
       867	  0.831388	
       868	  0.867697	
       869	  0.868059	
       870	  0.877666	
       871	   0.87183	
       872	  0.878056	
       873	  0.870972	
       874	  0.856999	
       875	  0.849349	
       876	  0.865956	
       877	  0.870711	
       878	  0.867347	
       879	  0.856639	
       880	  0.853714	
       881	  0.798066	
       882	  0.790982	
       883	  0.776378	
       884	  0.767868	
       885	  0.761358	
       886	  0.735252	
       887	  0.723756	
       888	  0.726209	
       889	  0.721895	
       890	  0.713611	
       891	  0.704425	
       892	  0.693017	
       893	  0.678676	
       894	  0.675056	
       895	   0.67191	
       896	  0.670468	
       897	  0.662012	
       898	  0.653967	
       899	  0.643659	
       900	  0.636811	
       901	  0.622247	
       902	  0.609661	
       903	  0.626808	
       904	  0.625774	
       905	  0.619322	
       906	  0.617624	
       907	  0.622241	
       908	  0.617505	
       909	  0.612484	
       910	   0.61922	
       911	  0.623703	
       912	  0.624415	
       913	  0.632291	
       914	  0.634721	
       915	  0.633396	
       916	  0.635829	
       917	  0.633279	
       918	  0.632686	
       919	  0.634228	
       920	  0.629624	
       921	   0.62048	
       922	  0.612849	
       923	    0.5996	
       924	  0.617351	
       925	  0.621291	
       926	  0.549202	
       927	  0.517296	
       928	  0.481062	
       929	  0.450511	
       930	  0.424731	
       931	  0.404598	
       932	  0.384617	
       933	  0.369125	
       934	  0.352675	
       935	  0.335147	
       936	  0.320818	
       937	  0.309597	
       938	   0.31365	
       939	  0.315282	
       940	  0.312847	
       941	  0.311349	
       942	  0.307882	
       943	  0.317675	
       944	  0.316845	
       945	  0.320619	
       946	  0.325736	
       947	  0.328371	
       948	  0.332305	
       949	  0.341253	
       950	   0.34846	
       951	  0.354816	
       952	  0.365199	
       953	  0.374201	
       954	   0.37926	
       955	  0.376591	
       956	  0.398364	
       957	  0.415445	
       958	  0.432285	
       959	  0.449362	
       960	  0.462667	
       961	  0.478561	
       962	  0.500161	
       963	  0.522298	
       964	  0.546839	
       965	  0.586249	
       966	  0.585363	
       967	  0.591691	
       968	  0.590443	
       969	  0.594794	
       970	  0.599349	
       971	  0.598582	
       972	  0.604111	
       973	  0.603211	
       974	  0.599753	
       975	  0.605643	
       976	  0.613984	
       977	  0.614319	
       978	   0.62039	
       979	  0.619859	
       980	  0.628329	
       981	  0.631725	
       982	  0.638117	
       983	  0.639113	
       984	  0.638786	
       985	  0.642663	
       986	  0.643698	
       987	  0.647152	
       988	  0.649405	
       989	  0.648442	
       990	  0.654543	
       991	  0.663341	
       992	  0.667274	
       993	  0.674691	
       994	  0.681435	
       995	  0.678628	
       996	  0.676613	
       997	  0.670086	
       998	  0.669194	
       999	  0.668971	
      1000	  0.670337	
      1001	  0.673502	
      1002	  0.673297	
      1003	  0.666763	
      1004	  0.656051	
      1005	  0.627591	
      1006	  0.647156	
      1007	  0.660411	
      1008	  0.663151	
      1009	  0.661259	
      1010	  0.661979	
      1011	  0.659066	
      1012	  0.657634	
      1013	  0.654842	
      1014	   0.65535	
      1015	  0.648244	
      1016	  0.648523	
      1017	  0.645511	
      1018	  0.648997	
      1019	  0.637334	
      1020	  0.639117	
      1021	  0.640335	
      1022	  0.634829	
      1023	  0.638465	
      1024	  0.640743	
      1025	  0.640058	
      1026	   0.63996	
      1027	  0.638488	
      1028	  0.638522	
      1029	  0.634557	
      1030	  0.635416	
      1031	  0.634802	
      1032	  0.633745	
      1033	  0.626488	
      1034	  0.628693	
      1035	  0.631159	
      1036	   0.63124	
      1037	  0.626722	
      1038	  0.625134	
      1039	   0.62846	
      1040	  0.626517	
      1041	  0.626701	
      1042	  0.626178	
      1043	  0.622414	
      1044	  0.623404	
      1045	  0.619053	
      1046	  0.608076	
      1047	  0.614528	
      1048	  0.619699	
      1049	    0.6179	
      1050	   0.61494	
      1051	  0.614766	
      1052	  0.612037	
      1053	  0.610701	
      1054	  0.609597	
      1055	  0.611282	
      1056	  0.610177	
      1057	  0.608607	
      1058	  0.602153	
      1059	  0.590349	
      1060	  0.599122	
      1061	  0.593018	
      1062	  0.599354	
      1063	  0.594989	
      1064	  0.600041	
      1065	  0.598821	
      1066	  0.589447	
      1067	  0.590785	
      1068	  0.587924	
      1069	  0.566097	
      1070	  0.577443	
      1071	  0.568805	
      1072	  0.562014	
      1073	  0.548991	
      1074	  0.549541	
      1075	  0.538675	
      1076	   0.53761	
      1077	  0.534055	
      1078	  0.529703	
      1079	  0.519456	
      1080	  0.520291	
      1081	  0.507978	
      1082	  0.501192	
      1083	  0.502935	
      1084	  0.504023	
      1085	  0.501275	
      1086	  0.498625	
      1087	  0.483183	
      1088	  0.488401	
      1089	  0.488606	
      1090	  0.484146	
      1091	  0.482948	
      1092	  0.474352	
      1093	  0.465366	
      1094	  0.446937	
      1095	  0.455439	
      1096	  0.458134	
      1097	  0.459285	
      1098	  0.455305	
      1099	  0.452148	
      1100	  0.460396	
      1101	  0.398174	
      1102	  0.351727	
      1103	  0.326283	
      1104	  0.302017	
      1105	  0.280779	
      1106	  0.262625	
      1107	  0.246069	
      1108	  0.232591	
      1109	  0.220257	
      1110	  0.209319	
      1111	  0.198327	
      1112	  0.188832	
      1113	  0.179507	
      1114	  0.172855	
      1115	  0.165177	
      1116	  0.157247	
      1117	  0.152015	
      1118	  0.144333	
      1119	  0.138478	
      1120	  0.132946	
      1121	  0.137573	
      1122	    0.1425	
      1123	  0.146921	
      1124	  0.151377	
      1125	  0.155184	
      1126	  0.157074	
      1127	  0.164116	
      1128	  0.171674	
      1129	   0.17804	
      1130	  0.183931	
      1131	  0.184332	
      1132	  0.184164	
      1133	  0.181859	
      1134	  0.181295	
      1135	  0.180934	
      1136	  0.180417	
      1137	  0.176585	
      1138	  0.174048	
      1139	  0.175536	
      1140	   0.17563	
      1141	  0.172682	
      1142	  0.174359	
      1143	  0.172999	
      1144	  0.171372	
      1145	  0.172063	
      1146	  0.179047	
      1147	  0.185256	
      1148	  0.190735	
      1149	  0.196932	
      1150	    0.2037	
      1151	  0.211154	
      1152	  0.218838	
      1153	  0.228477	
      1154	  0.239958	
      1155	  0.250937	
      1156	  0.260959	
      1157	  0.275596	
      1158	  0.290383	
      1159	  0.304209	
      1160	  0.320752	
      1161	  0.341458	
      1162	  0.351794	
      1163	  0.358247	
      1164	  0.358489	
      1165	  0.365076	
      1166	  0.364363	
      1167	  0.372615	
      1168	  0.378987	
      1169	   0.37619	
      1170	  0.387522	
      1171	  0.390915	
      1172	  0.391845	
      1173	  0.390847	
      1174	  0.391328	
      1175	  0.386701	
      1176	  0.383176	
      1177	  0.390228	
      1178	  0.389053	
      1179	  0.389208	
      1180	  0.393813	
      1181	  0.393334	
      1182	   0.39086	
      1183	  0.377599	
      1184	  0.389735	
      1185	  0.396005	
      1186	  0.397223	
      1187	  0.397975	
      1188	  0.393893	
      1189	  0.381711	
      1190	  0.394185	
      1191	  0.402251	
      1192	  0.403212	
      1193	  0.403897	
      1194	  0.404804	
      1195	   0.40335	
      1196	  0.404104	
      1197	  0.402777	
      1198	  0.395631	
      1199	  0.387839	
      1200	  0.404075	
      1201	  0.410211	
      1202	  0.409429	
      1203	  0.397929	
      1204	  0.397075	
      1205	  0.406047	
      1206	  0.406255	
      1207	  0.406412	
      1208	   0.39786	
      1209	  0.385146	
      1210	  0.397761	
      1211	  0.394188	
      1212	  0.400872	
      1213	  0.402991	
      1214	  0.401969	
      1215	  0.402825	
      1216	   0.40289	
      1217	  0.402679	
      1218	  0.401663	
      1219	  0.399952	
      1220	  0.401487	
      1221	  0.401705	
      1222	  0.400706	
      1223	  0.398903	
      1224	  0.402782	
      1225	  0.402622	
      1226	  0.402723	
      1227	  0.396954	
      1228	  0.400947	
      1229	  0.404484	
      1230	  0.404701	
      1231	  0.404667	
      1232	   0.40301	
      1233	  0.405091	
      1234	  0.405373	
      1235	  0.405367	
      1236	  0.408948	
      1237	  0.410874	
      1238	  0.412382	
      1239	  0.412412	
      1240	   0.41745	
      1241	  0.418102	
      1242	  0.415145	
      1243	  0.409933	
      1244	  0.406832	
      1245	  0.406363	
      1246	  0.407171	
      1247	  0.406025	
      1248	  0.406689	
      1249	  0.405182	
      1250	  0.403053	
      1251	  0.399543	
      1252	  0.395847	
      1253	  0.395794	
      1254	  0.395004	
      1255	  0.393359	
      1256	  0.391419	
      1257	  0.388751	
      1258	  0.388586	
      1259	  0.386282	
      1260	  0.386365	
      1261	   0.38453	
      1262	  0.380359	
      1263	  0.381555	
      1264	  0.377641	
      1265	  0.377258	
      1266	  0.377845	
      1267	  0.372715	
      1268	  0.369837	
      1269	  0.371617	
      1270	  0.372774	
      1271	  0.373641	
      1272	  0.372864	
      1273	  0.372847	
      1274	  0.371857	
      1275	  0.374241	
      1276	   0.37597	
      1277	  0.376814	
      1278	  0.376765	
      1279	  0.375398	
      1280	  0.372917	
      1281	  0.360902	
      1282	  0.334186	
      1283	  0.355323	
      1284	  0.370614	
      1285	  0.375096	
      1286	  0.377136	
      1287	  0.379372	
      1288	  0.379779	
      1289	  0.381678	
      1290	  0.379283	
      1291	  0.374084	
      1292	  0.370452	
      1293	  0.365983	
      1294	  0.358486	
      1295	  0.356849	
      1296	  0.354824	
      1297	  0.350169	
      1298	  0.345498	
      1299	  0.345256	
      1300	  0.342335	
      1301	   0.33922	
      1302	   0.33468	
      1303	  0.331168	
      1304	  0.328558	
      1305	  0.329243	
      1306	   0.32817	
      1307	  0.326658	
      1308	  0.324703	
      1309	  0.323098	
      1310	  0.320569	
      1311	  0.318285	
      1312	   0.31411	
      1313	  0.306878	
      1314	  0.310607	
      1315	  0.304577	
      1316	  0.304409	
      1317	  0.307168	
      1318	  0.304105	
      1319	  0.305991	
      1320	  0.304303	
      1321	  0.258693	
      1322	  0.230658	
      1323	  0.209767	
      1324	  0.192879	
      1325	  0.178351	
      1326	  0.165467	
      1327	  0.154122	
      1328	  0.144836	
      1329	  0.134036	
      1330	  0.127689	
      1331	  0.121604	
      1332	  0.113915	
      1333	  0.109796	
      1334	  0.104898	
      1335	 0.0998134	
      1336	 0.0946666	
      1337	 0.0905987	
      1338	 0.0863481	
      1339	 0.0818895	
      1340	 0.0783767	
      1341	 0.0764108	
      1342	 0.0733822	
      1343	 0.0705744	
      1344	  0.067968	
      1345	 0.0654163	
      1346	  0.062627	
      1347	 0.0605722	
      1348	 0.0583845	
      1349	 0.0561765	
      1350	  0.053754	
      1351	 0.0491794	
      1352	  0.045353	
      1353	 0.0416386	
      1354	  0.038226	
      1355	 0.0349625	
      1356	  0.032329	
      1357	 0.0297601	
      1358	  0.027945	
      1359	 0.0259827	
      1360	 0.0240647	
      1361	  0.022665	
      1362	 0.0211379	
      1363	 0.0195374	
      1364	 0.0184548	
      1365	 0.0173153	
      1366	 0.0162411	
      1367	 0.0151709	
      1368	 0.0143468	
      1369	 0.0133432	
      1370	 0.0125538	
      1371	 0.0118666	
      1372	 0.0113038	
      1373	 0.0107016	
      1374	  0.010104	
      1375	 0.0094376	
      1376	 0.0088788	
      1377	0.00847668	
      1378	0.00804389	
      1379	0.00767261	
      1380	0.00725154	
      1381	0.00688616	
      1382	0.00648317	
      1383	0.00617401	
      1384	0.00589483	
      1385	0.00557583	
      1386	0.00533085	
      1387	0.00504683	
      1388	0.00482788	
      1389	 0.0046072	
      1390	0.00434091	
      1391	0.00417877	
      1392	 0.0039955	
      1393	0.00379873	
      1394	0.00361292	
      1395	0.00345355	
      1396	0.00360555	
      1397	0.00376141	
      1398	0.00393048	
      1399	0.00408014	
      1400	0.00416697	
      1401	0.00434528	
      1402	0.00458513	
      1403	0.00476318	
      1404	0.00498495	
      1405	0.00521204	
      1406	 0.0054781	
      1407	0.00572891	
      1408	0.00599209	
      1409	0.00629362	
      1410	0.00658725	
      1411	0.00685999	
      1412	0.00706737	
      1413	0.00748164	
      1414	0.00795117	
      1415	0.00837359	
      1416	0.00878473	
      1417	0.00929451	
      1418	0.00981477	
      1419	  0.010264	
      1420	 0.0108095	
      1421	 0.0114655	
      1422	 0.0119493	
      1423	 0.0126094	
      1424	 0.0133528	
      1425	 0.0142611	
      1426	 0.0148445	
      1427	 0.0158748	
      1428	 0.0169805	
      1429	 0.0178124	
      1430	 0.0189447	
      1431	 0.0203228	
      1432	 0.0220814	
      1433	  0.023644	
      1434	 0.0250208	
      1435	 0.0269294	
      1436	 0.0290028	
      1437	 0.0313081	
      1438	 0.0337135	
      1439	 0.0364997	
      1440	 0.0382678	
      1441	 0.0417715	
      1442	 0.0456147	
      1443	 0.0486633	
      1444	 0.0502807	
      1445	 0.0518698	
      1446	  0.053659	
      1447	 0.0550569	
      1448	 0.0571182	
      1449	 0.0588477	
      1450	 0.0603734	
      1451	 0.0617493	
      1452	 0.0637704	
      1453	 0.0660801	
      1454	 0.0680821	
      1455	 0.0702473	
      1456	 0.0725026	
      1457	 0.0756453	
      1458	 0.0793978	
      1459	 0.0827461	
      1460	 0.0854708	
      1461	 0.0885877	
      1462	 0.0915931	
      1463	 0.0930252	
      1464	 0.0931436	
      1465	 0.0939062	
      1466	 0.0931954	
      1467	 0.0942233	
      1468	 0.0935136	
      1469	 0.0942023	
      1470	 0.0937207	
      1471	 0.0924064	
      1472	 0.0926832	
      1473	 0.0924701	
      1474	 0.0907011	
      1475	 0.0918159	
      1476	 0.0922863	
      1477	 0.0921142	
      1478	 0.0944994	
      1479	 0.0978826	
      1480	  0.100905	
      1481	  0.103022	
      1482	  0.106427	
      1483	  0.108131	
      1484	   0.11253	
      1485	  0.117345	
      1486	  0.120184	
      1487	  0.121719	
      1488	  0.116592	
      1489	  0.130359	
      1490	  0.138089	
      1491	  0.143893	
      1492	  0.148794	
      1493	  0.156733	
      1494	  0.164374	
      1495	  0.171596	
      1496	  0.176938	
      1497	  0.190031	
      1498	  0.193008	
      1499	  0.193612	
      1500	  0.198131	
      1501	  0.199926	
      1502	  0.198085	
      1503	  0.186858	
      1504	  0.192727	
      1505	  0.191016	
      1506	  0.199965	
      1507	  0.208548	
      1508	  0.209726	
      1509	  0.211547	
      1510	  0.217573	
      1511	  0.220661	
      1512	  0.220419	
      1513	  0.222529	
      1514	  0.225269	
      1515	  0.230824	
      1516	  0.234844	
      1517	  0.239134	
      1518	  0.247604	
      1519	  0.252832	
      1520	  0.265422	
      1521	  0.260929	
      1522	  0.260042	
      1523	  0.262988	
      1524	  0.263514	
      1525	  0.259886	
      1526	  0.264512	
      1527	  0.263815	
      1528	  0.264875	
      1529	  0.262117	
      1530	  0.252844	
      1531	  0.262488	
      1532	  0.264355	
      1533	  0.262036	
      1534	  0.258931	
      1535	  0.261268	
      1536	  0.264268	
      1537	  0.264289	
      1538	  0.259951	
      1539	  0.262431	
      1540	  0.255185	
      1541	  0.255736	
      1542	  0.256396	
      1543	  0.255799	
      1544	  0.256352	
      1545	  0.256275	
      1546	  0.254536	
      1547	  0.250792	
      1548	  0.245627	
      1549	  0.247926	
      1550	   0.24603	
      1551	    0.2461	
      1552	  0.247322	
      1553	  0.244386	
      1554	  0.239669	
      1555	  0.239374	
      1556	  0.237193	
      1557	  0.240736	
      1558	  0.239692	
      1559	  0.239489	
      1560	  0.238385	
      1561	  0.241556	
      1562	  0.241029	
      1563	  0.240057	
      1564	  0.238069	
      1565	  0.240264	
      1566	  0.238519	
      1567	  0.238699	
      1568	  0.236844	
      1569	  0.238631	
      1570	  0.238721	
      1571	  0.243049	
      1572	  0.243747	
      1573	  0.241374	
      1574	  0.238997	
      1575	  0.230534	
      1576	  0.235658	
      1577	  0.224074	
      1578	  0.236434	
      1579	  0.242281	
      1580	   0.24419	
      1581	  0.243666	
      1582	  0.236455	
      1583	  0.237328	
      1584	  0.235784	
      1585	  0.240239	
      1586	  0.237898	
      1587	  0.234631	
      1588	  0.228619	
      1589	  0.216627	
      1590	  0.221209	
      1591	  0.222911	
      1592	  0.231499	
      1593	  0.235692	
      1594	   0.23473	
      1595	  0.234019	
      1596	  0.225446	
      1597	  0.227154	
      1598	  0.231366	
      1599	   0.22808	
      1600	  0.228211	
      1601	  0.223248	
      1602	  0.224753	
      1603	  0.225022	
      1604	  0.225061	
      1605	  0.222861	
      1606	  0.222012	
      1607	  0.220953	
      1608	  0.223706	
      1609	  0.221535	
      1610	  0.211305	
      1611	  0.215327	
      1612	  0.217244	
      1613	  0.220865	
      1614	  0.220558	
      1615	  0.219476	
      1616	   0.21228	
      1617	  0.215068	
      1618	  0.221306	
      1619	  0.220512	
      1620	  0.215384	
      1621	  0.215428	
      1622	   0.21872	
      1623	  0.223235	
      1624	  0.223993	
      1625	  0.221667	
      1626	  0.224084	
      1627	  0.225567	
      1628	  0.227464	
      1629	  0.228602	
      1630	  0.228223	
      1631	  0.229106	
      1632	  0.228915	
      1633	  0.226319	
      1634	  0.224215	
      1635	  0.226657	
      1636	  0.225869	
      1637	  0.218619	
      1638	  0.216764	
      1639	  0.213591	
      1640	  0.215559	
      1641	  0.214543	
      1642	  0.214848	
      1643	  0.218012	
      1644	  0.216282	
      1645	  0.215633	
      1646	  0.218319	
      1647	  0.218748	
      1648	  0.218108	
      1649	  0.214958	
      1650	    0.2167	
      1651	  0.214748	
      1652	  0.216739	
      1653	  0.215267	
      1654	  0.215944	
      1655	  0.214237	
      1656	  0.215269	
      1657	  0.215357	
      1658	  0.214245	
      1659	  0.212191	
      1660	  0.213351	
      1661	  0.214148	
      1662	  0.213403	
      1663	  0.212545	
      1664	  0.212154	
      1665	   0.21046	
      1666	  0.208891	
      1667	  0.208865	
      1668	  0.206336	
      1669	   0.20774	
      1670	  0.210696	
      1671	  0.209359	
      1672	  0.203276	
      1673	  0.205396	
      1674	   0.20763	
      1675	  0.205469	
      1676	  0.203196	
      1677	  0.204366	
      1678	  0.204937	
      1679	  0.201251	
      1680	  0.194291	
      1681	    0.1878	
      1682	  0.190544	
      1683	  0.195185	
      1684	  0.197614	
      1685	  0.197852	
      1686	  0.195556	
      1687	  0.195496	
      1688	   0.19487	
      1689	  0.192415	
      1690	  0.192165	
      1691	  0.194578	
      1692	  0.194586	
      1693	  0.193567	
      1694	  0.193128	
      1695	  0.192707	
      1696	  0.191601	
      1697	  0.190515	
      1698	  0.190001	
      1699	  0.188696	
      1700	  0.186275	
      1701	  0.185668	
      1702	  0.185375	
      1703	  0.184861	
      1704	  0.184307	
      1705	  0.183695	
      1706	   0.18263	
      1707	  0.181499	
      1708	  0.180374	
      1709	  0.179255	
      1710	  0.178321	
      1711	  0.178464	
      1712	  0.178789	
      1713	  0.179115	
      1714	  0.179443	
      1715	  0.179621	
      1716	  0.178858	
      1717	  0.177949	
      1718	  0.177043	
      1719	  0.176141	
      1720	  0.175314	
      1721	   0.17488	
      1722	  0.174519	
      1723	   0.17416	
      1724	  0.173804	
      1725	  0.173388	
      1726	  0.172571	
      1727	  0.171694	
      1728	  0.170821	
      1729	  0.169951	
      1730	  0.168935	
      1731	  0.166995	
      1732	  0.164911	
      1733	  0.162832	
      1734	  0.160758	
      1735	  0.159107	
      1736	  0.159935	
      1737	   0.16118	
      1738	  0.162424	
      1739	  0.163666	
      1740	  0.164647	
      1741	  0.150381	
      1742	    0.1406	
      1743	  0.132866	
      1744	  0.126364	
      1745	   0.12076	
      1746	  0.116057	
      1747	  0.111872	
      1748	  0.108063	
      1749	  0.104565	
      1750	  0.101346	
      1751	 0.0984253	
      1752	 0.0957116	
      1753	  0.093165	
      1754	 0.0907665	
      1755	 0.0884669	
      1756	 0.0860733	
      1757	 0.0837674	
      1758	 0.0815718	
      1759	 0.0794776	
      1760	 0.0774977	
      1761	 0.0757279	
      1762	 0.0740522	
      1763	  0.072444	
      1764	 0.0708987	
      1765	 0.0694122	
      1766	 0.0679806	
      1767	 0.0666007	
      1768	 0.0652693	
      1769	 0.0639835	
      1770	 0.0627165	
      1771	 0.0613337	
      1772	 0.0599724	
      1773	 0.0586546	
      1774	 0.0573782	
      1775	  0.056173	
      1776	 0.0551925	
      1777	 0.0542712	
      1778	  0.053376	
      1779	 0.0525058	
      1780	 0.0516446	
      1781	 0.0507201	
      1782	 0.0498064	
      1783	 0.0489171	
      1784	 0.0480512	
      1785	 0.0472214	
      1786	 0.0464929	
      1787	 0.0457955	
      1788	  0.045115	
      1789	 0.0444509	
      1790	 0.0437847	
      1791	   0.04302	
      1792	 0.0422566	
      1793	 0.0415113	
      1794	 0.0407835	
      1795	 0.0400727	
      1796	 0.0393783	
      1797	 0.0386998	
      1798	 0.0380365	
      1799	 0.0373882	
      1800	  0.036776	
      1801	 0.0336641	
      1802	 0.0309556	
      1803	 0.0285626	
      1804	 0.0264343	
      1805	 0.0245274	
      1806	 0.0227914	
      1807	  0.021222	
      1808	    0.0198	
      1809	 0.0185068	
      1810	 0.0172912	
      1811	 0.0159784	
      1812	 0.0147517	
      1813	 0.0136334	
      1814	 0.0126118	
      1815	 0.0117129	
      1816	 0.0110895	
      1817	 0.0105422	
      1818	 0.0100315	
      1819	0.00955389	
      1820	0.00910386	
      1821	0.00866579	
      1822	0.00825268	
      1823	0.00786512	
      1824	0.00750109	
      1825	0.00715131	
      1826	0.00677802	
      1827	0.00642144	
      1828	0.00608719	
      1829	0.00577358	
      1830	0.00548185	
      1831	0.00522204	
      1832	0.00497966	
      1833	0.00475092	
      1834	0.00453489	
      1835	0.00433018	
      1836	0.00413239	
      1837	0.00394485	
      1838	0.00376742	
      1839	0.00359943	
      1840	0.00343985	
      1841	0.00328522	
      1842	0.00313829	
      1843	0.00299899	
      1844	0.00286685	
      1845	0.00274288	
      1846	0.00263271	
      1847	0.00252911	
      1848	0.00243038	
      1849	0.00233623	
      1850	0.00224568	
      1851	0.00215505	
      1852	0.00206798	
      1853	0.00198499	
      1854	0.00190584	
      1855	0.00183033	
      1856	0.00175826	
      1857	0.00168946	
      1858	0.00162375	
      1859	0.00156097	
      1860	0.00150097	
      1861	0.00152864	
      1862	0.00155693	
      1863	0.00158586	
      1864	0.00161545	
      1865	0.00164605	
      1866	0.00167895	
      1867	0.00171301	
      1868	0.00174791	
      1869	0.00178367	
      1870	0.00181632	
      1871	0.00182474	
      1872	0.00182865	
      1873	  0.001832	
      1874	0.00183477	
      1875	0.00184709	
      1876	0.00192096	
      1877	0.00200804	
      1878	0.00209828	
      1879	0.00219181	
      1880	0.00228251	
      1881	0.00233823	
      1882	0.00238904	
      1883	 0.0024412	
      1884	0.00249477	
      1885	0.00254769	
      1886	0.00258841	
      1887	0.00262774	
      1888	0.00266779	
      1889	0.00270857	
      1890	0.00275206	
      1891	0.00280847	
      1892	0.00286842	
      1893	0.00292998	
      1894	0.00299321	
      1895	0.00306039	
      1896	0.00314309	
      1897	0.00323076	
      1898	 0.0033213	
      1899	0.00341481	
      1900	0.00350966	
      1901	0.00359579	
      1902	0.00368273	
      1903	0.00377231	
      1904	0.00386464	
      1905	0.00395925	
      1906	0.00405212	
      1907	 0.0041472	
      1908	0.00424515	
      1909	 0.0043461	
      1910	0.00445113	
      1911	0.00456412	
      1912	0.00468182	
      1913	0.00480339	
      1914	0.00492902	
      1915	0.00505886	
      1916	0.00519311	
      1917	0.00533195	
      1918	0.00547558	
      1919	0.00562421	
      1920	0.00577808	
      1921	0.00561016	
      1922	0.00562471	
      1923	0.00567838	
      1924	0.00575439	
      1925	0.00584434	
      1926	0.00593403	
      1927	0.00603235	
      1928	0.00614055	
      1929	0.00625809	
      1930	0.00638956	
      1931	0.00656028	
      1932	0.00674708	
      1933	0.00694547	
      1934	0.00715593	
      1935	0.00737512	
      1936	0.00758091	
      1937	0.00779473	
      1938	0.00802118	
      1939	0.00826104	
      1940	0.00850209	
      1941	0.00867617	
      1942	 0.0088458	
      1943	0.00902459	
      1944	0.00921315	
      1945	0.00944352	
      1946	 0.0098833	
      1947	 0.0103878	
      1948	  0.010929	
      1949	 0.0115104	
      1950	 0.0121266	
      1951	 0.0127309	
      1952	 0.0133729	
      1953	 0.0140677	
      1954	 0.0148218	
      1955	 0.0156307	
      1956	 0.0164372	
      1957	 0.0173071	
      1958	 0.0182642	
      1959	 0.0193229	
      1960	 0.0204981	
      1961	 0.0211944	
      1962	 0.0219254	
      1963	 0.0226978	
      1964	  0.023515	
      1965	 0.0244011	
      1966	 0.0254666	
      1967	 0.0266254	
      1968	 0.0278654	
      1969	 0.0291954	
      1970	 0.0306082	
      1971	 0.0320124	
      1972	   0.03351	
      1973	 0.0351331	
      1974	 0.0368997	
      1975	 0.0388318	
      1976	 0.0409569	
      1977	 0.0433097	
      1978	 0.0459353	
      1979	 0.0488937	
      1980	 0.0522811	
      1981	 0.0562716	
      1982	 0.0610102	
      1983	 0.0667956	
      1984	 0.0742249	
      1985	 0.0848105	
      1986	 0.0724629	
      1987	 0.0657583	
      1988	 0.0608474	
      1989	  0.056919	
      1990	 0.0535861	
      1991	 0.0504615	
      1992	 0.0476723	
      1993	 0.0451838	
      1994	 0.0429403	
      1995	 0.0409288	
      1996	 0.0392355	
      1997	  0.037703	
      1998	 0.0362856	
      1999	 0.0349691	
      2000	 0.0337273	
      2001	 0.0324822	
      2002	 0.0313011	
      2003	 0.0301908	
      2004	 0.0291446	
      2005	  0.028169	
      2006	 0.0288462	
      2007	 0.0295633	
      2008	 0.0303099	
      2009	 0.0310877	
      2010	 0.0318936	
      2011	 0.0326894	
      2012	  0.033515	
      2013	 0.0343788	
      2014	 0.0352836	
      2015	 0.0362266	
      2016	 0.0371651	
      2017	 0.0381459	
      2018	   0.03918	
      2019	 0.0402727	
      2020	 0.0414486	
      2021	 0.0428124	
      2022	 0.0442857	
      2023	 0.0458612	
      2024	 0.0475525	
      2025	 0.0493544	
      2026	 0.0511702	
      2027	 0.0531285	
      2028	 0.0552838	
      2029	 0.0576802	
      2030	 0.0603967	
      2031	 0.0635939	
      2032	 0.0673734	
      2033	 0.0720098	
      2034	 0.0781886	
      2035	 0.0891231	
      2036	 0.0881501	
      2037	 0.0872325	
      2038	 0.0863712	
      2039	 0.0855558	
      2040	 0.0848423	
      2041	  0.084508	
      2042	 0.0842612	
      2043	 0.0840356	
      2044	 0.0838288	
      2045	 0.0835846	
      2046	 0.0830012	
      2047	  0.082381	
      2048	 0.0817768	
      2049	 0.0811875	
      2050	 0.0806348	
      2051	 0.0802011	
      2052	 0.0798015	
      2053	 0.0794125	
      2054	 0.0790336	
      2055	 0.0786494	
      2056	 0.0781549	
      2057	  0.077655	
      2058	 0.0771644	
      2059	 0.0766827	
      2060	 0.0762318	
      2061	 0.0758927	
      2062	 0.0755833	
      2063	 0.0752814	
      2064	 0.0749868	
      2065	 0.0746996	
      2066	 0.0748315	
      2067	 0.0749667	
      2068	 0.0751051	
      2069	 0.0752469	
      2070	 0.0754147	
      2071	 0.0756915	
      2072	 0.0759957	
      2073	 0.0763054	
      2074	 0.0766208	
      2075	 0.0769116	
      2076	 0.0770095	
      2077	 0.0770812	
      2078	 0.0771576	
      2079	 0.0772389	
      2080	  0.077341	
      2081	 0.0775271	
      2082	  0.077736	
      2083	 0.0779525	
      2084	 0.0781773	
      2085	  0.078419	
      2086	 0.0786865	
      2087	 0.0789729	
      2088	 0.0792713	
      2089	 0.0795828	
      2090	 0.0798924	
      2091	 0.0801357	
      2092	 0.0803795	
      2093	 0.0806427	
      2094	 0.0809282	
      2095	 0.0812738	
      2096	 0.0818731	
      2097	 0.0825493	
      2098	 0.0832794	
      2099	 0.0840798	
      2100	  0.084969	
      2101	 0.0849575	
      2102	 0.0849377	
      2103	 0.0849185	
      2104	 0.0848997	
      2105	 0.0848638	
      2106	 0.0847221	
      2107	  0.084563	
      2108	 0.0844044	
      2109	 0.0842462	
      2110	 0.0840973	
      2111	 0.0840202	
      2112	 0.0839525	
      2113	 0.0838855	
      2114	 0.0838193	
      2115	 0.0837537	
      2116	 0.0836711	
      2117	 0.0835892	
      2118	 0.0835082	
      2119	  0.083428	
      2120	 0.0833488	
      2121	 0.0832526	
      2122	 0.0831574	
      2123	 0.0830633	
      2124	 0.0829703	
      2125	 0.0829055	
      2126	  0.082986	
      2127	 0.0830952	
      2128	 0.0832062	
      2129	 0.0833192	
      2130	 0.0833983	
      2131	 0.0832807	
      2132	  0.083129	
      2133	 0.0829795	
      2134	 0.0828323	
      2135	 0.0827151	
      2136	 0.0827826	
      2137	 0.0828812	
      2138	 0.0829843	
      2139	 0.0830924	
      2140	 0.0831788	
      2141	 0.0831073	
      2142	 0.0830157	
      2143	  0.082933	
      2144	 0.0828614	
      2145	 0.0828317	
      2146	 0.0829504	
      2147	 0.0831249	
      2148	 0.0833422	
      2149	 0.0832943	
      2150	 0.0832372	
      2151	 0.0830873	
      2152	 0.0829283	
      2153	 0.0827693	
      2154	 0.0826104	
      2155	 0.0824516	
      2156	 0.0822558	
      2157	 0.0820601	
      2158	 0.0818645	
      2159	 0.0816689	
      2160	 0.0813622	
      2161	 0.0803698	
      2162	 0.0792665	
      2163	 0.0781636	
      2164	 0.0770609	
      2165	 0.0761715	
      2166	 0.0765791	
      2167	 0.0771997	
      2168	 0.0778201	
      2169	 0.0784405	
      2170	 0.0789959	
      2171	 0.0791254	
      2172	 0.0791901	
      2173	 0.0792549	
      2174	 0.0793196	
      2175	 0.0793474	
      2176	 0.0791532	
      2177	 0.0789221	
      2178	  0.078691	
      2179	   0.07846	
      2180	 0.0782569	
      2181	 0.0782387	
      2182	 0.0782484	
      2183	  0.078258	
      2184	 0.0782677	
      2185	 0.0782404	
      2186	  0.077973	
      2187	 0.0776686	
      2188	 0.0773644	
      2189	 0.0770602	
      2190	 0.0768024	
      2191	 0.0768216	
      2192	 0.0768871	
      2193	 0.0769526	
      2194	 0.0770181	
      2195	  0.077056	
      2196	 0.0769461	
      2197	 0.0768087	
      2198	 0.0766713	
      2199	 0.0765247	
      2200	 0.0763506	
      2201	 0.0760106	
      2202	 0.0756432	
      2203	 0.0752759	
      2204	 0.0749089	
      2205	 0.0745882	
      2206	 0.0745072	
      2207	 0.0744723	
      2208	 0.0744375	
      2209	 0.0744027	
      2210	 0.0743588	
      2211	 0.0742781	
      2212	 0.0741884	
      2213	 0.0740987	
      2214	 0.0740091	
      2215	 0.0739196	
      2216	 0.0738301	
      2217	 0.0737408	
      2218	 0.0736515	
      2219	 0.0735623	
      2220	 0.0734548	
      2221	 0.0732372	
      2222	 0.0730014	
      2223	 0.0727658	
      2224	 0.0725302	
      2225	 0.0723132	
      2226	 0.0722064	
      2227	 0.0721179	
      2228	 0.0720296	
      2229	 0.0719413	
      2230	 0.0718531	
      2231	 0.0717467	
      2232	 0.0716403	
      2233	  0.071534	
      2234	 0.0714278	
      2235	 0.0713034	
      2236	 0.0710509	
      2237	 0.0707802	
      2238	 0.0705097	
      2239	 0.0702393	
      2240	 0.0699965	
      2241	 0.0699184	
      2242	 0.0698678	
      2243	 0.0698173	
      2244	 0.0697668	
      2245	 0.0696981	
      2246	 0.0695381	
      2247	   0.06936	
      2248	 0.0691819	
      2249	 0.0690039	
      2250	 0.0688261	
      2251	 0.0686118	
      2252	 0.0683977	
      2253	 0.0681836	
      2254	 0.0679697	
      2255	 0.0677741	
      2256	 0.0677063	
      2257	 0.0676567	
      2258	 0.0676072	
      2259	 0.0675578	
      2260	 0.0674993	
      2261	 0.0673497	
      2262	 0.0671911	
      2263	 0.0670326	
      2264	 0.0668742	
      2265	 0.0667341	
      2266	 0.0666669	
      2267	 0.0666179	
      2268	  0.066569	
      2269	 0.0665201	
      2270	 0.0664621	
      2271	 0.0661849	
      2272	  0.065906	
      2273	  0.065634	
      2274	 0.0653683	
      2275	 0.0650903	
      2276	 0.0647281	
      2277	 0.0643536	
      2278	 0.0639841	
      2279	 0.0636195	
      2280	 0.0632859	
      2281	 0.0631156	
      2282	 0.0629749	
      2283	 0.0628372	
      2284	 0.0627022	
      2285	 0.0625697	
      2286	 0.0624048	
      2287	 0.0622423	
      2288	 0.0620821	
      2289	 0.0619242	
      2290	 0.0617338	
      2291	 0.0613204	
      2292	 0.0608754	
      2293	 0.0604333	
      2294	 0.0599942	
      2295	 0.0596094	
      2296	 0.0595017	
      2297	 0.0594468	
      2298	 0.0593931	
      2299	 0.0593406	
      2300	 0.0592807	
      2301	 0.0591539	
      2302	   0.05902	
      2303	 0.0588873	
      2304	 0.0587559	
      2305	 0.0586173	
      2306	 0.0584462	
      2307	 0.0582679	
      2308	  0.058091	
      2309	 0.0579152	
      2310	 0.0577407	
      2311	 0.0575339	
      2312	 0.0573284	
      2313	 0.0571241	
      2314	  0.056921	
      2315	 0.0567191	
      2316	 0.0565349	
      2317	 0.0563518	
      2318	 0.0561698	
      2319	 0.0559888	
      2320	 0.0557841	
      2321	  0.055399	
      2322	 0.0549908	
      2323	 0.0545843	
      2324	 0.0541792	
      2325	 0.0538332	
      2326	 0.0537995	
      2327	 0.0538236	
      2328	  0.053848	
      2329	 0.0538727	
      2330	 0.0538733	
      2331	 0.0537441	
      2332	 0.0535913	
      2333	 0.0534392	
      2334	 0.0532879	
      2335	 0.0531373	
      2336	 0.0529874	
      2337	 0.0528382	
      2338	 0.0526897	
      2339	 0.0525419	
      2340	 0.0524028	
      2341	 0.0523124	
      2342	 0.0522306	
      2343	 0.0521493	
      2344	 0.0520684	
      2345	 0.0519721	
      2346	 0.0517964	
      2347	 0.0516056	
      2348	 0.0514154	
      2349	 0.0512259	
      2350	 0.0510213	
      2351	 0.0507064	
      2352	 0.0503766	
      2353	 0.0500478	
      2354	 0.0497201	
      2355	 0.0494406	
      2356	 0.0494142	
      2357	 0.0494354	
      2358	 0.0494566	
      2359	  0.049478	
      2360	 0.0494917	
      2361	  0.048293	
      2362	 0.0472034	
      2363	  0.046206	
      2364	 0.0452839	
      2365	 0.0444176	
      2366	 0.0435498	
      2367	 0.0427237	
      2368	 0.0419403	
      2369	  0.041195	
      2370	 0.0404773	
      2371	 0.0397522	
      2372	   0.03905	
      2373	 0.0383747	
      2374	 0.0377242	
      2375	 0.0371207	
      2376	  0.036657	
      2377	  0.036233	
      2378	 0.0358233	
      2379	  0.035427	
      2380	 0.0349979	
      2381	 0.0343238	
      2382	 0.0336236	
      2383	 0.0329415	
      2384	 0.0322766	
      2385	 0.0316818	
      2386	 0.0314189	
      2387	 0.0312154	
      2388	 0.0310174	
      2389	 0.0308246	
      2390	 0.0306164	
      2391	 0.0302928	
      2392	 0.0299567	
      2393	 0.0296279	
      2394	 0.0293062	
      2395	 0.0289913	
      2396	 0.0286733	
      2397	 0.0283619	
      2398	 0.0280566	
      2399	 0.0277574	
      2400	 0.0274639	
      2401	 0.0271852	
      2402	 0.0269116	
      2403	 0.0266432	
      2404	 0.0263796	
      2405	 0.0261208	
      2406	 0.0258752	
      2407	  0.025634	
      2408	 0.0253969	
      2409	 0.0251638	
      2410	 0.0249136	
      2411	 0.0245422	
      2412	 0.0241562	
      2413	 0.0237765	
      2414	 0.0234029	
      2415	 0.0230677	
      2416	 0.0229141	
      2417	 0.0227946	
      2418	  0.022677	
      2419	  0.022561	
      2420	 0.0224351	
      2421	 0.0222339	
      2422	 0.0220242	
      2423	 0.0218175	
      2424	 0.0216138	
      2425	 0.0214168	
      2426	 0.0212448	
      2427	 0.0210789	
      2428	 0.0209152	
      2429	 0.0207538	
      2430	 0.0205909	
      2431	 0.0203945	
      2432	 0.0201971	
      2433	 0.0200024	
      2434	 0.0198103	
      2435	 0.0196242	
      2436	 0.0194682	
      2437	 0.0193175	
      2438	 0.0191687	
      2439	 0.0190218	
      2440	 0.0188734	
      2441	 0.0187001	
      2442	 0.0185257	
      2443	 0.0183535	
      2444	 0.0181834	
      2445	 0.0180122	
      2446	 0.0178302	
      2447	 0.0176472	
      2448	 0.0174664	
      2449	 0.0172878	
      2450	 0.0171176	
      2451	 0.0164898	
      2452	 0.0159044	
      2453	  0.015352	
      2454	 0.0148298	
      2455	 0.0143405	
      2456	 0.0139018	
      2457	 0.0134898	
      2458	 0.0130974	
      2459	 0.0127232	
      2460	 0.0123638	
      2461	 0.0120026	
      2462	 0.0116552	
      2463	 0.0113228	
      2464	 0.0110044	
      2465	 0.0106953	
      2466	 0.0103796	
      2467	  0.010073	
      2468	0.00977875	
      2469	0.00949615	
      2470	0.00922802	
      2471	0.00899371	
      2472	0.00877123	
      2473	0.00855668	
      2474	0.00834968	
      2475	0.00814526	
      2476	0.00791808	
      2477	0.00769463	
      2478	 0.0074791	
      2479	0.00727111	
      2480	0.00707439	
      2481	0.00690292	
      2482	0.00674091	
      2483	0.00658404	
      2484	0.00643209	
      2485	0.00628729	
      2486	0.00615876	
      2487	0.00603629	
      2488	0.00591729	
      2489	0.00580164	
      2490	0.00567938	
      2491	0.00550085	
      2492	0.00531873	
      2493	0.00514257	
      2494	0.00497216	
      2495	0.00482201	
      2496	0.00475942	
      2497	0.00471225	
      2498	0.00466572	
      2499	0.00461983	
      2500	0.00456745	
      2501	0.00258054	
      2502	0.00157439	
      2503	 0.0010114	
      2504	0.000674475	
      2505	0.000462816	
      2506	0.000324334	
      2507	0.000231598	
      2508	0.000168047	
      2509	0.000123625	
      2510	9.20606e-05	
      2511	6.93688e-05	
      2512	5.27763e-05	
      2513	4.04944e-05	
      2514	3.13101e-05	
      2515	2.43786e-05	
      2516	1.91114e-05	
      2517	1.50709e-05	
      2518	1.19496e-05	
      2519	9.52292e-06	
      2520	7.62651e-06	
      2521	6.13989e-06	
      2522	4.96461e-06	
      2523	4.02997e-06	
      2524	3.28333e-06	
      2525	2.68488e-06	
      2526	2.20551e-06	
      2527	1.81778e-06	
      2528	1.50266e-06	
      2529	1.24568e-06	
      2530	1.03522e-06	
      2531	8.60719e-07	
      2532	7.17245e-07	
      2533	5.99093e-07	
      2534	5.01533e-07	
      2535	4.2086e-07	
      2536	3.54199e-07	
      2537	2.98759e-07	
      2538	2.52484e-07	
      2539	2.13774e-07	
      2540	1.81324e-07	
      2541	1.54133e-07	
      2542	1.3124e-07	
      2543	1.11928e-07	
      2544	9.56081e-08	
      2545	8.17921e-08	
      2546	7.00458e-08	
      2547	6.00723e-08	
      2548	5.15903e-08	
      2549	4.43658e-08	
      2550	3.82029e-08	
      2551	3.29238e-08	
      2552	2.84093e-08	
      2553	2.45434e-08	
      2554	2.12284e-08	
      2555	1.83821e-08	
      2556	1.59283e-08	
      2557	1.3817e-08	
      2558	1.19982e-08	
      2559	1.04296e-08	
      2560	9.07714e-09	
      2561	7.91487e-09	
      2562	6.90959e-09	
      2563	6.0377e-09	
      2564	5.28069e-09	
      2565	4.62276e-09	
      2566	4.04858e-09	
      2567	3.54878e-09	
      2568	3.11331e-09	
      2569	2.73354e-09	
      2570	2.40204e-09	
      2571	2.11148e-09	
      2572	1.8575e-09	
      2573	1.63532e-09	
      2574	1.4408e-09	
      2575	1.27034e-09	
      2576	1.12085e-09	
      2577	9.89656e-10	
      2578	8.74421e-10	
      2579	7.7313e-10	
      2580	6.83873e-10	
      2581	6.04493e-10	
      2582	5.34544e-10	
      2583	4.72984e-10	
      2584	4.1877e-10	
      2585	3.71164e-10	
      2586	3.30234e-10	
      2587	2.94127e-10	
      2588	2.62122e-10	
      2589	2.33734e-10	
      2590	2.08491e-10	
      2591	1.85734e-10	
      2592	1.65514e-10	
      2593	1.47574e-10	
      2594	1.31649e-10	
      2595	1.1753e-10	
      2596	1.05078e-10	
      2597	9.40145e-11	
      2598	8.41581e-11	
      2599	7.53723e-11	
      2600	6.75366e-11	
      2601	5.13251e-11	
      2602	4.38962e-11	
      2603	3.83851e-11	
      2604	3.39641e-11	
      2605	3.02842e-11	
      2606	2.71279e-11	
      2607	2.44045e-11	
      2608	2.20299e-11	
      2609	1.99427e-11	
      2610	1.80967e-11	
      2611	1.64635e-11	
      2612	1.50049e-11	
      2613	1.36977e-11	
      2614	1.25224e-11	
      2615	1.1463e-11	
      2616	1.04958e-11	
      2617	9.62066e-12	
      2618	8.8274e-12	
      2619	8.10711e-12	
      2620	7.44851e-12	
      2621	6.82602e-12	
      2622	6.25712e-12	
      2623	5.73955e-12	
      2624	5.26818e-12	
      2625	4.84441e-12	
      2626	4.48821e-12	
      2627	4.16572e-12	
      2628	3.86853e-12	
      2629	3.59443e-12	
      2630	3.3398e-12	
      2631	3.0957e-12	
      2632	2.86939e-12	
      2633	2.66083e-12	
      2634	2.4685e-12	
      2635	2.29048e-12	
      2636	2.12097e-12	
      2637	1.96427e-12	
      2638	1.81982e-12	
      2639	1.68658e-12	
      2640	1.56442e-12	
      2641	1.45594e-12	
      2642	1.35611e-12	
      2643	1.26355e-12	
      2644	1.17768e-12	
      2645	1.09799e-12	
      2646	1.02299e-12	
      2647	9.53391e-13	
      2648	8.88786e-13	
      2649	8.28793e-13	
      2650	7.73064e-13	
      2651	7.20554e-13	
      2652	6.71787e-13	
      2653	6.26481e-13	
      2654	5.84377e-13	
      2655	5.45373e-13	
      2656	5.09611e-13	
      2657	4.76429e-13	
      2658	4.45511e-13	
      2659	4.16696e-13	
      2660	3.89735e-13	
      2661	3.64044e-13	
      2662	3.40033e-13	
      2663	3.17672e-13	
      2664	2.96843e-13	
      2665	2.77577e-13	
      2666	2.60147e-13	
      2667	2.43986e-13	
      2668	2.28874e-13	
      2669	2.1474e-13	
      2670	2.01466e-13	
      2671	1.88565e-13	
      2672	1.76476e-13	
      2673	1.65192e-13	
      2674	1.54657e-13	
      2675	1.44856e-13	
      2676	1.3584e-13	
      2677	1.2744e-13	
      2678	1.1958e-13	
      2679	1.12224e-13	
      2680	1.05338e-13	
      2681	9.88906e-14	
      2682	9.2853e-14	
      2683	8.71979e-14	
      2684	8.19003e-14	
      2685	7.69365e-14	
      2686	7.22089e-14	
      2687	6.7782e-14	
      2688	6.36358e-14	
      2689	5.9752e-14	
      2690	5.61133e-14	
      2691	5.27317e-14	
      2692	4.95609e-14	
      2693	4.65874e-14	
      2694	4.37984e-14	
      2695	4.1182e-14	
      2696	3.87066e-14	
      2697	3.63847e-14	
      2698	3.42067e-14	
      2699	3.21633e-14	
      2700	3.0254e-14	
      2701	3.27253e-14	
      2702	3.54176e-14	
      2703	3.83418e-14	
      2704	4.15187e-14	
      2705	4.49714e-14	
      2706	4.87246e-14	
      2707	5.2806e-14	
      2708	5.72454e-14	
      2709	6.20757e-14	
      2710	6.7333e-14	
      2711	7.30967e-14	
      2712	7.93771e-14	
      2713	8.62226e-14	
      2714	9.36866e-14	
      2715	1.01828e-13	
      2716	1.10649e-13	
      2717	1.20272e-13	
      2718	1.30772e-13	
      2719	1.42233e-13	
      2720	1.54748e-13	
      2721	1.68325e-13	
      2722	1.83152e-13	
      2723	1.9935e-13	
      2724	2.17051e-13	
      2725	2.36467e-13	
      2726	2.5785e-13	
      2727	2.81339e-13	
      2728	3.07074e-13	
      2729	3.3528e-13	
      2730	3.66204e-13	
      2731	3.99678e-13	
      2732	4.36367e-13	
      2733	4.76595e-13	
      2734	5.20722e-13	
      2735	5.69143e-13	
      2736	6.22647e-13	
      2737	6.81439e-13	
      2738	7.46067e-13	
      2739	8.1714e-13	
      2740	8.95333e-13	
      2741	9.81951e-13	
      2742	1.07738e-12	
      2743	1.18257e-12	
      2744	1.29855e-12	
      2745	1.42651e-12	
      2746	1.56685e-12	
      2747	1.72173e-12	
      2748	1.89274e-12	
      2749	2.08163e-12	
      2750	2.29039e-12	
      2751	2.51979e-12	
      2752	2.77341e-12	
      2753	3.05396e-12	
      2754	3.36445e-12	
      2755	3.70825e-12	
      2756	4.08913e-12	
      2757	4.51132e-12	
      2758	4.97953e-12	
      2759	5.49908e-12	
      2760	6.07591e-12	
      2761	6.72057e-12	
      2762	7.4375e-12	
      2763	8.23527e-12	
      2764	9.12351e-12	
      2765	1.01131e-11	
      2766	1.12227e-11	
      2767	1.24611e-11	
      2768	1.3844e-11	
      2769	1.53894e-11	
      2770	1.71124e-11	
      2771	1.90174e-11	
      2772	2.11412e-11	
      2773	2.35166e-11	
      2774	2.61753e-11	
      2775	2.91531e-11	
      2776	3.25099e-11	
      2777	3.62772e-11	
      2778	4.05082e-11	
      2779	4.52638e-11	
      2780	5.06129e-11	
      2781	5.66682e-11	
      2782	6.34939e-11	
      2783	7.11945e-11	
      2784	7.98891e-11	
      2785	8.97145e-11	
      2786	1.00827e-10	
      2787	1.13407e-10	
      2788	1.27661e-10	
      2789	1.43826e-10	
      2790	1.62175e-10	
      2791	1.82914e-10	
      2792	2.06488e-10	
      2793	2.33311e-10	
      2794	2.63863e-10	
      2795	2.98788e-10	
      2796	3.38871e-10	
      2797	3.8483e-10	
      2798	4.37467e-10	
      2799	4.97823e-10	
      2800	5.67112e-10	
      2801	6.20614e-10	
      2802	6.79428e-10	
      2803	7.44108e-10	
      2804	8.15271e-10	
      2805	8.93877e-10	
      2806	9.8107e-10	
      2807	1.07755e-09	
      2808	1.18403e-09	
      2809	1.30158e-09	
      2810	1.43144e-09	
      2811	1.57495e-09	
      2812	1.73364e-09	
      2813	1.90919e-09	
      2814	2.1035e-09	
      2815	2.31868e-09	
      2816	2.55552e-09	
      2817	2.81793e-09	
      2818	3.10882e-09	
      2819	3.43146e-09	
      2820	3.78953e-09	
      2821	4.18453e-09	
      2822	4.62315e-09	
      2823	5.11048e-09	
      2824	5.65226e-09	
      2825	6.25693e-09	
      2826	6.93457e-09	
      2827	7.69247e-09	
      2828	8.53824e-09	
      2829	9.48269e-09	
      2830	1.05381e-08	
      2831	1.17108e-08	
      2832	1.30223e-08	
      2833	 1.449e-08	
      2834	1.61338e-08	
      2835	1.79762e-08	
      2836	2.00299e-08	
      2837	2.23339e-08	
      2838	2.49207e-08	
      2839	2.78274e-08	
      2840	3.10962e-08	
      2841	3.47978e-08	
      2842	3.89703e-08	
      2843	4.3678e-08	
      2844	4.89943e-08	
      2845	5.50036e-08	
      2846	6.17628e-08	
      2847	6.94132e-08	
      2848	7.8081e-08	
      2849	8.79117e-08	
      2850	9.90732e-08	
      2851	1.1176e-07	
      2852	1.26195e-07	
      2853	1.4264e-07	
      2854	1.61397e-07	
      2855	1.82816e-07	
      2856	2.07443e-07	
      2857	2.35655e-07	
      2858	2.68019e-07	
      2859	3.05194e-07	
      2860	3.47959e-07	
      2861	3.97226e-07	
      2862	4.5407e-07	
      2863	5.19759e-07	
      2864	5.95794e-07	
      2865	6.83951e-07	
      2866	7.85295e-07	
      2867	9.03067e-07	
      2868	1.04019e-06	
      2869	1.20016e-06	
      2870	1.38762e-06	
      2871	1.60839e-06	
      2872	1.86847e-06	
      2873	2.17492e-06	
      2874	2.53691e-06	
      2875	2.96658e-06	
      2876	3.4793e-06	
      2877	4.09178e-06	
      2878	4.82418e-06	
      2879	5.70274e-06	
      2880	6.76011e-06	
      2881	8.02627e-06	
      2882	9.5594e-06	
      2883	1.14232e-05	
      2884	1.36989e-05	
      2885	1.64901e-05	
      2886	1.99446e-05	
      2887	2.42286e-05	
      2888	2.95727e-05	
      2889	3.62824e-05	
      2890	4.47669e-05	
      2891	5.55815e-05	
      2892	6.94905e-05	
      2893	8.75645e-05	
      2894	0.000111334	
      2895	0.000143048	
      2896	0.000185997	
      2897	0.000245695	
      2898	0.000331594	
      2899	0.000463114	
      2900	0.000717729	
      2901	0.000726544	
      2902	0.000735494	
      2903	0.000744582	
      2904	0.000753811	
      2905	0.000763183	
      2906	0.000772163	
      2907	0.000781277	
      2908	0.000790529	
      2909	0.000799921	
      2910	0.000809456	
      2911	0.00081856	
      2912	0.000827797	
      2913	0.00083717	
      2914	0.000846681	
      2915	0.000856332	
      2916	0.000866742	
      2917	0.000877315	
      2918	0.000888054	
      2919	0.000898963	
      2920	0.000910045	
      2921	0.000921303	
      2922	0.000932741	
      2923	0.000944363	
      2924	0.000956172	
      2925	0.000968174	
      2926	0.00098037	
      2927	0.000992767	
      2928	0.00100537	
      2929	0.00101818	
      2930	 0.0010312	
      2931	0.00104368	
      2932	0.00105636	
      2933	0.00106924	
      2934	0.00108234	
      2935	0.00109564	
      2936	0.00110998	
      2937	0.00112457	
      2938	0.00113941	
      2939	 0.0011545	
      2940	0.00116986	
      2941	0.00118462	
      2942	0.00119962	
      2943	0.00121488	
      2944	 0.0012304	
      2945	0.00124665	
      2946	0.00126413	
      2947	0.00128242	
      2948	0.00130105	
      2949	0.00132003	
      2950	0.00133938	
      2951	 0.0013591	
      2952	 0.0013792	
      2953	0.00139969	
      2954	0.00142059	
      2955	0.00144189	
      2956	0.00146252	
      2957	0.00148354	
      2958	0.00150497	
      2959	0.00152682	
      2960	0.00154909	
      2961	0.00157301	
      2962	0.00159741	
      2963	0.00162232	
      2964	0.00164775	
      2965	0.00167371	
      2966	0.00169892	
      2967	0.00172466	
      2968	0.00175093	
      2969	0.00177776	
      2970	0.00180515	
      2971	0.00183453	
      2972	0.00186455	
      2973	0.00189525	
      2974	0.00192663	
      2975	0.00195873	
      2976	0.00199002	
      2977	0.00202201	
      2978	0.00205472	
      2979	0.00208818	
      2980	0.00212241	
      2981	 0.0021591	
      2982	0.00219668	
      2983	0.00223517	
      2984	 0.0022746	
      2985	  0.002315	
      2986	0.00235458	
      2987	0.00239513	
      2988	 0.0024367	
      2989	0.00247932	
      2990	0.00252302	
      2991	0.00256987	
      2992	0.00261798	
      2993	0.00266739	
      2994	0.00271817	
      2995	0.00277036	
      2996	0.00282403	
      2997	0.00287926	
      2998	0.00293612	
      2999	0.00299468	
      3000	0.00305505	
      3001	0.00305197	
      3002	0.00304889	
      3003	0.00304581	
      3004	0.00304272	
      3005	0.00303963	
      3006	0.00303896	
      3007	0.00303829	
      3008	0.00303762	
      3009	0.00303695	
      3010	0.00303628	
      3011	 0.0030356	
      3012	0.00303493	
      3013	0.00303426	
      3014	0.00303359	
      3015	0.00303292	
      3016	0.00302981	
      3017	0.00302669	
      3018	0.00302358	
      3019	0.00302046	
      3020	0.00301733	
      3021	0.00301421	
      3022	0.00301108	
      3023	0.00300795	
      3024	0.00300481	
      3025	0.00300167	
      3026	0.00300098	
      3027	 0.0030003	
      3028	0.00299961	
      3029	0.00299892	
      3030	0.00299823	
      3031	0.00299508	
      3032	0.00299193	
      3033	0.00298877	
      3034	0.00298562	
      3035	0.00298246	
      3036	0.00297683	
      3037	0.00297119	
      3038	0.00296555	
      3039	 0.0029599	
      3040	0.00295549	
      3041	0.00295849	
      3042	0.00296273	
      3043	0.00296698	
      3044	0.00297124	
      3045	 0.0029755	
      3046	0.00297728	
      3047	0.00297907	
      3048	0.00298087	
      3049	0.00298266	
      3050	0.00298446	
      3051	0.00298378	
      3052	0.00298309	
      3053	0.00298241	
      3054	0.00298172	
      3055	0.00298104	
      3056	0.00298036	
      3057	0.00297968	
      3058	  0.002979	
      3059	0.00297832	
      3060	0.00297764	
      3061	0.00297195	
      3062	0.00296626	
      3063	0.00296056	
      3064	0.00295486	
      3065	0.00295041	
      3066	0.00294847	
      3067	0.00294778	
      3068	0.00294709	
      3069	0.00294641	
      3070	0.00294572	
      3071	0.00294756	
      3072	 0.0029494	
      3073	0.00295124	
      3074	 0.0029531	
      3075	0.00295495	
      3076	0.00295176	
      3077	0.00294856	
      3078	0.00294536	
      3079	0.00294216	
      3080	0.00293896	
      3081	0.00293576	
      3082	0.00293256	
      3083	0.00292936	
      3084	0.00292615	
      3085	0.00292295	
      3086	0.00291974	
      3087	0.00291654	
      3088	0.00291333	
      3089	0.00291012	
      3090	0.00290692	
      3091	0.00290371	
      3092	 0.0029005	
      3093	0.00289729	
      3094	0.00289408	
      3095	0.00289087	
      3096	0.00288767	
      3097	0.00288446	
      3098	0.00288125	
      3099	0.00287805	
      3100	0.00287484	
      3101	0.00285727	
      3102	0.00285161	
      3103	0.00285037	
      3104	 0.0028516	
      3105	0.00285447	
      3106	0.00285597	
      3107	0.00285837	
      3108	0.00286152	
      3109	0.00286528	
      3110	0.00286957	
      3111	0.00287171	
      3112	0.00287425	
      3113	0.00287713	
      3114	0.00288032	
      3115	0.00288512	
      3116	0.00289286	
      3117	 0.0029022	
      3118	0.00291182	
      3119	 0.0029217	
      3120	0.00293183	
      3121	 0.0029422	
      3122	 0.0029528	
      3123	0.00296363	
      3124	0.00297468	
      3125	0.00298595	
      3126	0.00299743	
      3127	0.00300911	
      3128	0.00302101	
      3129	 0.0030331	
      3130	 0.0030454	
      3131	0.00305789	
      3132	0.00307058	
      3133	0.00308347	
      3134	0.00309656	
      3135	0.00310983	
      3136	0.00312039	
      3137	 0.0031311	
      3138	0.00314198	
      3139	0.00315302	
      3140	0.00316422	
      3141	0.00317859	
      3142	0.00319315	
      3143	 0.0032079	
      3144	0.00322286	
      3145	0.00323801	
      3146	0.00325028	
      3147	0.00326271	
      3148	0.00327531	
      3149	0.00328807	
      3150	0.00330101	
      3151	0.00331729	
      3152	0.00333378	
      3153	0.00335048	
      3154	 0.0033674	
      3155	0.00338453	
      3156	0.00340188	
      3157	0.00341944	
      3158	0.00343724	
      3159	0.00345525	
      3160	 0.0034735	
      3161	0.00349536	
      3162	0.00351749	
      3163	 0.0035399	
      3164	 0.0035626	
      3165	0.00358559	
      3166	0.00360191	
      3167	0.00361842	
      3168	0.00363515	
      3169	 0.0036521	
      3170	0.00367105	
      3171	0.00369385	
      3172	0.00371875	
      3173	0.00374399	
      3174	0.00376956	
      3175	0.00379546	
      3176	0.00381425	
      3177	0.00383329	
      3178	0.00385258	
      3179	0.00387212	
      3180	0.00389192	
      3181	0.00391584	
      3182	0.00394009	
      3183	0.00396467	
      3184	0.00398958	
      3185	0.00401484	
      3186	0.00404445	
      3187	0.00407447	
      3188	0.00410492	
      3189	 0.0041358	
      3190	0.00416713	
      3191	0.00419474	
      3192	0.00422275	
      3193	0.00425117	
      3194	   0.00428	
      3195	0.00430926	
      3196	0.00433462	
      3197	0.00436036	
      3198	0.00438648	
      3199	0.00441298	
      3200	0.00444212	
      3201	  0.004427	
      3202	 0.0044142	
      3203	0.00440148	
      3204	0.00438883	
      3205	0.00437627	
      3206	 0.0043594	
      3207	0.00434264	
      3208	0.00432597	
      3209	 0.0043094	
      3210	0.00429293	
      3211	0.00427224	
      3212	0.00425166	
      3213	0.00423121	
      3214	0.00421087	
      3215	0.00419064	
      3216	 0.0041748	
      3217	0.00415904	
      3218	0.00414337	
      3219	0.00412779	
      3220	 0.0041123	
      3221	0.00409689	
      3222	0.00408157	
      3223	0.00406633	
      3224	0.00405117	
      3225	 0.0040361	
      3226	0.00402526	
      3227	0.00401447	
      3228	0.00400374	
      3229	0.00399307	
      3230	0.00398245	
      3231	 0.0039678	
      3232	0.00395322	
      3233	0.00393871	
      3234	0.00392429	
      3235	0.00390993	
      3236	0.00389565	
      3237	0.00388144	
      3238	 0.0038673	
      3239	0.00385324	
      3240	0.00383924	
      3241	0.00382532	
      3242	0.00381146	
      3243	0.00379767	
      3244	0.00378395	
      3245	 0.0037703	
      3246	0.00376065	
      3247	0.00375105	
      3248	 0.0037415	
      3249	0.00373199	
      3250	0.00372252	
      3251	0.00370532	
      3252	0.00368821	
      3253	0.00367118	
      3254	0.00365423	
      3255	0.00363736	
      3256	0.00362441	
      3257	0.00361152	
      3258	0.00359869	
      3259	0.00358592	
      3260	0.00357321	
      3261	0.00356056	
      3262	0.00354797	
      3263	0.00353543	
      3264	0.00352296	
      3265	0.00351054	
      3266	0.00349817	
      3267	0.00348586	
      3268	0.00347361	
      3269	0.00346141	
      3270	0.00344927	
      3271	0.00343718	
      3272	0.00342515	
      3273	0.00341316	
      3274	0.00340124	
      3275	0.00338936	
      3276	0.00337754	
      3277	0.00336576	
      3278	0.00335404	
      3279	0.00334238	
      3280	0.00333076	
      3281	0.00331919	
      3282	0.00330767	
      3283	 0.0032962	
      3284	0.00328478	
      3285	0.00327342	
      3286	0.00326566	
      3287	0.00325794	
      3288	0.00325025	
      3289	0.00324259	
      3290	 0.0032332	
      3291	0.00321679	
      3292	0.00319869	
      3293	0.00318067	
      3294	0.00316273	
      3295	0.00314661	
      3296	0.00313405	
      3297	0.00312329	
      3298	0.00311256	
      3299	0.00310188	
      3300	0.00309125	
      3301	0.00311336	
      3302	 0.0031357	
      3303	0.00315829	
      3304	0.00318112	
      3305	 0.0032042	
      3306	0.00322033	
      3307	0.00323661	
      3308	0.00325304	
      3309	0.00326964	
      3310	 0.0032864	
      3311	0.00330706	
      3312	0.00332794	
      3313	0.00334906	
      3314	 0.0033704	
      3315	0.00339198	
      3316	0.00340603	
      3317	 0.0034202	
      3318	 0.0034345	
      3319	0.00344893	
      3320	 0.0034655	
      3321	 0.0034903	
      3322	0.00351743	
      3323	0.00354489	
      3324	0.00357269	
      3325	0.00360083	
      3326	0.00362094	
      3327	0.00364126	
      3328	0.00366182	
      3329	0.00368261	
      3330	0.00370364	
      3331	0.00372927	
      3332	0.00375523	
      3333	0.00378151	
      3334	0.00380813	
      3335	0.00383508	
      3336	0.00386238	
      3337	0.00389004	
      3338	0.00391805	
      3339	0.00394644	
      3340	0.00397521	
      3341	0.00400436	
      3342	0.00403391	
      3343	0.00406386	
      3344	0.00409422	
      3345	0.00412501	
      3346	0.00415128	
      3347	0.00417791	
      3348	 0.0042049	
      3349	0.00423226	
      3350	0.00426001	
      3351	0.00429334	
      3352	0.00432716	
      3353	0.00436149	
      3354	0.00439635	
      3355	0.00443175	
      3356	0.00446769	
      3357	0.00450421	
      3358	0.00454131	
      3359	0.00457902	
      3360	0.00461734	
      3361	0.00465629	
      3362	 0.0046959	
      3363	0.00473618	
      3364	0.00477716	
      3365	0.00481885	
      3366	0.00486128	
      3367	0.00490447	
      3368	0.00494844	
      3369	0.00499323	
      3370	0.00503885	
      3371	0.00508534	
      3372	0.00513273	
      3373	0.00518105	
      3374	0.00523032	
      3375	 0.0052806	
      3376	 0.0053319	
      3377	0.00538429	
      3378	0.00543778	
      3379	0.00549244	
      3380	 0.0055483	
      3381	0.00561244	
      3382	0.00567806	
      3383	0.00574521	
      3384	0.00581396	
      3385	 0.0058844	
      3386	0.00594914	
      3387	0.00601554	
      3388	0.00608367	
      3389	0.00615363	
      3390	0.00622551	
      3391	0.00629941	
      3392	0.00637546	
      3393	0.00645377	
      3394	0.00653448	
      3395	0.00661774	
      3396	0.00669522	
      3397	0.00677535	
      3398	0.00685833	
      3399	0.00694436	
      3400	 0.0070382	
      3401	0.00706885	
      3402	0.00710427	
      3403	0.00713996	
      3404	0.00717592	
      3405	0.00720758	
      3406	0.00722103	
      3407	0.00722996	
      3408	0.00723898	
      3409	0.00724807	
      3410	0.00726192	
      3411	0.00728529	
      3412	0.00731358	
      3413	 0.0073421	
      3414	0.00737085	
      3415	0.00739985	
      3416	 0.0074195	
      3417	0.00743933	
      3418	0.00745933	
      3419	0.00747951	
      3420	0.00749987	
      3421	0.00752041	
      3422	0.00754115	
      3423	0.00756207	
      3424	 0.0075832	
      3425	0.00760452	
      3426	0.00762604	
      3427	0.00764777	
      3428	0.00766971	
      3429	0.00769187	
      3430	0.00771424	
      3431	0.00774704	
      3432	0.00778015	
      3433	0.00781357	
      3434	0.00784733	
      3435	0.00788142	
      3436	0.00790544	
      3437	0.00792971	
      3438	0.00795424	
      3439	0.00797904	
      3440	0.00800411	
      3441	0.00802946	
      3442	0.00805509	
      3443	0.00808102	
      3444	0.00810724	
      3445	0.00813378	
      3446	0.00816062	
      3447	0.00818778	
      3448	0.00821528	
      3449	0.00824311	
      3450	0.00827128	
      3451	0.00831097	
      3452	0.00835113	
      3453	0.00839177	
      3454	 0.0084329	
      3455	0.00847455	
      3456	0.00850528	
      3457	0.00853643	
      3458	0.00856801	
      3459	0.00860004	
      3460	0.00863253	
      3461	0.00867721	
      3462	0.00872251	
      3463	0.00876843	
      3464	0.00881499	
      3465	0.00886222	
      3466	 0.0088981	
      3467	0.00893455	
      3468	0.00897159	
      3469	0.00900926	
      3470	0.00904756	
      3471	0.00908653	
      3472	0.00912618	
      3473	0.00916656	
      3474	0.00920767	
      3475	0.00924956	
      3476	0.00929226	
      3477	 0.0093358	
      3478	0.00938021	
      3479	0.00942555	
      3480	0.00947185	
      3481	0.00953231	
      3482	0.00959401	
      3483	0.00965699	
      3484	0.00972134	
      3485	0.00978711	
      3486	0.00984081	
      3487	0.00989592	
      3488	0.00995253	
      3489	 0.0100107	
      3490	 0.0100707	
      3491	 0.0101324	
      3492	 0.0101962	
      3493	 0.0102622	
      3494	 0.0103305	
      3495	 0.0104014	
      3496	 0.0104751	
      3497	 0.0105522	
      3498	 0.0106328	
      3499	 0.0107177	
      3500	 0.0108076	
      3501	 0.0108121	
      3502	 0.0108168	
      3503	 0.0108214	
      3504	  0.010826	
      3505	 0.0108307	
      3506	 0.0108201	
      3507	 0.0108095	
      3508	 0.0107989	
      3509	 0.0107883	
      3510	 0.0107777	
      3511	 0.0107672	
      3512	 0.0107566	
      3513	  0.010746	
      3514	 0.0107354	
      3515	 0.0107249	
      3516	 0.0107143	
      3517	 0.0107037	
      3518	 0.0106932	
      3519	 0.0106826	
      3520	 0.0106721	
      3521	 0.0106769	
      3522	 0.0106818	
      3523	 0.0106866	
      3524	 0.0106915	
      3525	 0.0106964	
      3526	 0.0106859	
      3527	 0.0106754	
      3528	  0.010665	
      3529	 0.0106545	
      3530	  0.010644	
      3531	  0.010649	
      3532	  0.010654	
      3533	  0.010659	
      3534	 0.0106641	
      3535	 0.0106692	
      3536	 0.0106588	
      3537	 0.0106484	
      3538	 0.0106381	
      3539	 0.0106277	
      3540	 0.0106174	
      3541	 0.0106225	
      3542	 0.0106278	
      3543	  0.010633	
      3544	 0.0106382	
      3545	 0.0106435	
      3546	 0.0106333	
      3547	 0.0106231	
      3548	 0.0106128	
      3549	 0.0106026	
      3550	 0.0105925	
      3551	 0.0105823	
      3552	 0.0105721	
      3553	  0.010562	
      3554	 0.0105519	
      3555	 0.0105418	
      3556	 0.0105317	
      3557	 0.0105216	
      3558	 0.0105115	
      3559	 0.0105015	
      3560	 0.0104915	
      3561	 0.0104972	
      3562	 0.0105029	
      3563	 0.0105086	
      3564	 0.0105144	
      3565	 0.0105202	
      3566	 0.0105104	
      3567	 0.0105006	
      3568	 0.0104908	
      3569	 0.0104811	
      3570	 0.0104713	
      3571	 0.0104616	
      3572	  0.010452	
      3573	 0.0104424	
      3574	 0.0104328	
      3575	 0.0104232	
      3576	 0.0104137	
      3577	 0.0104042	
      3578	 0.0103948	
      3579	 0.0103854	
      3580	 0.0103761	
      3581	 0.0103826	
      3582	 0.0103893	
      3583	  0.010396	
      3584	 0.0104028	
      3585	 0.0104096	
      3586	 0.0104007	
      3587	 0.0103918	
      3588	  0.010383	
      3589	 0.0103742	
      3590	 0.0103656	
      3591	  0.010357	
      3592	 0.0103486	
      3593	 0.0103402	
      3594	 0.0103319	
      3595	 0.0103238	
      3596	 0.0103317	
      3597	 0.0103399	
      3598	 0.0103482	
      3599	 0.0103567	
      3600	 0.0103654	
      3601	 0.0103523	
      3602	 0.0103392	
      3603	 0.0103262	
      3604	 0.0103131	
      3605	    0.0103	
      3606	 0.0102869	
      3607	 0.0102739	
      3608	 0.0102608	
      3609	 0.0102477	
      3610	 0.0102346	
      3611	 0.0102376	
      3612	 0.0102407	
      3613	 0.0102437	
      3614	 0.0102467	
      3615	 0.0102498	
      3616	 0.0102367	
      3617	 0.0102236	
      3618	 0.0102105	
      3619	 0.0101974	
      3620	 0.0101843	
      3621	 0.0101874	
      3622	 0.0101904	
      3623	 0.0101935	
      3624	 0.0101966	
      3625	 0.0101997	
      3626	 0.0101866	
      3627	 0.0101735	
      3628	 0.0101604	
      3629	 0.0101473	
      3630	 0.0101342	
      3631	 0.0101373	
      3632	 0.0101404	
      3633	 0.0101436	
      3634	 0.0101467	
      3635	 0.0101498	
      3636	 0.0101367	
      3637	 0.0101236	
      3638	 0.0101105	
      3639	 0.0100974	
      3640	 0.0100843	
      3641	 0.0100875	
      3642	 0.0100906	
      3643	 0.0100938	
      3644	  0.010097	
      3645	 0.0101002	
      3646	 0.0100871	
      3647	  0.010074	
      3648	 0.0100609	
      3649	 0.0100478	
      3650	 0.0100347	
      3651	 0.0100216	
      3652	 0.0100085	
      3653	0.00999538	
      3654	0.00998227	
      3655	0.00996916	
      3656	 0.0099724	
      3657	0.00997564	
      3658	 0.0099789	
      3659	0.00998216	
      3660	0.00998544	
      3661	0.00998872	
      3662	0.00999201	
      3663	0.00999531	
      3664	0.00999863	
      3665	 0.0100019	
      3666	0.00997248	
      3667	  0.009943	
      3668	 0.0099135	
      3669	  0.009884	
      3670	0.00986269	
      3671	0.00985781	
      3672	0.00986116	
      3673	0.00986451	
      3674	0.00986787	
      3675	0.00987125	
      3676	0.00985818	
      3677	0.00984511	
      3678	0.00983204	
      3679	0.00981898	
      3680	0.00980591	
      3681	0.00979285	
      3682	0.00977978	
      3683	0.00976672	
      3684	0.00975366	
      3685	 0.0097406	
      3686	0.00974405	
      3687	0.00974753	
      3688	0.00975101	
      3689	0.00975451	
      3690	0.00975802	
      3691	0.00974501	
      3692	0.00973199	
      3693	0.00971898	
      3694	0.00970598	
      3695	0.00969297	
      3696	0.00967998	
      3697	0.00966698	
      3698	0.00965399	
      3699	  0.009641	
      3700	0.00962802	
      3701	0.00963165	
      3702	0.00963528	
      3703	0.00963893	
      3704	0.00964258	
      3705	0.00964625	
      3706	0.00963329	
      3707	0.00962032	
      3708	0.00960736	
      3709	0.00959439	
      3710	0.00958142	
      3711	0.00958512	
      3712	0.00958883	
      3713	0.00959254	
      3714	0.00959627	
      3715	0.00960001	
      3716	0.00958706	
      3717	0.00957411	
      3718	0.00956115	
      3719	 0.0095482	
      3720	0.00953524	
      3721	0.00953901	
      3722	 0.0095428	
      3723	0.00954659	
      3724	 0.0095504	
      3725	0.00955422	
      3726	0.00954128	
      3727	0.00952834	
      3728	 0.0095154	
      3729	0.00950246	
      3730	0.00948951	
      3731	0.00949337	
      3732	0.00949723	
      3733	0.00950111	
      3734	0.00950501	
      3735	0.00950891	
      3736	0.00947915	
      3737	0.00944938	
      3738	0.00941959	
      3739	0.00938978	
      3740	 0.0093684	
      3741	0.00936387	
      3742	0.00936779	
      3743	0.00937172	
      3744	0.00937567	
      3745	0.00937963	
      3746	0.00936669	
      3747	0.00935376	
      3748	0.00934082	
      3749	0.00932788	
      3750	0.00931494	
      3751	0.00931894	
      3752	0.00932295	
      3753	0.00932698	
      3754	0.00933102	
      3755	0.00933508	
      3756	0.00932217	
      3757	0.00930925	
      3758	0.00929634	
      3759	0.00928343	
      3760	0.00927051	
      3761	0.00927462	
      3762	0.00927873	
      3763	0.00928286	
      3764	0.00928701	
      3765	0.00929117	
      3766	0.00929535	
      3767	0.00929954	
      3768	0.00930374	
      3769	0.00930796	
      3770	 0.0093122	
      3771	0.00929936	
      3772	0.00928651	
      3773	0.00927367	
      3774	0.00926083	
      3775	0.00924799	
      3776	0.00923515	
      3777	 0.0092223	
      3778	0.00920946	
      3779	0.00919662	
      3780	0.00918378	
      3781	0.00918812	
      3782	0.00919247	
      3783	0.00919683	
      3784	0.00920122	
      3785	0.00920562	
      3786	0.00919283	
      3787	0.00918003	
      3788	0.00916724	
      3789	0.00915445	
      3790	0.00914166	
      3791	0.00914613	
      3792	0.00915062	
      3793	0.00915512	
      3794	0.00915965	
      3795	0.00916419	
      3796	0.00915146	
      3797	0.00913872	
      3798	0.00912599	
      3799	0.00911326	
      3800	0.00910053	
      3801	0.00907098	
      3802	0.00904716	
      3803	0.00902704	
      3804	0.00900954	
      3805	0.00899401	
      3806	0.00896292	
      3807	0.00893314	
      3808	0.00890444	
      3809	0.00887667	
      3810	0.00884971	
      3811	0.00884044	
      3812	0.00883177	
      3813	0.00882363	
      3814	0.00881596	
      3815	0.00880873	
      3816	0.00878496	
      3817	0.00876159	
      3818	0.00873857	
      3819	 0.0087159	
      3820	0.00869353	
      3821	0.00868833	
      3822	0.00868339	
      3823	0.00867869	
      3824	0.00867422	
      3825	0.00866996	
      3826	0.00866592	
      3827	0.00866208	
      3828	0.00865842	
      3829	0.00865495	
      3830	0.00865165	
      3831	0.00863173	
      3832	0.00861199	
      3833	0.00859241	
      3834	  0.008573	
      3835	0.00855374	
      3836	0.00855141	
      3837	0.00854921	
      3838	0.00854715	
      3839	0.00854523	
      3840	0.00854344	
      3841	0.00852502	
      3842	0.00850674	
      3843	0.00848858	
      3844	0.00847055	
      3845	0.00845265	
      3846	 0.0084516	
      3847	0.00845066	
      3848	0.00844984	
      3849	0.00844914	
      3850	0.00844854	
      3851	0.00843133	
      3852	0.00841423	
      3853	0.00839724	
      3854	0.00838036	
      3855	0.00836359	
      3856	0.00835529	
      3857	0.00834709	
      3858	0.00833064	
      3859	0.00832267	
      3860	0.00831479	
      3861	0.00830703	
      3862	0.00830774	
      3863	0.00830019	
      3864	0.00830111	
      3865	0.00829378	
      3866	0.00827819	
      3867	0.00827108	
      3868	 0.0082557	
      3869	0.00824881	
      3870	0.00823366	
      3871	0.00823538	
      3872	0.00823721	
      3873	0.00823917	
      3874	0.00824126	
      3875	0.00824347	
      3876	0.00822904	
      3877	0.00822312	
      3878	0.00820895	
      3879	 0.0082033	
      3880	0.00818939	
      3881	0.00818402	
      3882	 0.0081788	
      3883	0.00817373	
      3884	0.00816882	
      3885	0.00816407	
      3886	0.00816791	
      3887	0.00817195	
      3888	 0.0081846	
      3889	0.00818904	
      3890	0.00819369	
      3891	0.00818168	
      3892	0.00816988	
      3893	0.00816678	
      3894	0.00815547	
      3895	0.00814443	
      3896	0.00815062	
      3897	0.00814865	
      3898	0.00815552	
      3899	0.00815429	
      3900	0.00816198	
      3901	0.00816844	
      3902	0.00817493	
      3903	0.00817293	
      3904	0.00817949	
      3905	0.00818607	
      3906	0.00818415	
      3907	 0.0081737	
      3908	0.00817182	
      3909	0.00816139	
      3910	0.00815955	
      3911	 0.0081663	
      3912	0.00816451	
      3913	0.00817133	
      3914	 0.0081696	
      3915	0.00817649	
      3916	 0.0081662	
      3917	0.00815592	
      3918	0.00815428	
      3919	0.00814403	
      3920	0.00813379	
      3921	0.00814087	
      3922	  0.008148	
      3923	 0.0081465	
      3924	0.00815371	
      3925	0.00816096	
      3926	0.00815088	
      3927	0.00814951	
      3928	0.00813947	
      3929	0.00813817	
      3930	0.00812817	
      3931	0.00813566	
      3932	0.00813446	
      3933	0.00814204	
      3934	0.00814092	
      3935	 0.0081486	
      3936	0.00814757	
      3937	0.00813781	
      3938	0.00813685	
      3939	0.00812714	
      3940	0.00812626	
      3941	0.00812543	
      3942	0.00813346	
      3943	0.00813273	
      3944	0.00814089	
      3945	0.00814026	
      3946	0.00813084	
      3947	0.00812144	
      3948	0.00812096	
      3949	0.00811165	
      3950	0.00810238	
      3951	0.00810205	
      3952	0.00811069	
      3953	 0.0081105	
      3954	 0.0081193	
      3955	0.00811924	
      3956	0.00811926	
      3957	0.00811934	
      3958	0.00811053	
      3959	0.00811076	
      3960	0.00811106	
      3961	0.00812045	
      3962	0.00812994	
      3963	0.00813052	
      3964	0.00814023	
      3965	0.00815004	
      3966	0.00814187	
      3967	0.00814284	
      3968	0.00813485	
      3969	0.00813602	
      3970	0.00812821	
      3971	0.00813873	
      3972	0.00814027	
      3973	0.00815107	
      3974	0.00815289	
      3975	0.00816401	
      3976	0.00816613	
      3977	0.00815923	
      3978	0.00816166	
      3979	0.00815505	
      3980	0.00815783	
      3981	 0.0081608	
      3982	0.00816398	
      3983	0.00817665	
      3984	0.00818029	
      3985	0.00818418	
      3986	0.00819765	
      3987	 0.0082021	
      3988	 0.0082162	
      3989	 0.0082213	
      3990	0.00823612	
      3991	0.00823257	
      3992	0.00823881	
      3993	0.00823608	
      3994	0.00824325	
      3995	 0.0082415	
      3996	 0.0082593	
      3997	0.00826831	
      3998	0.00828761	
      3999	0.00829828	
      4000	0.00831952	
