       280	1.26374e-23	
       281	3.01497e-23	
       282	6.59794e-23	
       283	1.01826e-22	
       284	1.18025e-22	
       285	9.59402e-23	
       286	1.54234e-22	
       287	2.76169e-22	
       288	3.15875e-22	
       289	4.82348e-22	
       290	8.27225e-22	
       291	1.12016e-21	
       292	1.26885e-21	
       293	1.47225e-21	
       294	1.77092e-21	
       295	2.1396e-21	
       296	2.69101e-21	
       297	2.91282e-21	
       298	3.56892e-21	
       299	3.96858e-21	
       300	4.56562e-21	
       301	1.65834e-19	
       302	6.20267e-18	
       303	2.84685e-16	
       304	1.09125e-14	
       305	3.95657e-13	
       306	1.69709e-12	
       307	8.24349e-12	
       308	4.05973e-11	
       309	1.68895e-10	
       310	7.52223e-10	
       311	2.78353e-09	
       312	7.56974e-09	
       313	2.08461e-08	
       314	5.91384e-08	
       315	1.55607e-07	
       316	2.33856e-07	
       317	4.56402e-07	
       318	7.45245e-07	
       319	1.17042e-06	
       320	2.09386e-06	
       321	3.08371e-06	
       322	4.32335e-06	
       323	5.94831e-06	
       324	9.65682e-06	
       325	1.62474e-05	
       326	2.4567e-05	
       327	3.23237e-05	
       328	3.9852e-05	
       329	5.39089e-05	
       330	7.48034e-05	
       331	8.07911e-05	
       332	9.32607e-05	
       333	0.000105839	
       334	0.00012329	
       335	0.000149125	
       336	0.000151023	
       337	0.000158303	
       338	0.000195931	
       339	0.00023154	
       340	0.000276121	
       341	0.000291932	
       342	0.000325356	
       343	0.000369515	
       344	0.000348997	
       345	0.000396722	
       346	0.000457653	
       347	0.000502282	
       348	0.000532557	
       349	0.00057038	
       350	0.000683058	
       351	0.000769975	
       352	0.000775038	
       353	0.000849658	
       354	0.00103463	
       355	 0.0011241	
       356	0.00110197	
       357	0.00100427	
       358	0.000975084	
       359	 0.0011511	
       360	 0.0015041	
       361	0.00145187	
       362	0.00157025	
       363	0.00182315	
       364	 0.0019465	
       365	0.00217895	
       366	0.00262852	
       367	0.00277593	
       368	0.00275333	
       369	 0.0029886	
       370	 0.0033121	
       371	0.00331207	
       372	0.00338649	
       373	0.00320532	
       374	0.00307574	
       375	0.00346727	
       376	0.00406629	
       377	 0.0046157	
       378	0.00561681	
       379	0.00530132	
       380	0.00522711	
       381	0.00575646	
       382	0.00480214	
       383	0.00393565	
       384	0.00458704	
       385	0.00601581	
       386	0.00610211	
       387	0.00653011	
       388	0.00668123	
       389	0.00754324	
       390	0.00897788	
       391	 0.0099673	
       392	0.00959921	
       393	0.00641346	
       394	0.00684951	
       395	  0.010942	
       396	 0.0104747	
       397	0.00756361	
       398	 0.0128975	
       399	 0.0169755	
       400	 0.0185587	
       401	 0.0199466	
       402	  0.021242	
       403	 0.0215368	
       404	 0.0223712	
       405	 0.0227638	
       406	 0.0229551	
       407	 0.0234038	
       408	 0.0251535	
       409	 0.0269303	
       410	 0.0252504	
       411	 0.0279922	
       412	 0.0304372	
       413	 0.0305747	
       414	 0.0311493	
       415	 0.0330711	
       416	 0.0349036	
       417	 0.0352119	
       418	 0.0351301	
       419	  0.036586	
       420	 0.0360057	
       421	 0.0401637	
       422	 0.0413021	
       423	 0.0413501	
       424	 0.0423666	
       425	 0.0443447	
       426	 0.0444271	
       427	 0.0443277	
       428	 0.0451392	
       429	 0.0425706	
       430	  0.036084	
       431	 0.0361372	
       432	  0.052845	
       433	 0.0535119	
       434	 0.0518445	
       435	  0.057083	
       436	 0.0634411	
       437	 0.0655075	
       438	  0.060556	
       439	 0.0603687	
       440	  0.067963	
       441	 0.0703837	
       442	 0.0755836	
       443	 0.0785356	
       444	 0.0790249	
       445	 0.0819112	
       446	 0.0785876	
       447	 0.0868941	
       448	 0.0907006	
       449	 0.0928191	
       450	 0.0976168	
       451	  0.102071	
       452	  0.100316	
       453	 0.0966051	
       454	  0.102401	
       455	  0.104909	
       456	  0.109383	
       457	  0.112409	
       458	  0.112512	
       459	    0.1134	
       460	  0.115405	
       461	  0.120236	
       462	  0.123764	
       463	  0.125689	
       464	  0.124839	
       465	  0.124995	
       466	  0.128049	
       467	  0.126839	
       468	  0.132304	
       469	  0.135035	
       470	  0.133524	
       471	  0.137459	
       472	   0.14455	
       473	   0.14365	
       474	   0.14694	
       475	  0.152679	
       476	  0.151957	
       477	  0.155349	
       478	  0.160914	
       479	  0.161276	
       480	  0.164879	
       481	  0.166844	
       482	  0.168702	
       483	  0.168682	
       484	  0.167974	
       485	  0.165059	
       486	  0.144504	
       487	   0.15632	
       488	  0.169056	
       489	  0.167135	
       490	  0.181252	
       491	  0.179214	
       492	  0.175452	
       493	  0.184255	
       494	  0.185601	
       495	  0.194501	
       496	  0.191153	
       497	  0.193458	
       498	   0.19142	
       499	   0.19268	
       500	  0.193921	
       501	  0.191238	
       502	  0.193501	
       503	  0.200856	
       504	  0.196057	
       505	  0.206952	
       506	  0.215728	
       507	   0.21067	
       508	  0.207663	
       509	  0.215321	
       510	  0.213891	
       511	  0.218293	
       512	  0.223303	
       513	  0.215056	
       514	  0.211814	
       515	  0.218379	
       516	  0.216939	
       517	  0.191117	
       518	  0.206385	
       519	  0.208457	
       520	  0.224066	
       521	  0.229554	
       522	  0.233845	
       523	  0.227008	
       524	  0.239374	
       525	  0.241044	
       526	  0.232938	
       527	  0.215212	
       528	   0.23707	
       529	   0.24953	
       530	  0.246326	
       531	  0.256574	
       532	  0.252585	
       533	  0.234755	
       534	  0.245029	
       535	  0.252576	
       536	  0.259014	
       537	  0.248064	
       538	  0.255165	
       539	  0.251979	
       540	  0.245154	
       541	  0.241129	
       542	  0.257198	
       543	  0.258515	
       544	  0.265748	
       545	  0.263039	
       546	  0.262917	
       547	  0.265425	
       548	  0.262764	
       549	  0.268292	
       550	  0.268446	
       551	  0.269539	
       552	  0.273515	
       553	  0.269137	
       554	  0.273273	
       555	   0.27522	
       556	  0.271851	
       557	  0.267162	
       558	  0.269601	
       559	  0.261534	
       560	  0.265595	
       561	  0.276129	
       562	  0.269823	
       563	  0.275914	
       564	   0.27457	
       565	  0.273762	
       566	  0.265467	
       567	  0.277322	
       568	  0.278336	
       569	  0.275209	
       570	  0.273747	
       571	  0.267771	
       572	  0.279569	
       573	   0.28341	
       574	  0.282701	
       575	  0.278854	
       576	  0.278856	
       577	  0.283312	
       578	  0.278788	
       579	  0.281402	
       580	  0.284248	
       581	  0.286154	
       582	  0.290044	
       583	  0.292791	
       584	  0.292991	
       585	  0.291997	
       586	  0.288191	
       587	  0.294183	
       588	  0.290138	
       589	  0.268814	
       590	  0.280074	
       591	  0.294092	
       592	  0.294868	
       593	  0.295847	
       594	  0.297998	
       595	  0.299541	
       596	  0.304481	
       597	  0.307785	
       598	  0.305114	
       599	  0.305646	
       600	  0.308591	
       601	  0.306961	
       602	  0.306871	
       603	  0.313744	
       604	  0.320994	
       605	  0.322946	
       606	  0.324318	
       607	  0.326997	
       608	  0.328524	
       609	  0.329058	
       610	   0.33193	
       611	  0.334389	
       612	  0.341282	
       613	  0.339811	
       614	  0.336251	
       615	  0.344756	
       616	  0.341333	
       617	  0.341937	
       618	  0.354542	
       619	  0.361275	
       620	  0.365425	
       621	  0.369609	
       622	   0.36702	
       623	   0.36928	
       624	  0.370426	
       625	  0.368741	
       626	  0.372921	
       627	  0.385142	
       628	  0.390334	
       629	  0.393538	
       630	  0.393516	
       631	  0.392154	
       632	  0.384754	
       633	  0.399197	
       634	  0.399558	
       635	  0.402336	
       636	  0.399879	
       637	  0.411329	
       638	  0.417283	
       639	  0.415722	
       640	  0.410604	
       641	  0.412418	
       642	  0.416159	
       643	  0.422522	
       644	   0.42305	
       645	  0.428168	
       646	  0.424687	
       647	  0.430158	
       648	  0.430279	
       649	  0.422215	
       650	   0.42221	
       651	  0.440437	
       652	  0.442578	
       653	  0.446465	
       654	  0.443682	
       655	  0.426284	
       656	   0.38646	
       657	  0.401037	
       658	  0.441209	
       659	   0.45126	
       660	  0.459587	
       661	  0.466148	
       662	  0.469778	
       663	  0.470783	
       664	  0.472525	
       665	  0.480001	
       666	  0.481376	
       667	   0.47962	
       668	  0.471596	
       669	  0.468629	
       670	  0.458276	
       671	  0.453126	
       672	  0.446595	
       673	  0.445785	
       674	   0.44207	
       675	  0.439039	
       676	  0.441357	
       677	  0.437321	
       678	  0.437456	
       679	  0.433018	
       680	  0.431972	
       681	  0.431759	
       682	  0.431279	
       683	  0.428711	
       684	  0.426219	
       685	  0.424519	
       686	  0.417444	
       687	  0.425282	
       688	   0.42919	
       689	  0.429883	
       690	  0.429895	
       691	   0.43152	
       692	  0.431696	
       693	  0.437885	
       694	  0.442324	
       695	  0.442657	
       696	  0.446898	
       697	  0.451266	
       698	  0.452201	
       699	  0.458832	
       700	  0.462029	
       701	  0.464563	
       702	  0.468103	
       703	  0.476948	
       704	  0.487079	
       705	  0.496452	
       706	  0.498961	
       707	  0.503892	
       708	  0.512652	
       709	   0.52225	
       710	  0.546756	
       711	  0.498379	
       712	  0.469433	
       713	  0.449363	
       714	    0.4362	
       715	  0.418464	
       716	  0.411492	
       717	  0.402509	
       718	  0.389698	
       719	   0.37531	
       720	  0.381072	
       721	  0.380496	
       722	  0.379653	
       723	  0.375762	
       724	  0.374745	
       725	  0.375761	
       726	  0.380207	
       727	  0.387037	
       728	  0.392357	
       729	  0.388961	
       730	  0.407373	
       731	  0.412225	
       732	  0.424274	
       733	  0.431381	
       734	  0.448382	
       735	  0.458079	
       736	   0.46538	
       737	  0.478603	
       738	  0.490892	
       739	  0.500564	
       740	  0.535084	
       741	  0.535346	
       742	  0.536174	
       743	  0.548773	
       744	  0.556207	
       745	  0.556785	
       746	   0.55962	
       747	  0.562597	
       748	  0.563008	
       749	  0.565835	
       750	  0.566772	
       751	  0.571031	
       752	  0.576968	
       753	  0.582439	
       754	  0.587781	
       755	  0.589116	
       756	  0.584092	
       757	  0.585412	
       758	  0.589532	
       759	  0.585381	
       760	  0.588803	
       761	  0.587539	
       762	   0.58861	
       763	  0.540488	
       764	  0.505258	
       765	   0.47543	
       766	  0.442267	
       767	  0.427838	
       768	  0.429265	
       769	  0.432521	
       770	  0.439652	
       771	  0.448135	
       772	  0.457153	
       773	  0.466804	
       774	   0.47722	
       775	  0.488592	
       776	  0.500688	
       777	  0.511811	
       778	   0.52866	
       779	  0.552727	
       780	  0.592924	
       781	  0.590875	
       782	  0.593075	
       783	  0.588772	
       784	  0.584675	
       785	  0.587519	
       786	  0.587995	
       787	  0.587319	
       788	   0.58362	
       789	  0.582445	
       790	  0.578225	
       791	  0.573423	
       792	   0.56865	
       793	  0.563901	
       794	   0.55979	
       795	  0.560028	
       796	  0.565238	
       797	  0.572945	
       798	   0.57014	
       799	  0.564865	
       800	  0.558354	
       801	  0.540698	
       802	   0.52537	
       803	  0.507097	
       804	  0.497585	
       805	  0.481159	
       806	  0.480857	
       807	  0.472083	
       808	  0.463925	
       809	   0.45218	
       810	  0.448556	
       811	  0.444219	
       812	  0.442128	
       813	  0.437786	
       814	  0.432698	
       815	  0.425434	
       816	  0.420782	
       817	  0.414944	
       818	   0.40379	
       819	  0.392976	
       820	  0.388365	
       821	  0.386166	
       822	  0.378304	
       823	  0.378571	
       824	  0.377216	
       825	  0.387446	
       826	  0.401293	
       827	  0.413431	
       828	  0.423348	
       829	  0.434615	
       830	  0.450929	
       831	  0.470848	
       832	  0.483121	
       833	  0.478608	
       834	  0.488703	
       835	  0.495619	
       836	  0.504053	
       837	  0.506875	
       838	  0.511877	
       839	  0.515523	
       840	  0.526049	
       841	  0.527547	
       842	  0.522126	
       843	  0.521761	
       844	  0.518233	
       845	   0.53071	
       846	  0.533042	
       847	  0.523809	
       848	  0.524269	
       849	  0.520222	
       850	  0.489206	
       851	   0.51931	
       852	  0.524065	
       853	  0.515331	
       854	  0.476579	
       855	  0.499597	
       856	  0.533755	
       857	  0.550073	
       858	  0.555964	
       859	  0.560916	
       860	  0.565855	
       861	  0.566001	
       862	  0.571111	
       863	  0.570985	
       864	  0.561859	
       865	  0.545905	
       866	  0.500589	
       867	  0.524511	
       868	  0.547835	
       869	  0.548482	
       870	  0.554978	
       871	  0.551712	
       872	   0.55608	
       873	   0.55202	
       874	  0.543584	
       875	   0.53915	
       876	  0.550117	
       877	  0.553567	
       878	  0.551857	
       879	  0.545467	
       880	  0.544027	
       881	  0.472644	
       882	  0.452327	
       883	  0.431937	
       884	  0.417289	
       885	  0.405208	
       886	  0.383954	
       887	  0.371377	
       888	  0.366573	
       889	  0.358807	
       890	  0.349528	
       891	  0.340239	
       892	  0.330278	
       893	  0.319309	
       894	  0.313693	
       895	  0.308512	
       896	  0.304298	
       897	  0.297095	
       898	  0.290289	
       899	  0.282685	
       900	  0.276785	
       901	  0.267725	
       902	  0.259722	
       903	  0.264449	
       904	  0.261517	
       905	  0.256422	
       906	  0.257808	
       907	  0.261882	
       908	  0.262062	
       909	  0.262132	
       910	  0.267286	
       911	   0.27156	
       912	  0.274264	
       913	  0.280204	
       914	   0.28383	
       915	  0.285845	
       916	  0.287184	
       917	  0.286272	
       918	  0.286243	
       919	  0.287179	
       920	   0.28533	
       921	  0.281418	
       922	  0.278185	
       923	  0.272393	
       924	  0.280685	
       925	  0.282706	
       926	  0.213472	
       927	  0.177237	
       928	  0.147821	
       929	  0.125582	
       930	  0.108299	
       931	 0.0956745	
       932	 0.0847098	
       933	  0.075994	
       934	 0.0680799	
       935	 0.0608245	
       936	 0.0548681	
       937	 0.0500016	
       938	 0.0513596	
       939	 0.0523487	
       940	 0.0526761	
       941	 0.0531676	
       942	 0.0533271	
       943	 0.0558154	
       944	 0.0564775	
       945	  0.057986	
       946	   0.05978	
       947	 0.0611592	
       948	 0.0628195	
       949	 0.0670683	
       950	 0.0712695	
       951	  0.075601	
       952	 0.0811587	
       953	 0.0868464	
       954	 0.0920544	
       955	 0.0957483	
       956	  0.106286	
       957	  0.116555	
       958	  0.127832	
       959	  0.140449	
       960	  0.153351	
       961	  0.168896	
       962	   0.18893	
       963	   0.21262	
       964	  0.242283	
       965	  0.287255	
       966	  0.289287	
       967	  0.294974	
       968	  0.296977	
       969	  0.301887	
       970	  0.307024	
       971	  0.309543	
       972	  0.315438	
       973	  0.318106	
       974	  0.319517	
       975	   0.32605	
       976	  0.334126	
       977	  0.338056	
       978	  0.345363	
       979	  0.349238	
       980	  0.358478	
       981	  0.363377	
       982	  0.370164	
       983	  0.373989	
       984	  0.377191	
       985	  0.383066	
       986	  0.387472	
       987	  0.393593	
       988	  0.399299	
       989	  0.403382	
       990	  0.412338	
       991	  0.423713	
       992	   0.43297	
       993	  0.446083	
       994	  0.456022	
       995	  0.454665	
       996	  0.453836	
       997	  0.449977	
       998	  0.449899	
       999	  0.450271	
      1000	  0.451717	
      1001	   0.45438	
      1002	  0.454776	
      1003	  0.450894	
      1004	  0.444175	
      1005	  0.425411	
      1006	  0.439198	
      1007	  0.448732	
      1008	  0.451138	
      1009	  0.450396	
      1010	  0.451438	
      1011	  0.450004	
      1012	  0.449582	
      1013	  0.448231	
      1014	  0.449143	
      1015	  0.444835	
      1016	  0.445595	
      1017	  0.444098	
      1018	  0.447078	
      1019	  0.439622	
      1020	  0.441439	
      1021	  0.442876	
      1022	  0.439669	
      1023	  0.442801	
      1024	  0.445007	
      1025	   0.44517	
      1026	  0.445753	
      1027	  0.445393	
      1028	  0.446098	
      1029	  0.444026	
      1030	  0.445347	
      1031	  0.445664	
      1032	    0.4457	
      1033	  0.441403	
      1034	  0.443815	
      1035	   0.44648	
      1036	  0.447544	
      1037	  0.445459	
      1038	  0.445623	
      1039	    0.4496	
      1040	   0.45044	
      1041	  0.450772	
      1042	  0.450596	
      1043	  0.448086	
      1044	  0.448998	
      1045	   0.44606	
      1046	  0.438344	
      1047	   0.44319	
      1048	  0.447115	
      1049	  0.446013	
      1050	  0.444069	
      1051	  0.444137	
      1052	  0.442357	
      1053	  0.441583	
      1054	  0.440976	
      1055	  0.442386	
      1056	  0.441776	
      1057	  0.440829	
      1058	  0.436341	
      1059	   0.42797	
      1060	  0.434515	
      1061	  0.430271	
      1062	  0.435053	
      1063	  0.432067	
      1064	   0.43592	
      1065	  0.435217	
      1066	  0.428584	
      1067	  0.429737	
      1068	  0.427835	
      1069	  0.412123	
      1070	  0.420558	
      1071	  0.396242	
      1072	  0.383528	
      1073	  0.368624	
      1074	  0.363918	
      1075	  0.352353	
      1076	   0.34773	
      1077	  0.341863	
      1078	    0.3358	
      1079	  0.326302	
      1080	  0.323998	
      1081	  0.313719	
      1082	  0.307079	
      1083	  0.305803	
      1084	  0.304217	
      1085	  0.300413	
      1086	  0.296771	
      1087	  0.285662	
      1088	  0.286874	
      1089	  0.285181	
      1090	  0.280837	
      1091	  0.278457	
      1092	  0.271892	
      1093	  0.265206	
      1094	  0.253268	
      1095	  0.256659	
      1096	  0.256779	
      1097	  0.256053	
      1098	  0.252508	
      1099	  0.249468	
      1100	  0.252734	
      1101	  0.175168	
      1102	  0.131675	
      1103	  0.106764	
      1104	 0.0877897	
      1105	 0.0733229	
      1106	 0.0621327	
      1107	 0.0530899	
      1108	 0.0460095	
      1109	 0.0401261	
      1110	 0.0352534	
      1111	 0.0309814	
      1112	 0.0274393	
      1113	 0.0243261	
      1114	 0.0218957	
      1115	 0.0195981	
      1116	 0.0175083	
      1117	 0.0159108	
      1118	 0.0142232	
      1119	 0.0128668	
      1120	 0.0116629	
      1121	 0.0126485	
      1122	 0.0137425	
      1123	 0.0148757	
      1124	  0.016107	
      1125	 0.0173707	
      1126	 0.0185171	
      1127	 0.0204002	
      1128	 0.0225302	
      1129	 0.0247039	
      1130	 0.0270239	
      1131	 0.0269785	
      1132	 0.0268503	
      1133	 0.0264125	
      1134	 0.0262298	
      1135	 0.0260774	
      1136	 0.0259037	
      1137	 0.0252571	
      1138	 0.0247997	
      1139	 0.0249169	
      1140	 0.0248359	
      1141	 0.0243268	
      1142	 0.0244705	
      1143	 0.0241882	
      1144	 0.0238708	
      1145	 0.0238772	
      1146	  0.026158	
      1147	 0.0285318	
      1148	 0.0310125	
      1149	 0.0338581	
      1150	  0.037097	
      1151	 0.0408125	
      1152	 0.0449892	
      1153	 0.0500824	
      1154	 0.0562414	
      1155	 0.0630919	
      1156	 0.0706531	
      1157	 0.0807189	
      1158	 0.0925296	
      1159	  0.106228	
      1160	  0.123948	
      1161	  0.148119	
      1162	  0.155322	
      1163	  0.161063	
      1164	  0.164203	
      1165	  0.170458	
      1166	  0.173527	
      1167	  0.181129	
      1168	  0.188183	
      1169	  0.190972	
      1170	  0.201326	
      1171	  0.204021	
      1172	  0.205452	
      1173	  0.205884	
      1174	  0.207107	
      1175	   0.20563	
      1176	  0.204731	
      1177	  0.209507	
      1178	  0.209896	
      1179	  0.211014	
      1180	  0.214573	
      1181	   0.21539	
      1182	  0.215123	
      1183	  0.208892	
      1184	  0.216726	
      1185	   0.22137	
      1186	  0.223232	
      1187	  0.224859	
      1188	  0.223766	
      1189	  0.218044	
      1190	  0.226429	
      1191	  0.232375	
      1192	  0.234271	
      1193	  0.236041	
      1194	  0.237977	
      1195	  0.238553	
      1196	  0.240466	
      1197	  0.241174	
      1198	  0.238402	
      1199	  0.235223	
      1200	  0.246693	
      1201	  0.249181	
      1202	  0.248409	
      1203	  0.241447	
      1204	  0.241101	
      1205	  0.246827	
      1206	  0.247305	
      1207	   0.24781	
      1208	  0.243043	
      1209	   0.23575	
      1210	  0.243996	
      1211	  0.242359	
      1212	  0.247064	
      1213	     0.249	
      1214	  0.249027	
      1215	  0.250248	
      1216	  0.251008	
      1217	  0.251627	
      1218	  0.251771	
      1219	  0.251507	
      1220	  0.253315	
      1221	  0.254331	
      1222	   0.25461	
      1223	   0.25441	
      1224	  0.257879	
      1225	  0.258815	
      1226	  0.259966	
      1227	  0.257363	
      1228	  0.261141	
      1229	  0.264707	
      1230	  0.266183	
      1231	  0.267575	
      1232	  0.267981	
      1233	  0.270984	
      1234	  0.272926	
      1235	  0.274841	
      1236	  0.279421	
      1237	  0.283199	
      1238	  0.287171	
      1239	  0.290997	
      1240	  0.302721	
      1241	  0.301521	
      1242	  0.297844	
      1243	  0.292674	
      1244	  0.289119	
      1245	  0.287515	
      1246	  0.286872	
      1247	  0.284905	
      1248	  0.284256	
      1249	  0.282133	
      1250	  0.279625	
      1251	  0.276206	
      1252	  0.272707	
      1253	  0.271754	
      1254	  0.270323	
      1255	  0.268337	
      1256	  0.266179	
      1257	  0.263557	
      1258	  0.262656	
      1259	  0.260334	
      1260	   0.25964	
      1261	  0.257677	
      1262	  0.254176	
      1263	  0.254281	
      1264	  0.250998	
      1265	  0.250082	
      1266	  0.249821	
      1267	  0.245799	
      1268	  0.243287	
      1269	  0.243851	
      1270	  0.244012	
      1271	  0.244282	
      1272	  0.244012	
      1273	  0.244478	
      1274	  0.244452	
      1275	  0.246756	
      1276	  0.248727	
      1277	    0.2502	
      1278	  0.251161	
      1279	  0.251316	
      1280	  0.250794	
      1281	  0.243896	
      1282	  0.227017	
      1283	  0.242722	
      1284	  0.254686	
      1285	  0.259438	
      1286	  0.262695	
      1287	  0.266318	
      1288	  0.268949	
      1289	  0.273057	
      1290	  0.274768	
      1291	  0.264427	
      1292	  0.257065	
      1293	  0.250061	
      1294	  0.241627	
      1295	  0.237589	
      1296	  0.233594	
      1297	  0.228132	
      1298	  0.222895	
      1299	  0.220691	
      1300	  0.216918	
      1301	  0.213161	
      1302	  0.208642	
      1303	  0.204887	
      1304	  0.201793	
      1305	  0.200798	
      1306	  0.198795	
      1307	  0.196595	
      1308	  0.194195	
      1309	  0.192069	
      1310	  0.189457	
      1311	  0.187053	
      1312	  0.183605	
      1313	  0.178451	
      1314	  0.179729	
      1315	  0.175417	
      1316	  0.174553	
      1317	   0.17543	
      1318	  0.173071	
      1319	  0.173667	
      1320	  0.172496	
      1321	  0.115693	
      1322	 0.0866392	
      1323	 0.0680874	
      1324	  0.055049	
      1325	  0.045303	
      1326	  0.037747	
      1327	 0.0318017	
      1328	 0.0271888	
      1329	 0.0230021	
      1330	 0.0201151	
      1331	 0.0176479	
      1332	 0.0152778	
      1333	  0.013646	
      1334	 0.0121118	
      1335	 0.0107306	
      1336	0.00949535	
      1337	0.00849422	
      1338	0.00758028	
      1339	0.00674182	
      1340	 0.0060602	
      1341	0.00555645	
      1342	 0.0050249	
      1343	0.00455611	
      1344	 0.0041414	
      1345	0.00376602	
      1346	 0.0034099	
      1347	0.00312209	
      1348	0.00285134	
      1349	0.00260167	
      1350	0.00236267	
      1351	 0.0018812	
      1352	 0.0015174	
      1353	  0.001224	
      1354	0.000991256	
      1355	0.000802713	
      1356	0.000659368	
      1357	0.000540849	
      1358	0.00045381	
      1359	0.000378021	
      1360	0.000314432	
      1361	0.00026656	
      1362	0.00022424	
      1363	0.000187322	
      1364	0.000160219	
      1365	0.000136358	
      1366	0.000116208	
      1367	9.87828e-05	
      1368	8.51384e-05	
      1369	7.2268e-05	
      1370	6.21394e-05	
      1371	5.37502e-05	
      1372	4.69116e-05	
      1373	4.07394e-05	
      1374	3.53234e-05	
      1375	3.03323e-05	
      1376	2.62617e-05	
      1377	2.30969e-05	
      1378	2.02103e-05	
      1379	1.77922e-05	
      1380	1.55341e-05	
      1381	1.36388e-05	
      1382	1.1882e-05	
      1383	1.04791e-05	
      1384	9.27302e-06	
      1385	8.13542e-06	
      1386	7.21946e-06	
      1387	6.34852e-06	
      1388	5.64487e-06	
      1389	5.01035e-06	
      1390	4.39366e-06	
      1391	3.93896e-06	
      1392	3.50961e-06	
      1393	3.11128e-06	
      1394	2.76073e-06	
      1395	2.46343e-06	
      1396	2.72905e-06	
      1397	3.03221e-06	
      1398	3.38016e-06	
      1399	3.74746e-06	
      1400	4.09121e-06	
      1401	4.56432e-06	
      1402	5.15671e-06	
      1403	5.73995e-06	
      1404	6.44147e-06	
      1405	7.22716e-06	
      1406	8.15737e-06	
      1407	9.16817e-06	
      1408	1.03137e-05	
      1409	1.16602e-05	
      1410	1.3147e-05	
      1411	1.47613e-05	
      1412	1.64099e-05	
      1413	1.87618e-05	
      1414	2.15542e-05	
      1415	2.45607e-05	
      1416	2.79066e-05	
      1417	3.20104e-05	
      1418	3.66845e-05	
      1419	4.16798e-05	
      1420	4.77431e-05	
      1421	5.5145e-05	
      1422	6.26599e-05	
      1423	7.21832e-05	
      1424	8.35584e-05	
      1425	9.76912e-05	
      1426	0.00011148	
      1427	 0.0001309	
      1428	0.000153992	
      1429	0.000177966	
      1430	0.000208914	
      1431	0.000247841	
      1432	0.000298423	
      1433	0.000354898	
      1434	0.000418116	
      1435	0.000502281	
      1436	0.000605457	
      1437	0.000733715	
      1438	0.000889859	
      1439	0.00108895	
      1440	 0.0012956	
      1441	0.00161192	
      1442	0.00201618	
      1443	0.00235939	
      1444	0.00255157	
      1445	0.00275674	
      1446	0.00298868	
      1447	0.00321587	
      1448	 0.0035012	
      1449	0.00378837	
      1450	0.00408496	
      1451	0.00439493	
      1452	0.00477854	
      1453	0.00521799	
      1454	0.00567085	
      1455	0.00617844	
      1456	0.00674093	
      1457	0.00744359	
      1458	0.00827941	
      1459	0.00915648	
      1460	 0.0100517	
      1461	 0.0110904	
      1462	 0.0122284	
      1463	   0.01284	
      1464	 0.0128666	
      1465	 0.0129825	
      1466	 0.0128948	
      1467	  0.013048	
      1468	 0.0129607	
      1469	 0.0130674	
      1470	 0.0130121	
      1471	 0.0128412	
      1472	 0.0128915	
      1473	  0.012874	
      1474	 0.0126399	
      1475	  0.012808	
      1476	 0.0128869	
      1477	 0.0128765	
      1478	 0.0137773	
      1479	 0.0148962	
      1480	 0.0160439	
      1481	 0.0171306	
      1482	 0.0185266	
      1483	  0.019728	
      1484	 0.0215438	
      1485	 0.0236058	
      1486	 0.0254407	
      1487	 0.0271562	
      1488	 0.0274649	
      1489	 0.0324877	
      1490	 0.0364902	
      1491	 0.0404216	
      1492	 0.0445659	
      1493	 0.0502273	
      1494	 0.0565967	
      1495	 0.0638091	
      1496	 0.0715269	
      1497	 0.0842521	
      1498	 0.0868706	
      1499	  0.088492	
      1500	 0.0919896	
      1501	 0.0943236	
      1502	 0.0950013	
      1503	 0.0911364	
      1504	 0.0956343	
      1505	 0.0964804	
      1506	   0.10286	
      1507	  0.109313	
      1508	  0.112091	
      1509	  0.115369	
      1510	  0.121171	
      1511	  0.125612	
      1512	  0.128391	
      1513	  0.132801	
      1514	  0.137945	
      1515	   0.14531	
      1516	  0.152355	
      1517	  0.160404	
      1518	  0.172564	
      1519	   0.18464	
      1520	  0.207771	
      1521	  0.204109	
      1522	  0.203389	
      1523	  0.205745	
      1524	  0.206264	
      1525	  0.203576	
      1526	  0.207393	
      1527	  0.207072	
      1528	  0.208163	
      1529	  0.206283	
      1530	  0.199292	
      1531	  0.207246	
      1532	  0.209113	
      1533	  0.207708	
      1534	  0.205723	
      1535	  0.208124	
      1536	  0.211154	
      1537	  0.211951	
      1538	  0.209498	
      1539	  0.213327	
      1540	  0.205191	
      1541	  0.203996	
      1542	  0.203159	
      1543	  0.201497	
      1544	  0.200862	
      1545	   0.19982	
      1546	  0.197562	
      1547	  0.193823	
      1548	  0.189063	
      1549	  0.190098	
      1550	   0.18795	
      1551	  0.187341	
      1552	  0.187632	
      1553	  0.184798	
      1554	  0.180657	
      1555	  0.179883	
      1556	  0.177714	
      1557	  0.179848	
      1558	  0.178566	
      1559	  0.178835	
      1560	  0.178437	
      1561	  0.181249	
      1562	    0.1813	
      1563	  0.181022	
      1564	  0.179981	
      1565	  0.182112	
      1566	  0.181269	
      1567	  0.181895	
      1568	  0.180979	
      1569	  0.182858	
      1570	  0.183455	
      1571	  0.187333	
      1572	  0.188441	
      1573	  0.187189	
      1574	  0.185941	
      1575	  0.179953	
      1576	  0.184585	
      1577	   0.17614	
      1578	  0.186549	
      1579	  0.190978	
      1580	  0.192301	
      1581	   0.19171	
      1582	  0.185867	
      1583	  0.186385	
      1584	  0.185009	
      1585	   0.18834	
      1586	  0.186344	
      1587	   0.18363	
      1588	  0.178775	
      1589	  0.169259	
      1590	  0.172698	
      1591	  0.173888	
      1592	  0.180444	
      1593	  0.183268	
      1594	   0.18209	
      1595	  0.181122	
      1596	  0.174097	
      1597	  0.175034	
      1598	    0.1779	
      1599	  0.175008	
      1600	  0.174751	
      1601	  0.170609	
      1602	  0.171423	
      1603	  0.171297	
      1604	  0.171003	
      1605	  0.169017	
      1606	  0.168065	
      1607	  0.166963	
      1608	  0.168744	
      1609	  0.166815	
      1610	  0.158839	
      1611	  0.162368	
      1612	  0.164338	
      1613	  0.167625	
      1614	  0.167957	
      1615	  0.167711	
      1616	  0.162791	
      1617	  0.165536	
      1618	  0.170986	
      1619	  0.171046	
      1620	  0.167755	
      1621	   0.16851	
      1622	  0.171856	
      1623	  0.176239	
      1624	  0.177733	
      1625	  0.176846	
      1626	  0.179837	
      1627	  0.182228	
      1628	  0.185173	
      1629	    0.1879	
      1630	  0.190843	
      1631	  0.191375	
      1632	  0.191031	
      1633	  0.188699	
      1634	  0.186796	
      1635	   0.18869	
      1636	  0.187905	
      1637	  0.181756	
      1638	  0.180105	
      1639	  0.177367	
      1640	  0.178905	
      1641	   0.17797	
      1642	  0.178135	
      1643	  0.180674	
      1644	  0.179159	
      1645	  0.178544	
      1646	  0.180694	
      1647	  0.180993	
      1648	  0.180415	
      1649	  0.177766	
      1650	  0.179165	
      1651	  0.177516	
      1652	  0.179129	
      1653	  0.177884	
      1654	  0.178417	
      1655	  0.176984	
      1656	  0.177816	
      1657	  0.177872	
      1658	  0.176939	
      1659	  0.175231	
      1660	  0.176178	
      1661	  0.176829	
      1662	  0.176209	
      1663	  0.175498	
      1664	  0.175175	
      1665	  0.173777	
      1666	  0.172486	
      1667	  0.172471	
      1668	  0.170391	
      1669	  0.171561	
      1670	  0.174015	
      1671	  0.172927	
      1672	  0.167919	
      1673	   0.16969	
      1674	  0.171559	
      1675	    0.1698	
      1676	  0.167949	
      1677	  0.168948	
      1678	  0.169455	
      1679	  0.165425	
      1680	  0.158902	
      1681	  0.152906	
      1682	  0.154509	
      1683	  0.157675	
      1684	  0.159074	
      1685	  0.158734	
      1686	  0.156396	
      1687	  0.155876	
      1688	  0.154926	
      1689	  0.152547	
      1690	   0.15194	
      1691	  0.153447	
      1692	  0.153066	
      1693	  0.151891	
      1694	  0.151186	
      1695	  0.150506	
      1696	  0.149303	
      1697	  0.148128	
      1698	  0.147409	
      1699	  0.146086	
      1700	  0.143912	
      1701	  0.143152	
      1702	   0.14264	
      1703	  0.141966	
      1704	  0.141268	
      1705	  0.140533	
      1706	  0.139457	
      1707	   0.13834	
      1708	  0.137234	
      1709	   0.13614	
      1710	  0.135193	
      1711	  0.135068	
      1712	  0.135083	
      1713	  0.135101	
      1714	  0.135124	
      1715	  0.135036	
      1716	  0.134245	
      1717	  0.133348	
      1718	   0.13246	
      1719	  0.131579	
      1720	  0.130759	
      1721	  0.130235	
      1722	   0.12977	
      1723	  0.129309	
      1724	  0.128853	
      1725	  0.128356	
      1726	  0.127565	
      1727	  0.126735	
      1728	  0.125911	
      1729	  0.125093	
      1730	  0.124171	
      1731	  0.122574	
      1732	  0.120878	
      1733	  0.119192	
      1734	  0.117515	
      1735	  0.116152	
      1736	  0.116602	
      1737	  0.117354	
      1738	  0.118105	
      1739	  0.118854	
      1740	  0.119412	
      1741	 0.0953104	
      1742	 0.0808903	
      1743	 0.0705355	
      1744	 0.0625122	
      1745	 0.0560476	
      1746	 0.0507911	
      1747	 0.0463483	
      1748	 0.0425183	
      1749	  0.039177	
      1750	 0.0362397	
      1751	 0.0336567	
      1752	 0.0313519	
      1753	 0.0292783	
      1754	 0.0274035	
      1755	 0.0256911	
      1756	 0.0240699	
      1757	 0.0225802	
      1758	 0.0212152	
      1759	 0.0199609	
      1760	 0.0188105	
      1761	 0.0177773	
      1762	 0.0168246	
      1763	 0.0159401	
      1764	 0.0151173	
      1765	 0.0143505	
      1766	 0.0136348	
      1767	 0.0129657	
      1768	 0.0123393	
      1769	  0.011752	
      1770	 0.0111965	
      1771	 0.0106472	
      1772	 0.0101274	
      1773	0.00963877	
      1774	0.00917909	
      1775	0.00875116	
      1776	0.00837622	
      1777	0.00802616	
      1778	0.00769466	
      1779	0.00738048	
      1780	0.00708047	
      1781	0.00678416	
      1782	0.00650124	
      1783	0.00623274	
      1784	0.00597776	
      1785	0.00573711	
      1786	0.00551777	
      1787	0.00531032	
      1788	0.00511252	
      1789	0.00492382	
      1790	 0.0047418	
      1791	0.00455593	
      1792	0.00437695	
      1793	0.00420626	
      1794	0.00404342	
      1795	0.00388798	
      1796	0.00373956	
      1797	0.00359777	
      1798	0.00346227	
      1799	0.00333272	
      1800	0.00321072	
      1801	0.00256258	
      1802	0.00206707	
      1803	0.00168196	
      1804	0.00137912	
      1805	0.00113842	
      1806	0.000944612	
      1807	0.000788057	
      1808	0.000660772	
      1809	0.000556611	
      1810	0.00046989	
      1811	0.00039327	
      1812	0.000329569	
      1813	0.000277043	
      1814	0.000233559	
      1815	0.000198035	
      1816	0.000171469	
      1817	0.000149313	
      1818	0.000130339	
      1819	0.00011404	
      1820	9.99672e-05	
      1821	8.76505e-05	
      1822	7.69818e-05	
      1823	6.77413e-05	
      1824	5.97189e-05	
      1825	5.26837e-05	
      1826	4.62531e-05	
      1827	4.06297e-05	
      1828	3.57446e-05	
      1829	3.1493e-05	
      1830	2.78002e-05	
      1831	2.46421e-05	
      1832	2.18828e-05	
      1833	1.94575e-05	
      1834	1.73224e-05	
      1835	1.54381e-05	
      1836	1.37608e-05	
      1837	1.22778e-05	
      1838	1.09665e-05	
      1839	9.80555e-06	
      1840	8.77526e-06	
      1841	7.85287e-06	
      1842	7.03321e-06	
      1843	6.3049e-06	
      1844	5.65707e-06	
      1845	5.08288e-06	
      1846	4.58403e-06	
      1847	4.13977e-06	
      1848	3.74163e-06	
      1849	3.38447e-06	
      1850	3.06278e-06	
      1851	2.76833e-06	
      1852	2.5032e-06	
      1853	2.26508e-06	
      1854	2.05104e-06	
      1855	1.8585e-06	
      1856	1.68515e-06	
      1857	1.52896e-06	
      1858	1.38814e-06	
      1859	1.26107e-06	
      1860	1.14633e-06	
      1861	1.20574e-06	
      1862	1.26848e-06	
      1863	1.33475e-06	
      1864	1.40476e-06	
      1865	1.47905e-06	
      1866	1.55908e-06	
      1867	1.64413e-06	
      1868	1.73419e-06	
      1869	1.82959e-06	
      1870	1.92644e-06	
      1871	2.00145e-06	
      1872	2.07452e-06	
      1873	2.1499e-06	
      1874	2.22762e-06	
      1875	2.32048e-06	
      1876	2.49749e-06	
      1877	2.70221e-06	
      1878	2.92306e-06	
      1879	3.16133e-06	
      1880	3.40911e-06	
      1881	3.61698e-06	
      1882	3.82809e-06	
      1883	4.05261e-06	
      1884	4.29145e-06	
      1885	4.54189e-06	
      1886	4.78316e-06	
      1887	5.03419e-06	
      1888	5.29957e-06	
      1889	5.58018e-06	
      1890	5.88118e-06	
      1891	6.22667e-06	
      1892	6.59916e-06	
      1893	6.99606e-06	
      1894	7.41913e-06	
      1895	7.87598e-06	
      1896	8.40009e-06	
      1897	8.9685e-06	
      1898	9.57856e-06	
      1899	1.02336e-05	
      1900	1.09317e-05	
      1901	1.16433e-05	
      1902	1.23995e-05	
      1903	1.32097e-05	
      1904	1.40782e-05	
      1905	1.50074e-05	
      1906	1.59858e-05	
      1907	1.70322e-05	
      1908	1.81545e-05	
      1909	1.93586e-05	
      1910	2.06557e-05	
      1911	2.20718e-05	
      1912	2.36006e-05	
      1913	2.52467e-05	
      1914	2.70201e-05	
      1915	2.89318e-05	
      1916	3.09938e-05	
      1917	3.32191e-05	
      1918	3.56221e-05	
      1919	3.82189e-05	
      1920	4.10266e-05	
      1921	3.81998e-05	
      1922	3.85679e-05	
      1923	3.96154e-05	
      1924	4.10813e-05	
      1925	4.2864e-05	
      1926	4.48456e-05	
      1927	4.70904e-05	
      1928	4.96174e-05	
      1929	5.24383e-05	
      1930	5.5614e-05	
      1931	5.94037e-05	
      1932	6.36528e-05	
      1933	6.83623e-05	
      1934	7.35831e-05	
      1935	7.9332e-05	
      1936	8.54139e-05	
      1937	9.21069e-05	
      1938	9.95336e-05	
      1939	0.000107787	
      1940	0.000116794	
      1941	0.00012565	
      1942	0.000135238	
      1943	0.000145854	
      1944	0.000157633	
      1945	0.000171302	
      1946	0.000190366	
      1947	0.000212796	
      1948	0.000238506	
      1949	0.000268076	
      1950	0.000301972	
      1951	0.000339627	
      1952	0.000383001	
      1953	0.000433521	
      1954	0.000492673	
      1955	0.000561891	
      1956	0.00064086	
      1957	0.000734161	
      1958	0.000845897	
      1959	0.000980922	
      1960	0.00114561	
      1961	0.00125604	
      1962	0.00137928	
      1963	0.00151739	
      1964	0.00167258	
      1965	0.00184899	
      1966	0.00205859	
      1967	0.00229935	
      1968	0.00257494	
      1969	0.00289167	
      1970	0.00325543	
      1971	0.00366355	
      1972	0.00413554	
      1973	0.00468719	
      1974	0.00533631	
      1975	0.00610598	
      1976	0.00702667	
      1977	0.00813936	
      1978	0.00950048	
      1979	   0.01119	
      1980	 0.0133287	
      1981	 0.0161143	
      1982	 0.0198381	
      1983	 0.0250332	
      1984	 0.0328005	
      1985	 0.0460832	
      1986	 0.0308735	
      1987	 0.0240684	
      1988	 0.0197129	
      1989	 0.0165974	
      1990	 0.0142214	
      1991	  0.012288	
      1992	 0.0107187	
      1993	 0.0094277	
      1994	0.00834922	
      1995	0.00744219	
      1996	 0.0066921	
      1997	0.00604816	
      1998	0.00548741	
      1999	 0.0049959	
      2000	0.00456065	
      2001	0.00416439	
      2002	 0.0038107	
      2003	0.00349529	
      2004	0.00321296	
      2005	0.00296068	
      2006	0.00314713	
      2007	0.00334988	
      2008	0.00356914	
      2009	0.00380665	
      2010	0.00406363	
      2011	0.00433685	
      2012	0.00463321	
      2013	0.00495615	
      2014	0.00530881	
      2015	0.00569383	
      2016	0.00610767	
      2017	0.00656134	
      2018	0.00706138	
      2019	0.00761433	
      2020	0.00823168	
      2021	0.00894376	
      2022	0.00974682	
      2023	 0.0106523	
      2024	 0.0116793	
      2025	 0.0128457	
      2026	  0.014149	
      2027	 0.0156521	
      2028	 0.0174126	
      2029	  0.019503	
      2030	 0.0220354	
      2031	 0.0252013	
      2032	 0.0292631	
      2033	 0.0347481	
      2034	 0.0429423	
      2035	 0.0599914	
      2036	 0.0586699	
      2037	 0.0574673	
      2038	 0.0563664	
      2039	  0.055348	
      2040	 0.0544392	
      2041	 0.0538088	
      2042	 0.0532627	
      2043	 0.0527545	
      2044	 0.0522799	
      2045	 0.0518017	
      2046	 0.0511324	
      2047	 0.0504595	
      2048	 0.0498138	
      2049	 0.0491934	
      2050	   0.04861	
      2051	 0.0481118	
      2052	 0.0476461	
      2053	 0.0471982	
      2054	 0.0467669	
      2055	 0.0463426	
      2056	 0.0458632	
      2057	 0.0453905	
      2058	 0.0449324	
      2059	 0.0444885	
      2060	 0.0440709	
      2061	 0.0437259	
      2062	 0.0434054	
      2063	 0.0430964	
      2064	 0.0427987	
      2065	 0.0425119	
      2066	 0.0428335	
      2067	 0.0431619	
      2068	 0.0434976	
      2069	 0.0438408	
      2070	 0.0442051	
      2071	 0.0446398	
      2072	 0.0450981	
      2073	 0.0455674	
      2074	 0.0460483	
      2075	 0.0465229	
      2076	 0.0468887	
      2077	 0.0472461	
      2078	 0.0476141	
      2079	 0.0479935	
      2080	 0.0483946	
      2081	 0.0488581	
      2082	 0.0493469	
      2083	 0.0498523	
      2084	 0.0503756	
      2085	 0.0509234	
      2086	 0.0515028	
      2087	 0.0521108	
      2088	 0.0527445	
      2089	 0.0534062	
      2090	 0.0540881	
      2091	 0.0547481	
      2092	 0.0554336	
      2093	 0.0561609	
      2094	 0.0569364	
      2095	 0.0577924	
      2096	 0.0588758	
      2097	 0.0600736	
      2098	 0.0613838	
      2099	 0.0628403	
      2100	  0.064492	
      2101	 0.0645442	
      2102	 0.0645907	
      2103	 0.0646382	
      2104	 0.0646869	
      2105	  0.064723	
      2106	 0.0646791	
      2107	 0.0646225	
      2108	 0.0645668	
      2109	 0.0645119	
      2110	 0.0644649	
      2111	 0.0644734	
      2112	 0.0644901	
      2113	  0.064508	
      2114	 0.0645274	
      2115	 0.0645483	
      2116	 0.0645569	
      2117	 0.0645671	
      2118	 0.0645789	
      2119	 0.0645925	
      2120	 0.0646079	
      2121	 0.0646113	
      2122	 0.0646167	
      2123	 0.0646243	
      2124	 0.0646341	
      2125	 0.0646673	
      2126	 0.0648156	
      2127	 0.0649884	
      2128	 0.0651649	
      2129	 0.0653453	
      2130	 0.0655016	
      2131	 0.0655059	
      2132	 0.0654857	
      2133	 0.0654698	
      2134	 0.0654586	
      2135	 0.0654742	
      2136	   0.06564	
      2137	  0.065835	
      2138	 0.0660389	
      2139	 0.0662528	
      2140	 0.0664565	
      2141	 0.0665419	
      2142	 0.0666206	
      2143	 0.0667183	
      2144	 0.0668403	
      2145	  0.067018	
      2146	 0.0673494	
      2147	  0.067786	
      2148	 0.0683995	
      2149	 0.0683521	
      2150	 0.0682972	
      2151	 0.0681664	
      2152	  0.068028	
      2153	 0.0678899	
      2154	 0.0677519	
      2155	 0.0676141	
      2156	  0.067446	
      2157	 0.0672781	
      2158	 0.0671104	
      2159	 0.0669429	
      2160	 0.0666843	
      2161	  0.065864	
      2162	  0.064953	
      2163	 0.0640425	
      2164	 0.0631326	
      2165	 0.0623976	
      2166	 0.0627252	
      2167	 0.0632272	
      2168	 0.0637291	
      2169	 0.0642308	
      2170	 0.0646794	
      2171	 0.0647792	
      2172	 0.0648261	
      2173	  0.064873	
      2174	 0.0649201	
      2175	 0.0649369	
      2176	 0.0647721	
      2177	 0.0645772	
      2178	 0.0643825	
      2179	  0.064188	
      2180	 0.0640163	
      2181	  0.063996	
      2182	 0.0639986	
      2183	 0.0640012	
      2184	 0.0640039	
      2185	 0.0639765	
      2186	 0.0637528	
      2187	  0.063499	
      2188	 0.0632455	
      2189	 0.0629921	
      2190	 0.0627767	
      2191	 0.0627879	
      2192	 0.0628369	
      2193	  0.062886	
      2194	 0.0629352	
      2195	 0.0629619	
      2196	  0.062868	
      2197	 0.0627516	
      2198	 0.0626353	
      2199	 0.0624949	
      2200	 0.0623322	
      2201	 0.0620343	
      2202	 0.0617143	
      2203	 0.0613948	
      2204	 0.0610757	
      2205	 0.0607946	
      2206	 0.0607091	
      2207	 0.0606613	
      2208	 0.0606136	
      2209	 0.0605661	
      2210	 0.0605113	
      2211	 0.0604266	
      2212	 0.0603347	
      2213	  0.060243	
      2214	 0.0601515	
      2215	 0.0600601	
      2216	 0.0599689	
      2217	  0.059878	
      2218	 0.0597872	
      2219	 0.0596966	
      2220	 0.0595912	
      2221	 0.0593968	
      2222	 0.0591877	
      2223	 0.0589789	
      2224	 0.0587704	
      2225	  0.058577	
      2226	 0.0584731	
      2227	 0.0583842	
      2228	 0.0582955	
      2229	 0.0582069	
      2230	 0.0581185	
      2231	 0.0580155	
      2232	 0.0579126	
      2233	 0.0578099	
      2234	 0.0577074	
      2235	 0.0575903	
      2236	 0.0573698	
      2237	 0.0571349	
      2238	 0.0569003	
      2239	  0.056666	
      2240	 0.0564541	
      2241	 0.0563752	
      2242	 0.0563186	
      2243	 0.0562621	
      2244	 0.0562056	
      2245	 0.0561346	
      2246	 0.0559902	
      2247	 0.0558313	
      2248	 0.0556726	
      2249	  0.055514	
      2250	 0.0553557	
      2251	 0.0551683	
      2252	 0.0549811	
      2253	 0.0547941	
      2254	 0.0546074	
      2255	 0.0544355	
      2256	 0.0543664	
      2257	  0.054312	
      2258	 0.0542577	
      2259	 0.0542035	
      2260	 0.0541421	
      2261	 0.0540078	
      2262	 0.0538663	
      2263	 0.0537251	
      2264	  0.053584	
      2265	 0.0534577	
      2266	 0.0533898	
      2267	 0.0533366	
      2268	 0.0532835	
      2269	 0.0532306	
      2270	 0.0531704	
      2271	 0.0527155	
      2272	 0.0522698	
      2273	  0.051839	
      2274	 0.0514219	
      2275	 0.0510031	
      2276	 0.0505262	
      2277	 0.0500471	
      2278	 0.0495791	
      2279	 0.0491214	
      2280	 0.0486939	
      2281	 0.0483972	
      2282	 0.0481278	
      2283	 0.0478649	
      2284	 0.0476079	
      2285	 0.0473568	
      2286	 0.0470846	
      2287	 0.0468178	
      2288	 0.0465562	
      2289	 0.0462996	
      2290	 0.0460217	
      2291	 0.0455812	
      2292	 0.0451213	
      2293	 0.0446675	
      2294	 0.0442196	
      2295	 0.0438154	
      2296	 0.0436175	
      2297	 0.0434605	
      2298	 0.0433062	
      2299	 0.0431546	
      2300	 0.0429994	
      2301	 0.0427975	
      2302	 0.0425923	
      2303	 0.0423899	
      2304	 0.0421903	
      2305	 0.0419872	
      2306	 0.0417627	
      2307	 0.0415349	
      2308	 0.0413098	
      2309	 0.0410873	
      2310	 0.0408673	
      2311	 0.0406262	
      2312	 0.0403877	
      2313	 0.0401518	
      2314	 0.0399183	
      2315	 0.0396873	
      2316	 0.0394702	
      2317	 0.0392553	
      2318	 0.0390426	
      2319	  0.038832	
      2320	 0.0386063	
      2321	 0.0382575	
      2322	 0.0378947	
      2323	 0.0375349	
      2324	 0.0371782	
      2325	 0.0368637	
      2326	 0.0367643	
      2327	 0.0367051	
      2328	 0.0366467	
      2329	 0.0365891	
      2330	 0.0365157	
      2331	 0.0363552	
      2332	 0.0361797	
      2333	 0.0360056	
      2334	 0.0358331	
      2335	  0.035662	
      2336	 0.0354923	
      2337	 0.0353241	
      2338	 0.0351572	
      2339	 0.0349917	
      2340	 0.0348329	
      2341	 0.0347072	
      2342	  0.034588	
      2343	 0.0344697	
      2344	 0.0343525	
      2345	 0.0342256	
      2346	 0.0340474	
      2347	   0.03386	
      2348	  0.033674	
      2349	 0.0334894	
      2350	 0.0332957	
      2351	  0.033031	
      2352	 0.0327579	
      2353	 0.0324865	
      2354	  0.032217	
      2355	 0.0319798	
      2356	  0.031907	
      2357	 0.0318653	
      2358	 0.0318239	
      2359	  0.031783	
      2360	 0.0317374	
      2361	 0.0298319	
      2362	 0.0281684	
      2363	 0.0266966	
      2364	 0.0253784	
      2365	 0.0241829	
      2366	 0.0230643	
      2367	 0.0220354	
      2368	  0.021087	
      2369	  0.020209	
      2370	 0.0193898	
      2371	 0.0186079	
      2372	 0.0178738	
      2373	 0.0171854	
      2374	 0.0165383	
      2375	 0.0159391	
      2376	 0.0154236	
      2377	 0.0149453	
      2378	 0.0144915	
      2379	 0.0140604	
      2380	 0.0136326	
      2381	 0.0131265	
      2382	 0.0126286	
      2383	 0.0121547	
      2384	 0.0117032	
      2385	 0.0112916	
      2386	 0.0110099	
      2387	 0.0107576	
      2388	 0.0105149	
      2389	 0.0102814	
      2390	 0.0100498	
      2391	0.00978766	
      2392	0.00952919	
      2393	0.00928046	
      2394	0.00904095	
      2395	0.00881019	
      2396	0.00858486	
      2397	0.00836755	
      2398	0.00815786	
      2399	0.00795543	
      2400	 0.0077599	
      2401	 0.0075735	
      2402	0.00739326	
      2403	0.00721891	
      2404	0.00705018	
      2405	0.00688683	
      2406	0.00673089	
      2407	0.00657978	
      2408	0.00643329	
      2409	0.00629124	
      2410	0.00614823	
      2411	  0.005979	
      2412	 0.0058102	
      2413	0.00564678	
      2414	0.00548854	
      2415	0.00534276	
      2416	0.00524181	
      2417	0.00515072	
      2418	0.00506193	
      2419	0.00497535	
      2420	0.00488837	
      2421	0.00478696	
      2422	0.00468584	
      2423	0.00458746	
      2424	 0.0044917	
      2425	0.00439926	
      2426	0.00431377	
      2427	0.00423119	
      2428	0.00415068	
      2429	0.00407219	
      2430	0.00399494	
      2431	0.00391273	
      2432	0.00383195	
      2433	0.00375322	
      2434	0.00367648	
      2435	0.00360229	
      2436	0.00353496	
      2437	0.00346984	
      2438	0.00340626	
      2439	0.00334417	
      2440	0.00328294	
      2441	0.00321854	
      2442	0.00315512	
      2443	0.00309321	
      2444	0.00303276	
      2445	0.00297321	
      2446	0.00291295	
      2447	 0.0028536	
      2448	0.00279566	
      2449	0.00273909	
      2450	0.00268483	
      2451	0.00244866	
      2452	0.00223897	
      2453	0.00205137	
      2454	0.00188303	
      2455	0.00173217	
      2456	0.00159896	
      2457	0.00147881	
      2458	0.00136968	
      2459	0.00127033	
      2460	0.00117949	
      2461	0.00109489	
      2462	0.00101735	
      2463	0.000946341	
      2464	0.00088122	
      2465	0.000821102	
      2466	0.000764408	
      2467	0.000712012	
      2468	0.000663785	
      2469	0.00061934	
      2470	0.000578551	
      2471	0.000542286	
      2472	0.000508867	
      2473	0.000477853	
      2474	0.000449042	
      2475	0.000422015	
      2476	0.000395385	
      2477	0.000370451	
      2478	0.000347292	
      2479	0.000325764	
      2480	0.000305914	
      2481	0.000288202	
      2482	0.000271818	
      2483	0.000256498	
      2484	0.000242164	
      2485	0.000228831	
      2486	0.000216754	
      2487	0.000205488	
      2488	0.000194896	
      2489	0.000184931	
      2490	0.000175247	
      2491	0.000164355	
      2492	0.000153911	
      2493	0.000144164	
      2494	0.000135064	
      2495	0.000126952	
      2496	0.000121474	
      2497	0.000116618	
      2498	0.000111986	
      2499	0.000107564	
      2500	0.00010318	
      2501	2.42164e-05	
      2502	6.92529e-06	
      2503	2.25787e-06	
      2504	8.09491e-07	
      2505	3.12149e-07	
      2506	1.27369e-07	
      2507	5.45305e-08	
      2508	2.43167e-08	
      2509	1.12297e-08	
      2510	5.3477e-09	
      2511	2.61926e-09	
      2512	1.3143e-09	
      2513	6.73865e-10	
      2514	3.5231e-10	
      2515	1.87498e-10	
      2516	1.01467e-10	
      2517	5.57394e-11	
      2518	3.10475e-11	
      2519	1.75181e-11	
      2520	1.00058e-11	
      2521	5.78434e-12	
      2522	3.38003e-12	
      2523	1.99475e-12	
      2524	1.18826e-12	
      2525	7.14263e-13	
      2526	4.33491e-13	
      2527	2.65238e-13	
      2528	1.63518e-13	
      2529	1.01534e-13	
      2530	6.3466e-14	
      2531	3.98472e-14	
      2532	2.51695e-14	
      2533	1.59938e-14	
      2534	1.02216e-14	
      2535	6.57008e-15	
      2536	4.24905e-15	
      2537	2.7626e-15	
      2538	 1.805e-15	
      2539	1.18493e-15	
      2540	7.81431e-16	
      2541	5.17833e-16	
      2542	3.4462e-16	
      2543	2.30294e-16	
      2544	1.54511e-16	
      2545	1.04068e-16	
      2546	7.03254e-17	
      2547	4.76967e-17	
      2548	3.24636e-17	
      2549	2.21714e-17	
      2550	1.51928e-17	
      2551	1.04399e-17	
      2552	7.19659e-18	
      2553	4.97606e-18	
      2554	3.45097e-18	
      2555	2.40026e-18	
      2556	1.67346e-18	
      2557	1.16997e-18	
      2558	8.20165e-19	
      2559	5.76461e-19	
      2560	4.06302e-19	
      2561	2.87342e-19	
      2562	2.03757e-19	
      2563	1.44832e-19	
      2564	1.0319e-19	
      2565	7.36891e-20	
      2566	5.27173e-20	
      2567	3.77969e-20	
      2568	2.71576e-20	
      2569	1.95543e-20	
      2570	1.41087e-20	
      2571	1.01957e-20	
      2572	7.38256e-21	
      2573	5.35598e-21	
      2574	3.89312e-21	
      2575	2.83509e-21	
      2576	2.06839e-21	
      2577	1.51174e-21	
      2578	1.10685e-21	
      2579	8.1181e-22	
      2580	5.96294e-22	
      2581	4.38126e-22	
      2582	3.22365e-22	
      2583	2.37572e-22	
      2584	1.75358e-22	
      2585	1.29697e-22	
      2586	9.63839e-23	
      2587	7.17688e-23	
      2588	5.35196e-23	
      2589	3.99692e-23	
      2590	2.98858e-23	
      2591	2.23366e-23	
      2592	1.67138e-23	
      2593	1.25236e-23	
      2594	9.39656e-24	
      2595	7.06134e-24	
      2596	5.31838e-24	
      2597	4.01175e-24	
      2598	  3.03e-24	
      2599	2.29138e-24	
      2600	1.73496e-24	
      2601	8.6617e-25	
      2602	5.82795e-25	
      2603	4.14816e-25	
      2604	3.04221e-25	
      2605	2.27507e-25	
      2606	1.72391e-25	
      2607	1.32051e-25	
      2608	1.02034e-25	
      2609	7.94106e-26	
      2610	6.21817e-26	
      2611	4.89712e-26	
      2612	3.87459e-26	
      2613	3.07816e-26	
      2614	2.45445e-26	
      2615	1.96364e-26	
      2616	1.57426e-26	
      2617	1.26559e-26	
      2618	1.02006e-26	
      2619	8.24123e-27	
      2620	6.66977e-27	
      2621	5.39102e-27	
      2622	4.36367e-27	
      2623	3.53845e-27	
      2624	2.87416e-27	
      2625	2.3412e-27	
      2626	1.92322e-27	
      2627	1.58415e-27	
      2628	1.3067e-27	
      2629	1.07929e-27	
      2630	8.92182e-28	
      2631	7.36277e-28	
      2632	6.08048e-28	
      2633	5.0273e-28	
      2634	4.16115e-28	
      2635	3.44708e-28	
      2636	2.85152e-28	
      2637	2.3606e-28	
      2638	1.95607e-28	
      2639	1.62237e-28	
      2640	1.34747e-28	
      2641	1.12348e-28	
      2642	9.37999e-29	
      2643	7.83796e-29	
      2644	6.55479e-29	
      2645	5.48604e-29	
      2646	4.59054e-29	
      2647	3.84412e-29	
      2648	3.22144e-29	
      2649	2.70156e-29	
      2650	2.26718e-29	
      2651	1.90205e-29	
      2652	1.59679e-29	
      2653	1.3414e-29	
      2654	1.12759e-29	
      2655	9.48687e-30	
      2656	7.99473e-30	
      2657	6.74309e-30	
      2658	5.6908e-30	
      2659	4.80555e-30	
      2660	4.05931e-30	
      2661	3.42568e-30	
      2662	2.8918e-30	
      2663	2.44245e-30	
      2664	2.06402e-30	
      2665	1.74603e-30	
      2666	1.48083e-30	
      2667	1.25719e-30	
      2668	1.06787e-30	
      2669	9.07505e-31	
      2670	7.71404e-31	
      2671	6.54352e-31	
      2672	5.55179e-31	
      2673	4.71254e-31	
      2674	4.00197e-31	
      2675	3.40095e-31	
      2676	2.89448e-31	
      2677	2.46516e-31	
      2678	2.10043e-31	
      2679	1.79043e-31	
      2680	1.52683e-31	
      2681	1.30259e-31	
      2682	1.11174e-31	
      2683	9.49243e-32	
      2684	8.10824e-32	
      2685	6.92865e-32	
      2686	5.91679e-32	
      2687	5.05466e-32	
      2688	4.3198e-32	
      2689	3.69317e-32	
      2690	3.15861e-32	
      2691	2.70386e-32	
      2692	2.31543e-32	
      2693	1.98352e-32	
      2694	1.69979e-32	
      2695	1.45717e-32	
      2696	1.24895e-32	
      2697	1.07086e-32	
      2698	9.18471e-33	
      2699	7.88036e-33	
      2700	6.76534e-33	
      2701	8.27653e-33	
      2702	1.01349e-32	
      2703	1.24192e-32	
      2704	1.52289e-32	
      2705	1.86875e-32	
      2706	2.29477e-32	
      2707	2.81993e-32	
      2708	3.46777e-32	
      2709	4.26754e-32	
      2710	5.25563e-32	
      2711	6.48081e-32	
      2712	7.99759e-32	
      2713	9.87681e-32	
      2714	1.22069e-31	
      2715	1.50983e-31	
      2716	1.86788e-31	
      2717	2.31265e-31	
      2718	2.86558e-31	
      2719	3.55356e-31	
      2720	4.41025e-31	
      2721	5.47491e-31	
      2722	6.80216e-31	
      2723	8.45816e-31	
      2724	1.05261e-30	
      2725	1.31144e-30	
      2726	1.6362e-30	
      2727	2.04373e-30	
      2728	2.55499e-30	
      2729	3.19696e-30	
      2730	4.00381e-30	
      2731	5.01323e-30	
      2732	6.28285e-30	
      2733	7.88124e-30	
      2734	9.89544e-30	
      2735	1.24361e-29	
      2736	1.56527e-29	
      2737	1.97202e-29	
      2738	2.48689e-29	
      2739	3.13927e-29	
      2740	3.96673e-29	
      2741	5.02019e-29	
      2742	6.3599e-29	
      2743	8.06545e-29	
      2744	1.02391e-28	
      2745	1.30123e-28	
      2746	1.65449e-28	
      2747	2.10594e-28	
      2748	2.68351e-28	
      2749	3.42329e-28	
      2750	4.37193e-28	
      2751	5.58664e-28	
      2752	7.14708e-28	
      2753	9.15408e-28	
      2754	1.17386e-27	
      2755	1.50708e-27	
      2756	1.93725e-27	
      2757	2.49328e-27	
      2758	3.21293e-27	
      2759	4.14554e-27	
      2760	5.35575e-27	
      2761	6.93231e-27	
      2762	8.98487e-27	
      2763	1.16608e-26	
      2764	1.51545e-26	
      2765	1.97223e-26	
      2766	2.57179e-26	
      2767	3.35842e-26	
      2768	4.39205e-26	
      2769	5.75229e-26	
      2770	7.5429e-26	
      2771	9.89445e-26	
      2772	1.29954e-25	
      2773	1.7095e-25	
      2774	2.25238e-25	
      2775	2.97249e-25	
      2776	3.93164e-25	
      2777	5.20904e-25	
      2778	6.91333e-25	
      2779	9.19125e-25	
      2780	1.22415e-24	
      2781	1.63432e-24	
      2782	2.18597e-24	
      2783	2.92931e-24	
      2784	3.93297e-24	
      2785	5.29084e-24	
      2786	7.13172e-24	
      2787	9.63268e-24	
      2788	1.30377e-23	
      2789	1.76838e-23	
      2790	2.40374e-23	
      2791	3.27263e-23	
      2792	4.46567e-23	
      2793	6.10768e-23	
      2794	8.37317e-23	
      2795	1.15102e-22	
      2796	1.58712e-22	
      2797	2.19465e-22	
      2798	3.04261e-22	
      2799	4.22939e-22	
      2800	5.89506e-22	
      2801	7.43366e-22	
      2802	9.38313e-22	
      2803	1.18558e-21	
      2804	1.49953e-21	
      2805	1.89917e-21	
      2806	2.40932e-21	
      2807	3.06072e-21	
      2808	3.89245e-21	
      2809	4.95563e-21	
      2810	6.31626e-21	
      2811	8.05958e-21	
      2812	1.02959e-20	
      2813	1.31681e-20	
      2814	1.68615e-20	
      2815	2.16168e-20	
      2816	2.77299e-20	
      2817	3.56161e-20	
      2818	4.58026e-20	
      2819	5.89782e-20	
      2820	7.6043e-20	
      2821	9.8114e-20	
      2822	1.26761e-19	
      2823	1.63998e-19	
      2824	2.12468e-19	
      2825	2.75741e-19	
      2826	 3.586e-19	
      2827	4.67191e-19	
      2828	6.09578e-19	
      2829	7.96575e-19	
      2830	1.04256e-18	
      2831	1.3658e-18	
      2832	1.79215e-18	
      2833	2.35547e-18	
      2834	3.10106e-18	
      2835	4.08964e-18	
      2836	5.39935e-18	
      2837	7.14122e-18	
      2838	9.4622e-18	
      2839	1.25608e-17	
      2840	1.67058e-17	
      2841	2.2276e-17	
      2842	2.97625e-17	
      2843	3.98457e-17	
      2844	5.34558e-17	
      2845	7.18671e-17	
      2846	9.67672e-17	
      2847	1.30585e-16	
      2848	1.76622e-16	
      2849	2.39449e-16	
      2850	3.25401e-16	
      2851	4.43294e-16	
      2852	6.05425e-16	
      2853	8.28995e-16	
      2854	1.13815e-15	
      2855	1.56686e-15	
      2856	2.16457e-15	
      2857	2.99894e-15	
      2858	4.16734e-15	
      2859	5.80874e-15	
      2860	8.12231e-15	
      2861	1.13945e-14	
      2862	1.60388e-14	
      2863	2.26549e-14	
      2864	3.21154e-14	
      2865	4.56963e-14	
      2866	6.51842e-14	
      2867	9.33546e-14	
      2868	1.34254e-13	
      2869	1.93902e-13	
      2870	 2.814e-13	
      2871	4.10562e-13	
      2872	6.02123e-13	
      2873	8.87538e-13	
      2874	1.31517e-12	
      2875	1.9603e-12	
      2876	2.94083e-12	
      2877	4.44019e-12	
      2878	6.7469e-12	
      2879	1.0321e-11	
      2880	1.59008e-11	
      2881	2.46479e-11	
      2882	3.85112e-11	
      2883	6.06818e-11	
      2884	9.64799e-11	
      2885	1.54879e-10	
      2886	2.51378e-10	
      2887	4.12569e-10	
      2888	6.85325e-10	
      2889	1.15344e-09	
      2890	1.96939e-09	
      2891	3.41633e-09	
      2892	6.03207e-09	
      2893	1.0865e-08	
      2894	2.00214e-08	
      2895	3.78899e-08	
      2896	7.3985e-08	
      2897	1.50387e-07	
      2898	3.22804e-07	
      2899	7.55797e-07	
      2900	2.30186e-06	
      2901	2.37694e-06	
      2902	2.4547e-06	
      2903	2.53525e-06	
      2904	2.61869e-06	
      2905	2.70514e-06	
      2906	2.79277e-06	
      2907	2.88352e-06	
      2908	2.97751e-06	
      2909	3.07487e-06	
      2910	3.17574e-06	
      2911	3.27794e-06	
      2912	3.38377e-06	
      2913	3.49337e-06	
      2914	3.60689e-06	
      2915	3.72449e-06	
      2916	3.84905e-06	
      2917	3.97821e-06	
      2918	4.11215e-06	
      2919	4.25108e-06	
      2920	4.39518e-06	
      2921	4.54469e-06	
      2922	4.69982e-06	
      2923	4.8608e-06	
      2924	5.02788e-06	
      2925	5.20132e-06	
      2926	5.38139e-06	
      2927	5.56836e-06	
      2928	5.76253e-06	
      2929	5.96421e-06	
      2930	6.17372e-06	
      2931	6.38675e-06	
      2932	6.60797e-06	
      2933	6.83772e-06	
      2934	7.07636e-06	
      2935	7.32428e-06	
      2936	7.58746e-06	
      2937	7.86115e-06	
      2938	8.14585e-06	
      2939	8.44203e-06	
      2940	8.75021e-06	
      2941	9.06424e-06	
      2942	9.39087e-06	
      2943	9.73067e-06	
      2944	1.00842e-05	
      2945	1.04561e-05	
      2946	1.08514e-05	
      2947	1.12677e-05	
      2948	1.17017e-05	
      2949	1.21545e-05	
      2950	1.26268e-05	
      2951	1.31196e-05	
      2952	1.3634e-05	
      2953	1.41709e-05	
      2954	1.47315e-05	
      2955	1.5317e-05	
      2956	1.59166e-05	
      2957	1.65426e-05	
      2958	1.71964e-05	
      2959	1.78793e-05	
      2960	1.85928e-05	
      2961	1.93532e-05	
      2962	2.01485e-05	
      2963	2.09807e-05	
      2964	2.18517e-05	
      2965	2.27635e-05	
      2966	2.37003e-05	
      2967	2.46808e-05	
      2968	2.57073e-05	
      2969	2.67824e-05	
      2970	2.79086e-05	
      2971	2.91111e-05	
      2972	3.03724e-05	
      2973	3.16959e-05	
      2974	3.3085e-05	
      2975	3.45434e-05	
      2976	3.60474e-05	
      2977	3.76264e-05	
      2978	3.92848e-05	
      2979	4.1027e-05	
      2980	4.28581e-05	
      2981	4.48181e-05	
      2982	4.6881e-05	
      2983	4.90531e-05	
      2984	5.13412e-05	
      2985	5.37523e-05	
      2986	5.62504e-05	
      2987	5.88834e-05	
      2988	6.16599e-05	
      2989	6.4589e-05	
      2990	6.76807e-05	
      2991	7.10014e-05	
      2992	7.45127e-05	
      2993	7.82276e-05	
      2994	8.21604e-05	
      2995	8.63264e-05	
      2996	9.07426e-05	
      2997	9.54276e-05	
      2998	0.000100402	
      2999	0.000105688	
      3000	0.000111311	
      3001	0.000111299	
      3002	0.000111287	
      3003	0.000111274	
      3004	0.000111261	
      3005	0.000111248	
      3006	0.000111324	
      3007	 0.0001114	
      3008	0.000111476	
      3009	0.000111552	
      3010	0.000111628	
      3011	0.000111705	
      3012	0.000111781	
      3013	0.000111858	
      3014	0.000111934	
      3015	0.000112011	
      3016	0.000111998	
      3017	0.000111985	
      3018	0.000111971	
      3019	0.000111958	
      3020	0.000111944	
      3021	0.00011193	
      3022	0.000111916	
      3023	0.000111902	
      3024	0.000111888	
      3025	0.000111874	
      3026	0.000111951	
      3027	0.000112028	
      3028	0.000112105	
      3029	0.000112183	
      3030	0.000112261	
      3031	0.000112246	
      3032	0.000112232	
      3033	0.000112217	
      3034	0.000112203	
      3035	0.000112188	
      3036	0.00011208	
      3037	0.000111972	
      3038	0.000111864	
      3039	0.000111755	
      3040	0.000111693	
      3041	0.000111911	
      3042	0.000112176	
      3043	0.000112442	
      3044	0.000112709	
      3045	0.000112977	
      3046	0.000113152	
      3047	0.000113327	
      3048	0.000113502	
      3049	0.000113678	
      3050	0.000113855	
      3051	0.000113937	
      3052	0.000114019	
      3053	0.000114102	
      3054	0.000114185	
      3055	0.000114268	
      3056	0.000114351	
      3057	0.000114435	
      3058	0.000114519	
      3059	0.000114604	
      3060	0.000114688	
      3061	0.00011458	
      3062	0.000114472	
      3063	0.000114364	
      3064	0.000114255	
      3065	0.000114195	
      3066	0.000114231	
      3067	0.000114317	
      3068	0.000114404	
      3069	0.00011449	
      3070	0.000114577	
      3071	0.000114763	
      3072	0.000114949	
      3073	0.000115137	
      3074	0.000115325	
      3075	0.000115514	
      3076	0.000115506	
      3077	0.000115498	
      3078	0.000115491	
      3079	0.000115484	
      3080	0.000115477	
      3081	0.000115471	
      3082	0.000115465	
      3083	0.00011546	
      3084	0.000115455	
      3085	0.00011545	
      3086	0.000115446	
      3087	0.000115443	
      3088	0.00011544	
      3089	0.000115438	
      3090	0.000115436	
      3091	0.000115436	
      3092	0.000115436	
      3093	0.000115437	
      3094	0.00011544	
      3095	0.000115443	
      3096	0.000115448	
      3097	0.000115454	
      3098	0.000115461	
      3099	0.000115471	
      3100	0.000115482	
      3101	0.000113641	
      3102	0.000113302	
      3103	0.000113395	
      3104	0.000113722	
      3105	0.000114207	
      3106	0.000114705	
      3107	0.000115295	
      3108	0.00011596	
      3109	0.000116691	
      3110	0.000117478	
      3111	0.000118211	
      3112	0.000118988	
      3113	0.000119807	
      3114	0.000120666	
      3115	0.000121617	
      3116	0.000122717	
      3117	0.000123911	
      3118	0.000125143	
      3119	0.000126413	
      3120	0.000127719	
      3121	0.000129061	
      3122	0.000130439	
      3123	0.000131853	
      3124	0.000133302	
      3125	0.000134788	
      3126	0.00013631	
      3127	0.000137868	
      3128	0.000139462	
      3129	0.000141093	
      3130	0.000142762	
      3131	0.000144468	
      3132	0.000146212	
      3133	0.000147995	
      3134	0.000149817	
      3135	0.000151678	
      3136	0.000153437	
      3137	0.000155232	
      3138	0.000157066	
      3139	0.000158937	
      3140	0.000160848	
      3141	0.000162952	
      3142	0.000165101	
      3143	0.000167296	
      3144	0.000169537	
      3145	0.000171825	
      3146	0.000173997	
      3147	0.000176214	
      3148	0.000178476	
      3149	0.000180785	
      3150	0.000183142	
      3151	0.000185725	
      3152	0.000188363	
      3153	0.000191057	
      3154	0.000193809	
      3155	0.000196621	
      3156	0.000199492	
      3157	0.000202426	
      3158	0.000205423	
      3159	0.000208485	
      3160	0.000211614	
      3161	0.000215019	
      3162	0.000218501	
      3163	0.000222061	
      3164	0.000225703	
      3165	0.000229428	
      3166	0.000232787	
      3167	0.000236219	
      3168	0.000239726	
      3169	0.000243309	
      3170	0.000247091	
      3171	0.000251204	
      3172	0.000255536	
      3173	0.000259971	
      3174	0.000264511	
      3175	0.00026916	
      3176	0.000273386	
      3177	0.000277709	
      3178	0.00028213	
      3179	0.000286653	
      3180	0.00029128	
      3181	0.000296307	
      3182	0.000301456	
      3183	0.00030673	
      3184	0.000312132	
      3185	0.000317668	
      3186	0.000323661	
      3187	0.000329808	
      3188	0.000336114	
      3189	0.000342583	
      3190	0.000349221	
      3191	0.000355681	
      3192	0.000362307	
      3193	0.000369106	
      3194	0.000376082	
      3195	0.000383242	
      3196	0.000390203	
      3197	0.000397344	
      3198	0.000404672	
      3199	0.000412194	
      3200	0.000420126	
      3201	0.000416834	
      3202	0.000413787	
      3203	0.000410772	
      3204	0.000407791	
      3205	0.00040484	
      3206	0.000401518	
      3207	0.000398231	
      3208	0.000394981	
      3209	0.000391766	
      3210	0.000388585	
      3211	0.000385049	
      3212	0.000381552	
      3213	0.000378094	
      3214	0.000374673	
      3215	0.00037129	
      3216	0.00036832	
      3217	0.000365381	
      3218	0.000362472	
      3219	0.000359594	
      3220	0.000356745	
      3221	0.000353925	
      3222	0.000351134	
      3223	0.000348371	
      3224	0.000345636	
      3225	0.000342928	
      3226	0.000340599	
      3227	0.000338292	
      3228	0.000336006	
      3229	0.000333741	
      3230	0.000331498	
      3231	0.000328936	
      3232	0.000326399	
      3233	0.000323887	
      3234	0.000321399	
      3235	0.000318935	
      3236	0.000316494	
      3237	0.000314077	
      3238	0.000311684	
      3239	0.000309313	
      3240	0.000306964	
      3241	0.000304637	
      3242	0.000302333	
      3243	0.00030005	
      3244	0.000297788	
      3245	0.000295548	
      3246	0.000293636	
      3247	0.00029174	
      3248	0.000289861	
      3249	0.000287998	
      3250	0.00028615	
      3251	0.000283724	
      3252	0.00028132	
      3253	0.000278939	
      3254	0.000276581	
      3255	0.000274246	
      3256	0.00027222	
      3257	0.000270213	
      3258	0.000268224	
      3259	0.000266253	
      3260	0.000264299	
      3261	0.000262363	
      3262	0.000260443	
      3263	0.000258541	
      3264	0.000256655	
      3265	0.000254786	
      3266	0.000252933	
      3267	0.000251097	
      3268	0.000249276	
      3269	0.000247472	
      3270	0.000245683	
      3271	0.000243909	
      3272	0.000242151	
      3273	0.000240407	
      3274	0.000238679	
      3275	0.000236966	
      3276	0.000235267	
      3277	0.000233582	
      3278	0.000231912	
      3279	0.000230256	
      3280	0.000228614	
      3281	0.000226986	
      3282	0.000225372	
      3283	0.000223771	
      3284	0.000222184	
      3285	0.00022061	
      3286	0.000219288	
      3287	0.000217977	
      3288	0.000216676	
      3289	0.000215385	
      3290	0.000213986	
      3291	0.000212134	
      3292	0.000210182	
      3293	0.000208248	
      3294	0.000206332	
      3295	0.000204546	
      3296	0.000203002	
      3297	0.000201584	
      3298	0.000200176	
      3299	0.000198781	
      3300	0.000197396	
      3301	0.000201005	
      3302	0.000204693	
      3303	0.000208463	
      3304	0.000212316	
      3305	0.000216255	
      3306	0.00021979	
      3307	0.000223397	
      3308	0.000227079	
      3309	0.000230836	
      3310	0.000234671	
      3311	0.000238857	
      3312	0.000243135	
      3313	0.000247507	
      3314	0.000251978	
      3315	0.000256548	
      3316	0.000260628	
      3317	0.00026479	
      3318	0.000269037	
      3319	0.000273371	
      3320	0.000277955	
      3321	0.000283293	
      3322	0.000288925	
      3323	0.000294694	
      3324	0.000300604	
      3325	0.000306661	
      3326	0.000312144	
      3327	0.000317753	
      3328	0.000323492	
      3329	0.000329363	
      3330	0.000335371	
      3331	0.000341921	
      3332	0.000348633	
      3333	0.000355511	
      3334	0.000362563	
      3335	0.000369792	
      3336	0.000377205	
      3337	0.000384808	
      3338	0.000392606	
      3339	0.000400607	
      3340	0.000408816	
      3341	0.000417242	
      3342	0.000425891	
      3343	0.00043477	
      3344	0.000443889	
      3345	0.000453254	
      3346	0.000462324	
      3347	0.000471634	
      3348	0.000481191	
      3349	0.000491006	
      3350	0.000501087	
      3351	0.000512062	
      3352	0.000523351	
      3353	0.000534966	
      3354	0.000546921	
      3355	0.000559227	
      3356	0.000571898	
      3357	0.000584949	
      3358	0.000598395	
      3359	0.000612252	
      3360	0.000626536	
      3361	0.000641264	
      3362	0.000656456	
      3363	0.00067213	
      3364	0.000688308	
      3365	0.00070501	
      3366	0.000722261	
      3367	0.000740083	
      3368	0.000758504	
      3369	0.000777549	
      3370	0.000797249	
      3371	0.000817633	
      3372	0.000838735	
      3373	0.000860588	
      3374	0.000883231	
      3375	0.000906701	
      3376	0.000931042	
      3377	0.000956297	
      3378	0.000982516	
      3379	0.00100975	
      3380	0.00103805	
      3381	0.00106882	
      3382	0.00110086	
      3383	0.00113425	
      3384	0.00116907	
      3385	 0.0012054	
      3386	0.00124178	
      3387	0.00127977	
      3388	0.00131948	
      3389	0.00136101	
      3390	0.00140449	
      3391	0.00145006	
      3392	0.00149786	
      3393	0.00154806	
      3394	0.00160084	
      3395	0.00165641	
      3396	0.00171281	
      3397	0.00177231	
      3398	0.00183517	
      3399	 0.0019017	
      3400	 0.0019735	
      3401	0.00199345	
      3402	0.00201497	
      3403	0.00203679	
      3404	0.00205892	
      3405	0.00208004	
      3406	0.00209611	
      3407	0.00211102	
      3408	0.00212611	
      3409	0.00214138	
      3410	0.00215822	
      3411	0.00217809	
      3412	0.00219966	
      3413	0.00222153	
      3414	0.00224371	
      3415	0.00226622	
      3416	 0.0022861	
      3417	0.00230626	
      3418	0.00232669	
      3419	0.00234741	
      3420	0.00236843	
      3421	0.00238974	
      3422	0.00241136	
      3423	0.00243329	
      3424	0.00245554	
      3425	0.00247811	
      3426	0.00250102	
      3427	0.00252426	
      3428	0.00254786	
      3429	0.00257181	
      3430	0.00259613	
      3431	0.00262427	
      3432	0.00265287	
      3433	0.00268193	
      3434	0.00271148	
      3435	0.00274151	
      3436	0.00276841	
      3437	0.00279573	
      3438	 0.0028235	
      3439	0.00285173	
      3440	0.00288043	
      3441	 0.0029096	
      3442	0.00293927	
      3443	0.00296944	
      3444	0.00300014	
      3445	0.00303136	
      3446	0.00306314	
      3447	0.00309548	
      3448	 0.0031284	
      3449	0.00316191	
      3450	0.00319604	
      3451	0.00323514	
      3452	  0.003275	
      3453	0.00331564	
      3454	0.00335709	
      3455	0.00339936	
      3456	0.00343787	
      3457	0.00347714	
      3458	0.00351719	
      3459	0.00355807	
      3460	0.00359978	
      3461	0.00364729	
      3462	0.00369584	
      3463	0.00374545	
      3464	0.00379617	
      3465	0.00384803	
      3466	0.00389581	
      3467	0.00394467	
      3468	0.00399466	
      3469	0.00404582	
      3470	 0.0040982	
      3471	0.00415184	
      3472	0.00420681	
      3473	0.00426315	
      3474	0.00432093	
      3475	0.00438021	
      3476	0.00444106	
      3477	0.00450355	
      3478	0.00456776	
      3479	0.00463379	
      3480	0.00470171	
      3481	0.00477821	
      3482	0.00485705	
      3483	0.00493833	
      3484	 0.0050222	
      3485	0.00510882	
      3486	0.00519118	
      3487	0.00527637	
      3488	0.00536459	
      3489	0.00545605	
      3490	0.00555099	
      3491	0.00564968	
      3492	0.00575242	
      3493	0.00585957	
      3494	0.00597152	
      3495	0.00608877	
      3496	0.00621188	
      3497	0.00634153	
      3498	0.00647857	
      3499	0.00662408	
      3500	0.00677947	
      3501	 0.0067868	
      3502	0.00679415	
      3503	0.00680154	
      3504	0.00680895	
      3505	0.00681638	
      3506	0.00681424	
      3507	 0.0068121	
      3508	0.00680997	
      3509	0.00680785	
      3510	0.00680574	
      3511	0.00680364	
      3512	0.00680154	
      3513	0.00679946	
      3514	0.00679738	
      3515	0.00679531	
      3516	0.00679326	
      3517	0.00679121	
      3518	0.00678917	
      3519	0.00678715	
      3520	0.00678513	
      3521	 0.0067929	
      3522	0.00680071	
      3523	0.00680855	
      3524	0.00681642	
      3525	0.00682433	
      3526	0.00682245	
      3527	0.00682057	
      3528	0.00681872	
      3529	0.00681687	
      3530	0.00681505	
      3531	0.00682312	
      3532	0.00683124	
      3533	0.00683939	
      3534	0.00684759	
      3535	0.00685582	
      3536	0.00685415	
      3537	 0.0068525	
      3538	0.00685086	
      3539	0.00684925	
      3540	0.00684766	
      3541	0.00685609	
      3542	0.00686457	
      3543	 0.0068731	
      3544	0.00688168	
      3545	 0.0068903	
      3546	 0.0068889	
      3547	0.00688753	
      3548	0.00688618	
      3549	0.00688486	
      3550	0.00688356	
      3551	0.00688229	
      3552	0.00688106	
      3553	0.00687985	
      3554	0.00687867	
      3555	0.00687752	
      3556	0.00687641	
      3557	0.00687533	
      3558	0.00687429	
      3559	0.00687328	
      3560	0.00687231	
      3561	0.00688165	
      3562	0.00689105	
      3563	0.00690053	
      3564	0.00691008	
      3565	 0.0069197	
      3566	0.00691906	
      3567	0.00691846	
      3568	0.00691791	
      3569	0.00691742	
      3570	0.00691698	
      3571	 0.0069166	
      3572	0.00691628	
      3573	0.00691601	
      3574	0.00691582	
      3575	0.00691568	
      3576	0.00691562	
      3577	0.00691563	
      3578	0.00691572	
      3579	0.00691588	
      3580	0.00691613	
      3581	0.00692705	
      3582	0.00693808	
      3583	0.00694925	
      3584	0.00696056	
      3585	  0.006972	
      3586	0.00697294	
      3587	0.00697399	
      3588	0.00697518	
      3589	 0.0069765	
      3590	0.00697796	
      3591	0.00697958	
      3592	0.00698136	
      3593	0.00698332	
      3594	0.00698546	
      3595	0.00698781	
      3596	0.00700123	
      3597	0.00701494	
      3598	0.00702894	
      3599	0.00704327	
      3600	0.00705796	
      3601	0.00705225	
      3602	0.00704652	
      3603	 0.0070408	
      3604	0.00703507	
      3605	0.00702934	
      3606	 0.0070236	
      3607	0.00701786	
      3608	0.00701211	
      3609	0.00700637	
      3610	0.00700062	
      3611	 0.0070059	
      3612	0.00701119	
      3613	0.00701649	
      3614	0.00702181	
      3615	0.00702715	
      3616	0.00702142	
      3617	0.00701569	
      3618	0.00700995	
      3619	0.00700422	
      3620	0.00699848	
      3621	0.00700385	
      3622	0.00700924	
      3623	0.00701465	
      3624	0.00702007	
      3625	 0.0070255	
      3626	0.00701979	
      3627	0.00701408	
      3628	0.00700836	
      3629	0.00700264	
      3630	0.00699693	
      3631	0.00700241	
      3632	0.00700791	
      3633	0.00701342	
      3634	0.00701896	
      3635	0.00702451	
      3636	0.00701882	
      3637	0.00701314	
      3638	0.00700745	
      3639	0.00700177	
      3640	0.00699608	
      3641	0.00700169	
      3642	0.00700731	
      3643	0.00701296	
      3644	0.00701862	
      3645	 0.0070243	
      3646	0.00701866	
      3647	0.00701302	
      3648	0.00700738	
      3649	0.00700174	
      3650	 0.0069961	
      3651	0.00699047	
      3652	0.00698483	
      3653	 0.0069792	
      3654	0.00697357	
      3655	0.00696794	
      3656	0.00697375	
      3657	0.00697957	
      3658	0.00698542	
      3659	 0.0069913	
      3660	0.00699719	
      3661	0.00700311	
      3662	0.00700905	
      3663	0.00701502	
      3664	0.00702101	
      3665	0.00702702	
      3666	   0.00701	
      3667	0.00699297	
      3668	0.00697592	
      3669	0.00695886	
      3670	0.00694758	
      3671	0.00694787	
      3672	0.00695397	
      3673	 0.0069601	
      3674	0.00696626	
      3675	0.00697245	
      3676	0.00696704	
      3677	0.00696164	
      3678	0.00695625	
      3679	0.00695087	
      3680	0.00694551	
      3681	0.00694016	
      3682	0.00693482	
      3683	 0.0069295	
      3684	0.00692419	
      3685	 0.0069189	
      3686	0.00692537	
      3687	0.00693187	
      3688	0.00693842	
      3689	0.00694501	
      3690	0.00695165	
      3691	0.00694653	
      3692	0.00694145	
      3693	0.00693639	
      3694	0.00693136	
      3695	0.00692635	
      3696	0.00692138	
      3697	0.00691645	
      3698	0.00691155	
      3699	0.00690668	
      3700	0.00690186	
      3701	 0.0069084	
      3702	0.00691497	
      3703	0.00692155	
      3704	0.00692817	
      3705	 0.0069348	
      3706	 0.0069295	
      3707	0.00692419	
      3708	0.00691889	
      3709	0.00691358	
      3710	0.00690828	
      3711	0.00691501	
      3712	0.00692176	
      3713	0.00692854	
      3714	0.00693534	
      3715	0.00694217	
      3716	0.00693693	
      3717	 0.0069317	
      3718	0.00692647	
      3719	0.00692125	
      3720	0.00691602	
      3721	0.00692294	
      3722	0.00692989	
      3723	0.00693686	
      3724	0.00694386	
      3725	0.00695089	
      3726	0.00694574	
      3727	0.00694059	
      3728	0.00693544	
      3729	0.00693029	
      3730	0.00692514	
      3731	0.00693227	
      3732	0.00693943	
      3733	0.00694661	
      3734	0.00695382	
      3735	0.00696105	
      3736	0.00694365	
      3737	0.00692623	
      3738	0.00690878	
      3739	0.00689131	
      3740	0.00688001	
      3741	0.00688109	
      3742	 0.0068884	
      3743	0.00689574	
      3744	 0.0069031	
      3745	 0.0069105	
      3746	0.00690546	
      3747	0.00690042	
      3748	0.00689538	
      3749	0.00689035	
      3750	0.00688532	
      3751	0.00689283	
      3752	0.00690037	
      3753	0.00690794	
      3754	0.00691554	
      3755	0.00692317	
      3756	0.00691823	
      3757	 0.0069133	
      3758	0.00690837	
      3759	0.00690344	
      3760	0.00689852	
      3761	0.00690628	
      3762	0.00691406	
      3763	0.00692188	
      3764	0.00692974	
      3765	0.00693763	
      3766	0.00694555	
      3767	0.00695351	
      3768	 0.0069615	
      3769	0.00696952	
      3770	0.00697758	
      3771	0.00697286	
      3772	0.00696815	
      3773	0.00696344	
      3774	0.00695874	
      3775	0.00695404	
      3776	0.00694935	
      3777	0.00694467	
      3778	0.00693999	
      3779	0.00693532	
      3780	0.00693066	
      3781	0.00693898	
      3782	0.00694733	
      3783	0.00695572	
      3784	0.00696415	
      3785	0.00697263	
      3786	0.00696809	
      3787	0.00696356	
      3788	0.00695904	
      3789	0.00695453	
      3790	0.00695003	
      3791	0.00695867	
      3792	0.00696735	
      3793	0.00697607	
      3794	0.00698484	
      3795	0.00699365	
      3796	0.00698929	
      3797	0.00698494	
      3798	0.00698061	
      3799	0.00697628	
      3800	0.00697197	
      3801	0.00691434	
      3802	0.00686977	
      3803	0.00683272	
      3804	0.00680073	
      3805	0.00677246	
      3806	 0.0067342	
      3807	0.00669835	
      3808	0.00666449	
      3809	0.00663232	
      3810	0.00660162	
      3811	0.00658486	
      3812	0.00656917	
      3813	0.00655445	
      3814	0.00654059	
      3815	0.00652752	
      3816	0.00650265	
      3817	0.00647848	
      3818	0.00645498	
      3819	0.00643208	
      3820	0.00640975	
      3821	0.00640038	
      3822	0.00639149	
      3823	0.00638303	
      3824	0.00637499	
      3825	0.00636735	
      3826	0.00636009	
      3827	0.00635318	
      3828	0.00634663	
      3829	 0.0063404	
      3830	 0.0063345	
      3831	0.00631661	
      3832	0.00629904	
      3833	0.00628178	
      3834	0.00626481	
      3835	0.00624813	
      3836	0.00624397	
      3837	0.00624006	
      3838	 0.0062364	
      3839	0.00623298	
      3840	 0.0062298	
      3841	0.00621464	
      3842	0.00619971	
      3843	0.00618502	
      3844	0.00617055	
      3845	0.00615631	
      3846	0.00615448	
      3847	0.00615285	
      3848	0.00615142	
      3849	0.00615021	
      3850	0.00614919	
      3851	 0.0061362	
      3852	0.00612341	
      3853	0.00611082	
      3854	0.00609843	
      3855	0.00608623	
      3856	0.00608031	
      3857	0.00607459	
      3858	0.00606297	
      3859	0.00605764	
      3860	0.00605249	
      3861	0.00604754	
      3862	0.00604888	
      3863	0.00604432	
      3864	0.00604605	
      3865	0.00604188	
      3866	0.00603181	
      3867	0.00602804	
      3868	0.00601837	
      3869	  0.006015	
      3870	0.00600573	
      3871	0.00600889	
      3872	0.00601226	
      3873	0.00601586	
      3874	0.00601969	
      3875	0.00602375	
      3876	0.00601579	
      3877	0.00601419	
      3878	0.00600669	
      3879	0.00600557	
      3880	0.00599855	
      3881	0.00599794	
      3882	0.00599761	
      3883	0.00599755	
      3884	0.00599778	
      3885	0.00599831	
      3886	0.00600534	
      3887	0.00601271	
      3888	0.00602665	
      3889	0.00603476	
      3890	0.00604327	
      3891	0.00603972	
      3892	0.00603657	
      3893	0.00604011	
      3894	0.00603785	
      3895	0.00603607	
      3896	0.00604739	
      3897	0.00605301	
      3898	0.00606558	
      3899	0.00607254	
      3900	 0.0060866	
      3901	0.00609877	
      3902	0.00611102	
      3903	0.00611696	
      3904	0.00612935	
      3905	0.00614181	
      3906	0.00614794	
      3907	 0.0061477	
      3908	0.00615392	
      3909	0.00615375	
      3910	0.00616008	
      3911	0.00617295	
      3912	0.00617941	
      3913	0.00619244	
      3914	0.00619904	
      3915	0.00621224	
      3916	0.00621242	
      3917	0.00621265	
      3918	0.00621949	
      3919	0.00621981	
      3920	0.00622017	
      3921	0.00623381	
      3922	0.00624756	
      3923	0.00625476	
      3924	0.00626871	
      3925	0.00628276	
      3926	0.00628352	
      3927	0.00629104	
      3928	0.00629192	
      3929	0.00629959	
      3930	0.00630059	
      3931	 0.0063152	
      3932	0.00632314	
      3933	0.00633797	
      3934	0.00634611	
      3935	0.00636118	
      3936	0.00636952	
      3937	 0.0063711	
      3938	0.00637963	
      3939	0.00638136	
      3940	0.00639008	
      3941	0.00639892	
      3942	0.00641482	
      3943	 0.0064239	
      3944	0.00644009	
      3945	0.00644943	
      3946	0.00645186	
      3947	0.00645439	
      3948	0.00646408	
      3949	0.00646681	
      3950	0.00646965	
      3951	0.00647972	
      3952	0.00649707	
      3953	0.00650745	
      3954	0.00652517	
      3955	0.00653588	
      3956	0.00654676	
      3957	0.00655782	
      3958	0.00656179	
      3959	0.00657318	
      3960	0.00658476	
      3961	0.00660385	
      3962	0.00662319	
      3963	0.00663541	
      3964	0.00665524	
      3965	0.00667534	
      3966	0.00668085	
      3967	0.00669402	
      3968	0.00669996	
      3969	0.00671362	
      3970	0.00672002	
      3971	0.00674176	
      3972	0.00675627	
      3973	0.00677869	
      3974	0.00679387	
      3975	0.00681703	
      3976	0.00683294	
      3977	0.00684151	
      3978	0.00685816	
      3979	0.00686746	
      3980	0.00688495	
      3981	0.00690289	
      3982	0.00692134	
      3983	0.00694819	
      3984	0.00696776	
      3985	0.00698793	
      3986	0.00701672	
      3987	0.00703827	
      3988	0.00706861	
      3989	0.00709176	
      3990	0.00712392	
      3991	0.00714083	
      3992	0.00716693	
      3993	  0.007186	
      3994	0.00721461	
      3995	0.00723642	
      3996	0.00727661	
      3997	0.00731051	
      3998	0.00735529	
      3999	0.00739461	
      4000	0.00744624	
