       280	6.92175e-09	
       281	1.39711e-08	
       282	2.59504e-08	
       283	3.40991e-08	
       284	3.37548e-08	
       285	2.35038e-08	
       286	3.24611e-08	
       287	5.00774e-08	
       288	4.94853e-08	
       289	6.54632e-08	
       290	9.75197e-08	
       291	1.15003e-07	
       292	1.13738e-07	
       293	1.1551e-07	
       294	1.21908e-07	
       295	1.29537e-07	
       296	1.43619e-07	
       297	1.3735e-07	
       298	1.49017e-07	
       299	1.47047e-07	
       300	1.50442e-07	
       301	4.80019e-07	
       302	1.58037e-06	
       303	6.39741e-06	
       304	2.16704e-05	
       305	6.95646e-05	
       306	0.000105337	
       307	0.00018096	
       308	0.000315747	
       309	0.000466217	
       310	0.000738223	
       311	0.00135882	
       312	0.00184113	
       313	0.00253024	
       314	0.00358773	
       315	0.00472563	
       316	0.00508535	
       317	0.00711706	
       318	0.00834565	
       319	  0.009426	
       320	 0.0121439	
       321	 0.0136663	
       322	 0.0146605	
       323	 0.0154538	
       324	 0.0192463	
       325	  0.024872	
       326	 0.0316176	
       327	 0.0350161	
       328	 0.0363816	
       329	  0.041522	
       330	 0.0486651	
       331	 0.0472004	
       332	 0.0489823	
       333	 0.0500277	
       334	 0.0525013	
       335	 0.0572692	
       336	 0.0535369	
       337	 0.0518523	
       338	 0.0593571	
       339	 0.0649384	
       340	 0.0717607	
       341	 0.0708089	
       342	 0.0737181	
       343	 0.0782783	
       344	 0.0691831	
       345	 0.0736553	
       346	 0.0799646	
       347	 0.0826625	
       348	 0.0826184	
       349	 0.0834771	
       350	 0.0943823	
       351	  0.100905	
       352	  0.096403	
       353	  0.100383	
       354	  0.116188	
       355	  0.120075	
       356	  0.112044	
       357	 0.0972609	
       358	 0.0900101	
       359	  0.101347	
       360	  0.126387	
       361	   0.11669	
       362	  0.120789	
       363	  0.134308	
       364	  0.137409	
       365	  0.147485	
       366	  0.170689	
       367	   0.17304	
       368	  0.164847	
       369	  0.171956	
       370	  0.183239	
       371	  0.176282	
       372	  0.173493	
       373	  0.158144	
       374	  0.146218	
       375	    0.1589	
       376	  0.179736	
       377	  0.196872	
       378	  0.231288	
       379	  0.210846	
       380	  0.200892	
       381	   0.21388	
       382	  0.172567	
       383	  0.136848	
       384	  0.154397	
       385	  0.196096	
       386	   0.19271	
       387	  0.199882	
       388	  0.198295	
       389	  0.217164	
       390	  0.250812	
       391	   0.27031	
       392	  0.252811	
       393	  0.164092	
       394	  0.170314	
       395	  0.264509	
       396	   0.24626	
       397	  0.172996	
       398	  0.287091	
       399	  0.367868	
       400	  0.391665	
       401	  0.410087	
       402	  0.425583	
       403	  0.420619	
       404	  0.426041	
       405	  0.422858	
       406	  0.416053	
       407	  0.414006	
       408	  0.434408	
       409	  0.454196	
       410	  0.416004	
       411	  0.450626	
       412	  0.478911	
       413	  0.470328	
       414	  0.468589	
       415	  0.486645	
       416	  0.502536	
       417	  0.496171	
       418	  0.484592	
       419	  0.494169	
       420	  0.476322	
       421	  0.520521	
       422	  0.524513	
       423	  0.514684	
       424	  0.516975	
       425	  0.530601	
       426	  0.521378	
       427	  0.510334	
       428	  0.509921	
       429	  0.471978	
       430	   0.39272	
       431	  0.386162	
       432	  0.554567	
       433	  0.551601	
       434	  0.525036	
       435	  0.568056	
       436	  0.620493	
       437	   0.62983	
       438	  0.572449	
       439	  0.561204	
       440	  0.621429	
       441	  0.633533	
       442	  0.669856	
       443	  0.685416	
       444	  0.679297	
       445	  0.693622	
       446	  0.655679	
       447	  0.714427	
       448	  0.734987	
       449	  0.741446	
       450	  0.768792	
       451	  0.792678	
       452	  0.768328	
       453	  0.729828	
       454	  0.763195	
       455	   0.77148	
       456	  0.793787	
       457	  0.805115	
       458	  0.795474	
       459	  0.791531	
       460	  0.795375	
       461	  0.818515	
       462	  0.832331	
       463	  0.835144	
       464	  0.819672	
       465	  0.811076	
       466	  0.821262	
       467	  0.804182	
       468	  0.829315	
       469	  0.836941	
       470	  0.818396	
       471	  0.833269	
       472	  0.866748	
       473	  0.852102	
       474	   0.86236	
       475	  0.886625	
       476	   0.87326	
       477	  0.883573	
       478	  0.905918	
       479	  0.898817	
       480	  0.909752	
       481	  0.912131	
       482	  0.913912	
       483	  0.905602	
       484	  0.893795	
       485	  0.870573	
       486	  0.755549	
       487	  0.810317	
       488	  0.868904	
       489	  0.851827	
       490	  0.916121	
       491	  0.898795	
       492	  0.873186	
       493	   0.91006	
       494	  0.909848	
       495	  0.946434	
       496	  0.923353	
       497	  0.927745	
       498	   0.91143	
       499	  0.910968	
       500	  0.910455	
       501	  0.891886	
       502	  0.896509	
       503	  0.924546	
       504	  0.896671	
       505	   0.94051	
       506	  0.974264	
       507	  0.945545	
       508	   0.92637	
       509	  0.954747	
       510	  0.942763	
       511	  0.956093	
       512	   0.97193	
       513	  0.930258	
       514	  0.910646	
       515	  0.933214	
       516	  0.921534	
       517	  0.807066	
       518	  0.866467	
       519	  0.870129	
       520	  0.929966	
       521	  0.948867	
       522	  0.962737	
       523	  0.930908	
       524	  0.977813	
       525	  0.980881	
       526	  0.944341	
       527	  0.869261	
       528	  0.954075	
       529	   1.00064	
       530	  0.984328	
       531	   1.02106	
       532	   1.00111	
       533	  0.926727	
       534	  0.963472	
       535	  0.989291	
       536	   1.01062	
       537	  0.964246	
       538	  0.988163	
       539	  0.972252	
       540	  0.942502	
       541	  0.923318	
       542	  0.980959	
       543	   0.98214	
       544	   1.00574	
       545	  0.991706	
       546	  0.987532	
       547	   0.99327	
       548	  0.979725	
       549	  0.996736	
       550	   0.99377	
       551	  0.995982	
       552	   1.00886	
       553	  0.990987	
       554	   1.00451	
       555	      1.01	
       556	  0.996028	
       557	  0.977323	
       558	  0.984748	
       559	  0.953874	
       560	  0.967301	
       561	   1.00427	
       562	  0.980014	
       563	   1.00083	
       564	    0.9947	
       565	  0.990563	
       566	  0.959414	
       567	   1.00112	
       568	   1.00367	
       569	  0.991345	
       570	   0.98507	
       571	  0.963468	
       572	   1.00385	
       573	   1.01483	
       574	   1.00915	
       575	  0.992132	
       576	  0.988747	
       577	   1.00103	
       578	  0.981545	
       579	   0.98719	
       580	  0.993573	
       581	  0.996609	
       582	   1.00649	
       583	   1.01233	
       584	   1.00934	
       585	   1.00227	
       586	  0.985621	
       587	   1.00248	
       588	  0.985138	
       589	  0.909462	
       590	   0.94417	
       591	  0.987901	
       592	  0.986999	
       593	  0.986787	
       594	  0.989108	
       595	  0.989375	
       596	   1.00078	
       597	    1.0067	
       598	  0.993085	
       599	  0.989941	
       600	   0.99456	
       601	  0.984413	
       602	  0.979217	
       603	   0.99611	
       604	   1.01392	
       605	   1.01478	
       606	   1.01364	
       607	   1.01632	
       608	   1.01496	
       609	   1.00969	
       610	   1.00885	
       611	   1.00928	
       612	   1.02297	
       613	   1.01155	
       614	  0.994096	
       615	   1.01228	
       616	  0.995409	
       617	   0.99041	
       618	   1.01998	
       619	   1.03236	
       620	   1.03721	
       621	   1.04208	
       622	   1.02789	
       623	   1.02735	
       624	   1.02372	
       625	   1.01235	
       626	    1.0171	
       627	   1.04355	
       628	   1.05072	
       629	   1.05246	
       630	   1.04558	
       631	   1.03647	
       632	   1.01158	
       633	   1.04407	
       634	   1.03958	
       635	   1.04138	
       636	   1.02968	
       637	   1.05372	
       638	    1.0635	
       639	   1.05412	
       640	   1.03585	
       641	   1.03516	
       642	   1.03929	
       643	   1.04988	
       644	   1.04593	
       645	   1.05331	
       646	   1.03956	
       647	   1.04775	
       648	   1.04288	
       649	   1.01831	
       650	   1.01332	
       651	   1.05191	
       652	   1.05189	
       653	     1.056	
       654	   1.04436	
       655	   0.99859	
       656	  0.900968	
       657	  0.929988	
       658	   1.01773	
       659	   1.03542	
       660	   1.04898	
       661	   1.05838	
       662	   1.06104	
       663	   1.05777	
       664	   1.05617	
       665	   1.06732	
       666	   1.06486	
       667	   1.05551	
       668	    1.0444	
       669	   1.04497	
       670	   1.02523	
       671	   1.01564	
       672	    1.0021	
       673	   1.00082	
       674	  0.992617	
       675	  0.985631	
       676	  0.990404	
       677	  0.980712	
       678	  0.980208	
       679	  0.969321	
       680	  0.965914	
       681	  0.964265	
       682	  0.961928	
       683	  0.954861	
       684	  0.947905	
       685	  0.942659	
       686	  0.925452	
       687	  0.941252	
       688	  0.948263	
       689	  0.948113	
       690	  0.946417	
       691	  0.944417	
       692	  0.939211	
       693	  0.946986	
       694	  0.950815	
       695	  0.945728	
       696	  0.948897	
       697	  0.952178	
       698	  0.948094	
       699	  0.955788	
       700	  0.956117	
       701	  0.954902	
       702	  0.955551	
       703	  0.966706	
       704	      0.98	
       705	  0.991221	
       706	  0.988205	
       707	  0.989357	
       708	  0.996969	
       709	   1.00419	
       710	    1.0287	
       711	  0.976529	
       712	  0.939476	
       713	   0.91407	
       714	  0.899488	
       715	  0.873273	
       716	  0.867953	
       717	  0.857318	
       718	  0.837523	
       719	  0.808708	
       720	  0.823166	
       721	  0.823868	
       722	  0.823898	
       723	  0.817215	
       724	  0.816686	
       725	  0.815188	
       726	  0.817392	
       727	  0.824393	
       728	   0.82781	
       729	  0.812656	
       730	  0.842583	
       731	  0.843766	
       732	  0.859063	
       733	  0.863619	
       734	  0.887035	
       735	  0.894853	
       736	  0.896887	
       737	  0.908823	
       738	  0.916776	
       739	  0.916528	
       740	  0.952978	
       741	  0.950518	
       742	   0.94903	
       743	  0.968269	
       744	  0.978243	
       745	  0.976062	
       746	  0.977751	
       747	  0.979564	
       748	  0.976769	
       749	  0.977971	
       750	  0.975604	
       751	  0.978415	
       752	  0.982829	
       753	  0.986925	
       754	  0.993806	
       755	  0.993891	
       756	  0.983263	
       757	   0.98333	
       758	  0.988209	
       759	   0.97936	
       760	  0.983196	
       761	  0.979208	
       762	  0.979126	
       763	  0.936055	
       764	  0.903905	
       765	  0.870127	
       766	  0.824634	
       767	  0.810692	
       768	  0.815865	
       769	  0.814775	
       770	   0.82065	
       771	  0.828589	
       772	  0.836975	
       773	  0.845892	
       774	  0.855452	
       775	   0.86582	
       776	  0.876337	
       777	  0.883701	
       778	  0.898763	
       779	  0.921961	
       780	  0.950684	
       781	  0.948689	
       782	  0.952828	
       783	  0.946153	
       784	  0.939585	
       785	  0.944024	
       786	  0.944555	
       787	  0.943158	
       788	  0.936851	
       789	  0.934554	
       790	  0.927339	
       791	  0.919169	
       792	  0.911029	
       793	  0.902916	
       794	  0.895818	
       795	  0.895668	
       796	  0.903452	
       797	  0.915206	
       798	  0.910154	
       799	  0.901159	
       800	  0.890199	
       801	   0.87861	
       802	  0.864613	
       803	  0.843134	
       804	  0.834642	
       805	  0.813443	
       806	  0.818744	
       807	  0.809101	
       808	  0.799996	
       809	  0.784235	
       810	  0.782184	
       811	  0.778625	
       812	  0.778781	
       813	  0.774774	
       814	  0.769241	
       815	  0.759628	
       816	  0.754486	
       817	   0.74779	
       818	  0.731246	
       819	  0.715024	
       820	  0.709869	
       821	  0.708982	
       822	  0.697544	
       823	  0.700965	
       824	  0.697881	
       825	  0.707785	
       826	  0.723396	
       827	  0.734871	
       828	  0.741297	
       829	  0.748795	
       830	  0.763176	
       831	  0.780956	
       832	  0.790359	
       833	  0.779239	
       834	  0.791757	
       835	  0.798861	
       836	  0.808139	
       837	  0.808142	
       838	  0.811327	
       839	  0.811994	
       840	  0.822968	
       841	  0.823541	
       842	   0.81331	
       843	  0.810959	
       844	  0.803684	
       845	  0.821177	
       846	  0.822896	
       847	  0.806758	
       848	   0.80555	
       849	  0.797393	
       850	  0.747991	
       851	  0.791993	
       852	  0.797142	
       853	   0.78172	
       854	  0.720877	
       855	  0.753427	
       856	  0.802357	
       857	  0.823987	
       858	  0.829475	
       859	  0.832625	
       860	  0.832021	
       861	  0.831736	
       862	  0.838734	
       863	  0.838034	
       864	  0.824128	
       865	  0.800227	
       866	  0.733337	
       867	  0.767895	
       868	  0.801531	
       869	  0.801965	
       870	  0.810942	
       871	  0.805651	
       872	  0.811505	
       873	  0.805058	
       874	  0.792241	
       875	  0.785267	
       876	   0.80072	
       877	  0.805217	
       878	  0.802206	
       879	    0.7924	
       880	  0.789793	
       881	  0.725225	
       882	  0.712779	
       883	  0.695011	
       884	  0.683515	
       885	  0.674317	
       886	  0.648213	
       887	  0.635375	
       888	  0.635001	
       889	  0.628867	
       890	  0.619443	
       891	  0.609397	
       892	   0.59758	
       893	  0.583385	
       894	  0.578526	
       895	  0.574151	
       896	    0.5713	
       897	  0.562549	
       898	  0.554229	
       899	  0.544076	
       900	  0.536923	
       901	  0.523344	
       902	  0.511517	
       903	  0.524657	
       904	  0.522575	
       905	   0.51601	
       906	  0.515565	
       907	   0.52041	
       908	  0.517446	
       909	  0.514243	
       910	  0.520928	
       911	  0.525754	
       912	  0.527426	
       913	  0.535183	
       914	  0.538367	
       915	  0.538389	
       916	  0.540535	
       917	  0.538445	
       918	  0.538018	
       919	  0.539407	
       920	  0.535567	
       921	  0.527864	
       922	  0.521446	
       923	  0.510245	
       924	  0.525424	
       925	  0.528852	
       926	  0.450217	
       927	  0.411465	
       928	  0.372813	
       929	  0.341095	
       930	  0.314792	
       931	  0.294509	
       932	  0.275242	
       933	  0.259924	
       934	  0.244542	
       935	  0.228979	
       936	  0.216095	
       937	  0.205696	
       938	  0.209065	
       939	  0.210839	
       940	  0.209899	
       941	  0.209587	
       942	  0.207946	
       943	  0.215283	
       944	  0.215449	
       945	  0.218761	
       946	  0.223019	
       947	  0.225605	
       948	  0.229108	
       949	  0.237458	
       950	  0.244779	
       951	  0.251677	
       952	  0.261645	
       953	  0.270871	
       954	  0.277471	
       955	  0.278573	
       956	  0.298073	
       957	  0.314589	
       958	  0.331461	
       959	  0.349122	
       960	  0.364513	
       961	  0.382707	
       962	  0.406498	
       963	  0.432117	
       964	  0.461632	
       965	  0.506907	
       966	  0.507152	
       967	  0.513678	
       968	  0.513658	
       969	  0.518538	
       970	   0.52364	
       971	  0.524126	
       972	  0.530164	
       973	  0.530604	
       974	  0.528821	
       975	  0.535325	
       976	  0.544072	
       977	  0.545793	
       978	  0.552683	
       979	  0.553769	
       980	  0.562993	
       981	  0.567116	
       982	  0.573983	
       983	   0.57605	
       984	  0.576971	
       985	   0.58175	
       986	  0.584029	
       987	  0.588583	
       988	  0.592145	
       989	  0.592885	
       990	  0.600235	
       991	  0.610287	
       992	  0.616176	
       993	  0.625789	
       994	  0.633844	
       995	   0.63138	
       996	  0.629652	
       997	  0.623725	
       998	  0.623041	
       999	  0.622981	
      1000	  0.624402	
      1001	    0.6275	
      1002	   0.62746	
      1003	  0.621522	
      1004	  0.611685	
      1005	  0.585293	
      1006	  0.603689	
      1007	  0.616206	
      1008	  0.618918	
      1009	  0.617307	
      1010	  0.618136	
      1011	  0.615574	
      1012	  0.614395	
      1013	  0.611947	
      1014	  0.612584	
      1015	  0.606103	
      1016	  0.606527	
      1017	  0.603875	
      1018	  0.607305	
      1019	  0.596558	
      1020	  0.598398	
      1021	  0.599712	
      1022	  0.594732	
      1023	  0.598318	
      1024	  0.600637	
      1025	  0.600184	
      1026	  0.600285	
      1027	  0.599104	
      1028	  0.599341	
      1029	   0.59583	
      1030	  0.596855	
      1031	  0.596508	
      1032	  0.595755	
      1033	  0.589185	
      1034	  0.591527	
      1035	  0.594139	
      1036	  0.594534	
      1037	   0.59063	
      1038	  0.589532	
      1039	  0.593137	
      1040	  0.591871	
      1041	  0.592089	
      1042	  0.591641	
      1043	  0.588129	
      1044	  0.589109	
      1045	  0.585042	
      1046	  0.574712	
      1047	  0.580853	
      1048	  0.585785	
      1049	  0.584128	
      1050	  0.581373	
      1051	  0.581252	
      1052	  0.578714	
      1053	  0.577493	
      1054	  0.576492	
      1055	  0.578128	
      1056	  0.577126	
      1057	  0.575683	
      1058	  0.569619	
      1059	  0.558494	
      1060	  0.566833	
      1061	  0.561099	
      1062	  0.567135	
      1063	  0.563045	
      1064	  0.567866	
      1065	  0.566752	
      1066	  0.557919	
      1067	  0.559225	
      1068	  0.556557	
      1069	  0.535932	
      1070	  0.546712	
      1071	  0.532681	
      1072	  0.523729	
      1073	  0.509611	
      1074	  0.508428	
      1075	    0.4969	
      1076	  0.494578	
      1077	   0.49008	
      1078	  0.484948	
      1079	  0.474516	
      1080	  0.474281	
      1081	  0.462128	
      1082	  0.455079	
      1083	  0.455817	
      1084	  0.455988	
      1085	   0.45272	
      1086	  0.449573	
      1087	  0.434943	
      1088	  0.438945	
      1089	  0.438453	
      1090	  0.433798	
      1091	   0.43209	
      1092	   0.42379	
      1093	  0.415178	
      1094	  0.398187	
      1095	  0.405213	
      1096	  0.407072	
      1097	  0.407563	
      1098	  0.403515	
      1099	  0.400213	
      1100	  0.407009	
      1101	  0.333885	
      1102	  0.283789	
      1103	   0.25493	
      1104	  0.229391	
      1105	   0.20787	
      1106	  0.189896	
      1107	  0.174049	
      1108	  0.161139	
      1109	  0.149621	
      1110	  0.139547	
      1111	  0.129863	
      1112	  0.121525	
      1113	  0.113613	
      1114	  0.107652	
      1115	  0.101274	
      1116	 0.0949582	
      1117	 0.0904515	
      1118	 0.0846517	
      1119	 0.0800839	
      1120	 0.0758351	
      1121	 0.0793558	
      1122	 0.0831381	
      1123	 0.0867166	
      1124	 0.0904087	
      1125	  0.093808	
      1126	 0.0961291	
      1127	  0.101714	
      1128	  0.107783	
      1129	  0.113272	
      1130	  0.118625	
      1131	  0.118771	
      1132	  0.118551	
      1133	  0.116957	
      1134	  0.116484	
      1135	  0.116143	
      1136	  0.115702	
      1137	  0.113139	
      1138	   0.11141	
      1139	  0.112257	
      1140	  0.112213	
      1141	  0.110227	
      1142	  0.111194	
      1143	  0.110225	
      1144	  0.109087	
      1145	  0.109426	
      1146	  0.115271	
      1147	  0.120777	
      1148	  0.125966	
      1149	  0.131798	
      1150	   0.13821	
      1151	  0.145313	
      1152	  0.152831	
      1153	  0.162019	
      1154	  0.172897	
      1155	  0.183857	
      1156	  0.194603	
      1157	  0.209405	
      1158	  0.225118	
      1159	  0.241039	
      1160	  0.260359	
      1161	   0.28491	
      1162	  0.294767	
      1163	  0.301467	
      1164	  0.303007	
      1165	  0.309982	
      1166	  0.310834	
      1167	  0.319423	
      1168	  0.326529	
      1169	  0.325826	
      1170	  0.337489	
      1171	  0.340808	
      1172	  0.341987	
      1173	  0.341486	
      1174	  0.342282	
      1175	  0.338609	
      1176	  0.335897	
      1177	  0.342464	
      1178	  0.341822	
      1179	  0.342351	
      1180	  0.346804	
      1181	  0.346789	
      1182	  0.345017	
      1183	  0.333711	
      1184	  0.344855	
      1185	  0.350833	
      1186	  0.352349	
      1187	  0.353461	
      1188	  0.350281	
      1189	  0.339887	
      1190	  0.351453	
      1191	  0.359122	
      1192	  0.360465	
      1193	  0.361571	
      1194	  0.362887	
      1195	  0.362095	
      1196	  0.363294	
      1197	   0.36263	
      1198	  0.356728	
      1199	  0.350234	
      1200	  0.365463	
      1201	  0.370638	
      1202	   0.36979	
      1203	  0.359374	
      1204	  0.358636	
      1205	  0.366814	
      1206	  0.367108	
      1207	  0.367378	
      1208	  0.359791	
      1209	  0.348449	
      1210	  0.360035	
      1211	  0.356985	
      1212	  0.363237	
      1213	  0.365368	
      1214	  0.364663	
      1215	  0.365671	
      1216	  0.365972	
      1217	  0.366032	
      1218	   0.36537	
      1219	  0.364085	
      1220	  0.365764	
      1221	  0.366256	
      1222	   0.36565	
      1223	   0.36432	
      1224	  0.368194	
      1225	  0.368392	
      1226	  0.368845	
      1227	  0.363932	
      1228	  0.367984	
      1229	  0.371646	
      1230	  0.372282	
      1231	  0.372713	
      1232	  0.371676	
      1233	  0.374121	
      1234	  0.374948	
      1235	   0.37556	
      1236	  0.379567	
      1237	  0.382141	
      1238	  0.384476	
      1239	  0.385718	
      1240	    0.3931	
      1241	  0.393189	
      1242	  0.389921	
      1243	  0.384571	
      1244	  0.381235	
      1245	  0.380388	
      1246	  0.380755	
      1247	  0.379309	
      1248	  0.379569	
      1249	  0.377814	
      1250	  0.375495	
      1251	  0.371902	
      1252	  0.368152	
      1253	    0.3678	
      1254	  0.366772	
      1255	   0.36496	
      1256	  0.362882	
      1257	  0.360139	
      1258	  0.359722	
      1259	  0.357334	
      1260	  0.357158	
      1261	  0.355215	
      1262	  0.351124	
      1263	  0.351993	
      1264	  0.348153	
      1265	  0.347574	
      1266	  0.347893	
      1267	  0.342954	
      1268	  0.340095	
      1269	  0.341523	
      1270	   0.34238	
      1271	  0.343073	
      1272	  0.342408	
      1273	  0.342521	
      1274	  0.341796	
      1275	  0.344213	
      1276	  0.346063	
      1277	  0.347128	
      1278	  0.347399	
      1279	  0.346478	
      1280	  0.344552	
      1281	  0.333828	
      1282	   0.30949	
      1283	  0.329494	
      1284	  0.344155	
      1285	  0.348846	
      1286	  0.351324	
      1287	  0.354055	
      1288	  0.355166	
      1289	    0.3578	
      1290	  0.356616	
      1291	   0.34967	
      1292	  0.344751	
      1293	  0.339334	
      1294	  0.331303	
      1295	  0.328823	
      1296	  0.326075	
      1297	  0.320993	
      1298	  0.315968	
      1299	  0.315048	
      1300	  0.311728	
      1301	  0.308275	
      1302	  0.303569	
      1303	  0.299836	
      1304	  0.296952	
      1305	   0.29707	
      1306	  0.295622	
      1307	  0.293802	
      1308	  0.291605	
      1309	  0.289743	
      1310	  0.287075	
      1311	  0.284649	
      1312	  0.280554	
      1313	  0.273758	
      1314	  0.276762	
      1315	   0.27109	
      1316	  0.270664	
      1317	  0.272863	
      1318	  0.269922	
      1319	  0.271418	
      1320	  0.269808	
      1321	  0.216753	
      1322	  0.185379	
      1323	  0.162814	
      1324	  0.145178	
      1325	  0.130559	
      1326	  0.118058	
      1327	  0.107359	
      1328	 0.0986375	
      1329	 0.0893471	
      1330	 0.0833939	
      1331	 0.0778792	
      1332	 0.0715927	
      1333	 0.0677608	
      1334	 0.0636094	
      1335	 0.0595025	
      1336	  0.055507	
      1337	 0.0522722	
      1338	 0.0490429	
      1339	 0.0458026	
      1340	 0.0431856	
      1341	 0.0414895	
      1342	 0.0392768	
      1343	  0.037246	
      1344	 0.0353784	
      1345	 0.0335916	
      1346	 0.0317336	
      1347	 0.0302931	
      1348	 0.0288251	
      1349	 0.0273854	
      1350	 0.0258791	
      1351	 0.0229042	
      1352	 0.0204575	
      1353	 0.0182105	
      1354	 0.0162249	
      1355	 0.0144146	
      1356	 0.0129573	
      1357	 0.0116037	
      1358	  0.010607	
      1359	0.00960673	
      1360	 0.0086721	
      1361	0.00796497	
      1362	0.00724762	
      1363	0.00653899	
      1364	0.00603193	
      1365	0.00552922	
      1366	0.00506883	
      1367	 0.0046294	
      1368	0.00428198	
      1369	0.00389647	
      1370	0.00358799	
      1371	0.00332045	
      1372	0.00309758	
      1373	0.00287271	
      1374	0.00265766	
      1375	0.00243302	
      1376	  0.002244	
      1377	0.00210079	
      1378	0.00195529	
      1379	0.00182966	
      1380	0.00169682	
      1381	0.00158142	
      1382	0.00146154	
      1383	0.00136655	
      1384	0.00128129	
      1385	0.00119036	
      1386	0.00111799	
      1387	0.00103993	
      1388	0.000977587	
      1389	0.000916896	
      1390	0.000849209	
      1391	0.000803708	
      1392	0.000755616	
      1393	0.000706497	
      1394	0.000660895	
      1395	0.00062144	
      1396	0.000658172	
      1397	0.000696981	
      1398	0.000739575	
      1399	0.000779828	
      1400	0.000809158	
      1401	0.000857449	
      1402	0.00091961	
      1403	0.00097116	
      1404	0.00103342	
      1405	0.00109881	
      1406	0.00117469	
      1407	0.00124975	
      1408	0.00133004	
      1409	 0.0014217	
      1410	0.00151466	
      1411	0.00160593	
      1412	0.00168477	
      1413	0.00181656	
      1414	0.00196675	
      1415	0.00211052	
      1416	0.00225668	
      1417	0.00243407	
      1418	0.00262097	
      1419	0.00279566	
      1420	0.00300384	
      1421	0.00325155	
      1422	 0.0034593	
      1423	0.00372758	
      1424	0.00403208	
      1425	0.00440025	
      1426	0.00468181	
      1427	0.00511963	
      1428	0.00560189	
      1429	0.00601368	
      1430	0.00654831	
      1431	 0.0071953	
      1432	0.00801188	
      1433	0.00879627	
      1434	0.00954986	
      1435	 0.0105513	
      1436	 0.0116732	
      1437	 0.0129535	
      1438	   0.01435	
      1439	 0.0159966	
      1440	 0.0172851	
      1441	 0.0194659	
      1442	 0.0219565	
      1443	 0.0239464	
      1444	 0.0250127	
      1445	 0.0260891	
      1446	 0.0272922	
      1447	 0.0283223	
      1448	 0.0297226	
      1449	 0.0309823	
      1450	 0.0321649	
      1451	 0.0332972	
      1452	 0.0348116	
      1453	 0.0365258	
      1454	 0.0381144	
      1455	 0.0398401	
      1456	 0.0416671	
      1457	 0.0440652	
      1458	 0.0468953	
      1459	   0.04957	
      1460	 0.0519512	
      1461	 0.0546549	
      1462	 0.0573831	
      1463	  0.058745	
      1464	 0.0588305	
      1465	 0.0593231	
      1466	 0.0588852	
      1467	 0.0595462	
      1468	 0.0591093	
      1469	 0.0595566	
      1470	 0.0592643	
      1471	 0.0584455	
      1472	 0.0586333	
      1473	 0.0585115	
      1474	 0.0574053	
      1475	 0.0581246	
      1476	 0.0584368	
      1477	 0.0583427	
      1478	  0.060457	
      1479	 0.0632656	
      1480	 0.0659046	
      1481	 0.0680095	
      1482	 0.0710297	
      1483	   0.07298	
      1484	  0.076827	
      1485	 0.0810669	
      1486	 0.0840437	
      1487	 0.0861917	
      1488	 0.0836385	
      1489	 0.0947809	
      1490	  0.101814	
      1491	  0.107653	
      1492	  0.113036	
      1493	  0.121004	
      1494	  0.129096	
      1495	  0.137264	
      1496	  0.144384	
      1497	  0.158519	
      1498	  0.161579	
      1499	  0.162678	
      1500	  0.167097	
      1501	  0.169254	
      1502	  0.168351	
      1503	  0.159445	
      1504	  0.165128	
      1505	  0.164353	
      1506	    0.1728	
      1507	  0.181025	
      1508	  0.182891	
      1509	  0.185366	
      1510	  0.191599	
      1511	  0.195332	
      1512	  0.196187	
      1513	  0.199209	
      1514	    0.2029	
      1515	  0.209274	
      1516	  0.214446	
      1517	  0.220102	
      1518	   0.22998	
      1519	  0.237459	
      1520	  0.253428	
      1521	  0.249126	
      1522	  0.248283	
      1523	  0.251114	
      1524	  0.251645	
      1525	  0.248221	
      1526	  0.252689	
      1527	  0.252081	
      1528	  0.253163	
      1529	  0.250604	
      1530	  0.241821	
      1531	  0.251141	
      1532	  0.253036	
      1533	  0.250936	
      1534	  0.248098	
      1535	  0.250494	
      1536	  0.253559	
      1537	  0.253814	
      1538	  0.249962	
      1539	  0.252872	
      1540	  0.245218	
      1541	  0.245267	
      1542	  0.245503	
      1543	  0.244584	
      1544	  0.244799	
      1545	  0.244437	
      1546	  0.242511	
      1547	  0.238697	
      1548	  0.233551	
      1549	  0.235518	
      1550	  0.233508	
      1551	  0.233375	
      1552	   0.23434	
      1553	  0.231373	
      1554	  0.226732	
      1555	  0.226284	
      1556	  0.224059	
      1557	  0.227245	
      1558	  0.226104	
      1559	  0.226036	
      1560	  0.225119	
      1561	  0.228242	
      1562	  0.227875	
      1563	  0.227089	
      1564	  0.225342	
      1565	  0.227557	
      1566	  0.226044	
      1567	  0.226356	
      1568	  0.224742	
      1569	  0.226585	
      1570	  0.226823	
      1571	  0.231095	
      1572	  0.231923	
      1573	  0.229832	
      1574	  0.227739	
      1575	  0.219845	
      1576	  0.224912	
      1577	  0.214036	
      1578	  0.226039	
      1579	  0.231573	
      1580	  0.233342	
      1581	  0.232788	
      1582	  0.225847	
      1583	   0.22663	
      1584	  0.225106	
      1585	  0.229309	
      1586	  0.227025	
      1587	   0.22386	
      1588	  0.218078	
      1589	  0.206597	
      1590	  0.210923	
      1591	  0.212503	
      1592	  0.220646	
      1593	  0.224511	
      1594	  0.223468	
      1595	  0.222667	
      1596	  0.214394	
      1597	  0.215905	
      1598	  0.219794	
      1599	  0.216563	
      1600	   0.21658	
      1601	  0.211768	
      1602	  0.213094	
      1603	  0.213249	
      1604	  0.213188	
      1605	  0.211009	
      1606	  0.210111	
      1607	  0.209018	
      1608	  0.211531	
      1609	  0.209389	
      1610	  0.199637	
      1611	  0.203587	
      1612	  0.205556	
      1613	  0.209144	
      1614	   0.20902	
      1615	  0.208165	
      1616	   0.20151	
      1617	  0.204334	
      1618	   0.21045	
      1619	  0.209891	
      1620	  0.205209	
      1621	  0.205459	
      1622	  0.208821	
      1623	  0.213372	
      1624	  0.214353	
      1625	  0.212401	
      1626	  0.215019	
      1627	  0.216784	
      1628	  0.219009	
      1629	  0.220626	
      1630	  0.221227	
      1631	  0.222032	
      1632	    0.2218	
      1633	   0.21924	
      1634	   0.21716	
      1635	  0.219485	
      1636	  0.218685	
      1637	  0.211629	
      1638	  0.209801	
      1639	  0.206698	
      1640	  0.208572	
      1641	  0.207559	
      1642	  0.207826	
      1643	   0.21086	
      1644	  0.209159	
      1645	  0.208506	
      1646	  0.211079	
      1647	  0.211474	
      1648	  0.210837	
      1649	  0.207776	
      1650	  0.209444	
      1651	  0.207544	
      1652	  0.209455	
      1653	  0.208021	
      1654	  0.208664	
      1655	  0.207004	
      1656	  0.207992	
      1657	  0.208068	
      1658	  0.206987	
      1659	  0.204995	
      1660	  0.206109	
      1661	  0.206874	
      1662	  0.206149	
      1663	  0.205315	
      1664	  0.204934	
      1665	  0.203294	
      1666	  0.201776	
      1667	  0.201749	
      1668	  0.199305	
      1669	   0.20066	
      1670	  0.203514	
      1671	  0.202223	
      1672	  0.196347	
      1673	  0.198395	
      1674	  0.200555	
      1675	   0.19847	
      1676	  0.196276	
      1677	  0.197409	
      1678	  0.197964	
      1679	  0.194119	
      1680	  0.187175	
      1681	  0.180725	
      1682	  0.183185	
      1683	  0.187476	
      1684	  0.189647	
      1685	  0.189722	
      1686	  0.187378	
      1687	  0.187184	
      1688	  0.186454	
      1689	   0.18398	
      1690	  0.183623	
      1691	  0.185811	
      1692	  0.185705	
      1693	  0.184624	
      1694	  0.184099	
      1695	  0.183594	
      1696	  0.182441	
      1697	  0.181309	
      1698	  0.180725	
      1699	  0.179391	
      1700	  0.177001	
      1701	  0.176337	
      1702	  0.175973	
      1703	  0.175401	
      1704	  0.174794	
      1705	  0.174134	
      1706	  0.173046	
      1707	  0.171898	
      1708	  0.170757	
      1709	  0.169624	
      1710	  0.168668	
      1711	  0.168733	
      1712	  0.168969	
      1713	  0.169208	
      1714	  0.169449	
      1715	  0.169549	
      1716	  0.168763	
      1717	  0.167839	
      1718	   0.16692	
      1719	  0.166007	
      1720	  0.165165	
      1721	  0.164694	
      1722	  0.164293	
      1723	  0.163896	
      1724	  0.163501	
      1725	  0.163052	
      1726	  0.162225	
      1727	  0.161344	
      1728	  0.160468	
      1729	  0.159595	
      1730	  0.158587	
      1731	  0.156712	
      1732	  0.154704	
      1733	  0.152703	
      1734	  0.150708	
      1735	  0.149112	
      1736	  0.149839	
      1737	  0.150956	
      1738	  0.152072	
      1739	  0.153187	
      1740	  0.154056	
      1741	  0.136256	
      1742	  0.124485	
      1743	  0.115402	
      1744	  0.107921	
      1745	  0.101576	
      1746	 0.0962604	
      1747	  0.091583	
      1748	 0.0873813	
      1749	 0.0835704	
      1750	    0.0801	
      1751	 0.0769659	
      1752	 0.0740796	
      1753	 0.0713982	
      1754	 0.0688972	
      1755	 0.0665312	
      1756	 0.0641502	
      1757	 0.0618862	
      1758	 0.0597511	
      1759	 0.0577333	
      1760	  0.055838	
      1761	 0.0541294	
      1762	 0.0525198	
      1763	 0.0509874	
      1764	 0.0495265	
      1765	 0.0481318	
      1766	  0.046799	
      1767	 0.0455236	
      1768	 0.0443021	
      1769	  0.043131	
      1770	 0.0419908	
      1771	 0.0407911	
      1772	 0.0396235	
      1773	 0.0385015	
      1774	 0.0374227	
      1775	 0.0364054	
      1776	 0.0355468	
      1777	 0.0347382	
      1778	 0.0339573	
      1779	 0.0332027	
      1780	  0.032464	
      1781	 0.0316953	
      1782	 0.0309433	
      1783	 0.0302158	
      1784	 0.0295119	
      1785	 0.0288386	
      1786	 0.0282352	
      1787	 0.0276579	
      1788	 0.0270976	
      1789	 0.0265538	
      1790	 0.0260151	
      1791	 0.0254245	
      1792	 0.0248414	
      1793	 0.0242754	
      1794	 0.0237259	
      1795	 0.0231923	
      1796	 0.0226739	
      1797	 0.0221702	
      1798	 0.0216806	
      1799	 0.0212046	
      1800	 0.0207541	
      1801	 0.0183865	
      1802	 0.0163867	
      1803	  0.014673	
      1804	 0.0131928	
      1805	 0.0119042	
      1806	 0.0107667	
      1807	0.00976587	
      1808	0.00888213	
      1809	0.00809847	
      1810	0.00738553	
      1811	0.00666536	
      1812	0.00601304	
      1813	0.00543289	
      1814	0.00491561	
      1815	 0.0044671	
      1816	 0.0041401	
      1817	0.00385422	
      1818	0.00359275	
      1819	0.00335313	
      1820	0.00313216	
      1821	0.00292353	
      1822	0.00273088	
      1823	0.00255354	
      1824	0.00239005	
      1825	0.00223679	
      1826	0.00208163	
      1827	0.00193686	
      1828	0.00180361	
      1829	0.00168084	
      1830	0.00156839	
      1831	0.00146859	
      1832	0.00137681	
      1833	0.00129166	
      1834	0.00121258	
      1835	0.00113894	
      1836	0.00106935	
      1837	0.00100448	
      1838	0.000944094	
      1839	0.000887836	
      1840	0.000835278	
      1841	0.000785436	
      1842	0.000738845	
      1843	0.000695358	
      1844	0.000654742	
      1845	0.000617104	
      1846	0.000583572	
      1847	0.000552399	
      1848	0.000523122	
      1849	0.000495609	
      1850	0.000469586	
      1851	0.000444237	
      1852	0.000420284	
      1853	0.000397774	
      1854	0.00037661	
      1855	0.000356702	
      1856	0.000337966	
      1857	0.000320325	
      1858	0.000303709	
      1859	0.00028805	
      1860	0.000273287	
      1861	0.000280476	
      1862	0.000287883	
      1863	0.000295516	
      1864	0.000303383	
      1865	0.000311557	
      1866	0.00032029	
      1867	0.000329373	
      1868	0.000338753	
      1869	0.00034844	
      1870	0.000357662	
      1871	0.00036221	
      1872	0.000365917	
      1873	0.000369561	
      1874	0.000373134	
      1875	0.000378711	
      1876	0.000397094	
      1877	0.00041852	
      1878	0.000440953	
      1879	0.000464441	
      1880	0.000487705	
      1881	0.000503808	
      1882	 0.0005191	
      1883	0.000534931	
      1884	0.000551325	
      1885	0.000567838	
      1886	0.000581877	
      1887	0.000595823	
      1888	0.000610155	
      1889	0.000624887	
      1890	0.000640488	
      1891	0.000659379	
      1892	0.000679419	
      1893	0.00070018	
      1894	0.000721693	
      1895	0.00074453	
      1896	0.000771567	
      1897	0.000800303	
      1898	0.000830254	
      1899	0.000861479	
      1900	0.000893595	
      1901	0.000924041	
      1902	0.000955233	
      1903	0.000987674	
      1904	0.00102142	
      1905	0.00105639	
      1906	0.00109153	
      1907	 0.0011279	
      1908	0.00116574	
      1909	 0.0012051	
      1910	0.00124635	
      1911	0.00129062	
      1912	0.00133707	
      1913	0.00138553	
      1914	 0.0014361	
      1915	 0.0014889	
      1916	0.00154404	
      1917	0.00160164	
      1918	0.00166184	
      1919	0.00172479	
      1920	0.00179063	
      1921	 0.0017207	
      1922	0.00172808	
      1923	 0.0017518	
      1924	0.00178504	
      1925	0.00182465	
      1926	0.00186594	
      1927	0.00191158	
      1928	0.00196195	
      1929	 0.0020169	
      1930	0.00207803	
      1931	0.00215378	
      1932	0.00223688	
      1933	0.00232605	
      1934	0.00242167	
      1935	0.00252282	
      1936	0.00262204	
      1937	0.00272679	
      1938	0.00283894	
      1939	0.00295905	
      1940	0.00308303	
      1941	0.00318604	
      1942	0.00329058	
      1943	0.00340187	
      1944	0.00352048	
      1945	0.00365918	
      1946	 0.0038848	
      1947	0.00414355	
      1948	 0.0044257	
      1949	0.00473403	
      1950	0.00506774	
      1951	0.00540841	
      1952	0.00577816	
      1953	0.00618552	
      1954	0.00663585	
      1955	   0.00713	
      1956	0.00764453	
      1957	0.00821268	
      1958	0.00885038	
      1959	0.00957061	
      1960	 0.0103883	
      1961	 0.0108924	
      1962	 0.0114297	
      1963	 0.0120052	
      1964	 0.0126227	
      1965	 0.0132976	
      1966	 0.0140939	
      1967	 0.0149694	
      1968	 0.0159215	
      1969	 0.0169598	
      1970	 0.0180853	
      1971	 0.0192484	
      1972	 0.0205148	
      1973	  0.021912	
      1974	 0.0234607	
      1975	 0.0251871	
      1976	 0.0271236	
      1977	 0.0293121	
      1978	 0.0318075	
      1979	 0.0346839	
      1980	 0.0380538	
      1981	 0.0421099	
      1982	 0.0470607	
      1983	 0.0532983	
      1984	 0.0616003	
      1985	 0.0739412	
      1986	 0.0596165	
      1987	 0.0521746	
      1988	 0.0468927	
      1989	 0.0427767	
      1990	 0.0393769	
      1991	 0.0363271	
      1992	 0.0336719	
      1993	   0.03135	
      1994	 0.0292958	
      1995	 0.0274802	
      1996	  0.025944	
      1997	 0.0245683	
      1998	 0.0233141	
      1999	 0.0221651	
      2000	 0.0210992	
      2001	 0.0200634	
      2002	 0.0190967	
      2003	 0.0181995	
      2004	 0.0173646	
      2005	 0.0165932	
      2006	  0.017144	
      2007	 0.0177296	
      2008	 0.0183448	
      2009	 0.0189918	
      2010	 0.0196696	
      2011	 0.0203557	
      2012	 0.0210757	
      2013	 0.0218361	
      2014	 0.0226405	
      2015	 0.0234888	
      2016	 0.0243549	
      2017	  0.025271	
      2018	 0.0262467	
      2019	 0.0272886	
      2020	 0.0284167	
      2021	  0.029708	
      2022	  0.031115	
      2023	 0.0326386	
      2024	 0.0342959	
      2025	 0.0360913	
      2026	 0.0379631	
      2027	 0.0400165	
      2028	 0.0423089	
      2029	 0.0448961	
      2030	 0.0478711	
      2031	  0.051409	
      2032	 0.0556686	
      2033	  0.061012	
      2034	 0.0683235	
      2035	 0.0817474	
      2036	 0.0806374	
      2037	 0.0796031	
      2038	   0.07864	
      2039	 0.0777351	
      2040	 0.0769362	
      2041	 0.0764922	
      2042	 0.0761362	
      2043	 0.0758071	
      2044	 0.0755017	
      2045	 0.0751688	
      2046	  0.074537	
      2047	 0.0738783	
      2048	 0.0732396	
      2049	 0.0726196	
      2050	 0.0720371	
      2051	 0.0715654	
      2052	 0.0711281	
      2053	  0.070704	
      2054	 0.0702925	
      2055	 0.0698796	
      2056	 0.0693721	
      2057	 0.0688631	
      2058	 0.0683655	
      2059	 0.0678789	
      2060	 0.0674225	
      2061	 0.0670677	
      2062	 0.0667418	
      2063	 0.0664249	
      2064	  0.066117	
      2065	  0.065818	
      2066	 0.0660247	
      2067	 0.0662356	
      2068	  0.066451	
      2069	 0.0666711	
      2070	 0.0669158	
      2071	 0.0672591	
      2072	 0.0676291	
      2073	 0.0680062	
      2074	 0.0683907	
      2075	 0.0687558	
      2076	 0.0689508	
      2077	 0.0691243	
      2078	 0.0693042	
      2079	 0.0694908	
      2080	 0.0696985	
      2081	 0.0699847	
      2082	 0.0702945	
      2083	 0.0706146	
      2084	 0.0709456	
      2085	 0.0712958	
      2086	 0.0716736	
      2087	 0.0720732	
      2088	 0.0724886	
      2089	 0.0729214	
      2090	 0.0733585	
      2091	  0.073741	
      2092	  0.074131	
      2093	 0.0745465	
      2094	 0.0749917	
      2095	 0.0755031	
      2096	  0.076263	
      2097	 0.0771109	
      2098	 0.0780294	
      2099	 0.0790396	
      2100	 0.0801687	
      2101	 0.0801755	
      2102	 0.0801746	
      2103	 0.0801743	
      2104	 0.0801748	
      2105	 0.0801592	
      2106	 0.0800438	
      2107	 0.0799122	
      2108	 0.0797811	
      2109	 0.0796506	
      2110	 0.0795291	
      2111	 0.0794756	
      2112	 0.0794313	
      2113	 0.0793879	
      2114	 0.0793453	
      2115	 0.0793037	
      2116	 0.0792462	
      2117	 0.0791897	
      2118	 0.0791342	
      2119	 0.0790799	
      2120	 0.0790267	
      2121	 0.0789578	
      2122	 0.0788902	
      2123	 0.0788239	
      2124	 0.0787591	
      2125	 0.0787215	
      2126	 0.0788223	
      2127	 0.0789509	
      2128	  0.079082	
      2129	 0.0792156	
      2130	 0.0793176	
      2131	 0.0792333	
      2132	 0.0791171	
      2133	 0.0790038	
      2134	 0.0788936	
      2135	 0.0788127	
      2136	  0.078909	
      2137	 0.0790363	
      2138	 0.0791695	
      2139	 0.0793091	
      2140	 0.0794303	
      2141	  0.079403	
      2142	 0.0793594	
      2143	 0.0793281	
      2144	 0.0793123	
      2145	 0.0793438	
      2146	 0.0795285	
      2147	 0.0797856	
      2148	  0.080123	
      2149	 0.0800744	
      2150	 0.0800169	
      2151	 0.0798702	
      2152	 0.0797148	
      2153	 0.0795594	
      2154	 0.0794042	
      2155	  0.079249	
      2156	 0.0790584	
      2157	 0.0788678	
      2158	 0.0786773	
      2159	  0.078487	
      2160	 0.0781899	
      2161	 0.0772339	
      2162	 0.0761713	
      2163	 0.0751092	
      2164	 0.0740474	
      2165	 0.0731907	
      2166	 0.0735802	
      2167	 0.0741743	
      2168	 0.0747683	
      2169	 0.0753621	
      2170	 0.0758936	
      2171	 0.0760159	
      2172	 0.0760759	
      2173	  0.076136	
      2174	 0.0761962	
      2175	 0.0762208	
      2176	 0.0760322	
      2177	 0.0758081	
      2178	 0.0755841	
      2179	 0.0753603	
      2180	 0.0751632	
      2181	 0.0751438	
      2182	 0.0751511	
      2183	 0.0751585	
      2184	 0.0751659	
      2185	 0.0751378	
      2186	 0.0748791	
      2187	 0.0745849	
      2188	  0.074291	
      2189	 0.0739971	
      2190	 0.0737477	
      2191	 0.0737644	
      2192	 0.0738256	
      2193	 0.0738867	
      2194	 0.0739479	
      2195	 0.0739825	
      2196	 0.0738754	
      2197	 0.0737418	
      2198	 0.0736082	
      2199	 0.0734615	
      2200	 0.0732884	
      2201	 0.0729562	
      2202	 0.0725977	
      2203	 0.0722395	
      2204	 0.0718815	
      2205	 0.0715681	
      2206	 0.0714847	
      2207	 0.0714455	
      2208	 0.0714065	
      2209	 0.0713676	
      2210	 0.0713199	
      2211	  0.071237	
      2212	 0.0711454	
      2213	 0.0710539	
      2214	 0.0709625	
      2215	 0.0708712	
      2216	   0.07078	
      2217	 0.0706889	
      2218	  0.070598	
      2219	 0.0705071	
      2220	 0.0703988	
      2221	  0.070185	
      2222	 0.0699537	
      2223	 0.0697227	
      2224	 0.0694918	
      2225	 0.0692787	
      2226	 0.0691712	
      2227	 0.0690814	
      2228	 0.0689917	
      2229	  0.068902	
      2230	 0.0688125	
      2231	 0.0687056	
      2232	 0.0685987	
      2233	 0.0684919	
      2234	 0.0683853	
      2235	 0.0682612	
      2236	 0.0680146	
      2237	 0.0677506	
      2238	 0.0674868	
      2239	 0.0672232	
      2240	 0.0669861	
      2241	 0.0669066	
      2242	 0.0668534	
      2243	 0.0668004	
      2244	 0.0667474	
      2245	 0.0666769	
      2246	 0.0665192	
      2247	 0.0663442	
      2248	 0.0661692	
      2249	 0.0659944	
      2250	 0.0658197	
      2251	 0.0656103	
      2252	  0.065401	
      2253	 0.0651918	
      2254	 0.0649828	
      2255	 0.0647914	
      2256	 0.0647221	
      2257	 0.0646704	
      2258	 0.0646187	
      2259	  0.064567	
      2260	 0.0645067	
      2261	 0.0643595	
      2262	 0.0642036	
      2263	 0.0640479	
      2264	 0.0638922	
      2265	 0.0637541	
      2266	 0.0636857	
      2267	 0.0636346	
      2268	 0.0635837	
      2269	 0.0635328	
      2270	 0.0634732	
      2271	 0.0631418	
      2272	 0.0628117	
      2273	 0.0624906	
      2274	 0.0621778	
      2275	 0.0618554	
      2276	 0.0614551	
      2277	 0.0610451	
      2278	 0.0606418	
      2279	 0.0602449	
      2280	  0.059879	
      2281	 0.0596691	
      2282	 0.0594883	
      2283	 0.0593115	
      2284	 0.0591382	
      2285	 0.0589684	
      2286	  0.058769	
      2287	 0.0585728	
      2288	 0.0583797	
      2289	 0.0581896	
      2290	 0.0579698	
      2291	 0.0575416	
      2292	 0.0570849	
      2293	  0.056632	
      2294	  0.056183	
      2295	 0.0557858	
      2296	 0.0556487	
      2297	 0.0555616	
      2298	 0.0554761	
      2299	 0.0553922	
      2300	 0.0553019	
      2301	 0.0551496	
      2302	 0.0549912	
      2303	 0.0548345	
      2304	 0.0546795	
      2305	 0.0545183	
      2306	 0.0543273	
      2307	 0.0541302	
      2308	 0.0539347	
      2309	  0.053741	
      2310	 0.0535488	
      2311	 0.0533272	
      2312	 0.0531072	
      2313	 0.0528888	
      2314	 0.0526721	
      2315	 0.0524568	
      2316	 0.0522584	
      2317	 0.0520615	
      2318	 0.0518659	
      2319	 0.0516717	
      2320	 0.0514559	
      2321	 0.0510743	
      2322	  0.050672	
      2323	 0.0502717	
      2324	 0.0498735	
      2325	   0.04953	
      2326	 0.0494744	
      2327	  0.049472	
      2328	 0.0494701	
      2329	 0.0494686	
      2330	 0.0494451	
      2331	 0.0493028	
      2332	  0.049139	
      2333	 0.0489762	
      2334	 0.0488144	
      2335	 0.0486535	
      2336	 0.0484936	
      2337	 0.0483345	
      2338	 0.0481764	
      2339	 0.0480191	
      2340	 0.0478701	
      2341	 0.0477659	
      2342	 0.0476696	
      2343	  0.047574	
      2344	  0.047479	
      2345	   0.04737	
      2346	 0.0471891	
      2347	 0.0469945	
      2348	 0.0468008	
      2349	 0.0466081	
      2350	 0.0464018	
      2351	 0.0460955	
      2352	 0.0457761	
      2353	 0.0454579	
      2354	  0.045141	
      2355	 0.0448683	
      2356	 0.0448255	
      2357	 0.0448259	
      2358	 0.0448265	
      2359	 0.0448273	
      2360	 0.0448212	
      2361	  0.043347	
      2362	 0.0420209	
      2363	 0.0408171	
      2364	 0.0397125	
      2365	 0.0386846	
      2366	 0.0376795	
      2367	 0.0367317	
      2368	 0.0358394	
      2369	 0.0349964	
      2370	 0.0341918	
      2371	 0.0333947	
      2372	 0.0326295	
      2373	 0.0318985	
      2374	 0.0311988	
      2375	 0.0305477	
      2376	 0.0300202	
      2377	 0.0295325	
      2378	 0.0290632	
      2379	  0.028611	
      2380	 0.0281384	
      2381	 0.0274756	
      2382	 0.0267992	
      2383	 0.0261444	
      2384	 0.0255101	
      2385	 0.0249373	
      2386	 0.0246306	
      2387	 0.0243737	
      2388	 0.0241241	
      2389	 0.0238813	
      2390	 0.0236295	
      2391	 0.0232917	
      2392	 0.0229475	
      2393	 0.0226122	
      2394	 0.0222855	
      2395	 0.0219668	
      2396	 0.0216488	
      2397	 0.0213385	
      2398	 0.0210355	
      2399	 0.0207397	
      2400	 0.0204506	
      2401	 0.0201749	
      2402	 0.0199053	
      2403	 0.0196417	
      2404	 0.0193838	
      2405	 0.0191314	
      2406	 0.0188907	
      2407	  0.018655	
      2408	 0.0184241	
      2409	  0.018198	
      2410	 0.0179611	
      2411	 0.0176389	
      2412	 0.0173085	
      2413	 0.0169849	
      2414	 0.0166678	
      2415	 0.0163801	
      2416	 0.0162229	
      2417	 0.0160909	
      2418	 0.0159612	
      2419	 0.0158336	
      2420	    0.0157	
      2421	 0.0155148	
      2422	 0.0153249	
      2423	 0.0151384	
      2424	 0.0149551	
      2425	 0.0147776	
      2426	 0.0146185	
      2427	 0.0144645	
      2428	 0.0143131	
      2429	 0.0141642	
      2430	 0.0140152	
      2431	 0.0138443	
      2432	 0.0136739	
      2433	 0.0135063	
      2434	 0.0133414	
      2435	 0.0131816	
      2436	 0.0130427	
      2437	 0.0129083	
      2438	  0.012776	
      2439	 0.0126457	
      2440	 0.0125151	
      2441	 0.0123689	
      2442	 0.0122227	
      2443	 0.0120788	
      2444	 0.0119371	
      2445	 0.0117953	
      2446	 0.0116474	
      2447	 0.0114996	
      2448	  0.011354	
      2449	 0.0112106	
      2450	 0.0110734	
      2451	 0.0105289	
      2452	 0.0100265	
      2453	0.00955857	
      2454	0.00912164	
      2455	0.00871611	
      2456	0.00835135	
      2457	0.00801143	
      2458	0.00769135	
      2459	0.00738948	
      2460	0.00710309	
      2461	0.00682228	
      2462	0.00655547	
      2463	0.00630284	
      2464	0.00606338	
      2465	0.00583403	
      2466	0.00560589	
      2467	0.00538729	
      2468	0.00517961	
      2469	0.00498215	
      2470	0.00479605	
      2471	0.00463095	
      2472	0.00447501	
      2473	  0.004326	
      2474	0.00418353	
      2475	0.00404494	
      2476	0.00389764	
      2477	0.00375477	
      2478	0.00361824	
      2479	 0.0034877	
      2480	0.00336475	
      2481	0.00325579	
      2482	0.00315309	
      2483	0.00305448	
      2484	0.00295975	
      2485	0.00286983	
      2486	0.00278872	
      2487	0.00271163	
      2488	0.00263731	
      2489	0.00256562	
      2490	0.00249216	
      2491	0.00239531	
      2492	0.00229839	
      2493	 0.0022055	
      2494	0.00211643	
      2495	0.00203725	
      2496	0.00199596	
      2497	0.00196168	
      2498	0.00192817	
      2499	 0.0018954	
      2500	0.00186044	
      2501	0.000852332	
      2502	0.000433992	
      2503	0.000237138	
      2504	0.000136372	
      2505	8.15529e-05	
      2506	5.0231e-05	
      2507	3.17465e-05	
      2508	2.05087e-05	
      2509	1.35007e-05	
      2510	9.03628e-06	
      2511	6.14379e-06	
      2512	4.23229e-06	
      2513	2.94952e-06	
      2514	2.07724e-06	
      2515	1.47698e-06	
      2516	1.05986e-06	
      2517	7.66704e-07	
      2518	5.58789e-07	
      2519	4.10089e-07	
      2520	3.02973e-07	
      2521	2.25379e-07	
      2522	1.68646e-07	
      2523	1.26869e-07	
      2524	9.59212e-08	
      2525	7.28832e-08	
      2526	5.5698e-08	
      2527	4.2756e-08	
      2528	3.29546e-08	
      2529	2.54984e-08	
      2530	1.97979e-08	
      2531	1.53936e-08	
      2532	1.20069e-08	
      2533	9.3955e-09	
      2534	7.37476e-09	
      2535	5.80703e-09	
      2536	4.58951e-09	
      2537	 3.638e-09	
      2538	2.89138e-09	
      2539	2.30386e-09	
      2540	1.84023e-09	
      2541	1.47403e-09	
      2542	1.18341e-09	
      2543	9.52203e-10	
      2544	7.67815e-10	
      2545	6.20423e-10	
      2546	5.02121e-10	
      2547	4.07173e-10	
      2548	3.30806e-10	
      2549	2.69258e-10	
      2550	2.19555e-10	
      2551	1.79261e-10	
      2552	1.4661e-10	
      2553	1.20104e-10	
      2554	9.85477e-11	
      2555	8.09871e-11	
      2556	6.6628e-11	
      2557	5.48963e-11	
      2558	4.52957e-11	
      2559	3.7427e-11	
      2560	3.09748e-11	
      2561	2.56921e-11	
      2562	2.13432e-11	
      2563	1.77533e-11	
      2564	1.47859e-11	
      2565	1.23297e-11	
      2566	1.02894e-11	
      2567	8.59681e-12	
      2568	7.19098e-12	
      2569	6.02187e-12	
      2570	5.04842e-12	
      2571	4.23505e-12	
      2572	3.5565e-12	
      2573	2.98979e-12	
      2574	2.51596e-12	
      2575	2.11934e-12	
      2576	1.78701e-12	
      2577	1.50824e-12	
      2578	1.27417e-12	
      2579	1.07743e-12	
      2580	9.11696e-13	
      2581	7.71094e-13	
      2582	6.52598e-13	
      2583	5.52785e-13	
      2584	4.68632e-13	
      2585	3.97804e-13	
      2586	3.39052e-13	
      2587	2.89346e-13	
      2588	2.47125e-13	
      2589	2.11231e-13	
      2590	1.80649e-13	
      2591	1.54328e-13	
      2592	1.3191e-13	
      2593	1.12831e-13	
      2594	9.65821e-14	
      2595	8.27514e-14	
      2596	7.10174e-14	
      2597	6.10038e-14	
      2598	5.24382e-14	
      2599	4.51058e-14	
      2600	3.88245e-14	
      2601	2.66833e-14	
      2602	2.15515e-14	
      2603	1.79425e-14	
      2604	1.51805e-14	
      2605	1.29793e-14	
      2606	1.11714e-14	
      2607	9.67158e-15	
      2608	8.41243e-15	
      2609	7.34563e-15	
      2610	6.43523e-15	
      2611	5.65634e-15	
      2612	4.98412e-15	
      2613	4.40148e-15	
      2614	3.89466e-15	
      2615	3.45237e-15	
      2616	3.06241e-15	
      2617	2.72055e-15	
      2618	2.42019e-15	
      2619	2.15575e-15	
      2620	1.92156e-15	
      2621	1.70898e-15	
      2622	1.52072e-15	
      2623	1.35449e-15	
      2624	1.20751e-15	
      2625	1.07871e-15	
      2626	9.71109e-16	
      2627	8.76013e-16	
      2628	7.90826e-16	
      2629	7.14438e-16	
      2630	6.45561e-16	
      2631	5.82016e-16	
      2632	5.24808e-16	
      2633	4.73517e-16	
      2634	4.27494e-16	
      2635	3.86072e-16	
      2636	3.48005e-16	
      2637	3.1378e-16	
      2638	2.83064e-16	
      2639	2.5548e-16	
      2640	2.30809e-16	
      2641	2.09242e-16	
      2642	1.89872e-16	
      2643	1.72373e-16	
      2644	1.56556e-16	
      2645	1.42251e-16	
      2646	1.29178e-16	
      2647	1.17354e-16	
      2648	1.06655e-16	
      2649	9.69688e-17	
      2650	8.81957e-17	
      2651	8.01656e-17	
      2652	7.28928e-17	
      2653	6.63031e-17	
      2654	6.03299e-17	
      2655	5.49272e-17	
      2656	5.00755e-17	
      2657	4.56788e-17	
      2658	4.16816e-17	
      2659	3.80462e-17	
      2660	3.47298e-17	
      2661	3.16639e-17	
      2662	2.88698e-17	
      2663	2.63298e-17	
      2664	2.40201e-17	
      2665	2.19304e-17	
      2666	2.00691e-17	
      2667	1.83803e-17	
      2668	1.68381e-17	
      2669	1.54295e-17	
      2670	1.41388e-17	
      2671	1.29262e-17	
      2672	1.18176e-17	
      2673	1.08067e-17	
      2674	9.88471e-18	
      2675	9.04585e-18	
      2676	8.28873e-18	
      2677	7.59875e-18	
      2678	6.96784e-18	
      2679	6.39078e-18	
      2680	5.86285e-18	
      2681	5.37975e-18	
      2682	4.93755e-18	
      2683	4.53269e-18	
      2684	4.16193e-18	
      2685	3.82232e-18	
      2686	3.50748e-18	
      2687	3.21924e-18	
      2688	2.95529e-18	
      2689	2.71352e-18	
      2690	2.49203e-18	
      2691	2.29028e-18	
      2692	2.10528e-18	
      2693	1.93559e-18	
      2694	1.77993e-18	
      2695	1.63709e-18	
      2696	1.5052e-18	
      2697	1.38419e-18	
      2698	1.27313e-18	
      2699	1.1712e-18	
      2700	1.07791e-18	
      2701	1.20072e-18	
      2702	1.33836e-18	
      2703	1.49235e-18	
      2704	1.66467e-18	
      2705	1.85759e-18	
      2706	2.07366e-18	
      2707	2.31575e-18	
      2708	2.5871e-18	
      2709	2.89139e-18	
      2710	3.23273e-18	
      2711	3.61779e-18	
      2712	4.05034e-18	
      2713	4.53645e-18	
      2714	5.08298e-18	
      2715	5.69771e-18	
      2716	6.38597e-18	
      2717	7.16036e-18	
      2718	8.03208e-18	
      2719	9.01378e-18	
      2720	1.01198e-17	
      2721	1.13604e-17	
      2722	1.27585e-17	
      2723	1.43351e-17	
      2724	1.61138e-17	
      2725	1.81264e-17	
      2726	2.04111e-17	
      2727	2.30007e-17	
      2728	2.59312e-17	
      2729	2.92488e-17	
      2730	3.30067e-17	
      2731	3.72242e-17	
      2732	4.20009e-17	
      2733	4.74141e-17	
      2734	5.35515e-17	
      2735	6.05139e-17	
      2736	6.84548e-17	
      2737	7.74778e-17	
      2738	8.7736e-17	
      2739	9.9405e-17	
      2740	1.12686e-16	
      2741	1.27883e-16	
      2742	1.4521e-16	
      2743	1.64975e-16	
      2744	1.87536e-16	
      2745	2.13304e-16	
      2746	2.42615e-16	
      2747	2.76115e-16	
      2748	3.14425e-16	
      2749	3.58265e-16	
      2750	4.08465e-16	
      2751	4.6572e-16	
      2752	5.31328e-16	
      2753	6.0656e-16	
      2754	6.92885e-16	
      2755	7.92006e-16	
      2756	 9.059e-16	
      2757	1.03686e-15	
      2758	1.18755e-15	
      2759	1.36106e-15	
      2760	1.56101e-15	
      2761	1.79262e-15	
      2762	2.06007e-15	
      2763	2.36913e-15	
      2764	2.72657e-15	
      2765	3.14027e-15	
      2766	3.6216e-15	
      2767	4.17992e-15	
      2768	4.82808e-15	
      2769	5.58119e-15	
      2770	6.45511e-15	
      2771	7.46326e-15	
      2772	8.63351e-15	
      2773	9.99568e-15	
      2774	1.15827e-14	
      2775	1.34334e-14	
      2776	1.56028e-14	
      2777	1.8139e-14	
      2778	2.11069e-14	
      2779	2.45835e-14	
      2780	2.86601e-14	
      2781	3.34651e-14	
      2782	3.91145e-14	
      2783	4.57639e-14	
      2784	5.3599e-14	
      2785	6.28415e-14	
      2786	7.37568e-14	
      2787	8.66628e-14	
      2788	1.01941e-13	
      2789	1.20049e-13	
      2790	1.41538e-13	
      2791	1.66972e-13	
      2792	1.97215e-13	
      2793	2.33224e-13	
      2794	2.76159e-13	
      2795	3.2752e-13	
      2796	3.89186e-13	
      2797	4.63233e-13	
      2798	5.52136e-13	
      2799	6.59041e-13	
      2800	7.87795e-13	
      2801	8.91776e-13	
      2802	1.01002e-12	
      2803	1.14456e-12	
      2804	1.29773e-12	
      2805	1.47267e-12	
      2806	1.67316e-12	
      2807	1.90263e-12	
      2808	2.16483e-12	
      2809	2.46463e-12	
      2810	2.80762e-12	
      2811	3.20029e-12	
      2812	3.65015e-12	
      2813	4.16585e-12	
      2814	4.75744e-12	
      2815	5.43657e-12	
      2816	6.21287e-12	
      2817	7.10478e-12	
      2818	8.13023e-12	
      2819	9.31011e-12	
      2820	1.06687e-11	
      2821	1.22266e-11	
      2822	1.40221e-11	
      2823	1.60932e-11	
      2824	1.8484e-11	
      2825	2.12527e-11	
      2826	2.44706e-11	
      2827	2.8207e-11	
      2828	 3.254e-11	
      2829	3.75695e-11	
      2830	4.34128e-11	
      2831	5.01759e-11	
      2832	5.8043e-11	
      2833	6.7203e-11	
      2834	7.78789e-11	
      2835	9.03339e-11	
      2836	1.04813e-10	
      2837	1.21728e-10	
      2838	1.41512e-10	
      2839	1.64676e-10	
      2840	1.91826e-10	
      2841	2.23829e-10	
      2842	2.61451e-10	
      2843	3.05729e-10	
      2844	3.57905e-10	
      2845	4.19464e-10	
      2846	4.91868e-10	
      2847	5.7746e-10	
      2848	6.78776e-10	
      2849	7.98871e-10	
      2850	9.41425e-10	
      2851	1.11088e-09	
      2852	1.31262e-09	
      2853	1.55315e-09	
      2854	1.84039e-09	
      2855	2.18395e-09	
      2856	2.59728e-09	
      2857	3.09365e-09	
      2858	3.69079e-09	
      2859	4.41047e-09	
      2860	5.27947e-09	
      2861	6.33079e-09	
      2862	7.60524e-09	
      2863	9.15336e-09	
      2864	1.1038e-08	
      2865	1.33373e-08	
      2866	1.61275e-08	
      2867	1.95432e-08	
      2868	2.37351e-08	
      2869	2.88928e-08	
      2870	3.52677e-08	
      2871	4.31861e-08	
      2872	5.30384e-08	
      2873	6.53158e-08	
      2874	8.0664e-08	
      2875	9.99493e-08	
      2876	1.24316e-07	
      2877	1.55182e-07	
      2878	1.94378e-07	
      2879	2.44356e-07	
      2880	3.08358e-07	
      2881	3.90165e-07	
      2882	4.95789e-07	
      2883	6.32874e-07	
      2884	8.11784e-07	
      2885	1.04668e-06	
      2886	1.35798e-06	
      2887	1.77246e-06	
      2888	2.3285e-06	
      2889	3.08065e-06	
      2890	4.10741e-06	
      2891	5.52336e-06	
      2892	7.49845e-06	
      2893	1.02896e-05	
      2894	1.42942e-05	
      2895	2.01439e-05	
      2896	2.88606e-05	
      2897	4.22534e-05	
      2898	6.37027e-05	
      2899	0.000100642	
      2900	0.000183247	
      2901	0.00018638	
      2902	0.000189575	
      2903	0.000192836	
      2904	0.000196162	
      2905	0.000199557	
      2906	0.000202879	
      2907	0.000206267	
      2908	0.000209723	
      2909	0.000213248	
      2910	0.000216844	
      2911	0.000220357	
      2912	0.000223939	
      2913	0.000227591	
      2914	0.000231315	
      2915	0.000235112	
      2916	0.000239154	
      2917	0.00024328	
      2918	0.000247492	
      2919	0.000251791	
      2920	0.00025618	
      2921	0.000260661	
      2922	0.000265237	
      2923	0.000269909	
      2924	0.000274681	
      2925	0.000279554	
      2926	0.000284532	
      2927	0.000289617	
      2928	0.000294813	
      2929	0.000300121	
      2930	0.000305545	
      2931	0.000310862	
      2932	0.000316292	
      2933	0.000321839	
      2934	0.000327505	
      2935	0.000333293	
      2936	0.000339455	
      2937	0.000345757	
      2938	0.000352201	
      2939	0.000358792	
      2940	0.000365534	
      2941	0.000372156	
      2942	0.000378926	
      2943	0.000385848	
      2944	0.000392926	
      2945	0.000400315	
      2946	0.00040818	
      2947	0.00041639	
      2948	0.000424801	
      2949	0.000433419	
      2950	0.000442252	
      2951	0.000451304	
      2952	0.000460583	
      2953	0.000470096	
      2954	0.00047985	
      2955	0.000489853	
      2956	0.000499735	
      2957	0.000509866	
      2958	0.000520252	
      2959	0.000530903	
      2960	0.000541825	
      2961	0.000553448	
      2962	0.000565379	
      2963	0.00057763	
      2964	0.00059021	
      2965	0.00060313	
      2966	0.000615933	
      2967	0.000629079	
      2968	0.000642579	
      2969	0.000656445	
      2970	0.00067069	
      2971	0.000685852	
      2972	0.000701445	
      2973	0.000717484	
      2974	0.000733984	
      2975	0.000750964	
      2976	0.000767848	
      2977	0.000785218	
      2978	0.000803093	
      2979	0.000821491	
      2980	0.000840433	
      2981	0.000860606	
      2982	0.000881398	
      2983	0.000902835	
      2984	0.000924941	
      2985	0.000947745	
      2986	0.000970519	
      2987	0.00099401	
      2988	0.00101825	
      2989	0.00104327	
      2990	 0.0010691	
      2991	0.00109665	
      2992	0.00112513	
      2993	0.00115459	
      2994	0.00118508	
      2995	0.00121664	
      2996	0.00124934	
      2997	0.00128323	
      2998	0.00131837	
      2999	0.00135484	
      3000	0.00139273	
      3001	0.00139162	
      3002	0.00139051	
      3003	 0.0013894	
      3004	0.00138829	
      3005	0.00138718	
      3006	0.00138717	
      3007	0.00138716	
      3008	0.00138716	
      3009	0.00138715	
      3010	0.00138714	
      3011	0.00138713	
      3012	0.00138712	
      3013	0.00138711	
      3014	0.00138711	
      3015	 0.0013871	
      3016	0.00138598	
      3017	0.00138485	
      3018	0.00138373	
      3019	 0.0013826	
      3020	0.00138147	
      3021	0.00138034	
      3022	0.00137921	
      3023	0.00137807	
      3024	0.00137694	
      3025	 0.0013758	
      3026	0.00137579	
      3027	0.00137577	
      3028	0.00137576	
      3029	0.00137574	
      3030	0.00137573	
      3031	0.00137459	
      3032	0.00137344	
      3033	 0.0013723	
      3034	0.00137115	
      3035	0.00137001	
      3036	0.00136772	
      3037	0.00136544	
      3038	0.00136315	
      3039	0.00136086	
      3040	0.00135913	
      3041	0.00136082	
      3042	0.00136307	
      3043	0.00136533	
      3044	 0.0013676	
      3045	0.00136987	
      3046	  0.001371	
      3047	0.00137214	
      3048	0.00137327	
      3049	0.00137441	
      3050	0.00137556	
      3051	0.00137555	
      3052	0.00137555	
      3053	0.00137555	
      3054	0.00137555	
      3055	0.00137555	
      3056	0.00137555	
      3057	0.00137556	
      3058	0.00137556	
      3059	0.00137557	
      3060	0.00137557	
      3061	0.00137327	
      3062	0.00137096	
      3063	0.00136865	
      3064	0.00136633	
      3065	 0.0013646	
      3066	0.00136402	
      3067	0.00136402	
      3068	0.00136403	
      3069	0.00136404	
      3070	0.00136405	
      3071	0.00136523	
      3072	0.00136641	
      3073	 0.0013676	
      3074	0.00136879	
      3075	0.00136998	
      3076	0.00136884	
      3077	0.00136769	
      3078	0.00136655	
      3079	 0.0013654	
      3080	0.00136426	
      3081	0.00136311	
      3082	0.00136197	
      3083	0.00136083	
      3084	0.00135968	
      3085	0.00135854	
      3086	 0.0013574	
      3087	0.00135626	
      3088	0.00135512	
      3089	0.00135399	
      3090	0.00135285	
      3091	0.00135172	
      3092	0.00135059	
      3093	0.00134946	
      3094	0.00134833	
      3095	 0.0013472	
      3096	0.00134608	
      3097	0.00134496	
      3098	0.00134384	
      3099	0.00134273	
      3100	0.00134162	
      3101	0.00132985	
      3102	0.00132683	
      3103	0.00132663	
      3104	0.00132798	
      3105	0.00133035	
      3106	0.00133226	
      3107	0.00133475	
      3108	0.00133771	
      3109	0.00134106	
      3110	0.00134475	
      3111	0.00134751	
      3112	0.00135053	
      3113	0.00135378	
      3114	0.00135723	
      3115	0.00136151	
      3116	0.00136722	
      3117	0.00137375	
      3118	0.00138048	
      3119	0.00138738	
      3120	0.00139445	
      3121	 0.0014017	
      3122	0.00140911	
      3123	0.00141668	
      3124	0.00142442	
      3125	 0.0014323	
      3126	0.00144035	
      3127	0.00144854	
      3128	0.00145689	
      3129	0.00146539	
      3130	0.00147404	
      3131	0.00148284	
      3132	0.00149179	
      3133	0.00150089	
      3134	0.00151013	
      3135	0.00151953	
      3136	0.00152765	
      3137	 0.0015359	
      3138	0.00154428	
      3139	0.00155279	
      3140	0.00156144	
      3141	 0.0015717	
      3142	0.00158211	
      3143	0.00159268	
      3144	0.00160342	
      3145	0.00161431	
      3146	0.00162382	
      3147	0.00163347	
      3148	0.00164327	
      3149	 0.0016532	
      3150	0.00166328	
      3151	0.00167511	
      3152	0.00168711	
      3153	0.00169929	
      3154	0.00171165	
      3155	0.00172419	
      3156	0.00173691	
      3157	0.00174982	
      3158	0.00176292	
      3159	0.00177621	
      3160	0.00178969	
      3161	0.00180512	
      3162	0.00182078	
      3163	0.00183668	
      3164	0.00185281	
      3165	0.00186919	
      3166	0.00188218	
      3167	0.00189535	
      3168	0.00190872	
      3169	0.00192228	
      3170	0.00193699	
      3171	0.00195381	
      3172	0.00197187	
      3173	 0.0019902	
      3174	0.00200882	
      3175	0.00202773	
      3176	0.00204295	
      3177	0.00205839	
      3178	0.00207407	
      3179	0.00208999	
      3180	0.00210615	
      3181	0.00212466	
      3182	0.00214346	
      3183	0.00216256	
      3184	0.00218197	
      3185	0.00220169	
      3186	0.00222394	
      3187	0.00224656	
      3188	0.00226956	
      3189	0.00229295	
      3190	0.00231674	
      3191	0.00233863	
      3192	0.00236088	
      3193	0.00238352	
      3194	0.00240654	
      3195	0.00242996	
      3196	0.00245135	
      3197	 0.0024731	
      3198	0.00249522	
      3199	0.00251773	
      3200	0.00254191	
      3201	0.00253056	
      3202	0.00252057	
      3203	0.00251065	
      3204	 0.0025008	
      3205	0.00249103	
      3206	0.00247883	
      3207	0.00246672	
      3208	 0.0024547	
      3209	0.00244277	
      3210	0.00243092	
      3211	0.00241671	
      3212	 0.0024026	
      3213	 0.0023886	
      3214	0.00237469	
      3215	0.00236089	
      3216	0.00234958	
      3217	0.00233834	
      3218	0.00232719	
      3219	0.00231611	
      3220	 0.0023051	
      3221	0.00229417	
      3222	0.00228332	
      3223	0.00227253	
      3224	0.00226182	
      3225	0.00225118	
      3226	0.00224292	
      3227	0.00223471	
      3228	0.00222655	
      3229	0.00221844	
      3230	0.00221039	
      3231	0.00220011	
      3232	 0.0021899	
      3233	0.00217976	
      3234	0.00216968	
      3235	0.00215966	
      3236	 0.0021497	
      3237	0.00213981	
      3238	0.00212998	
      3239	0.00212021	
      3240	 0.0021105	
      3241	0.00210084	
      3242	0.00209125	
      3243	0.00208172	
      3244	0.00207224	
      3245	0.00206282	
      3246	0.00205561	
      3247	0.00204845	
      3248	0.00204132	
      3249	0.00203423	
      3250	0.00202718	
      3251	0.00201595	
      3252	0.00200478	
      3253	0.00199367	
      3254	0.00198264	
      3255	0.00197167	
      3256	0.00196284	
      3257	0.00195407	
      3258	0.00194535	
      3259	0.00193668	
      3260	0.00192805	
      3261	0.00191948	
      3262	0.00191095	
      3263	0.00190248	
      3264	0.00189405	
      3265	0.00188567	
      3266	0.00187734	
      3267	0.00186905	
      3268	0.00186081	
      3269	0.00185261	
      3270	0.00184446	
      3271	0.00183636	
      3272	 0.0018283	
      3273	0.00182029	
      3274	0.00181231	
      3275	0.00180439	
      3276	 0.0017965	
      3277	0.00178866	
      3278	0.00178086	
      3279	0.00177311	
      3280	0.00176539	
      3281	0.00175772	
      3282	0.00175009	
      3283	 0.0017425	
      3284	0.00173495	
      3285	0.00172744	
      3286	0.00172185	
      3287	0.00171629	
      3288	0.00171076	
      3289	0.00170525	
      3290	0.00169884	
      3291	0.00168876	
      3292	0.00167782	
      3293	0.00166693	
      3294	0.00165611	
      3295	0.00164626	
      3296	0.00163829	
      3297	0.00163126	
      3298	0.00162428	
      3299	0.00161733	
      3300	0.00161042	
      3301	0.00162619	
      3302	0.00164217	
      3303	0.00165838	
      3304	 0.0016748	
      3305	0.00169144	
      3306	 0.0017045	
      3307	0.00171772	
      3308	0.00173109	
      3309	0.00174463	
      3310	0.00175833	
      3311	 0.0017742	
      3312	0.00179029	
      3313	 0.0018066	
      3314	0.00182313	
      3315	0.00183988	
      3316	0.00185264	
      3317	0.00186554	
      3318	 0.0018786	
      3319	 0.0018918	
      3320	0.00190626	
      3321	0.00192536	
      3322	0.00194586	
      3323	0.00196667	
      3324	0.00198779	
      3325	0.00200924	
      3326	0.00202633	
      3327	0.00204364	
      3328	 0.0020612	
      3329	0.00207901	
      3330	0.00209706	
      3331	0.00211786	
      3332	0.00213897	
      3333	 0.0021604	
      3334	0.00218217	
      3335	0.00220428	
      3336	0.00222673	
      3337	0.00224954	
      3338	0.00227272	
      3339	0.00229627	
      3340	 0.0023202	
      3341	0.00234453	
      3342	0.00236926	
      3343	 0.0023944	
      3344	0.00241996	
      3345	0.00244596	
      3346	0.00246945	
      3347	0.00249333	
      3348	0.00251761	
      3349	0.00254229	
      3350	0.00256739	
      3351	0.00259605	
      3352	0.00262522	
      3353	0.00265494	
      3354	 0.0026852	
      3355	0.00271602	
      3356	0.00274742	
      3357	0.00277943	
      3358	0.00281205	
      3359	 0.0028453	
      3360	0.00287921	
      3361	0.00291379	
      3362	0.00294907	
      3363	0.00298507	
      3364	0.00302181	
      3365	0.00305932	
      3366	0.00309762	
      3367	0.00313674	
      3368	 0.0031767	
      3369	0.00321755	
      3370	0.00325931	
      3371	0.00330201	
      3372	0.00334568	
      3373	0.00339038	
      3374	0.00343612	
      3375	0.00348297	
      3376	0.00353095	
      3377	0.00358012	
      3378	0.00363052	
      3379	0.00368221	
      3380	0.00373524	
      3381	0.00379443	
      3382	0.00385523	
      3383	0.00391772	
      3384	0.00398198	
      3385	0.00404811	
      3386	0.00411104	
      3387	0.00417584	
      3388	0.00424261	
      3389	0.00431147	
      3390	0.00438252	
      3391	0.00445589	
      3392	0.00453171	
      3393	0.00461015	
      3394	0.00469136	
      3395	0.00477552	
      3396	0.00485667	
      3397	0.00494095	
      3398	 0.0050286	
      3399	0.00511987	
      3400	 0.0052184	
      3401	0.00524827	
      3402	0.00528178	
      3403	0.00531561	
      3404	0.00534976	
      3405	0.00538079	
      3406	0.00539833	
      3407	0.00541256	
      3408	 0.0054269	
      3409	0.00544137	
      3410	0.00545947	
      3411	0.00548482	
      3412	0.00551396	
      3413	0.00554339	
      3414	 0.0055731	
      3415	0.00560311	
      3416	0.00562614	
      3417	0.00564939	
      3418	0.00567288	
      3419	0.00569659	
      3420	0.00572054	
      3421	0.00574472	
      3422	0.00576915	
      3423	0.00579383	
      3424	0.00581876	
      3425	0.00584395	
      3426	0.00586941	
      3427	0.00589513	
      3428	0.00592112	
      3429	 0.0059474	
      3430	0.00597395	
      3431	0.00600871	
      3432	0.00604385	
      3433	0.00607939	
      3434	0.00611533	
      3435	0.00615169	
      3436	0.00618033	
      3437	0.00620929	
      3438	 0.0062386	
      3439	0.00626826	
      3440	0.00629827	
      3441	0.00632864	
      3442	0.00635938	
      3443	 0.0063905	
      3444	0.00642202	
      3445	0.00645393	
      3446	0.00648625	
      3447	0.00651899	
      3448	0.00655215	
      3449	0.00658576	
      3450	0.00661982	
      3451	0.00666328	
      3452	0.00670734	
      3453	0.00675201	
      3454	 0.0067973	
      3455	0.00684323	
      3456	0.00688057	
      3457	0.00691846	
      3458	0.00695692	
      3459	0.00699596	
      3460	 0.0070356	
      3461	0.00708543	
      3462	0.00713604	
      3463	0.00718744	
      3464	0.00723967	
      3465	0.00729275	
      3466	0.00733677	
      3467	0.00738155	
      3468	0.00742711	
      3469	0.00747348	
      3470	 0.0075207	
      3471	0.00756878	
      3472	0.00761777	
      3473	 0.0076677	
      3474	0.00771861	
      3475	0.00777054	
      3476	0.00782353	
      3477	0.00787762	
      3478	0.00793288	
      3479	0.00798935	
      3480	0.00804708	
      3481	0.00811735	
      3482	0.00818921	
      3483	0.00826274	
      3484	0.00833804	
      3485	 0.0084152	
      3486	0.00848262	
      3487	0.00855188	
      3488	0.00862313	
      3489	0.00869648	
      3490	 0.0087721	
      3491	0.00885014	
      3492	 0.0089308	
      3493	0.00901431	
      3494	0.00910092	
      3495	0.00919094	
      3496	0.00928474	
      3497	0.00938274	
      3498	0.00948552	
      3499	0.00959377	
      3500	0.00970843	
      3501	0.00971406	
      3502	0.00971971	
      3503	0.00972537	
      3504	0.00973106	
      3505	0.00973677	
      3506	0.00972877	
      3507	0.00972078	
      3508	0.00971279	
      3509	 0.0097048	
      3510	0.00969682	
      3511	0.00968885	
      3512	0.00968087	
      3513	 0.0096729	
      3514	0.00966494	
      3515	0.00965698	
      3516	0.00964903	
      3517	0.00964108	
      3518	0.00963313	
      3519	 0.0096252	
      3520	0.00961726	
      3521	0.00962318	
      3522	0.00962913	
      3523	0.00963509	
      3524	0.00964109	
      3525	 0.0096471	
      3526	0.00963925	
      3527	0.00963141	
      3528	0.00962358	
      3529	0.00961575	
      3530	0.00960794	
      3531	0.00961406	
      3532	0.00962021	
      3533	0.00962639	
      3534	 0.0096326	
      3535	0.00963884	
      3536	0.00963113	
      3537	0.00962342	
      3538	0.00961573	
      3539	0.00960805	
      3540	0.00960039	
      3541	0.00960676	
      3542	0.00961316	
      3543	 0.0096196	
      3544	0.00962606	
      3545	0.00963257	
      3546	0.00962503	
      3547	0.00961751	
      3548	0.00961001	
      3549	0.00960252	
      3550	0.00959505	
      3551	 0.0095876	
      3552	0.00958017	
      3553	0.00957275	
      3554	0.00956536	
      3555	0.00955799	
      3556	0.00955064	
      3557	0.00954331	
      3558	0.00953601	
      3559	0.00952873	
      3560	0.00952147	
      3561	0.00952846	
      3562	0.00953551	
      3563	 0.0095426	
      3564	0.00954974	
      3565	0.00955693	
      3566	 0.0095499	
      3567	 0.0095429	
      3568	0.00953594	
      3569	0.00952902	
      3570	0.00952213	
      3571	0.00951528	
      3572	0.00950848	
      3573	0.00950171	
      3574	0.00949499	
      3575	0.00948832	
      3576	0.00948169	
      3577	0.00947512	
      3578	 0.0094686	
      3579	0.00946214	
      3580	0.00945573	
      3581	0.00946384	
      3582	0.00947203	
      3583	0.00948032	
      3584	0.00948871	
      3585	 0.0094972	
      3586	0.00949129	
      3587	0.00948546	
      3588	0.00947972	
      3589	0.00947409	
      3590	0.00946855	
      3591	0.00946313	
      3592	0.00945782	
      3593	0.00945264	
      3594	 0.0094476	
      3595	 0.0094427	
      3596	0.00945262	
      3597	0.00946274	
      3598	0.00947308	
      3599	0.00948365	
      3600	0.00949448	
      3601	0.00948354	
      3602	0.00947259	
      3603	0.00946163	
      3604	0.00945067	
      3605	0.00943971	
      3606	0.00942875	
      3607	0.00941778	
      3608	 0.0094068	
      3609	0.00939583	
      3610	0.00938485	
      3611	0.00938865	
      3612	0.00939246	
      3613	0.00939628	
      3614	 0.0094001	
      3615	0.00940394	
      3616	0.00939297	
      3617	0.00938199	
      3618	0.00937101	
      3619	0.00936003	
      3620	0.00934905	
      3621	0.00935291	
      3622	0.00935678	
      3623	0.00936065	
      3624	0.00936454	
      3625	0.00936844	
      3626	0.00935746	
      3627	0.00934649	
      3628	0.00933551	
      3629	0.00932453	
      3630	0.00931355	
      3631	0.00931747	
      3632	0.00932141	
      3633	0.00932535	
      3634	 0.0093293	
      3635	0.00933327	
      3636	 0.0093223	
      3637	0.00931134	
      3638	0.00930037	
      3639	 0.0092894	
      3640	0.00927842	
      3641	0.00928242	
      3642	0.00928643	
      3643	0.00929045	
      3644	0.00929448	
      3645	0.00929852	
      3646	0.00928757	
      3647	0.00927662	
      3648	0.00926567	
      3649	0.00925471	
      3650	0.00924376	
      3651	 0.0092328	
      3652	0.00922185	
      3653	0.00921089	
      3654	0.00919993	
      3655	0.00918898	
      3656	0.00919309	
      3657	0.00919721	
      3658	0.00920135	
      3659	0.00920551	
      3660	0.00920967	
      3661	0.00921386	
      3662	0.00921805	
      3663	0.00922226	
      3664	0.00922649	
      3665	0.00923073	
      3666	0.00920471	
      3667	0.00917867	
      3668	0.00915263	
      3669	0.00912657	
      3670	0.00910808	
      3671	0.00910476	
      3672	0.00910904	
      3673	0.00911334	
      3674	0.00911766	
      3675	0.00912199	
      3676	0.00911114	
      3677	0.00910028	
      3678	0.00908943	
      3679	0.00907859	
      3680	0.00906775	
      3681	0.00905691	
      3682	0.00904608	
      3683	0.00903526	
      3684	0.00902444	
      3685	0.00901363	
      3686	0.00901811	
      3687	0.00902261	
      3688	0.00902713	
      3689	0.00903168	
      3690	0.00903625	
      3691	0.00902553	
      3692	0.00901481	
      3693	 0.0090041	
      3694	0.00899341	
      3695	0.00898273	
      3696	0.00897205	
      3697	0.00896139	
      3698	0.00895075	
      3699	0.00894012	
      3700	 0.0089295	
      3701	0.00893406	
      3702	0.00893863	
      3703	0.00894321	
      3704	0.00894781	
      3705	0.00895243	
      3706	0.00894161	
      3707	0.00893079	
      3708	0.00891998	
      3709	0.00890916	
      3710	0.00889833	
      3711	0.00890299	
      3712	0.00890767	
      3713	0.00891236	
      3714	0.00891706	
      3715	0.00892178	
      3716	0.00891099	
      3717	 0.0089002	
      3718	 0.0088894	
      3719	0.00887861	
      3720	0.00886781	
      3721	0.00887258	
      3722	0.00887737	
      3723	0.00888216	
      3724	0.00888698	
      3725	0.00889181	
      3726	0.00888105	
      3727	0.00887028	
      3728	0.00885952	
      3729	0.00884875	
      3730	0.00883799	
      3731	0.00884287	
      3732	0.00884777	
      3733	0.00885268	
      3734	0.00885761	
      3735	0.00886256	
      3736	0.00883614	
      3737	0.00880969	
      3738	0.00878323	
      3739	0.00875675	
      3740	0.00873812	
      3741	0.00873521	
      3742	0.00874019	
      3743	0.00874518	
      3744	0.00875019	
      3745	0.00875522	
      3746	0.00874449	
      3747	0.00873375	
      3748	0.00872301	
      3749	0.00871227	
      3750	0.00870153	
      3751	0.00870662	
      3752	0.00871172	
      3753	0.00871685	
      3754	0.00872199	
      3755	0.00872716	
      3756	0.00871646	
      3757	0.00870577	
      3758	0.00869507	
      3759	0.00868437	
      3760	0.00867368	
      3761	0.00867891	
      3762	0.00868416	
      3763	0.00868942	
      3764	0.00869471	
      3765	0.00870002	
      3766	0.00870535	
      3767	0.00871069	
      3768	0.00871606	
      3769	0.00872145	
      3770	0.00872686	
      3771	0.00871627	
      3772	0.00870568	
      3773	0.00869509	
      3774	 0.0086845	
      3775	0.00867391	
      3776	0.00866333	
      3777	0.00865274	
      3778	0.00864216	
      3779	0.00863158	
      3780	  0.008621	
      3781	0.00862654	
      3782	0.00863211	
      3783	0.00863771	
      3784	0.00864332	
      3785	0.00864896	
      3786	0.00863845	
      3787	0.00862793	
      3788	0.00861743	
      3789	0.00860692	
      3790	0.00859642	
      3791	0.00860215	
      3792	 0.0086079	
      3793	0.00861368	
      3794	0.00861949	
      3795	0.00862532	
      3796	0.00861489	
      3797	0.00860446	
      3798	0.00859404	
      3799	0.00858363	
      3800	0.00857322	
      3801	0.00853422	
      3802	0.00850359	
      3803	  0.008478	
      3804	0.00845588	
      3805	 0.0084363	
      3806	0.00840268	
      3807	0.00837071	
      3808	0.00834012	
      3809	 0.0083107	
      3810	 0.0082823	
      3811	0.00827067	
      3812	 0.0082598	
      3813	0.00824958	
      3814	0.00823996	
      3815	0.00823089	
      3816	 0.0082065	
      3817	 0.0081826	
      3818	0.00815916	
      3819	0.00813613	
      3820	 0.0081135	
      3821	0.00810698	
      3822	0.00810078	
      3823	0.00809488	
      3824	0.00808928	
      3825	0.00808395	
      3826	0.00807888	
      3827	0.00807405	
      3828	0.00806947	
      3829	0.00806512	
      3830	0.00806099	
      3831	0.00804143	
      3832	0.00802208	
      3833	0.00800295	
      3834	0.00798403	
      3835	 0.0079653	
      3836	0.00796238	
      3837	0.00795963	
      3838	0.00795705	
      3839	0.00795464	
      3840	 0.0079524	
      3841	0.00793473	
      3842	0.00791722	
      3843	0.00789987	
      3844	0.00788269	
      3845	0.00786565	
      3846	0.00786435	
      3847	0.00786318	
      3848	0.00786217	
      3849	0.00786129	
      3850	0.00786055	
      3851	0.00784439	
      3852	0.00782837	
      3853	0.00781249	
      3854	0.00779674	
      3855	0.00778114	
      3856	0.00777345	
      3857	0.00776589	
      3858	0.00775069	
      3859	 0.0077434	
      3860	0.00773625	
      3861	0.00772923	
      3862	0.00773013	
      3863	0.00772338	
      3864	0.00772456	
      3865	0.00771809	
      3866	0.00770396	
      3867	0.00769777	
      3868	0.00768392	
      3869	  0.007678	
      3870	0.00766443	
      3871	 0.0076666	
      3872	0.00766892	
      3873	0.00767139	
      3874	0.00767402	
      3875	0.00767682	
      3876	0.00766415	
      3877	0.00765946	
      3878	0.00764712	
      3879	0.00764276	
      3880	0.00763075	
      3881	0.00762674	
      3882	0.00762292	
      3883	 0.0076193	
      3884	0.00761587	
      3885	0.00761264	
      3886	0.00761749	
      3887	0.00762257	
      3888	0.00763576	
      3889	0.00764135	
      3890	0.00764721	
      3891	0.00763758	
      3892	0.00762824	
      3893	0.00762708	
      3894	0.00761834	
      3895	0.00760994	
      3896	0.00761773	
      3897	  0.007618	
      3898	0.00762665	
      3899	0.00762785	
      3900	0.00763752	
      3901	0.00764575	
      3902	0.00765403	
      3903	0.00765437	
      3904	0.00766273	
      3905	0.00767114	
      3906	0.00767158	
      3907	0.00766404	
      3908	0.00766454	
      3909	0.00765703	
      3910	0.00765758	
      3911	0.00766621	
      3912	0.00766684	
      3913	0.00767556	
      3914	0.00767626	
      3915	0.00768508	
      3916	0.00767776	
      3917	0.00767046	
      3918	0.00767129	
      3919	0.00766403	
      3920	0.00765679	
      3921	0.00766586	
      3922	0.00767499	
      3923	0.00767602	
      3924	0.00768526	
      3925	0.00769456	
      3926	0.00768754	
      3927	0.00768875	
      3928	0.00768178	
      3929	0.00768307	
      3930	0.00767616	
      3931	0.00768578	
      3932	0.00768721	
      3933	0.00769696	
      3934	 0.0076985	
      3935	0.00770838	
      3936	0.00771005	
      3937	0.00770345	
      3938	0.00770521	
      3939	 0.0076987	
      3940	0.00770057	
      3941	 0.0077025	
      3942	0.00771285	
      3943	0.00771492	
      3944	0.00772544	
      3945	0.00772766	
      3946	0.00772153	
      3947	0.00771545	
      3948	0.00771785	
      3949	0.00771189	
      3950	0.00770597	
      3951	0.00770859	
      3952	0.00771977	
      3953	0.00772256	
      3954	0.00773395	
      3955	0.00773694	
      3956	0.00774001	
      3957	0.00774319	
      3958	 0.0077379	
      3959	0.00774126	
      3960	0.00774473	
      3961	0.00775691	
      3962	0.00776923	
      3963	0.00777307	
      3964	0.00778568	
      3965	0.00779844	
      3966	0.00779402	
      3967	0.00779839	
      3968	0.00779421	
      3969	0.00779886	
      3970	0.00779494	
      3971	0.00780864	
      3972	0.00781378	
      3973	0.00782787	
      3974	0.00783339	
      3975	0.00784791	
      3976	0.00785385	
      3977	0.00785116	
      3978	0.00785752	
      3979	0.00785524	
      3980	0.00786208	
      3981	0.00786918	
      3982	0.00787656	
      3983	0.00789319	
      3984	0.00790122	
      3985	0.00790959	
      3986	0.00792733	
      3987	0.00793647	
      3988	 0.0079551	
      3989	0.00796515	
      3990	 0.0079848	
      3991	 0.0079868	
      3992	 0.0079985	
      3993	0.00800168	
      3994	0.00801473	
      3995	0.00801938	
      3996	0.00804337	
      3997	0.00805917	
      3998	0.00808547	
      3999	0.00810387	
      4000	0.00813326	
