280	1.3674e-08
281	2.75078e-08
282	5.0926e-08
283	6.67018e-08
284	6.58196e-08
285	4.56887e-08
286	6.29087e-08
287	9.6759e-08
288	9.53348e-08
289	1.25754e-07
290	1.86806e-07
291	2.19686e-07
292	2.16679e-07
293	2.19467e-07
294	2.31017e-07
295	2.44841e-07
296	2.70772e-07
297	2.58311e-07
298	2.79569e-07
299	2.75215e-07
300	2.80906e-07
301	8.53609e-07
302	2.67662e-06
303	1.03199e-05
304	3.32966e-05
305	0.000101812
306	0.000150979
307	0.000254019
308	0.000434092
309	0.000627777
310	0.000973631
311	0.0017672
312	0.00236122
313	0.00320006
314	0.0044748
315	0.0058128
316	0.00621349
317	0.00863811
318	0.0100622
319	0.0112898
320	0.0144497
321	0.0161737
322	0.0172573
323	0.0180942
324	0.0224151
325	0.0288142
326	0.0365016
327	0.0402857
328	0.0417131
329	0.0474448
330	0.0554188
331	0.0536349
332	0.0555411
333	0.0566066
334	0.0592813
335	0.064531
336	0.0602286
337	0.058241
338	0.0665662
339	0.0727127
340	0.080229
341	0.0790553
342	0.0821909
343	0.0871575
344	0.0769282
345	0.0817934
346	0.0886918
347	0.0915741
348	0.0914169
349	0.0922591
350	0.104191
351	0.111274
352	0.106198
353	0.110468
354	0.127731
355	0.131871
356	0.12293
357	0.106606
358	0.0985638
359	0.110873
360	0.138137
361	0.127424
362	0.131785
363	0.146407
364	0.149659
365	0.160498
366	0.185595
367	0.187997
368	0.178951
369	0.18652
370	0.198602
371	0.190913
372	0.187749
373	0.17101
374	0.157996
375	0.171574
376	0.19393
377	0.212268
378	0.249199
379	0.227016
380	0.21615
381	0.229969
382	0.185423
383	0.146946
384	0.165682
385	0.210294
386	0.206531
387	0.214083
388	0.212252
389	0.232307
390	0.268139
391	0.288813
392	0.269957
393	0.17512
394	0.181656
395	0.281963
396	0.262363
397	0.184207
398	0.305529
399	0.391283
400	0.416374
401	0.435729
402	0.45196
403	0.44646
404	0.451987
405	0.448386
406	0.440953
407	0.438569
408	0.45996
409	0.480684
410	0.440057
411	0.47646
412	0.506134
413	0.496839
414	0.494779
415	0.513617
416	0.530157
417	0.523216
418	0.510788
419	0.520662
420	0.50165
421	0.547973
422	0.55195
423	0.541389
424	0.543583
425	0.557691
426	0.547783
427	0.535974
428	0.535336
429	0.495316
430	0.411985
431	0.404957
432	0.581348
433	0.578031
434	0.549998
435	0.594854
436	0.649539
437	0.659087
438	0.598837
439	0.586877
440	0.64964
441	0.662085
442	0.699828
443	0.715863
444	0.709257
445	0.723996
446	0.684187
447	0.745271
448	0.766495
449	0.773008
450	0.801291
451	0.825954
452	0.800359
453	0.760045
454	0.794577
455	0.802986
456	0.825985
457	0.837552
458	0.827307
459	0.822995
460	0.826781
461	0.850624
462	0.864771
463	0.867484
464	0.851209
465	0.842083
466	0.85246
467	0.834538
468	0.860423
469	0.868138
470	0.848711
471	0.863944
472	0.898459
473	0.883086
474	0.893526
475	0.918473
476	0.904439
477	0.91493
478	0.937875
479	0.930335
480	0.941464
481	0.943752
482	0.945422
483	0.936655
484	0.924278
485	0.900104
486	0.781042
487	0.837514
488	0.897913
489	0.880118
490	0.946389
491	0.928345
492	0.901755
493	0.939693
494	0.939332
495	0.976958
496	0.952993
497	0.957387
498	0.940416
499	0.939806
500	0.939145
501	0.919867
502	0.924513
503	0.953302
504	0.92444
505	0.969513
506	1.00418
507	0.97446
508	0.954581
509	0.983704
510	0.97124
511	0.984847
512	1.00103
513	0.957996
514	0.937684
515	0.960806
516	0.948667
517	0.83073
518	0.891768
519	0.895433
520	0.956901
521	0.976269
522	0.990461
523	0.957639
524	1.00581
525	1.00889
526	0.971235
527	0.89395
528	0.981102
529	1.02891
530	1.01207
531	1.04975
532	1.02916
533	0.95261
534	0.990304
535	1.01676
536	1.03861
537	0.990871
538	1.01537
539	0.998949
540	0.968312
541	0.948526
542	1.00766
543	1.0088
544	1.03295
545	1.01846
546	1.0141
547	1.01992
548	1.00594
549	1.02333
550	1.02021
551	1.02244
552	1.03563
553	1.01724
554	1.03109
555	1.03669
556	1.02232
557	1.00309
558	1.01068
559	0.97896
560	0.992712
561	1.03062
562	1.0057
563	1.02704
564	1.02072
565	1.01645
566	0.984465
567	1.02723
568	1.02983
569	1.01716
570	1.0107
571	0.988555
572	1.02997
573	1.0412
574	1.03532
575	1.01781
576	1.01428
577	1.02682
578	1.00677
579	1.0125
580	1.01898
581	1.02202
582	1.03209
583	1.03801
584	1.03487
585	1.02755
586	1.01042
587	1.02764
588	1.00979
589	0.932159
590	0.967669
591	1.01242
592	1.01143
593	1.01115
594	1.01342
595	1.01358
596	1.02517
597	1.03112
598	1.01706
599	1.01373
600	1.01836
601	1.00786
602	1.00243
603	1.01961
604	1.03772
605	1.03848
606	1.03718
607	1.03978
608	1.03825
609	1.03269
610	1.0316
611	1.03189
612	1.04575
613	1.03394
614	1.01595
615	1.03439
616	1.01701
617	1.01177
618	1.04184
619	1.05433
620	1.05915
621	1.06397
622	1.04934
623	1.04866
624	1.04481
625	1.03307
626	1.03778
627	1.06463
628	1.07181
629	1.07344
630	1.06628
631	1.05688
632	1.03139
633	1.06441
634	1.05972
635	1.06144
636	1.04941
637	1.0738
638	1.08365
639	1.07398
640	1.05526
641	1.05445
642	1.05855
643	1.06922
644	1.0651
645	1.07251
646	1.0584
647	1.06663
648	1.06156
649	1.03645
650	1.03127
651	1.07044
652	1.07032
653	1.0744
654	1.06245
655	1.01579
656	0.916398
657	0.945814
658	1.03494
659	1.05282
660	1.06649
661	1.07593
662	1.07853
663	1.07509
664	1.07335
665	1.08457
666	1.08195
667	1.07235
668	1.06126
669	1.06208
670	1.04215
671	1.03248
672	1.01878
673	1.01753
674	1.00923
675	1.00215
676	1.00703
677	0.997187
678	0.996685
679	0.985621
680	0.98216
681	0.980483
682	0.978103
683	0.970912
684	0.963832
685	0.958488
686	0.940981
687	0.957033
688	0.964148
689	0.963979
690	0.962238
691	0.960073
692	0.954649
693	0.962418
694	0.966172
695	0.960866
696	0.963946
697	0.967136
698	0.962843
699	0.970508
700	0.97069
701	0.969301
702	0.9698
703	0.980953
704	0.994267
705	1.00546
706	1.00221
707	1.00316
708	1.01064
709	1.01767
710	1.04191
711	0.990184
712	0.953175
713	0.927824
714	0.913376
715	0.887059
716	0.881926
717	0.871366
718	0.851469
719	0.822249
720	0.837021
721	0.837806
722	0.837903
723	0.831172
724	0.830696
725	0.829084
726	0.831134
727	0.838054
728	0.841323
729	0.825715
730	0.855901
731	0.856872
732	0.872163
733	0.876532
734	0.900021
735	0.907656
736	0.909399
737	0.921145
738	0.928801
739	0.928066
740	0.964267
741	0.96171
742	0.960136
743	0.979529
744	0.989546
745	0.987264
746	0.988896
747	0.990649
748	0.987737
749	0.98886
750	0.986367
751	0.989091
752	0.993405
753	0.997423
754	1.00433
755	1.00437
756	0.993591
757	0.993615
758	0.998504
759	0.989524
760	0.993361
761	0.989294
762	0.989173
763	0.946715
764	0.915012
765	0.881371
766	0.835721
767	0.82196
768	0.827285
769	0.825994
770	0.831756
771	0.839599
772	0.847884
773	0.856691
774	0.866133
775	0.876371
776	0.886733
777	0.893869
778	0.908738
779	0.931729
780	0.959732
781	0.957754
782	0.961957
783	0.955234
784	0.948615
785	0.953104
786	0.953644
787	0.952235
788	0.945869
789	0.943548
790	0.936261
791	0.928008
792	0.919786
793	0.91159
794	0.904417
795	0.90426
796	0.912111
797	0.923971
798	0.918863
799	0.909774
800	0.898702
801	0.887469
802	0.873637
803	0.852176
804	0.843801
805	0.822549
806	0.828076
807	0.818475
808	0.809404
809	0.793587
810	0.791633
811	0.788148
812	0.788416
813	0.784466
814	0.778964
815	0.769326
816	0.764211
817	0.757538
818	0.740882
819	0.724544
820	0.719414
821	0.718607
822	0.707101
823	0.710655
824	0.707517
825	0.717318
826	0.732881
827	0.744229
828	0.750437
829	0.7577
830	0.771886
831	0.789444
832	0.798658
833	0.787325
834	0.799871
835	0.806943
836	0.816203
837	0.816089
838	0.81918
839	0.819721
840	0.830653
841	0.831188
842	0.82082
843	0.818403
844	0.811019
845	0.828626
846	0.830315
847	0.813985
848	0.812719
849	0.804442
850	0.754558
851	0.798895
852	0.804037
853	0.788428
854	0.727011
855	0.75978
856	0.809056
857	0.83079
858	0.836232
859	0.83929
860	0.838481
861	0.838184
862	0.845226
863	0.84451
864	0.830487
865	0.806391
866	0.738977
867	0.773792
868	0.807676
869	0.808104
870	0.817139
871	0.811798
872	0.817687
873	0.811181
874	0.798257
875	0.79122
876	0.80678
877	0.811301
878	0.808258
879	0.798368
880	0.795731
881	0.731797
882	0.719759
883	0.702216
884	0.690938
885	0.681935
886	0.655796
887	0.643042
888	0.642883
889	0.636878
890	0.627526
891	0.617529
892	0.605724
893	0.591494
894	0.586719
895	0.582428
896	0.579677
897	0.570932
898	0.562617
899	0.552433
900	0.545289
901	0.531611
902	0.519706
903	0.533164
904	0.531155
905	0.524584
906	0.524046
907	0.528883
908	0.525782
909	0.522439
910	0.529139
911	0.533947
912	0.535551
913	0.54333
914	0.546463
915	0.546384
916	0.548554
917	0.546425
918	0.545984
919	0.547386
920	0.543482
921	0.535658
922	0.529138
923	0.517764
924	0.53316
925	0.536631
926	0.458327
927	0.419968
928	0.381372
929	0.349628
930	0.323262
931	0.302904
932	0.283504
933	0.268099
934	0.252569
935	0.236797
936	0.223747
937	0.213231
938	0.216663
939	0.21844
940	0.217405
941	0.217019
942	0.215258
943	0.222787
944	0.222894
945	0.226253
946	0.230588
947	0.233191
948	0.236741
949	0.245173
950	0.252525
951	0.259424
952	0.269465
953	0.278718
954	0.285247
955	0.286106
956	0.305832
957	0.322444
958	0.33937
959	0.357046
960	0.372336
961	0.390417
962	0.414109
963	0.43953
964	0.468735
965	0.513641
966	0.5138
967	0.52032
968	0.520206
969	0.525052
970	0.530118
971	0.530508
972	0.536515
973	0.536852
974	0.534937
975	0.5414
976	0.550126
977	0.551741
978	0.558575
979	0.559536
980	0.56871
981	0.57278
982	0.579617
983	0.581601
984	0.582424
985	0.587136
986	0.589318
987	0.593788
988	0.597249
989	0.597854
990	0.60511
991	0.61507
992	0.620807
993	0.63025
994	0.638205
995	0.635711
996	0.633957
997	0.627976
998	0.627275
999	0.627201
1000	0.628617
1001	0.631723
1002	0.631669
1003	0.625677
1004	0.615761
1005	0.58918
1006	0.607685
1007	0.620271
1008	0.622987
1009	0.621351
1010	0.622172
1011	0.619579
1012	0.618378
1013	0.615899
1014	0.616525
1015	0.609988
1016	0.6104
1017	0.607717
1018	0.611153
1019	0.600324
1020	0.60216
1021	0.603467
1022	0.598439
1023	0.602032
1024	0.604349
1025	0.603876
1026	0.603962
1027	0.602755
1028	0.602976
1029	0.599425
1030	0.600438
1031	0.600068
1032	0.59929
1033	0.592659
1034	0.594992
1035	0.597594
1036	0.597963
1037	0.594005
1038	0.592866
1039	0.596449
1040	0.595122
1041	0.595337
1042	0.594882
1043	0.591346
1044	0.592328
1045	0.588234
1046	0.577843
1047	0.584014
1048	0.588968
1049	0.587298
1050	0.584524
1051	0.584398
1052	0.581842
1053	0.580611
1054	0.5796
1055	0.581241
1056	0.580229
1057	0.578774
1058	0.572674
1059	0.561485
1060	0.569865
1061	0.564096
1062	0.57016
1063	0.566044
1064	0.570888
1065	0.569764
1066	0.56088
1067	0.562189
1068	0.559503
1069	0.538765
1070	0.549598
1071	0.535993
1072	0.527209
1073	0.51317
1074	0.512125
1075	0.500641
1076	0.498418
1077	0.493991
1078	0.488917
1079	0.478491
1080	0.47834
1081	0.466164
1082	0.459129
1083	0.459947
1084	0.46019
1085	0.45696
1086	0.453849
1087	0.43914
1088	0.443242
1089	0.442803
1090	0.438158
1091	0.436488
1092	0.428156
1093	0.419506
1094	0.402386
1095	0.409534
1096	0.411459
1097	0.412001
1098	0.407954
1099	0.40466
1100	0.411575
1101	0.339174
1102	0.289245
1103	0.260553
1104	0.235024
1105	0.213446
1106	0.195388
1107	0.179423
1108	0.166411
1109	0.154779
1110	0.144592
1111	0.134767
1112	0.126303
1113	0.11825
1114	0.112201
1115	0.105696
1116	0.0992347
1117	0.0946458
1118	0.0886872
1119	0.0840035
1120	0.0796412
1121	0.0832582
1122	0.0871409
1123	0.0908006
1124	0.09457
1125	0.0980235
1126	0.100342
1127	0.106056
1128	0.112258
1129	0.117841
1130	0.123264
1131	0.123426
1132	0.123207
1133	0.12156
1134	0.121079
1135	0.120733
1136	0.120285
1137	0.11763
1138	0.115841
1139	0.116732
1140	0.116695
1141	0.114639
1142	0.115654
1143	0.114655
1144	0.113481
1145	0.113842
1146	0.119796
1147	0.125382
1148	0.130622
1149	0.136514
1150	0.142986
1151	0.15015
1152	0.157718
1153	0.166979
1154	0.177945
1155	0.188952
1156	0.199691
1157	0.214532
1158	0.23023
1159	0.246048
1160	0.265217
1161	0.289536
1162	0.299444
1163	0.306137
1164	0.307583
1165	0.314539
1166	0.315276
1167	0.323851
1168	0.330911
1169	0.330049
1170	0.341701
1171	0.345029
1172	0.34619
1173	0.345651
1174	0.346423
1175	0.342673
1176	0.339895
1177	0.346507
1178	0.345823
1179	0.346324
1180	0.350793
1181	0.350742
1182	0.348913
1183	0.337445
1184	0.348676
1185	0.354683
1186	0.356178
1187	0.357262
1188	0.354009
1189	0.343466
1190	0.355114
1191	0.36282
1192	0.364134
1193	0.365209
1194	0.366494
1195	0.365649
1196	0.366813
1197	0.366097
1198	0.360092
1199	0.35349
1200	0.368811
1201	0.374069
1202	0.373225
1203	0.362714
1204	0.361965
1205	0.370212
1206	0.370498
1207	0.370759
1208	0.363089
1209	0.351629
1210	0.363305
1211	0.360211
1212	0.366502
1213	0.368633
1214	0.367902
1215	0.368899
1216	0.369181
1217	0.36922
1218	0.368528
1219	0.367208
1220	0.368877
1221	0.369348
1222	0.36871
1223	0.367341
1224	0.371218
1225	0.371388
1226	0.371812
1227	0.366827
1228	0.370877
1229	0.374532
1230	0.375134
1231	0.375528
1232	0.37444
1233	0.376857
1234	0.377641
1235	0.378204
1236	0.382179
1237	0.384701
1238	0.38697
1239	0.388116
1240	0.395315
1241	0.39545
1242	0.392204
1243	0.386863
1244	0.383544
1245	0.382727
1246	0.38313
1247	0.381707
1248	0.382
1249	0.380264
1250	0.377958
1251	0.37437
1252	0.370622
1253	0.370294
1254	0.369284
1255	0.367484
1256	0.365416
1257	0.362677
1258	0.36228
1259	0.359897
1260	0.359741
1261	0.357806
1262	0.353706
1263	0.354601
1264	0.350752
1265	0.350188
1266	0.350529
1267	0.345571
1268	0.342709
1269	0.344166
1270	0.345047
1271	0.345756
1272	0.34508
1273	0.345182
1274	0.344434
1275	0.34685
1276	0.34869
1277	0.349738
1278	0.349983
1279	0.349025
1280	0.347053
1281	0.336217
1282	0.311673
1283	0.33178
1284	0.346501
1285	0.351177
1286	0.353621
1287	0.356313
1288	0.357367
1289	0.359943
1290	0.358659
1291	0.351852
1292	0.347034
1293	0.341691
1294	0.333697
1295	0.331283
1296	0.328592
1297	0.32354
1298	0.31854
1299	0.317673
1300	0.314382
1301	0.310954
1302	0.306257
1303	0.302539
1304	0.299674
1305	0.299836
1306	0.298417
1307	0.29662
1308	0.29444
1309	0.292597
1310	0.289937
1311	0.28752
1312	0.283416
1313	0.27658
1314	0.279643
1315	0.273939
1316	0.273532
1317	0.275777
1318	0.272824
1319	0.274351
1320	0.272732
1321	0.220175
1322	0.188984
1323	0.16648
1324	0.148841
1325	0.134175
1326	0.121597
1327	0.110807
1328	0.102004
1329	0.0925672
1330	0.0865521
1331	0.0809653
1332	0.0745509
1333	0.0706715
1334	0.0664426
1335	0.0622443
1336	0.0581478
1337	0.0548353
1338	0.0515175
1339	0.0481775
1340	0.0454836
1341	0.0437525
1342	0.0414706
1343	0.0393741
1344	0.0374444
1345	0.0355949
1346	0.0336648
1347	0.0321729
1348	0.030648
1349	0.0291491
1350	0.0275755
1351	0.0244756
1352	0.0219215
1353	0.0195658
1354	0.0174775
1355	0.0155665
1356	0.0140269
1357	0.0125914
1358	0.0115367
1359	0.0104724
1360	0.00947453
1361	0.00872087
1362	0.00795233
1363	0.00718977
1364	0.00664583
1365	0.00610422
1366	0.00560701
1367	0.00513089
1368	0.00475492
1369	0.00433499
1370	0.00399921
1371	0.00370778
1372	0.00346516
1373	0.00321933
1374	0.00298357
1375	0.00273612
1376	0.00252788
1377	0.00237056
1378	0.00221006
1379	0.00207149
1380	0.00192423
1381	0.00179627
1382	0.00166276
1383	0.00155715
1384	0.00146229
1385	0.00136063
1386	0.00127986
1387	0.00119231
1388	0.00112253
1389	0.00105441
1390	0.000978023
1391	0.00092698
1392	0.00087278
1393	0.000817223
1394	0.000765568
1395	0.000720886
1396	0.000762557
1397	0.000806477
1398	0.000854627
1399	0.000899925
1400	0.000932492
1401	0.000986773
1402	0.00105682
1403	0.00111448
1404	0.00118422
1405	0.00125733
1406	0.00134218
1407	0.00142583
1408	0.00151516
1409	0.00161713
1410	0.00172023
1411	0.00182106
1412	0.00190746
1413	0.00205342
1414	0.00221963
1415	0.00237803
1416	0.00253853
1417	0.00273353
1418	0.00293846
1419	0.00312897
1420	0.00335616
1421	0.00362656
1422	0.0038514
1423	0.0041426
1424	0.00447279
1425	0.00487212
1426	0.00517407
1427	0.00564704
1428	0.00616688
1429	0.00660701
1430	0.00717977
1431	0.00787282
1432	0.00874777
1433	0.00958346
1434	0.0103815
1435	0.0114442
1436	0.0126317
1437	0.0139838
1438	0.0154535
1439	0.0171833
1440	0.0185191
1441	0.0207994
1442	0.0233952
1443	0.0254669
1444	0.0265759
1445	0.0276932
1446	0.0289423
1447	0.0300054
1448	0.0314576
1449	0.0327578
1450	0.0339734
1451	0.0351327
1452	0.0366917
1453	0.038457
1454	0.0400854
1455	0.0418534
1456	0.0437228
1457	0.0461852
1458	0.0490928
1459	0.0518294
1460	0.0542512
1461	0.057001
1462	0.0597672
1463	0.0611437
1464	0.0612317
1465	0.0617435
1466	0.0612867
1467	0.0619736
1468	0.0615178
1469	0.0619823
1470	0.061677
1471	0.0608238
1472	0.0610181
1473	0.0608901
1474	0.0597378
1475	0.0604852
1476	0.0608087
1477	0.0607095
1478	0.0628551
1479	0.0657171
1480	0.0683965
1481	0.070516
1482	0.073578
1483	0.0755252
1484	0.0794275
1485	0.0837255
1486	0.0867088
1487	0.0888286
1488	0.086101
1489	0.0974581
1490	0.104564
1491	0.110422
1492	0.11579
1493	0.123779
1494	0.131861
1495	0.139982
1496	0.14699
1497	0.161074
1498	0.164132
1499	0.165196
1500	0.169629
1501	0.171762
1502	0.170788
1503	0.161698
1504	0.167402
1505	0.166555
1506	0.17505
1507	0.18331
1508	0.185126
1509	0.187554
1510	0.193777
1511	0.197463
1512	0.198234
1513	0.201187
1514	0.204806
1515	0.21112
1516	0.216204
1517	0.221754
1518	0.231524
1519	0.238824
1520	0.254521
1521	0.250203
1522	0.249356
1523	0.252198
1524	0.25273
1525	0.249287
1526	0.25377
1527	0.253155
1528	0.254235
1529	0.251658
1530	0.242831
1531	0.252182
1532	0.254075
1533	0.251956
1534	0.249095
1535	0.251487
1536	0.254548
1537	0.254784
1538	0.250891
1539	0.253766
1540	0.246141
1541	0.246231
1542	0.246502
1543	0.24561
1544	0.245853
1545	0.245513
1546	0.243603
1547	0.239792
1548	0.234643
1549	0.236638
1550	0.234637
1551	0.234519
1552	0.235506
1553	0.232541
1554	0.227891
1555	0.227456
1556	0.225233
1557	0.22845
1558	0.227316
1559	0.227237
1560	0.226304
1561	0.229432
1562	0.229052
1563	0.228249
1564	0.226482
1565	0.228696
1566	0.227164
1567	0.227465
1568	0.22583
1569	0.22767
1570	0.227895
1571	0.232173
1572	0.232991
1573	0.230875
1574	0.228758
1575	0.220815
1576	0.225888
1577	0.214949
1578	0.226986
1579	0.232548
1580	0.234329
1581	0.233777
1582	0.226811
1583	0.227602
1584	0.226075
1585	0.2303
1586	0.228011
1587	0.224837
1588	0.219033
1589	0.207505
1590	0.211854
1591	0.213445
1592	0.221628
1593	0.225522
1594	0.224485
1595	0.223691
1596	0.21539
1597	0.216917
1598	0.220835
1599	0.217598
1600	0.217624
1601	0.212797
1602	0.214139
1603	0.214304
1604	0.21425
1605	0.212069
1606	0.211175
1607	0.210084
1608	0.212618
1609	0.210472
1610	0.200677
1611	0.204635
1612	0.2066
1613	0.210192
1614	0.210053
1615	0.209179
1616	0.202477
1617	0.205299
1618	0.211427
1619	0.210849
1620	0.206128
1621	0.206361
1622	0.209719
1623	0.214268
1624	0.215231
1625	0.213247
1626	0.215849
1627	0.217591
1628	0.219791
1629	0.221369
1630	0.221889
1631	0.222702
1632	0.222473
1633	0.21991
1634	0.217827
1635	0.220163
1636	0.219363
1637	0.212289
1638	0.210457
1639	0.207348
1640	0.20923
1641	0.208217
1642	0.208487
1643	0.211532
1644	0.209829
1645	0.209176
1646	0.211759
1647	0.212156
1648	0.211519
1649	0.20845
1650	0.210124
1651	0.208218
1652	0.210137
1653	0.208699
1654	0.209345
1655	0.207681
1656	0.208672
1657	0.20875
1658	0.207665
1659	0.205668
1660	0.206785
1661	0.207553
1662	0.206826
1663	0.20599
1664	0.205608
1665	0.203963
1666	0.202439
1667	0.202412
1668	0.19996
1669	0.201319
1670	0.204183
1671	0.202887
1672	0.196992
1673	0.199047
1674	0.201213
1675	0.199121
1676	0.196919
1677	0.198056
1678	0.198612
1679	0.194778
1680	0.187831
1681	0.181375
1682	0.18386
1683	0.188181
1684	0.190374
1685	0.190463
1686	0.188122
1687	0.187939
1688	0.187217
1689	0.184744
1690	0.184395
1691	0.186603
1692	0.186506
1693	0.18543
1694	0.184911
1695	0.184414
1696	0.183264
1697	0.182135
1698	0.181557
1699	0.180225
1700	0.177831
1701	0.177171
1702	0.176813
1703	0.176246
1704	0.175643
1705	0.174987
1706	0.1739
1707	0.172753
1708	0.171613
1709	0.170481
1710	0.169526
1711	0.169597
1712	0.169841
1713	0.170087
1714	0.170335
1715	0.170441
1716	0.169657
1717	0.168734
1718	0.167816
1719	0.166903
1720	0.166062
1721	0.165594
1722	0.165196
1723	0.164801
1724	0.16441
1725	0.163963
1726	0.163136
1727	0.162256
1728	0.161379
1729	0.160506
1730	0.159497
1731	0.157616
1732	0.155601
1733	0.153592
1734	0.15159
1735	0.149989
1736	0.150724
1737	0.151853
1738	0.152979
1739	0.154105
1740	0.154983
1741	0.137458
1742	0.125833
1743	0.116846
1744	0.10943
1745	0.103132
1746	0.0978532
1747	0.0932036
1748	0.0890222
1749	0.0852256
1750	0.0817651
1751	0.0786383
1752	0.0757564
1753	0.0730767
1754	0.0705752
1755	0.0682062
1756	0.0658164
1757	0.0635418
1758	0.0613949
1759	0.0593643
1760	0.0574558
1761	0.0557361
1762	0.0541152
1763	0.052571
1764	0.0510978
1765	0.0496905
1766	0.0483447
1767	0.0470562
1768	0.0458212
1769	0.0446365
1770	0.0434819
1771	0.042264
1772	0.0410776
1773	0.039937
1774	0.0388394
1775	0.0378042
1776	0.0369326
1777	0.0361117
1778	0.0353185
1779	0.0345517
1780	0.0338004
1781	0.0330169
1782	0.0322497
1783	0.0315072
1784	0.0307884
1785	0.0301007
1786	0.0294851
1787	0.028896
1788	0.0283241
1789	0.0277687
1790	0.0272181
1791	0.0266125
1792	0.0260139
1793	0.0254328
1794	0.0248682
1795	0.0243198
1796	0.0237867
1797	0.0232685
1798	0.0227646
1799	0.0222744
1800	0.0218105
1801	0.019377
1802	0.0173162
1803	0.0155455
1804	0.0140122
1805	0.0126741
1806	0.0114898
1807	0.0104454
1808	0.00952106
1809	0.00869965
1810	0.00795038
1811	0.00718979
1812	0.0064991
1813	0.00588354
1814	0.00533355
1815	0.00485601
1816	0.00450883
1817	0.00420509
1818	0.00392678
1819	0.0036713
1820	0.00343526
1821	0.00321188
1822	0.00300524
1823	0.00281471
1824	0.00263877
1825	0.00247351
1826	0.00230557
1827	0.00214856
1828	0.00200383
1829	0.00187027
1830	0.00174777
1831	0.00163898
1832	0.00153882
1833	0.00144575
1834	0.00135919
1835	0.00127845
1836	0.00120203
1837	0.00113068
1838	0.00106418
1839	0.00100213
1840	0.000944085
1841	0.000888942
1842	0.000837323
1843	0.000789079
1844	0.000743959
1845	0.000702101
1846	0.000664803
1847	0.000630094
1848	0.000597453
1849	0.000566741
1850	0.000537651
1851	0.000509256
1852	0.000482387
1853	0.000457107
1854	0.000433308
1855	0.000410895
1856	0.000389776
1857	0.000369868
1858	0.000351094
1859	0.00033338
1860	0.00031666
1861	0.000324774
1862	0.000333129
1863	0.000341733
1864	0.000350595
1865	0.000359797
1866	0.000369632
1867	0.000379856
1868	0.000390406
1869	0.000401296
1870	0.000411632
1871	0.000416578
1872	0.00042055
1873	0.000424442
1874	0.000428246
1875	0.000434341
1876	0.000455102
1877	0.000479318
1878	0.00050465
1879	0.000531151
1880	0.000557355
1881	0.000575342
1882	0.000592375
1883	0.000609997
1884	0.000628231
1885	0.000646571
1886	0.000662067
1887	0.000677431
1888	0.000693209
1889	0.000709414
1890	0.000726577
1891	0.00074744
1892	0.000769571
1893	0.00079248
1894	0.000816201
1895	0.000841377
1896	0.000871253
1897	0.000902995
1898	0.000936053
1899	0.00097049
1900	0.00100587
1901	0.00103931
1902	0.00107353
1903	0.00110909
1904	0.00114606
1905	0.00118432
1906	0.00122271
1907	0.00126241
1908	0.00130367
1909	0.00134656
1910	0.00139147
1911	0.00143968
1912	0.00149022
1913	0.0015429
1914	0.00159783
1915	0.00165513
1916	0.00171492
1917	0.00177732
1918	0.00184249
1919	0.00191056
1920	0.00198169
1921	0.00190598
1922	0.00191388
1923	0.00193946
1924	0.00197532
1925	0.00201803
1926	0.00206242
1927	0.00211146
1928	0.00216555
1929	0.00222455
1930	0.00229017
1931	0.00237172
1932	0.00246115
1933	0.00255703
1934	0.00265975
1935	0.00276827
1936	0.0028744
1937	0.0029863
1938	0.00310599
1939	0.00323405
1940	0.00336599
1941	0.00347467
1942	0.00358468
1943	0.00370168
1944	0.00382625
1945	0.00397221
1946	0.00421191
1947	0.00448676
1948	0.00478604
1949	0.00511262
1950	0.00546548
1951	0.00582462
1952	0.00621373
1953	0.00664176
1954	0.00711421
1955	0.00763166
1956	0.00816872
1957	0.00876059
1958	0.00942377
1959	0.0101714
1960	0.0110186
1961	0.0115394
1962	0.0120937
1963	0.0126867
1964	0.0133223
1965	0.0140162
1966	0.0148358
1967	0.015736
1968	0.0167136
1969	0.0177781
1970	0.01893
1971	0.0201171
1972	0.0214074
1973	0.0228286
1974	0.0244016
1975	0.0261521
1976	0.0281123
1977	0.0303236
1978	0.0328403
1979	0.0357354
1980	0.0391204
1981	0.0431867
1982	0.0481379
1983	0.0543591
1984	0.0626135
1985	0.0748381
1986	0.0606426
1987	0.0532391
1988	0.0479698
1989	0.0438543
1990	0.0404473
1991	0.0373808
1992	0.0347055
1993	0.0323621
1994	0.0302856
1995	0.028448
1996	0.0268931
1997	0.0254993
1998	0.024227
1999	0.0230601
2000	0.021976
2001	0.0209201
2002	0.0199333
2003	0.0190165
2004	0.0181625
2005	0.0173727
2006	0.0179356
2007	0.0185338
2008	0.0191617
2009	0.0198216
2010	0.0205122
2011	0.02121
2012	0.0219416
2013	0.0227136
2014	0.0235297
2015	0.0243893
2016	0.0252654
2017	0.0261911
2018	0.0271763
2019	0.0282272
2020	0.0293644
2021	0.0306668
2022	0.0320846
2023	0.0336184
2024	0.0352849
2025	0.0370877
2026	0.0389626
2027	0.0410165
2028	0.0433064
2029	0.0458876
2030	0.0488517
2031	0.0523728
2032	0.0566053
2033	0.0619043
2034	0.0691382
2035	0.0823763
2036	0.0812767
2037	0.0802511
2038	0.0792956
2039	0.0783972
2040	0.0776047
2041	0.0771691
2042	0.0768215
2043	0.0765003
2044	0.0762024
2045	0.0758763
2046	0.0752479
2047	0.0745918
2048	0.0739554
2049	0.0733372
2050	0.0727567
2051	0.0722876
2052	0.0718529
2053	0.0714312
2054	0.0710219
2055	0.070611
2056	0.0701041
2057	0.0695954
2058	0.069098
2059	0.0686113
2060	0.068155
2061	0.0678011
2062	0.0674762
2063	0.0671602
2064	0.0668531
2065	0.0665547
2066	0.0667558
2067	0.0669611
2068	0.0671707
2069	0.0673849
2070	0.0676238
2071	0.0679622
2072	0.0683273
2073	0.0686995
2074	0.0690789
2075	0.0694384
2076	0.0696259
2077	0.0697916
2078	0.0699635
2079	0.0701419
2080	0.0703415
2081	0.07062
2082	0.070922
2083	0.0712341
2084	0.0715569
2085	0.0718987
2086	0.0722679
2087	0.0726587
2088	0.073065
2089	0.0734884
2090	0.0739155
2091	0.0742871
2092	0.0746654
2093	0.0750689
2094	0.0755014
2095	0.0759996
2096	0.0767468
2097	0.0775812
2098	0.0784846
2099	0.079478
2100	0.0805878
2101	0.0805931
2102	0.0805907
2103	0.0805889
2104	0.0805877
2105	0.0805704
2106	0.0804528
2107	0.0803189
2108	0.0801855
2109	0.0800527
2110	0.0799289
2111	0.0798734
2112	0.0798272
2113	0.0797818
2114	0.0797373
2115	0.0796937
2116	0.0796341
2117	0.0795754
2118	0.0795179
2119	0.0794614
2120	0.079406
2121	0.0793348
2122	0.0792649
2123	0.0791963
2124	0.0791292
2125	0.0790892
2126	0.0791884
2127	0.0793155
2128	0.0794449
2129	0.0795768
2130	0.0796769
2131	0.0795899
2132	0.0794708
2133	0.0793544
2134	0.0792411
2135	0.0791572
2136	0.0792512
2137	0.0793762
2138	0.0795068
2139	0.079644
2140	0.0797623
2141	0.0797314
2142	0.0796839
2143	0.0796484
2144	0.0796281
2145	0.0796546
2146	0.079834
2147	0.0800846
2148	0.0804122
2149	0.0803636
2150	0.0803061
2151	0.0801591
2152	0.0800033
2153	0.0798476
2154	0.079692
2155	0.0795365
2156	0.0793454
2157	0.0791543
2158	0.0789633
2159	0.0787725
2160	0.0784745
2161	0.0775152
2162	0.076449
2163	0.0753831
2164	0.0743176
2165	0.073458
2166	0.0738491
2167	0.0744456
2168	0.0750419
2169	0.0756381
2170	0.0761717
2171	0.0762946
2172	0.076355
2173	0.0764155
2174	0.076476
2175	0.0765009
2176	0.0763117
2177	0.076087
2178	0.0758624
2179	0.0756379
2180	0.0754402
2181	0.0754209
2182	0.0754284
2183	0.0754359
2184	0.0754435
2185	0.0754155
2186	0.0751559
2187	0.0748609
2188	0.0745659
2189	0.0742711
2190	0.074021
2191	0.0740379
2192	0.0740994
2193	0.0741609
2194	0.0742225
2195	0.0742573
2196	0.0741499
2197	0.0740159
2198	0.073882
2199	0.0737353
2200	0.0735621
2201	0.0732291
2202	0.0728698
2203	0.0725107
2204	0.0721519
2205	0.0718377
2206	0.0717545
2207	0.0717157
2208	0.071677
2209	0.0716384
2210	0.071591
2211	0.0715083
2212	0.0714168
2213	0.0713254
2214	0.0712342
2215	0.071143
2216	0.0710519
2217	0.070961
2218	0.0708702
2219	0.0707794
2220	0.0706711
2221	0.0704569
2222	0.0702252
2223	0.0699937
2224	0.0697624
2225	0.0695489
2226	0.0694414
2227	0.0693517
2228	0.0692621
2229	0.0691725
2230	0.0690831
2231	0.0689761
2232	0.0688693
2233	0.0687625
2234	0.0686559
2235	0.0685317
2236	0.0682846
2237	0.0680199
2238	0.0677555
2239	0.0674913
2240	0.0672536
2241	0.0671742
2242	0.0671213
2243	0.0670684
2244	0.0670156
2245	0.0669453
2246	0.0667873
2247	0.0666119
2248	0.0664367
2249	0.0662616
2250	0.0660866
2251	0.0658767
2252	0.0656669
2253	0.0654573
2254	0.0652478
2255	0.065056
2256	0.0649868
2257	0.0649352
2258	0.0648837
2259	0.0648322
2260	0.064772
2261	0.0646245
2262	0.0644684
2263	0.0643124
2264	0.0641565
2265	0.0640182
2266	0.0639498
2267	0.0638989
2268	0.0638481
2269	0.0637973
2270	0.0637379
2271	0.0634109
2272	0.0630849
2273	0.0627678
2274	0.0624587
2275	0.0621399
2276	0.0617427
2277	0.0613354
2278	0.0609348
2279	0.0605404
2280	0.0601771
2281	0.0599703
2282	0.0597928
2283	0.0596191
2284	0.0594489
2285	0.0592821
2286	0.0590854
2287	0.0588919
2288	0.0587014
2289	0.0585139
2290	0.0582964
2291	0.0578693
2292	0.0574133
2293	0.0569612
2294	0.0565128
2295	0.0561165
2296	0.0559818
2297	0.0558972
2298	0.0558143
2299	0.0557329
2300	0.055645
2301	0.0554947
2302	0.0553382
2303	0.0551834
2304	0.0550302
2305	0.0548708
2306	0.0546813
2307	0.0544856
2308	0.0542916
2309	0.0540992
2310	0.0539084
2311	0.0536878
2312	0.0534689
2313	0.0532516
2314	0.0530358
2315	0.0528216
2316	0.0526243
2317	0.0524283
2318	0.0522337
2319	0.0520405
2320	0.0518255
2321	0.0514435
2322	0.0510405
2323	0.0506396
2324	0.0502406
2325	0.0498968
2326	0.0498428
2327	0.0498426
2328	0.0498427
2329	0.0498433
2330	0.0498217
2331	0.0496804
2332	0.0495174
2333	0.0493554
2334	0.0491943
2335	0.0490342
2336	0.048875
2337	0.0487166
2338	0.0485592
2339	0.0484026
2340	0.0482543
2341	0.0481511
2342	0.0480559
2343	0.0479614
2344	0.0478674
2345	0.0477594
2346	0.0475788
2347	0.0473844
2348	0.0471909
2349	0.0469983
2350	0.046792
2351	0.0464849
2352	0.0461644
2353	0.0458453
2354	0.0455273
2355	0.045254
2356	0.0452124
2357	0.0452144
2358	0.0452167
2359	0.0452191
2360	0.0452145
2361	0.0437611
2362	0.0424526
2363	0.0412638
2364	0.0401724
2365	0.039156
2366	0.0381603
2367	0.0372207
2368	0.0363357
2369	0.035499
2370	0.0346998
2371	0.033907
2372	0.0331454
2373	0.0324174
2374	0.0317202
2375	0.0310716
2376	0.0305478
2377	0.0300638
2378	0.029598
2379	0.0291489
2380	0.0286785
2381	0.0280136
2382	0.0273341
2383	0.026676
2384	0.0260382
2385	0.0254625
2386	0.0251582
2387	0.0249043
2388	0.0246576
2389	0.0244177
2390	0.0241682
2391	0.0238304
2392	0.0234859
2393	0.0231501
2394	0.0228227
2395	0.0225034
2396	0.0221844
2397	0.021873
2398	0.021569
2399	0.0212719
2400	0.0209816
2401	0.0207048
2402	0.020434
2403	0.0201691
2404	0.0199099
2405	0.0196562
2406	0.0194143
2407	0.0191773
2408	0.0189451
2409	0.0187176
2410	0.018479
2411	0.0181523
2412	0.017817
2413	0.0174885
2414	0.0171664
2415	0.0168744
2416	0.0167167
2417	0.016585
2418	0.0164554
2419	0.016328
2420	0.0161942
2421	0.0160071
2422	0.0158151
2423	0.0156264
2424	0.0154409
2425	0.0152613
2426	0.0151006
2427	0.0149451
2428	0.0147921
2429	0.0146416
2430	0.014491
2431	0.0143177
2432	0.0141447
2433	0.0139745
2434	0.013807
2435	0.0136446
2436	0.013504
2437	0.0133678
2438	0.0132337
2439	0.0131016
2440	0.0129692
2441	0.0128204
2442	0.0126717
2443	0.0125252
2444	0.0123809
2445	0.0122365
2446	0.0120856
2447	0.0119347
2448	0.0117861
2449	0.0116397
2450	0.0114997
2451	0.0109465
2452	0.0104358
2453	0.00995938
2454	0.00951413
2455	0.00910051
2456	0.00872846
2457	0.00838149
2458	0.00805444
2459	0.00774571
2460	0.00745251
2461	0.00716449
2462	0.00689055
2463	0.00663094
2464	0.00638465
2465	0.00614848
2466	0.00591311
2467	0.00568733
2468	0.00547266
2469	0.00526836
2470	0.0050757
2471	0.00490491
2472	0.00474351
2473	0.00458917
2474	0.00444148
2475	0.00429764
2476	0.00414429
2477	0.00399539
2478	0.00385298
2479	0.00371671
2480	0.0035883
2481	0.00347462
2482	0.00336743
2483	0.00326443
2484	0.00316542
2485	0.00307139
2486	0.00298666
2487	0.00290609
2488	0.00282836
2489	0.00275334
2490	0.00267629
2491	0.002574
2492	0.00247148
2493	0.00237313
2494	0.00227878
2495	0.00219494
2496	0.00215182
2497	0.00211622
2498	0.00208138
2499	0.00204728
2500	0.00201078
2501	0.000938032
2502	0.000485144
2503	0.000268819
2504	0.00015658
2505	9.47562e-05
2506	5.90173e-05
2507	3.76948e-05
2508	2.45969e-05
2509	1.6348e-05
2510	1.10433e-05
2511	7.57528e-06
2512	5.26334e-06
2513	3.69867e-06
2514	2.62592e-06
2515	1.88181e-06
2516	1.36071e-06
2517	9.91697e-07
2518	7.28046e-07
2519	5.3812e-07
2520	4.0034e-07
2521	2.99849e-07
2522	2.25877e-07
2523	1.71042e-07
2524	1.30156e-07
2525	9.95246e-08
2526	7.65335e-08
2527	5.91118e-08
2528	4.58372e-08
2529	3.5678e-08
2530	2.78648e-08
2531	2.17917e-08
2532	1.70947e-08
2533	1.34523e-08
2534	1.06179e-08
2535	8.4068e-09
2536	6.68036e-09
2537	5.32384e-09
2538	4.25374e-09
2539	3.4072e-09
2540	2.73569e-09
2541	2.20256e-09
2542	1.77731e-09
2543	1.43727e-09
2544	1.16474e-09
2545	9.45799e-10
2546	7.692e-10
2547	6.26771e-10
2548	5.11664e-10
2549	4.18449e-10
2550	3.42815e-10
2551	2.81209e-10
2552	2.31055e-10
2553	1.90152e-10
2554	1.56736e-10
2555	1.29389e-10
2556	1.06926e-10
2557	8.84914e-11
2558	7.33384e-11
2559	6.08641e-11
2560	5.05907e-11
2561	4.2144e-11
2562	3.51606e-11
2563	2.93714e-11
2564	2.45656e-11
2565	2.05709e-11
2566	1.72385e-11
2567	1.44626e-11
2568	1.21474e-11
2569	1.02142e-11
2570	8.59788e-12
2571	7.24181e-12
2572	6.10596e-12
2573	5.15351e-12
2574	4.35398e-12
2575	3.6821e-12
2576	3.1169e-12
2577	2.64094e-12
2578	2.23974e-12
2579	1.90122e-12
2580	1.61493e-12
2581	1.37109e-12
2582	1.16479e-12
2583	9.90367e-13
2584	8.42753e-13
2585	7.18052e-13
2586	6.14277e-13
2587	5.2616e-13
2588	4.51036e-13
2589	3.86936e-13
2590	3.32121e-13
2591	2.84758e-13
2592	2.44271e-13
2593	2.09691e-13
2594	1.80134e-13
2595	1.54888e-13
2596	1.33395e-13
2597	1.1499e-13
2598	9.91909e-14
2599	8.56189e-14
2600	7.39521e-14
2601	5.12683e-14
2602	4.16135e-14
2603	3.4792e-14
2604	2.95504e-14
2605	2.53573e-14
2606	2.19006e-14
2607	1.90233e-14
2608	1.65997e-14
2609	1.45399e-14
2610	1.27766e-14
2611	1.12636e-14
2612	9.95396e-15
2613	8.81556e-15
2614	7.82247e-15
2615	6.95341e-15
2616	6.18489e-15
2617	5.50934e-15
2618	4.9142e-15
2619	4.38881e-15
2620	3.92229e-15
2621	3.4974e-15
2622	3.12012e-15
2623	2.78612e-15
2624	2.49005e-15
2625	2.23001e-15
2626	2.01256e-15
2627	1.81995e-15
2628	1.64699e-15
2629	1.49151e-15
2630	1.35097e-15
2631	1.22091e-15
2632	1.10352e-15
2633	9.98029e-16
2634	9.03147e-16
2635	8.17545e-16
2636	7.3865e-16
2637	6.67547e-16
2638	6.03587e-16
2639	5.46017e-16
2640	4.94413e-16
2641	4.4923e-16
2642	4.08565e-16
2643	3.71744e-16
2644	3.38387e-16
2645	3.08152e-16
2646	2.80453e-16
2647	2.55346e-16
2648	2.32576e-16
2649	2.11916e-16
2650	1.93164e-16
2651	1.75958e-16
2652	1.6034e-16
2653	1.4616e-16
2654	1.33278e-16
2655	1.21602e-16
2656	1.11097e-16
2657	1.01558e-16
2658	9.28667e-17
2659	8.49457e-17
2660	7.77041e-17
2661	7.09928e-17
2662	6.48634e-17
2663	5.92797e-17
2664	5.41917e-17
2665	4.95793e-17
2666	4.54649e-17
2667	4.17245e-17
2668	3.8302e-17
2669	3.51694e-17
2670	3.2293e-17
2671	2.95835e-17
2672	2.7101e-17
2673	2.48328e-17
2674	2.27597e-17
2675	2.087e-17
2676	1.91615e-17
2677	1.76015e-17
2678	1.61722e-17
2679	1.48623e-17
2680	1.36615e-17
2681	1.25605e-17
2682	1.15508e-17
2683	1.06245e-17
2684	9.77453e-18
2685	8.99447e-18
2686	8.26969e-18
2687	7.60484e-18
2688	6.99483e-18
2689	6.43502e-18
2690	5.92116e-18
2691	5.45226e-18
2692	5.02147e-18
2693	4.62558e-18
2694	4.26171e-18
2695	3.92719e-18
2696	3.61766e-18
2697	3.33312e-18
2698	3.07151e-18
2699	2.83093e-18
2700	2.61035e-18
2701	2.90037e-18
2702	3.22465e-18
2703	3.58649e-18
2704	3.99038e-18
2705	4.4414e-18
2706	4.94524e-18
2707	5.5083e-18
2708	6.13779e-18
2709	6.84183e-18
2710	7.62957e-18
2711	8.51596e-18
2712	9.50906e-18
2713	1.06222e-17
2714	1.18704e-17
2715	1.32706e-17
2716	1.48339e-17
2717	1.65882e-17
2718	1.85576e-17
2719	2.07696e-17
2720	2.3255e-17
2721	2.60347e-17
2722	2.91591e-17
2723	3.26726e-17
2724	3.66256e-17
2725	4.10864e-17
2726	4.61367e-17
2727	5.18457e-17
2728	5.82879e-17
2729	6.55609e-17
2730	7.37761e-17
2731	8.29676e-17
2732	9.33488e-17
2733	1.05079e-16
2734	1.18342e-16
2735	1.33344e-16
2736	1.50407e-16
2737	1.69739e-16
2738	1.91653e-16
2739	2.16509e-16
2740	2.44717e-16
2741	2.76902e-16
2742	3.13487e-16
2743	3.551e-16
2744	4.02457e-16
2745	4.56383e-16
2746	5.17534e-16
2747	5.87213e-16
2748	6.66657e-16
2749	7.57291e-16
2750	8.60755e-16
2751	9.78384e-16
2752	1.11276e-15
2753	1.26637e-15
2754	1.44208e-15
2755	1.6432e-15
2756	1.87357e-15
2757	2.13762e-15
2758	2.44049e-15
2759	2.78812e-15
2760	3.18743e-15
2761	3.64852e-15
2762	4.17924e-15
2763	4.79053e-15
2764	5.49519e-15
2765	6.30809e-15
2766	7.25082e-15
2767	8.34071e-15
2768	9.60176e-15
2769	1.10621e-14
2770	1.27508e-14
2771	1.46919e-14
2772	1.69373e-14
2773	1.9542e-14
2774	2.25662e-14
2775	2.60805e-14
2776	3.0186e-14
2777	3.49688e-14
2778	4.05458e-14
2779	4.70554e-14
2780	5.46611e-14
2781	6.35944e-14
2782	7.40594e-14
2783	8.63317e-14
2784	1.00739e-13
2785	1.17672e-13
2786	1.37595e-13
2787	1.61063e-13
2788	1.88739e-13
2789	2.21417e-13
2790	2.60049e-13
2791	3.05591e-13
2792	3.59534e-13
2793	4.23511e-13
2794	4.99491e-13
2795	5.90027e-13
2796	6.98301e-13
2797	8.27795e-13
2798	9.82638e-13
2799	1.16807e-12
2800	1.39048e-12
2801	1.56942e-12
2802	1.77231e-12
2803	2.00248e-12
2804	2.26376e-12
2805	2.5613e-12
2806	2.90134e-12
2807	3.28937e-12
2808	3.73142e-12
2809	4.23533e-12
2810	4.81011e-12
2811	5.46614e-12
2812	6.21539e-12
2813	7.07169e-12
2814	8.05097e-12
2815	9.17167e-12
2816	1.04486e-11
2817	1.19111e-11
2818	1.35873e-11
2819	1.55098e-11
2820	1.77164e-11
2821	2.02385e-11
2822	2.31359e-11
2823	2.64671e-11
2824	3.03001e-11
2825	3.47249e-11
2826	3.98511e-11
2827	4.57838e-11
2828	5.26413e-11
2829	6.05744e-11
2830	6.97601e-11
2831	8.0355e-11
2832	9.26374e-11
2833	1.0689e-10
2834	1.23443e-10
2835	1.42689e-10
2836	1.64981e-10
2837	1.90935e-10
2838	2.21182e-10
2839	2.56471e-10
2840	2.97686e-10
2841	3.46098e-10
2842	4.02803e-10
2843	4.69299e-10
2844	5.47367e-10
2845	6.39136e-10
2846	7.46659e-10
2847	8.7329e-10
2848	1.02262e-09
2849	1.19895e-09
2850	1.40746e-09
2851	1.65436e-09
2852	1.94715e-09
2853	2.29487e-09
2854	2.70846e-09
2855	3.20119e-09
2856	3.79164e-09
2857	4.49783e-09
2858	5.34391e-09
2859	6.35939e-09
2860	7.58043e-09
2861	9.05144e-09
2862	1.0827e-08
2863	1.29747e-08
2864	1.55777e-08
2865	1.87397e-08
2866	2.25589e-08
2867	2.72135e-08
2868	3.28998e-08
2869	3.98642e-08
2870	4.84325e-08
2871	5.90262e-08
2872	7.21449e-08
2873	8.8414e-08
2874	1.08653e-07
2875	1.33958e-07
2876	1.65773e-07
2877	2.0587e-07
2878	2.56525e-07
2879	3.20773e-07
2880	4.02611e-07
2881	5.06631e-07
2882	6.40194e-07
2883	8.12565e-07
2884	1.03623e-06
2885	1.32817e-06
2886	1.71279e-06
2887	2.22175e-06
2888	2.90026e-06
2889	3.81219e-06
2890	5.04886e-06
2891	6.74273e-06
2892	9.08898e-06
2893	1.23807e-05
2894	1.70681e-05
2895	2.38618e-05
2896	3.39023e-05
2897	4.91959e-05
2898	7.34637e-05
2899	0.000114834
2900	0.000206198
2901	0.000209637
2902	0.000213144
2903	0.000216721
2904	0.000220368
2905	0.000224089
2906	0.000227725
2907	0.000231431
2908	0.00023521
2909	0.000239063
2910	0.000242992
2911	0.000246825
2912	0.000250731
2913	0.000254712
2914	0.000258769
2915	0.000262905
2916	0.00026731
2917	0.000271805
2918	0.000276391
2919	0.00028107
2920	0.000285846
2921	0.000290719
2922	0.000295693
2923	0.00030077
2924	0.000305952
2925	0.000311243
2926	0.000316645
2927	0.000322161
2928	0.000327794
2929	0.000333546
2930	0.000339422
2931	0.000345173
2932	0.000351044
2933	0.000357037
2934	0.000363157
2935	0.000369406
2936	0.000376064
2937	0.000382869
2938	0.000389824
2939	0.000396935
2940	0.000404205
2941	0.000411335
2942	0.00041862
2943	0.000426067
2944	0.000433677
2945	0.000441622
2946	0.000450084
2947	0.000458916
2948	0.000467961
2949	0.000477225
2950	0.000486713
2951	0.000496434
2952	0.000506393
2953	0.000516598
2954	0.000527056
2955	0.000537776
2956	0.000548352
2957	0.000559188
2958	0.000570292
2959	0.000581673
2960	0.000593339
2961	0.000605757
2962	0.0006185
2963	0.000631576
2964	0.000644997
2965	0.000658774
2966	0.000672407
2967	0.000686397
2968	0.000700757
2969	0.000715499
2970	0.000730635
2971	0.000746752
2972	0.000763318
2973	0.000780348
2974	0.000797859
2975	0.000815869
2976	0.000833752
2977	0.000852141
2978	0.000871053
2979	0.000890509
2980	0.000910527
2981	0.000931854
2982	0.000953822
2983	0.000976458
2984	0.000999789
2985	0.00102384
2986	0.00104783
2987	0.00107256
2988	0.00109806
2989	0.00112437
2990	0.00115151
2991	0.00118047
2992	0.00121038
2993	0.00124131
2994	0.00127329
2995	0.00130639
2996	0.00134065
2997	0.00137613
2998	0.00141291
2999	0.00145106
3000	0.00149065
3001	0.00148944
3002	0.00148823
3003	0.00148701
3004	0.0014858
3005	0.00148458
3006	0.00148454
3007	0.0014845
3008	0.00148447
3009	0.00148443
3010	0.00148439
3011	0.00148436
3012	0.00148432
3013	0.00148429
3014	0.00148425
3015	0.00148421
3016	0.00148298
3017	0.00148175
3018	0.00148052
3019	0.00147929
3020	0.00147805
3021	0.00147681
3022	0.00147558
3023	0.00147433
3024	0.00147309
3025	0.00147185
3026	0.0014718
3027	0.00147176
3028	0.00147172
3029	0.00147168
3030	0.00147163
3031	0.00147038
3032	0.00146913
3033	0.00146788
3034	0.00146663
3035	0.00146537
3036	0.0014629
3037	0.00146043
3038	0.00145795
3039	0.00145548
3040	0.0014536
3041	0.00145537
3042	0.00145776
3043	0.00146015
3044	0.00146254
3045	0.00146494
3046	0.00146613
3047	0.00146731
3048	0.0014685
3049	0.00146969
3050	0.00147088
3051	0.00147085
3052	0.00147082
3053	0.00147079
3054	0.00147076
3055	0.00147073
3056	0.00147071
3057	0.00147068
3058	0.00147066
3059	0.00147063
3060	0.00147061
3061	0.00146811
3062	0.00146562
3063	0.00146312
3064	0.00146061
3065	0.00145873
3066	0.00145808
3067	0.00145806
3068	0.00145803
3069	0.00145801
3070	0.00145799
3071	0.00145922
3072	0.00146046
3073	0.00146169
3074	0.00146294
3075	0.00146418
3076	0.00146293
3077	0.00146167
3078	0.00146042
3079	0.00145916
3080	0.00145791
3081	0.00145665
3082	0.0014554
3083	0.00145415
3084	0.00145289
3085	0.00145164
3086	0.00145039
3087	0.00144914
3088	0.00144789
3089	0.00144665
3090	0.0014454
3091	0.00144416
3092	0.00144291
3093	0.00144167
3094	0.00144043
3095	0.0014392
3096	0.00143796
3097	0.00143673
3098	0.0014355
3099	0.00143428
3100	0.00143306
3101	0.0014208
3102	0.0014176
3103	0.00141735
3104	0.00141872
3105	0.00142116
3106	0.00142309
3107	0.00142563
3108	0.00142865
3109	0.00143208
3110	0.00143586
3111	0.00143865
3112	0.00144171
3113	0.001445
3114	0.00144851
3115	0.00145288
3116	0.00145879
3117	0.00146556
3118	0.00147254
3119	0.00147969
3120	0.00148703
3121	0.00149454
3122	0.00150223
3123	0.00151008
3124	0.0015181
3125	0.00152628
3126	0.00153461
3127	0.00154311
3128	0.00155176
3129	0.00156057
3130	0.00156953
3131	0.00157864
3132	0.00158791
3133	0.00159734
3134	0.00160692
3135	0.00161665
3136	0.00162501
3137	0.00163351
3138	0.00164214
3139	0.00165091
3140	0.00165981
3141	0.00167043
3142	0.0016812
3143	0.00169214
3144	0.00170324
3145	0.0017145
3146	0.00172429
3147	0.00173422
3148	0.0017443
3149	0.00175452
3150	0.00176489
3151	0.00177711
3152	0.00178951
3153	0.00180209
3154	0.00181485
3155	0.00182779
3156	0.00184092
3157	0.00185424
3158	0.00186775
3159	0.00188146
3160	0.00189537
3161	0.00191133
3162	0.00192752
3163	0.00194396
3164	0.00196064
3165	0.00197757
3166	0.0019909
3167	0.00200442
3168	0.00201813
3169	0.00203204
3170	0.00204715
3171	0.0020645
3172	0.00208313
3173	0.00210204
3174	0.00212125
3175	0.00214076
3176	0.00215635
3177	0.00217217
3178	0.00218824
3179	0.00220454
3180	0.00222109
3181	0.00224009
3182	0.0022594
3183	0.00227901
3184	0.00229894
3185	0.00231918
3186	0.00234207
3187	0.00236533
3188	0.00238898
3189	0.00241303
3190	0.00243748
3191	0.00245991
3192	0.00248272
3193	0.00250591
3194	0.00252949
3195	0.00255347
3196	0.0025753
3197	0.0025975
3198	0.00262007
3199	0.00264303
3200	0.00266773
3201	0.00265607
3202	0.00264582
3203	0.00263564
3204	0.00262555
3205	0.00261552
3206	0.00260295
3207	0.00259047
3208	0.00257808
3209	0.00256577
3210	0.00255356
3211	0.00253886
3212	0.00252426
3213	0.00250977
3214	0.00249538
3215	0.00248109
3216	0.00246942
3217	0.00245782
3218	0.00244631
3219	0.00243488
3220	0.00242352
3221	0.00241223
3222	0.00240102
3223	0.00238989
3224	0.00237883
3225	0.00236783
3226	0.00235935
3227	0.00235091
3228	0.00234253
3229	0.0023342
3230	0.00232592
3231	0.0023153
3232	0.00230475
3233	0.00229426
3234	0.00228384
3235	0.00227348
3236	0.00226319
3237	0.00225296
3238	0.0022428
3239	0.00223269
3240	0.00222265
3241	0.00221267
3242	0.00220274
3243	0.00219288
3244	0.00218308
3245	0.00217333
3246	0.00216591
3247	0.00215853
3248	0.00215119
3249	0.0021439
3250	0.00213664
3251	0.00212497
3252	0.00211336
3253	0.00210183
3254	0.00209036
3255	0.00207896
3256	0.00206982
3257	0.00206073
3258	0.00205169
3259	0.00204271
3260	0.00203377
3261	0.00202489
3262	0.00201605
3263	0.00200727
3264	0.00199853
3265	0.00198984
3266	0.0019812
3267	0.00197261
3268	0.00196407
3269	0.00195557
3270	0.00194712
3271	0.00193871
3272	0.00193035
3273	0.00192204
3274	0.00191377
3275	0.00190554
3276	0.00189736
3277	0.00188922
3278	0.00188113
3279	0.00187308
3280	0.00186507
3281	0.0018571
3282	0.00184918
3283	0.0018413
3284	0.00183346
3285	0.00182566
3286	0.00181989
3287	0.00181415
3288	0.00180843
3289	0.00180275
3290	0.00179611
3291	0.00178558
3292	0.00177414
3293	0.00176276
3294	0.00175145
3295	0.00174116
3296	0.00173286
3297	0.00172556
3298	0.00171829
3299	0.00171107
3300	0.00170388
3301	0.00172018
3302	0.00173669
3303	0.00175343
3304	0.00177038
3305	0.00178757
3306	0.00180095
3307	0.0018145
3308	0.0018282
3309	0.00184206
3310	0.0018561
3311	0.00187241
3312	0.00188895
3313	0.0019057
3314	0.00192268
3315	0.00193988
3316	0.00195287
3317	0.001966
3318	0.00197927
3319	0.0019927
3320	0.00200745
3321	0.00202706
3322	0.00204814
3323	0.00206953
3324	0.00209124
3325	0.00211328
3326	0.00213071
3327	0.00214838
3328	0.0021663
3329	0.00218445
3330	0.00220286
3331	0.00222414
3332	0.00224573
3333	0.00226764
3334	0.0022899
3335	0.00231249
3336	0.00233544
3337	0.00235874
3338	0.00238241
3339	0.00240645
3340	0.00243088
3341	0.00245571
3342	0.00248093
3343	0.00250657
3344	0.00253264
3345	0.00255914
3346	0.00258301
3347	0.00260726
3348	0.0026319
3349	0.00265696
3350	0.00268242
3351	0.00271159
3352	0.00274128
3353	0.0027715
3354	0.00280228
3355	0.00283361
3356	0.00286553
3357	0.00289805
3358	0.00293118
3359	0.00296495
3360	0.00299938
3361	0.00303448
3362	0.00307027
3363	0.00310679
3364	0.00314404
3365	0.00318206
3366	0.00322088
3367	0.00326051
3368	0.00330099
3369	0.00334235
3370	0.00338462
3371	0.00342782
3372	0.003472
3373	0.0035172
3374	0.00356345
3375	0.00361079
3376	0.00365926
3377	0.00370892
3378	0.0037598
3379	0.00381197
3380	0.00386548
3381	0.00392529
3382	0.00398672
3383	0.00404983
3384	0.00411471
3385	0.00418144
3386	0.0042448
3387	0.00431002
3388	0.0043772
3389	0.00444644
3390	0.00451787
3391	0.0045916
3392	0.00466777
3393	0.00474653
3394	0.00482805
3395	0.00491249
3396	0.00499372
3397	0.00507805
3398	0.00516572
3399	0.00525697
3400	0.00535553
3401	0.00538555
3402	0.0054193
3403	0.00545336
3404	0.00548774
3405	0.00551892
3406	0.00553624
3407	0.00555016
3408	0.0055642
3409	0.00557835
3410	0.00559623
3411	0.00562152
3412	0.0056507
3413	0.00568015
3414	0.00570989
3415	0.00573991
3416	0.00576279
3417	0.00578588
3418	0.00580919
3419	0.00583273
3420	0.00585651
3421	0.00588052
3422	0.00590476
3423	0.00592926
3424	0.005954
3425	0.00597899
3426	0.00600424
3427	0.00602976
3428	0.00605555
3429	0.00608161
3430	0.00610794
3431	0.00614265
3432	0.00617774
3433	0.00621322
3434	0.0062491
3435	0.00628539
3436	0.00631377
3437	0.00634249
3438	0.00637153
3439	0.00640091
3440	0.00643065
3441	0.00646074
3442	0.00649119
3443	0.00652202
3444	0.00655323
3445	0.00658484
3446	0.00661684
3447	0.00664925
3448	0.00668209
3449	0.00671536
3450	0.00674907
3451	0.00679235
3452	0.00683621
3453	0.00688068
3454	0.00692576
3455	0.00697147
3456	0.00700841
3457	0.00704589
3458	0.00708392
3459	0.00712253
3460	0.00716172
3461	0.00721127
3462	0.00726157
3463	0.00731267
3464	0.00736457
3465	0.0074173
3466	0.0074608
3467	0.00750504
3468	0.00755005
3469	0.00759586
3470	0.00764249
3471	0.00768997
3472	0.00773834
3473	0.00778764
3474	0.00783789
3475	0.00788915
3476	0.00794144
3477	0.00799482
3478	0.00804934
3479	0.00810505
3480	0.008162
3481	0.00823161
3482	0.00830278
3483	0.0083756
3484	0.00845016
3485	0.00852654
3486	0.00859298
3487	0.00866124
3488	0.00873144
3489	0.00880371
3490	0.0088782
3491	0.00895506
3492	0.0090345
3493	0.00911672
3494	0.00920199
3495	0.0092906
3496	0.00938291
3497	0.00947935
3498	0.00958047
3499	0.00968696
3500	0.00979974
3501	0.00980529
3502	0.00981086
3503	0.00981645
3504	0.00982206
3505	0.00982768
3506	0.00981948
3507	0.00981128
3508	0.00980308
3509	0.00979489
3510	0.0097867
3511	0.00977851
3512	0.00977033
3513	0.00976215
3514	0.00975398
3515	0.00974581
3516	0.00973764
3517	0.00972949
3518	0.00972133
3519	0.00971319
3520	0.00970504
3521	0.00971088
3522	0.00971674
3523	0.00972262
3524	0.00972853
3525	0.00973446
3526	0.0097264
3527	0.00971835
3528	0.0097103
3529	0.00970226
3530	0.00969424
3531	0.00970027
3532	0.00970634
3533	0.00971243
3534	0.00971855
3535	0.0097247
3536	0.00971677
3537	0.00970886
3538	0.00970095
3539	0.00969306
3540	0.00968518
3541	0.00969146
3542	0.00969777
3543	0.00970411
3544	0.00971048
3545	0.00971689
3546	0.00970914
3547	0.0097014
3548	0.00969368
3549	0.00968598
3550	0.00967829
3551	0.00967062
3552	0.00966297
3553	0.00965534
3554	0.00964772
3555	0.00964013
3556	0.00963256
3557	0.00962501
3558	0.00961749
3559	0.00960999
3560	0.00960251
3561	0.0096094
3562	0.00961634
3563	0.00962333
3564	0.00963036
3565	0.00963745
3566	0.0096302
3567	0.00962298
3568	0.00961579
3569	0.00960864
3570	0.00960152
3571	0.00959445
3572	0.00958741
3573	0.00958042
3574	0.00957346
3575	0.00956656
3576	0.0095597
3577	0.0095529
3578	0.00954614
3579	0.00953945
3580	0.00953281
3581	0.00954079
3582	0.00954887
3583	0.00955704
3584	0.0095653
3585	0.00957367
3586	0.00956751
3587	0.00956144
3588	0.00955546
3589	0.00954957
3590	0.00954379
3591	0.00953811
3592	0.00953256
3593	0.00952712
3594	0.00952182
3595	0.00951667
3596	0.00952644
3597	0.0095364
3598	0.00954659
3599	0.009557
3600	0.00956767
3601	0.00955655
3602	0.00954543
3603	0.0095343
3604	0.00952317
3605	0.00951204
3606	0.0095009
3607	0.00948976
3608	0.00947861
3609	0.00946746
3610	0.00945631
3611	0.00946005
3612	0.0094638
3613	0.00946756
3614	0.00947132
3615	0.0094751
3616	0.00946395
3617	0.00945281
3618	0.00944165
3619	0.0094305
3620	0.00941934
3621	0.00942314
3622	0.00942695
3623	0.00943076
3624	0.00943459
3625	0.00943842
3626	0.00942728
3627	0.00941613
3628	0.00940498
3629	0.00939382
3630	0.00938267
3631	0.00938653
3632	0.0093904
3633	0.00939428
3634	0.00939817
3635	0.00940207
3636	0.00939093
3637	0.00937979
3638	0.00936865
3639	0.0093575
3640	0.00934635
3641	0.00935029
3642	0.00935423
3643	0.00935818
3644	0.00936215
3645	0.00936612
3646	0.009355
3647	0.00934387
3648	0.00933274
3649	0.00932162
3650	0.00931049
3651	0.00929935
3652	0.00928822
3653	0.00927709
3654	0.00926596
3655	0.00925482
3656	0.00925887
3657	0.00926293
3658	0.009267
3659	0.00927108
3660	0.00927518
3661	0.00927929
3662	0.00928342
3663	0.00928756
3664	0.00929171
3665	0.00929588
3666	0.00926958
3667	0.00924326
3668	0.00921693
3669	0.00919058
3670	0.00917186
3671	0.00916842
3672	0.00917263
3673	0.00917685
3674	0.0091811
3675	0.00918536
3676	0.00917432
3677	0.00916329
3678	0.00915226
3679	0.00914123
3680	0.00913021
3681	0.00911919
3682	0.00910818
3683	0.00909717
3684	0.00908617
3685	0.00907517
3686	0.00907957
3687	0.00908399
3688	0.00908844
3689	0.00909291
3690	0.0090974
3691	0.00908648
3692	0.00907558
3693	0.00906468
3694	0.0090538
3695	0.00904293
3696	0.00903206
3697	0.00902121
3698	0.00901038
3699	0.00899955
3700	0.00898874
3701	0.00899323
3702	0.00899772
3703	0.00900223
3704	0.00900676
3705	0.0090113
3706	0.0090003
3707	0.00898931
3708	0.00897831
3709	0.00896732
3710	0.00895632
3711	0.0089609
3712	0.0089655
3713	0.00897011
3714	0.00897473
3715	0.00897938
3716	0.00896841
3717	0.00895744
3718	0.00894646
3719	0.00893549
3720	0.00892452
3721	0.0089292
3722	0.00893391
3723	0.00893863
3724	0.00894336
3725	0.00894811
3726	0.00893717
3727	0.00892622
3728	0.00891528
3729	0.00890433
3730	0.00889339
3731	0.00889819
3732	0.008903
3733	0.00890784
3734	0.00891268
3735	0.00891755
3736	0.00889085
3737	0.00886412
3738	0.00883738
3739	0.00881063
3740	0.00879176
3741	0.00878872
3742	0.00879362
3743	0.00879853
3744	0.00880345
3745	0.00880839
3746	0.00879747
3747	0.00878655
3748	0.00877563
3749	0.00876471
3750	0.00875379
3751	0.00875879
3752	0.00876381
3753	0.00876885
3754	0.0087739
3755	0.00877898
3756	0.0087681
3757	0.00875722
3758	0.00874634
3759	0.00873546
3760	0.00872458
3761	0.00872972
3762	0.00873487
3763	0.00874005
3764	0.00874525
3765	0.00875046
3766	0.0087557
3767	0.00876095
3768	0.00876623
3769	0.00877152
3770	0.00877683
3771	0.00876606
3772	0.00875528
3773	0.0087445
3774	0.00873373
3775	0.00872295
3776	0.00871218
3777	0.00870141
3778	0.00869064
3779	0.00867987
3780	0.0086691
3781	0.00867455
3782	0.00868002
3783	0.00868551
3784	0.00869103
3785	0.00869657
3786	0.00868587
3787	0.00867516
3788	0.00866447
3789	0.00865377
3790	0.00864308
3791	0.0086487
3792	0.00865436
3793	0.00866003
3794	0.00866573
3795	0.00867146
3796	0.00866084
3797	0.00865022
3798	0.00863961
3799	0.008629
3800	0.0086184
3801	0.00858013
3802	0.00855002
3803	0.00852486
3804	0.0085031
3805	0.00848385
3806	0.00845042
3807	0.00841862
3808	0.00838817
3809	0.00835888
3810	0.00833058
3811	0.00831915
3812	0.00830844
3813	0.00829839
3814	0.00828893
3815	0.00828
3816	0.00825566
3817	0.0082318
3818	0.00820838
3819	0.00818538
3820	0.00816276
3821	0.00815634
3822	0.00815025
3823	0.00814445
3824	0.00813893
3825	0.00813368
3826	0.0081287
3827	0.00812395
3828	0.00811944
3829	0.00811516
3830	0.0081111
3831	0.0080915
3832	0.00807212
3833	0.00805295
3834	0.00803398
3835	0.0080152
3836	0.00801232
3837	0.00800962
3838	0.00800709
3839	0.00800472
3840	0.00800251
3841	0.00798477
3842	0.00796719
3843	0.00794978
3844	0.00793252
3845	0.00791541
3846	0.00791412
3847	0.00791298
3848	0.00791197
3849	0.00791111
3850	0.00791039
3851	0.00789413
3852	0.00787802
3853	0.00786205
3854	0.00784621
3855	0.0078305
3856	0.00782276
3857	0.00781515
3858	0.00779984
3859	0.00779249
3860	0.00778528
3861	0.0077782
3862	0.00777909
3863	0.00777227
3864	0.00777343
3865	0.00776688
3866	0.00775264
3867	0.00774636
3868	0.00773238
3869	0.00772639
3870	0.00771268
3871	0.00771482
3872	0.0077171
3873	0.00771953
3874	0.00772212
3875	0.00772487
3876	0.00771206
3877	0.00770726
3878	0.00769477
3879	0.0076903
3880	0.00767813
3881	0.00767402
3882	0.00767008
3883	0.00766634
3884	0.00766279
3885	0.00765944
3886	0.0076642
3887	0.0076692
3888	0.00768235
3889	0.00768785
3890	0.00769361
3891	0.00768379
3892	0.00767424
3893	0.00767293
3894	0.00766398
3895	0.00765536
3896	0.00766301
3897	0.00766311
3898	0.00767161
3899	0.00767261
3900	0.00768212
3901	0.00769022
3902	0.00769835
3903	0.0076985
3904	0.00770672
3905	0.00771498
3906	0.00771523
3907	0.00770745
3908	0.00770775
3909	0.00770001
3910	0.00770036
3911	0.00770884
3912	0.00770927
3913	0.00771784
3914	0.00771834
3915	0.00772701
3916	0.00771944
3917	0.00771189
3918	0.00771252
3919	0.00770502
3920	0.00769753
3921	0.00770644
3922	0.00771541
3923	0.00771623
3924	0.00772531
3925	0.00773444
3926	0.00772717
3927	0.00772816
3928	0.00772094
3929	0.00772202
3930	0.00771486
3931	0.0077243
3932	0.00772552
3933	0.00773509
3934	0.00773642
3935	0.00774612
3936	0.00774756
3937	0.0077407
3938	0.00774224
3939	0.00773547
3940	0.00773711
3941	0.00773881
3942	0.00774898
3943	0.00775082
3944	0.00776115
3945	0.00776313
3946	0.00775672
3947	0.00775037
3948	0.00775254
3949	0.00774629
3950	0.0077401
3951	0.00774248
3952	0.00775345
3953	0.007756
3954	0.00776717
3955	0.00776991
3956	0.00777273
3957	0.00777565
3958	0.00777007
3959	0.00777318
3960	0.00777639
3961	0.00778834
3962	0.00780043
3963	0.007804
3964	0.00781636
3965	0.00782888
3966	0.00782415
3967	0.00782824
3968	0.00782374
3969	0.00782811
3970	0.00782387
3971	0.0078373
3972	0.00784215
3973	0.00785597
3974	0.00786118
3975	0.00787542
3976	0.00788104
3977	0.007878
3978	0.00788404
3979	0.0078814
3980	0.0078879
3981	0.00789466
3982	0.00790169
3983	0.007918
3984	0.00792566
3985	0.00793366
3986	0.00795105
3987	0.00795981
3988	0.00797806
3989	0.0079877
3990	0.00800695
3991	0.00800849
3992	0.00801973
3993	0.00802243
3994	0.00803499
3995	0.0080391
3996	0.00806258
3997	0.00807782
3998	0.00810354
3999	0.00812129
4000	0.00814999
