       280	5.47659e-23	
       281	1.29717e-22	
       282	2.81868e-22	
       283	4.31995e-22	
       284	4.97316e-22	
       285	4.01563e-22	
       286	6.41333e-22	
       287	1.14099e-21	
       288	1.29682e-21	
       289	1.96802e-21	
       290	3.35467e-21	
       291	4.51555e-21	
       292	5.08507e-21	
       293	5.86634e-21	
       294	7.01666e-21	
       295	8.4305e-21	
       296	1.05456e-20	
       297	1.13539e-20	
       298	1.38384e-20	
       299	1.53088e-20	
       300	1.75229e-20	
       301	5.72978e-19	
       302	1.92947e-17	
       303	7.97367e-16	
       304	2.75226e-14	
       305	8.98643e-13	
       306	3.68496e-12	
       307	1.71134e-11	
       308	8.05841e-11	
       309	3.20576e-10	
       310	1.36538e-09	
       311	4.90227e-09	
       312	1.29363e-08	
       313	3.45709e-08	
       314	9.51787e-08	
       315	2.4306e-07	
       316	3.60053e-07	
       317	6.92668e-07	
       318	1.11497e-06	
       319	1.72632e-06	
       320	3.04484e-06	
       321	4.43243e-06	
       322	6.14279e-06	
       323	8.35487e-06	
       324	1.34093e-05	
       325	2.23051e-05	
       326	3.34747e-05	
       327	4.37172e-05	
       328	5.3502e-05	
       329	7.18441e-05	
       330	9.89655e-05	
       331	0.000106392	
       332	0.000122249	
       333	0.000138106	
       334	0.000160153	
       335	0.000192851	
       336	0.000194631	
       337	0.000203317	
       338	0.000250797	
       339	0.000295392	
       340	0.00035111	
       341	0.000370109	
       342	0.00041127	
       343	0.000465735	
       344	0.000438614	
       345	0.000497184	
       346	0.000572042	
       347	0.000626204	
       348	0.000662257	
       349	0.000707507	
       350	0.000845173	
       351	0.000950541	
       352	0.000954636	
       353	0.00104422	
       354	0.00126876	
       355	 0.0013755	
       356	0.00134555	
       357	0.00122368	
       358	0.00118566	
       359	0.00139683	
       360	0.00182151	
       361	0.00175488	
       362	0.00189437	
       363	0.00219537	
       364	0.00233958	
       365	0.00261422	
       366	0.00314796	
       367	0.00331864	
       368	0.00328588	
       369	0.00356053	
       370	0.00393926	
       371	0.00393264	
       372	0.00401438	
       373	0.00379345	
       374	0.00363425	
       375	0.00409039	
       376	0.00478958	
       377	0.00542834	
       378	0.00659568	
       379	0.00621587	
       380	0.00611979	
       381	 0.0067297	
       382	0.00560594	
       383	0.00458788	
       384	0.00533973	
       385	0.00699324	
       386	0.00708386	
       387	0.00757049	
       388	0.00773537	
       389	 0.0087219	
       390	 0.0103672	
       391	  0.011495	
       392	 0.0110565	
       393	0.00737788	
       394	0.00786978	
       395	 0.0125565	
       396	 0.0120059	
       397	0.00865894	
       398	 0.0147479	
       399	 0.0193886	
       400	 0.0211726	
       401	 0.0227302	
       402	 0.0241794	
       403	  0.024488	
       404	  0.025409	
       405	 0.0258271	
       406	 0.0260165	
       407	 0.0264972	
       408	 0.0284487	
       409	 0.0304271	
       410	 0.0285001	
       411	 0.0315632	
       412	 0.0342863	
       413	 0.0344076	
       414	 0.0350204	
       415	 0.0371456	
       416	  0.039167	
       417	 0.0394761	
       418	 0.0393483	
       419	 0.0409418	
       420	 0.0402561	
       421	 0.0448651	
       422	 0.0460964	
       423	 0.0461098	
       424	  0.047203	
       425	  0.049365	
       426	 0.0494153	
       427	 0.0492638	
       428	 0.0501247	
       429	 0.0472341	
       430	 0.0400049	
       431	 0.0400322	
       432	 0.0584951	
       433	 0.0591875	
       434	 0.0572994	
       435	 0.0630413	
       436	 0.0700106	
       437	 0.0722377	
       438	 0.0667285	
       439	 0.0664741	
       440	 0.0747829	
       441	 0.0773939	
       442	 0.0830561	
       443	 0.0862427	
       444	  0.086723	
       445	 0.0898323	
       446	  0.086132	
       447	 0.0951757	
       448	 0.0992827	
       449	  0.101539	
       450	  0.106722	
       451	  0.111523	
       452	  0.109541	
       453	  0.105426	
       454	  0.111685	
       455	  0.114355	
       456	  0.119164	
       457	   0.12239	
       458	  0.122435	
       459	  0.123332	
       460	  0.125444	
       461	  0.130625	
       462	  0.134388	
       463	  0.136406	
       464	  0.135415	
       465	  0.135514	
       466	  0.138755	
       467	  0.137377	
       468	  0.143224	
       469	   0.14611	
       470	  0.144405	
       471	   0.14859	
       472	  0.156182	
       473	  0.155137	
       474	  0.158617	
       475	  0.164736	
       476	  0.163883	
       477	  0.167467	
       478	   0.17339	
       479	  0.173703	
       480	  0.177508	
       481	  0.179551	
       482	  0.181479	
       483	  0.181387	
       484	  0.180557	
       485	  0.177355	
       486	  0.155211	
       487	  0.167839	
       488	  0.181447	
       489	   0.17932	
       490	  0.194396	
       491	  0.192146	
       492	   0.18805	
       493	  0.197421	
       494	  0.198797	
       495	  0.208264	
       496	  0.204615	
       497	  0.207017	
       498	  0.204773	
       499	  0.206058	
       500	  0.207322	
       501	  0.204395	
       502	  0.206755	
       503	  0.214553	
       504	  0.209368	
       505	  0.220943	
       506	   0.23025	
       507	  0.224791	
       508	  0.221524	
       509	  0.229634	
       510	  0.228049	
       511	  0.232679	
       512	  0.237955	
       513	  0.229105	
       514	  0.225592	
       515	  0.232524	
       516	   0.23093	
       517	  0.203391	
       518	  0.219584	
       519	  0.221733	
       520	  0.238278	
       521	  0.244071	
       522	  0.248591	
       523	  0.241281	
       524	  0.254382	
       525	  0.256114	
       526	  0.247461	
       527	  0.228593	
       528	  0.251771	
       529	  0.264963	
       530	  0.261521	
       531	  0.272353	
       532	  0.268071	
       533	  0.249105	
       534	  0.259963	
       535	  0.267925	
       536	  0.274708	
       537	  0.263051	
       538	  0.270538	
       539	  0.267118	
       540	  0.259843	
       541	  0.255532	
       542	  0.272514	
       543	  0.273863	
       544	  0.281479	
       545	  0.278564	
       546	  0.278389	
       547	     0.281	
       548	  0.278139	
       549	  0.283946	
       550	  0.284066	
       551	    0.2852	
       552	  0.289384	
       553	  0.284731	
       554	  0.289085	
       555	  0.291124	
       556	   0.28754	
       557	  0.282562	
       558	  0.285123	
       559	  0.276573	
       560	  0.280851	
       561	  0.291972	
       562	  0.285287	
       563	  0.291711	
       564	  0.290274	
       565	  0.289405	
       566	  0.280621	
       567	  0.293139	
       568	  0.294197	
       569	  0.290878	
       570	   0.28932	
       571	  0.282995	
       572	   0.29543	
       573	  0.299446	
       574	  0.298652	
       575	   0.29454	
       576	  0.294496	
       577	  0.299153	
       578	  0.294328	
       579	  0.297038	
       580	  0.299992	
       581	  0.301954	
       582	  0.306009	
       583	  0.308856	
       584	  0.309016	
       585	  0.307917	
       586	  0.303854	
       587	  0.310121	
       588	  0.305807	
       589	  0.283286	
       590	  0.295104	
       591	  0.309825	
       592	  0.310593	
       593	  0.311575	
       594	  0.313777	
       595	  0.315337	
       596	  0.320473	
       597	  0.323884	
       598	  0.321008	
       599	  0.321503	
       600	  0.324535	
       601	  0.322755	
       602	  0.322593	
       603	  0.329751	
       604	    0.3373	
       605	   0.33928	
       606	  0.340648	
       607	  0.343386	
       608	  0.344908	
       609	  0.345379	
       610	  0.348263	
       611	  0.350737	
       612	  0.357861	
       613	  0.356212	
       614	  0.352375	
       615	  0.361181	
       616	  0.357489	
       617	  0.358017	
       618	  0.371106	
       619	  0.378043	
       620	  0.382275	
       621	  0.386539	
       622	  0.383721	
       623	  0.385973	
       624	  0.387059	
       625	  0.385189	
       626	  0.389445	
       627	  0.402092	
       628	  0.407398	
       629	  0.410626	
       630	  0.410488	
       631	  0.408974	
       632	  0.401166	
       633	   0.41613	
       634	  0.416413	
       635	  0.419214	
       636	  0.416561	
       637	  0.428393	
       638	  0.434498	
       639	  0.432776	
       640	  0.427355	
       641	  0.429148	
       642	  0.432947	
       643	   0.43947	
       644	  0.439924	
       645	  0.445151	
       646	  0.441437	
       647	  0.447028	
       648	  0.447058	
       649	  0.438586	
       650	  0.438488	
       651	  0.457321	
       652	  0.459448	
       653	  0.463385	
       654	  0.460401	
       655	  0.442255	
       656	  0.400856	
       657	  0.415881	
       658	  0.457435	
       659	  0.467748	
       660	  0.476271	
       661	  0.482961	
       662	  0.486611	
       663	  0.487543	
       664	  0.489236	
       665	  0.496865	
       666	  0.498177	
       667	  0.496249	
       668	  0.488036	
       669	  0.485062	
       670	  0.474383	
       671	  0.469066	
       672	  0.462305	
       673	  0.461458	
       674	  0.457596	
       675	  0.454438	
       676	  0.456813	
       677	  0.452607	
       678	  0.452716	
       679	  0.448091	
       680	  0.446974	
       681	  0.446718	
       682	  0.446184	
       683	  0.443489	
       684	  0.440872	
       685	  0.439073	
       686	  0.431715	
       687	  0.439778	
       688	  0.443776	
       689	   0.44445	
       690	  0.444417	
       691	  0.445993	
       692	  0.446071	
       693	  0.452359	
       694	  0.456836	
       695	   0.45707	
       696	  0.461337	
       697	  0.465732	
       698	   0.46658	
       699	  0.473303	
       700	  0.476478	
       701	  0.478966	
       702	  0.482487	
       703	  0.491468	
       704	  0.501766	
       705	  0.511271	
       706	  0.513697	
       707	  0.518602	
       708	  0.527428	
       709	  0.537077	
       710	  0.561842	
       711	  0.512844	
       712	  0.483405	
       713	  0.462992	
       714	  0.449634	
       715	  0.431524	
       716	  0.424483	
       717	   0.41535	
       718	  0.402248	
       719	  0.387422	
       720	  0.393396	
       721	  0.392825	
       722	  0.391976	
       723	  0.387979	
       724	  0.386948	
       725	  0.387928	
       726	  0.392387	
       727	    0.3993	
       728	  0.404646	
       729	     0.401	
       730	  0.419828	
       731	  0.424665	
       732	  0.436905	
       733	   0.44404	
       734	   0.46134	
       735	  0.471101	
       736	  0.478376	
       737	  0.491705	
       738	  0.504029	
       739	  0.513595	
       740	  0.548472	
       741	  0.548673	
       742	  0.549453	
       743	  0.562293	
       744	  0.569837	
       745	  0.570355	
       746	  0.573184	
       747	  0.576154	
       748	  0.576494	
       749	  0.579305	
       750	  0.580175	
       751	  0.584434	
       752	  0.590385	
       753	  0.595862	
       754	  0.601271	
       755	   0.60258	
       756	  0.597385	
       757	  0.598679	
       758	  0.602839	
       759	  0.598544	
       760	  0.601994	
       761	  0.600651	
       762	  0.601696	
       763	  0.553272	
       764	   0.51779	
       765	  0.487604	
       766	   0.45388	
       767	  0.439314	
       768	  0.440819	
       769	  0.444016	
       770	  0.451184	
       771	  0.459729	
       772	   0.46881	
       773	  0.478526	
       774	  0.489009	
       775	  0.500451	
       776	  0.512609	
       777	  0.523738	
       778	  0.540676	
       779	  0.564903	
       780	  0.605143	
       781	  0.603077	
       782	  0.605329	
       783	  0.600934	
       784	  0.596745	
       785	  0.599637	
       786	   0.60011	
       787	  0.599406	
       788	  0.595616	
       789	    0.5944	
       790	  0.590078	
       791	   0.58516	
       792	  0.580272	
       793	  0.575409	
       794	  0.571197	
       795	  0.571423	
       796	   0.57672	
       797	  0.584566	
       798	  0.581685	
       799	  0.576284	
       800	  0.569624	
       801	  0.551974	
       802	   0.53656	
       803	  0.518079	
       804	  0.508513	
       805	  0.491857	
       806	  0.491666	
       807	  0.482802	
       808	  0.474556	
       809	  0.462631	
       810	  0.459006	
       811	  0.454646	
       812	   0.45258	
       813	  0.448206	
       814	  0.443063	
       815	  0.435687	
       816	  0.430983	
       817	  0.425075	
       818	  0.413716	
       819	  0.402698	
       820	  0.398034	
       821	  0.395838	
       822	  0.387834	
       823	  0.388161	
       824	  0.386757	
       825	  0.397067	
       826	  0.411063	
       827	  0.423284	
       828	  0.433206	
       829	  0.444479	
       830	  0.460872	
       831	  0.480886	
       832	  0.493179	
       833	  0.488485	
       834	  0.498699	
       835	  0.505661	
       836	  0.514166	
       837	  0.516939	
       838	  0.521928	
       839	  0.525526	
       840	  0.536125	
       841	  0.537606	
       842	  0.532037	
       843	   0.53162	
       844	  0.527981	
       845	  0.540645	
       846	  0.542973	
       847	   0.53352	
       848	   0.53394	
       849	  0.529769	
       850	  0.498137	
       851	  0.528739	
       852	  0.533527	
       853	  0.524582	
       854	  0.485082	
       855	  0.508454	
       856	  0.543152	
       857	  0.559686	
       858	  0.565598	
       859	  0.570535	
       860	   0.57536	
       861	  0.575493	
       862	  0.580674	
       863	   0.58053	
       864	  0.571236	
       865	     0.555	
       866	  0.508915	
       867	   0.53322	
       868	  0.556915	
       869	  0.557557	
       870	  0.564144	
       871	  0.560808	
       872	  0.565231	
       873	  0.561088	
       874	  0.552497	
       875	  0.547974	
       876	  0.559105	
       877	  0.562594	
       878	   0.56084	
       879	  0.554329	
       880	  0.552849	
       881	  0.481228	
       882	  0.460969	
       883	  0.440509	
       884	  0.425834	
       885	  0.413732	
       886	  0.392226	
       887	  0.379552	
       888	  0.374804	
       889	  0.367011	
       890	  0.357656	
       891	  0.348278	
       892	    0.3382	
       893	  0.327077	
       894	  0.321428	
       895	  0.316218	
       896	  0.311992	
       897	  0.304697	
       898	  0.297801	
       899	   0.29008	
       900	  0.284103	
       901	  0.274875	
       902	  0.266726	
       903	  0.271649	
       904	  0.268703	
       905	  0.263531	
       906	  0.264896	
       907	  0.269021	
       908	  0.269144	
       909	  0.269153	
       910	  0.274381	
       911	  0.278701	
       912	  0.281409	
       913	  0.287433	
       914	  0.291081	
       915	  0.293073	
       916	  0.294437	
       917	  0.293493	
       918	  0.293454	
       919	  0.294405	
       920	  0.292501	
       921	  0.288482	
       922	   0.28516	
       923	  0.279215	
       924	  0.287706	
       925	  0.289769	
       926	  0.219725	
       927	  0.183042	
       928	  0.153106	
       929	  0.130408	
       930	  0.112728	
       931	 0.0997868	
       932	 0.0885177	
       933	 0.0795524	
       934	 0.0713898	
       935	 0.0638862	
       936	 0.0577208	
       937	 0.0526812	
       938	 0.0540918	
       939	 0.0551127	
       940	 0.0554363	
       941	 0.0559322	
       942	 0.0560783	
       943	 0.0586723	
       944	 0.0593451	
       945	 0.0609062	
       946	 0.0627656	
       947	  0.064188	
       948	  0.065904	
       949	  0.070288	
       950	 0.0746111	
       951	 0.0790588	
       952	  0.084775	
       953	 0.0906107	
       954	 0.0959291	
       955	 0.0996545	
       956	  0.110479	
       957	  0.120991	
       958	   0.13251	
       959	  0.145373	
       960	  0.158478	
       961	   0.17425	
       962	  0.194564	
       963	  0.218524	
       964	  0.248446	
       965	  0.293771	
       966	   0.29578	
       967	  0.301522	
       968	  0.303496	
       969	  0.308437	
       970	  0.313607	
       971	  0.316098	
       972	  0.322033	
       973	  0.324669	
       974	  0.326019	
       975	   0.33259	
       976	  0.340728	
       977	   0.34463	
       978	  0.351969	
       979	  0.355802	
       980	  0.365092	
       981	  0.369998	
       982	  0.376821	
       983	  0.380624	
       984	  0.383788	
       985	  0.389665	
       986	  0.394042	
       987	  0.400154	
       988	  0.405835	
       989	  0.409854	
       990	  0.418811	
       991	  0.430203	
       992	  0.439415	
       993	  0.452493	
       994	  0.462422	
       995	  0.461029	
       996	  0.460172	
       997	  0.456243	
       998	  0.456147	
       999	  0.456508	
      1000	  0.457956	
      1001	   0.46064	
      1002	  0.461024	
      1003	  0.457071	
      1004	  0.450244	
      1005	  0.431208	
      1006	  0.445166	
      1007	  0.454812	
      1008	  0.457234	
      1009	  0.456465	
      1010	  0.457503	
      1011	  0.456033	
      1012	  0.455588	
      1013	  0.454202	
      1014	  0.455108	
      1015	  0.450726	
      1016	  0.451478	
      1017	  0.449943	
      1018	  0.452944	
      1019	  0.445372	
      1020	  0.447195	
      1021	  0.448633	
      1022	  0.445366	
      1023	   0.44852	
      1024	  0.450735	
      1025	  0.450881	
      1026	  0.451451	
      1027	  0.451067	
      1028	  0.451761	
      1029	  0.449642	
      1030	  0.450959	
      1031	  0.451258	
      1032	  0.451272	
      1033	  0.446898	
      1034	  0.449316	
      1035	  0.451988	
      1036	  0.453038	
      1037	  0.450897	
      1038	  0.451028	
      1039	  0.455007	
      1040	  0.455786	
      1041	  0.456115	
      1042	   0.45593	
      1043	  0.453383	
      1044	  0.454298	
      1045	  0.451319	
      1046	  0.443505	
      1047	    0.4484	
      1048	  0.452364	
      1049	  0.451242	
      1050	  0.449269	
      1051	  0.449331	
      1052	  0.447523	
      1053	  0.446732	
      1054	  0.446111	
      1055	   0.44753	
      1056	  0.446907	
      1057	  0.445941	
      1058	  0.441395	
      1059	   0.43292	
      1060	  0.439534	
      1061	  0.435234	
      1062	  0.440064	
      1063	  0.437038	
      1064	  0.440928	
      1065	   0.44021	
      1066	  0.433494	
      1067	  0.434654	
      1068	  0.432724	
      1069	  0.416826	
      1070	  0.425351	
      1071	  0.401219	
      1072	  0.388558	
      1073	  0.373619	
      1074	  0.368984	
      1075	  0.357374	
      1076	   0.35279	
      1077	  0.346932	
      1078	  0.340865	
      1079	  0.331304	
      1080	   0.32904	
      1081	  0.318669	
      1082	   0.31199	
      1083	  0.310755	
      1084	  0.309203	
      1085	  0.305393	
      1086	  0.301745	
      1087	  0.290501	
      1088	  0.291783	
      1089	  0.290109	
      1090	  0.285735	
      1091	  0.283358	
      1092	   0.27672	
      1093	  0.269956	
      1094	  0.257842	
      1095	  0.261332	
      1096	  0.261491	
      1097	  0.260788	
      1098	  0.257212	
      1099	  0.254149	
      1100	  0.257511	
      1101	  0.179534	
      1102	  0.135539	
      1103	  0.110291	
      1104	 0.0909765	
      1105	 0.0762015	
      1106	  0.064742	
      1107	 0.0554553	
      1108	 0.0481706	
      1109	  0.042103	
      1110	 0.0370676	
      1111	  0.032641	
      1112	 0.0289649	
      1113	 0.0257263	
      1114	 0.0231977	
      1115	 0.0207996	
      1116	 0.0186131	
      1117	 0.0169427	
      1118	 0.0151699	
      1119	 0.0137447	
      1120	 0.0124777	
      1121	 0.0135152	
      1122	 0.0146654	
      1123	  0.015854	
      1124	 0.0171436	
      1125	 0.0184636	
      1126	 0.0196549	
      1127	 0.0216231	
      1128	 0.0238461	
      1129	 0.0261079	
      1130	 0.0285161	
      1131	  0.028471	
      1132	 0.0283385	
      1133	 0.0278792	
      1134	 0.0276891	
      1135	 0.0275309	
      1136	 0.0273502	
      1137	 0.0266701	
      1138	 0.0261897	
      1139	  0.026316	
      1140	 0.0262331	
      1141	 0.0256978	
      1142	 0.0258521	
      1143	 0.0255564	
      1144	 0.0252235	
      1145	 0.0252327	
      1146	 0.0276049	
      1147	 0.0300676	
      1148	 0.0326346	
      1149	 0.0355759	
      1150	 0.0389191	
      1151	 0.0427491	
      1152	 0.0470464	
      1153	 0.0522829	
      1154	 0.0586076	
      1155	 0.0656232	
      1156	 0.0733426	
      1157	 0.0836158	
      1158	 0.0956349	
      1159	  0.109525	
      1160	   0.12745	
      1161	  0.151835	
      1162	  0.159143	
      1163	  0.164945	
      1164	  0.168076	
      1165	  0.174389	
      1166	  0.177434	
      1167	  0.185106	
      1168	  0.192205	
      1169	  0.194938	
      1170	   0.20538	
      1171	  0.208103	
      1172	  0.209536	
      1173	   0.20995	
      1174	  0.211171	
      1175	  0.209637	
      1176	  0.208693	
      1177	  0.213533	
      1178	  0.213901	
      1179	  0.215012	
      1180	  0.218609	
      1181	  0.219411	
      1182	  0.219109	
      1183	  0.212733	
      1184	   0.22068	
      1185	  0.225376	
      1186	  0.227239	
      1187	  0.228862	
      1188	  0.227716	
      1189	  0.221859	
      1190	  0.230356	
      1191	  0.236368	
      1192	   0.23826	
      1193	  0.240023	
      1194	  0.241951	
      1195	  0.242498	
      1196	  0.244402	
      1197	  0.245079	
      1198	  0.242222	
      1199	  0.238949	
      1200	  0.250556	
      1201	  0.253121	
      1202	  0.252341	
      1203	  0.245266	
      1204	  0.244908	
      1205	  0.250715	
      1206	   0.25119	
      1207	  0.251691	
      1208	  0.246836	
      1209	  0.239415	
      1210	  0.247775	
      1211	  0.246096	
      1212	  0.250857	
      1213	  0.252805	
      1214	  0.252814	
      1215	  0.254033	
      1216	  0.254785	
      1217	  0.255392	
      1218	  0.255517	
      1219	  0.255225	
      1220	  0.257037	
      1221	  0.258043	
      1222	  0.258301	
      1223	  0.258071	
      1224	  0.261563	
      1225	  0.262483	
      1226	  0.263621	
      1227	   0.26095	
      1228	  0.264747	
      1229	  0.268328	
      1230	  0.269786	
      1231	  0.271158	
      1232	  0.271528	
      1233	  0.274526	
      1234	  0.276446	
      1235	  0.278332	
      1236	  0.282911	
      1237	  0.286669	
      1238	  0.290609	
      1239	  0.294376	
      1240	  0.306023	
      1241	  0.304854	
      1242	  0.301177	
      1243	  0.295987	
      1244	  0.292427	
      1245	  0.290838	
      1246	   0.29022	
      1247	   0.28826	
      1248	  0.287633	
      1249	  0.285513	
      1250	  0.283002	
      1251	  0.279567	
      1252	   0.27605	
      1253	  0.275109	
      1254	  0.273684	
      1255	  0.271696	
      1256	  0.269533	
      1257	  0.266899	
      1258	  0.266007	
      1259	  0.263675	
      1260	  0.262992	
      1261	  0.261023	
      1262	  0.257495	
      1263	  0.257619	
      1264	   0.25431	
      1265	    0.2534	
      1266	  0.253152	
      1267	  0.249093	
      1268	  0.246564	
      1269	  0.247151	
      1270	  0.247329	
      1271	  0.247609	
      1272	  0.247326	
      1273	  0.247783	
      1274	  0.247738	
      1275	  0.250052	
      1276	  0.252025	
      1277	  0.253493	
      1278	  0.254438	
      1279	  0.254566	
      1280	  0.254005	
      1281	  0.246986	
      1282	  0.229861	
      1283	  0.245726	
      1284	  0.257796	
      1285	   0.26256	
      1286	  0.265805	
      1287	  0.269414	
      1288	  0.272011	
      1289	   0.27609	
      1290	  0.277727	
      1291	  0.267449	
      1292	  0.260131	
      1293	  0.253147	
      1294	  0.244698	
      1295	  0.240686	
      1296	   0.23671	
      1297	  0.231239	
      1298	   0.22599	
      1299	   0.22381	
      1300	  0.220034	
      1301	  0.216271	
      1302	  0.211731	
      1303	  0.207962	
      1304	  0.204861	
      1305	  0.203888	
      1306	  0.201891	
      1307	  0.199691	
      1308	  0.197286	
      1309	  0.195157	
      1310	  0.192533	
      1311	  0.190118	
      1312	   0.18664	
      1313	  0.181426	
      1314	   0.18275	
      1315	  0.178387	
      1316	   0.17753	
      1317	  0.178441	
      1318	  0.176058	
      1319	  0.176678	
      1320	  0.175491	
      1321	  0.118448	
      1322	 0.0891157	
      1323	 0.0703065	
      1324	 0.0570384	
      1325	 0.0470861	
      1326	 0.0393452	
      1327	 0.0332368	
      1328	 0.0284875	
      1329	 0.0241584	
      1330	 0.0211746	
      1331	  0.018618	
      1332	 0.0161515	
      1333	 0.0144557	
      1334	 0.0128556	
      1335	 0.0114112	
      1336	 0.0101163	
      1337	  0.009066	
      1338	0.00810472	
      1339	0.00722057	
      1340	 0.0065014	
      1341	0.00597072	
      1342	0.00540819	
      1343	0.00491134	
      1344	0.00447117	
      1345	0.00407204	
      1346	0.00369246	
      1347	0.00338574	
      1348	0.00309657	
      1349	0.00282941	
      1350	0.00257307	
      1351	0.00205632	
      1352	0.00166459	
      1353	0.00134736	
      1354	0.00109481	
      1355	0.000889452	
      1356	0.000732926	
      1357	0.000603035	
      1358	0.000507508	
      1359	0.000423991	
      1360	0.000353679	
      1361	0.000300674	
      1362	0.000253633	
      1363	0.000212448	
      1364	0.000182191	
      1365	0.000155461	
      1366	0.000132826	
      1367	0.000113193	
      1368	9.77999e-05	
      1369	8.32177e-05	
      1370	7.17262e-05	
      1371	6.21895e-05	
      1372	5.44039e-05	
      1373	4.73547e-05	
      1374	4.11524e-05	
      1375	3.54169e-05	
      1376	3.07319e-05	
      1377	2.70876e-05	
      1378	2.37534e-05	
      1379	2.09561e-05	
      1380	1.83351e-05	
      1381	1.61317e-05	
      1382	1.40829e-05	
      1383	1.24456e-05	
      1384	1.10355e-05	
      1385	9.70106e-06	
      1386	8.62592e-06	
      1387	7.60023e-06	
      1388	6.77102e-06	
      1389	6.02152e-06	
      1390	5.29048e-06	
      1391	4.75197e-06	
      1392	4.24195e-06	
      1393	3.76752e-06	
      1394	3.34921e-06	
      1395	2.99402e-06	
      1396	3.31167e-06	
      1397	3.67333e-06	
      1398	4.08776e-06	
      1399	4.52397e-06	
      1400	4.93015e-06	
      1401	5.49036e-06	
      1402	6.19164e-06	
      1403	6.87923e-06	
      1404	7.70562e-06	
      1405	8.62924e-06	
      1406	9.72139e-06	
      1407	1.0905e-05	
      1408	1.22437e-05	
      1409	1.3815e-05	
      1410	1.55457e-05	
      1411	1.74195e-05	
      1412	1.93257e-05	
      1413	2.20502e-05	
      1414	2.52794e-05	
      1415	2.87451e-05	
      1416	3.25916e-05	
      1417	3.73038e-05	
      1418	4.26575e-05	
      1419	4.83592e-05	
      1420	5.52701e-05	
      1421	6.36939e-05	
      1422	7.22071e-05	
      1423	8.29871e-05	
      1424	9.58369e-05	
      1425	0.000111776	
      1426	0.000127241	
      1427	0.000149035	
      1428	0.000174881	
      1429	0.000201585	
      1430	0.000236018	
      1431	0.000279245	
      1432	0.000335316	
      1433	0.000397659	
      1434	0.000467154	
      1435	0.000559548	
      1436	0.000672465	
      1437	0.000812406	
      1438	0.000982177	
      1439	  0.001198	
      1440	0.00142055	
      1441	0.00176122	
      1442	0.00219496	
      1443	0.00256227	
      1444	 0.0027676	
      1445	0.00298646	
      1446	0.00323368	
      1447	0.00347507	
      1448	0.00377854	
      1449	 0.0040831	
      1450	0.00439692	
      1451	0.00472418	
      1452	0.00512948	
      1453	0.00559337	
      1454	0.00607014	
      1455	0.00660388	
      1456	0.00719443	
      1457	0.00793234	
      1458	 0.0088094	
      1459	0.00972718	
      1460	 0.0106609	
      1461	 0.0117429	
      1462	 0.0129257	
      1463	 0.0135601	
      1464	 0.0135879	
      1465	   0.01371	
      1466	 0.0136171	
      1467	 0.0137784	
      1468	  0.013686	
      1469	 0.0137983	
      1470	 0.0137396	
      1471	 0.0135588	
      1472	 0.0136116	
      1473	 0.0135927	
      1474	 0.0133452	
      1475	 0.0135223	
      1476	 0.0136052	
      1477	 0.0135938	
      1478	 0.0145285	
      1479	 0.0156904	
      1480	 0.0168796	
      1481	 0.0180013	
      1482	 0.0194445	
      1483	 0.0206796	
      1484	 0.0225539	
      1485	 0.0246801	
      1486	 0.0265624	
      1487	 0.0283138	
      1488	 0.0285942	
      1489	 0.0337727	
      1490	 0.0378743	
      1491	 0.0418865	
      1492	 0.0461022	
      1493	 0.0518652	
      1494	 0.0583305	
      1495	 0.0656292	
      1496	 0.0734034	
      1497	 0.0862497	
      1498	 0.0888945	
      1499	 0.0905164	
      1500	 0.0940546	
      1501	 0.0963995	
      1502	 0.0970495	
      1503	 0.0930594	
      1504	 0.0976071	
      1505	 0.0984239	
      1506	  0.104881	
      1507	  0.111404	
      1508	  0.114176	
      1509	  0.117451	
      1510	  0.123289	
      1511	  0.127733	
      1512	  0.130479	
      1513	  0.134873	
      1514	      0.14	
      1515	  0.147365	
      1516	  0.154386	
      1517	  0.162397	
      1518	  0.174529	
      1519	  0.186509	
      1520	  0.209484	
      1521	  0.205799	
      1522	  0.205074	
      1523	  0.207448	
      1524	  0.207968	
      1525	  0.205253	
      1526	  0.209095	
      1527	  0.208764	
      1528	  0.209856	
      1529	  0.207953	
      1530	  0.200896	
      1531	  0.208905	
      1532	  0.210775	
      1533	  0.209347	
      1534	  0.207333	
      1535	  0.209738	
      1536	  0.212774	
      1537	  0.213557	
      1538	  0.211059	
      1539	   0.21487	
      1540	  0.206733	
      1541	  0.205572	
      1542	  0.204765	
      1543	  0.203122	
      1544	  0.202509	
      1545	  0.201485	
      1546	  0.199232	
      1547	  0.195484	
      1548	  0.190703	
      1549	  0.191767	
      1550	  0.189618	
      1551	  0.189021	
      1552	  0.189331	
      1553	  0.186487	
      1554	  0.182324	
      1555	  0.181557	
      1556	  0.179382	
      1557	  0.181549	
      1558	  0.180268	
      1559	  0.180528	
      1560	  0.180114	
      1561	  0.182941	
      1562	   0.18298	
      1563	  0.182687	
      1564	  0.181624	
      1565	  0.183761	
      1566	  0.182897	
      1567	  0.183515	
      1568	  0.182578	
      1569	  0.184459	
      1570	  0.185046	
      1571	  0.188943	
      1572	  0.190045	
      1573	  0.188765	
      1574	  0.187491	
      1575	  0.181436	
      1576	  0.186089	
      1577	  0.177558	
      1578	  0.188032	
      1579	  0.192501	
      1580	  0.193839	
      1581	  0.193248	
      1582	  0.187362	
      1583	  0.187889	
      1584	  0.186505	
      1585	  0.189867	
      1586	   0.18786	
      1587	  0.185127	
      1588	  0.180237	
      1589	  0.170646	
      1590	  0.174117	
      1591	   0.17532	
      1592	  0.181934	
      1593	  0.184792	
      1594	  0.183616	
      1595	  0.182652	
      1596	  0.175578	
      1597	  0.176533	
      1598	  0.179433	
      1599	  0.176525	
      1600	  0.176276	
      1601	  0.172107	
      1602	  0.172936	
      1603	  0.172818	
      1604	   0.17253	
      1605	  0.170534	
      1606	  0.169582	
      1607	  0.168477	
      1608	  0.170283	
      1609	  0.168344	
      1610	  0.160302	
      1611	  0.163849	
      1612	  0.165823	
      1613	  0.169126	
      1614	  0.169445	
      1615	  0.169181	
      1616	  0.164202	
      1617	  0.166955	
      1618	  0.172434	
      1619	  0.172476	
      1620	  0.169138	
      1621	   0.16988	
      1622	  0.173233	
      1623	  0.177628	
      1624	   0.17911	
      1625	   0.17819	
      1626	  0.181174	
      1627	   0.18355	
      1628	  0.186478	
      1629	  0.189177	
      1630	  0.192057	
      1631	  0.192598	
      1632	  0.192257	
      1633	  0.189915	
      1634	  0.188003	
      1635	  0.189913	
      1636	  0.189126	
      1637	  0.182939	
      1638	   0.18128	
      1639	  0.178527	
      1640	  0.180077	
      1641	  0.179137	
      1642	  0.179305	
      1643	  0.181863	
      1644	   0.18034	
      1645	  0.179722	
      1646	  0.181888	
      1647	   0.18219	
      1648	  0.181609	
      1649	  0.178943	
      1650	  0.180353	
      1651	  0.178693	
      1652	  0.180317	
      1653	  0.179064	
      1654	  0.179601	
      1655	  0.178159	
      1656	  0.178997	
      1657	  0.179053	
      1658	  0.178114	
      1659	  0.176395	
      1660	  0.177348	
      1661	  0.178004	
      1662	  0.177379	
      1663	  0.176663	
      1664	  0.176338	
      1665	  0.174931	
      1666	   0.17363	
      1667	  0.173614	
      1668	   0.17152	
      1669	  0.172697	
      1670	  0.175167	
      1671	  0.174071	
      1672	  0.169029	
      1673	  0.170811	
      1674	  0.172691	
      1675	  0.170919	
      1676	  0.169055	
      1677	  0.170059	
      1678	  0.170568	
      1679	  0.166537	
      1680	  0.159991	
      1681	  0.153972	
      1682	  0.155603	
      1683	  0.158808	
      1684	  0.160231	
      1685	  0.159904	
      1686	  0.157561	
      1687	  0.157049	
      1688	  0.156105	
      1689	  0.153719	
      1690	  0.153117	
      1691	  0.154647	
      1692	  0.154273	
      1693	  0.153099	
      1694	  0.152397	
      1695	  0.151721	
      1696	  0.150518	
      1697	  0.149342	
      1698	  0.148625	
      1699	    0.1473	
      1700	  0.145116	
      1701	  0.144356	
      1702	  0.143848	
      1703	  0.143175	
      1704	  0.142479	
      1705	  0.141744	
      1706	  0.140666	
      1707	  0.139546	
      1708	  0.138437	
      1709	   0.13734	
      1710	   0.13639	
      1711	   0.13627	
      1712	  0.136291	
      1713	  0.136316	
      1714	  0.136345	
      1715	  0.136262	
      1716	  0.135469	
      1717	   0.13457	
      1718	  0.133679	
      1719	  0.132796	
      1720	  0.131973	
      1721	   0.13145	
      1722	  0.130985	
      1723	  0.130525	
      1724	   0.13007	
      1725	  0.129573	
      1726	   0.12878	
      1727	  0.127946	
      1728	  0.127119	
      1729	  0.126297	
      1730	  0.125371	
      1731	  0.123764	
      1732	  0.122056	
      1733	  0.120357	
      1734	  0.118668	
      1735	  0.117296	
      1736	  0.117754	
      1737	  0.118518	
      1738	   0.11928	
      1739	   0.12004	
      1740	  0.120608	
      1741	 0.0966116	
      1742	 0.0822065	
      1743	 0.0718369	
      1744	 0.0637855	
      1745	 0.0572865	
      1746	 0.0519951	
      1747	 0.0475163	
      1748	 0.0436498	
      1749	  0.040272	
      1750	 0.0372989	
      1751	 0.0346818	
      1752	 0.0323437	
      1753	 0.0302379	
      1754	 0.0283319	
      1755	 0.0265889	
      1756	 0.0249362	
      1757	 0.0234158	
      1758	 0.0220212	
      1759	 0.0207385	
      1760	 0.0195611	
      1761	 0.0185031	
      1762	 0.0175268	
      1763	 0.0166196	
      1764	 0.0157749	
      1765	  0.014987	
      1766	  0.014251	
      1767	 0.0135624	
      1768	 0.0129173	
      1769	  0.012312	
      1770	 0.0117389	
      1771	 0.0111713	
      1772	 0.0106337	
      1773	  0.010128	
      1774	 0.0096519	
      1775	0.00920843	
      1776	0.00882004	
      1777	0.00845725	
      1778	0.00811346	
      1779	0.00778741	
      1780	0.00747582	
      1781	0.00716768	
      1782	0.00687323	
      1783	 0.0065936	
      1784	0.00632788	
      1785	0.00607697	
      1786	0.00584827	
      1787	0.00563188	
      1788	0.00542542	
      1789	0.00522834	
      1790	0.00503808	
      1791	0.00484349	
      1792	0.00465595	
      1793	  0.004477	
      1794	0.00430617	
      1795	0.00414302	
      1796	0.00398714	
      1797	0.00383813	
      1798	0.00369565	
      1799	0.00355935	
      1800	0.00343096	
      1801	0.00274838	
      1802	 0.0022247	
      1803	0.00181629	
      1804	0.00149408	
      1805	0.00123717	
      1806	0.00102965	
      1807	0.000861518	
      1808	0.000724427	
      1809	0.000611925	
      1810	0.000517984	
      1811	0.000434668	
      1812	0.000365202	
      1813	0.000307774	
      1814	0.000260108	
      1815	0.000221082	
      1816	0.000191881	
      1817	0.000167479	
      1818	0.000146533	
      1819	0.000128499	
      1820	0.000112892	
      1821	9.92003e-05	
      1822	8.73138e-05	
      1823	7.69966e-05	
      1824	6.80206e-05	
      1825	6.01316e-05	
      1826	5.28997e-05	
      1827	4.65619e-05	
      1828	4.10451e-05	
      1829	3.62341e-05	
      1830	3.20475e-05	
      1831	2.84615e-05	
      1832	2.53226e-05	
      1833	2.25583e-05	
      1834	2.01203e-05	
      1835	1.79647e-05	
      1836	1.6042e-05	
      1837	1.4339e-05	
      1838	1.28304e-05	
      1839	1.14924e-05	
      1840	1.03029e-05	
      1841	9.2359e-06	
      1842	8.2861e-06	
      1843	7.44071e-06	
      1844	6.68746e-06	
      1845	6.01875e-06	
      1846	5.43707e-06	
      1847	4.91824e-06	
      1848	4.45249e-06	
      1849	4.03401e-06	
      1850	3.65645e-06	
      1851	3.3102e-06	
      1852	2.99792e-06	
      1853	 2.717e-06	
      1854	2.4641e-06	
      1855	2.23624e-06	
      1856	2.03079e-06	
      1857	1.84538e-06	
      1858	1.67796e-06	
      1859	1.52666e-06	
      1860	1.38984e-06	
      1861	1.46061e-06	
      1862	1.53528e-06	
      1863	1.61409e-06	
      1864	1.69728e-06	
      1865	1.78548e-06	
      1866	1.88043e-06	
      1867	1.98126e-06	
      1868	2.08795e-06	
      1869	2.20085e-06	
      1870	2.31529e-06	
      1871	2.40329e-06	
      1872	2.48879e-06	
      1873	2.57689e-06	
      1874	2.66764e-06	
      1875	2.7763e-06	
      1876	2.98536e-06	
      1877	3.2271e-06	
      1878	3.48762e-06	
      1879	3.76841e-06	
      1880	4.05999e-06	
      1881	4.30353e-06	
      1882	4.55043e-06	
      1883	4.81276e-06	
      1884	5.09158e-06	
      1885	5.38357e-06	
      1886	5.66412e-06	
      1887	5.95566e-06	
      1888	6.26355e-06	
      1889	6.5888e-06	
      1890	6.93743e-06	
      1891	7.33777e-06	
      1892	7.76905e-06	
      1893	8.22814e-06	
      1894	8.71703e-06	
      1895	9.24453e-06	
      1896	9.84979e-06	
      1897	1.05056e-05	
      1898	1.12089e-05	
      1899	1.19631e-05	
      1900	1.27661e-05	
      1901	1.3583e-05	
      1902	1.44501e-05	
      1903	1.53782e-05	
      1904	1.6372e-05	
      1905	1.74341e-05	
      1906	1.85509e-05	
      1907	1.9744e-05	
      1908	2.10222e-05	
      1909	2.23922e-05	
      1910	2.38665e-05	
      1911	2.54747e-05	
      1912	2.7209e-05	
      1913	2.90744e-05	
      1914	3.10818e-05	
      1915	3.32433e-05	
      1916	3.5572e-05	
      1917	3.80823e-05	
      1918	4.07901e-05	
      1919	4.37127e-05	
      1920	4.68691e-05	
      1921	4.36872e-05	
      1922	  4.41e-05	
      1923	4.52769e-05	
      1924	4.69234e-05	
      1925	4.89244e-05	
      1926	5.11454e-05	
      1927	5.36591e-05	
      1928	5.64866e-05	
      1929	5.96402e-05	
      1930	6.3188e-05	
      1931	6.74226e-05	
      1932	7.21662e-05	
      1933	7.7418e-05	
      1934	8.32333e-05	
      1935	8.96283e-05	
      1936	9.63803e-05	
      1937	0.000103801	
      1938	0.000112024	
      1939	0.000121151	
      1940	0.000131095	
      1941	0.000140837	
      1942	0.000151364	
      1943	0.000163004	
      1944	0.000175901	
      1945	0.000190856	
      1946	0.000211757	
      1947	0.000236319	
      1948	0.000264424	
      1949	0.000296692	
      1950	0.000333611	
      1951	0.000374523	
      1952	0.000421554	
      1953	0.000476228	
      1954	0.000540117	
      1955	0.000614714	
      1956	0.000699592	
      1957	0.000799642	
      1958	0.000919188	
      1959	0.00106331	
      1960	0.00123864	
      1961	0.00135593	
      1962	 0.0014866	
      1963	 0.0016328	
      1964	0.00179682	
      1965	0.00198298	
      1966	0.00220397	
      1967	0.00245739	
      1968	0.00274697	
      1969	0.00307915	
      1970	0.00345992	
      1971	0.00388607	
      1972	0.00437792	
      1973	 0.0049516	
      1974	0.00562522	
      1975	0.00642221	
      1976	0.00737343	
      1977	 0.0085203	
      1978	0.00991974	
      1979	 0.0116523	
      1980	 0.0138395	
      1981	   0.01668	
      1982	 0.0204652	
      1983	 0.0257268	
      1984	 0.0335615	
      1985	 0.0468932	
      1986	 0.0316206	
      1987	 0.0247509	
      1988	 0.0203378	
      1989	 0.0171717	
      1990	 0.0147504	
      1991	 0.0127744	
      1992	 0.0111667	
      1993	0.00984131	
      1994	0.00873192	
      1995	0.00779723	
      1996	0.00702332	
      1997	0.00635789	
      1998	 0.0057775	
      1999	0.00526798	
      2000	0.00481608	
      2001	0.00440387	
      2002	 0.0040354	
      2003	0.00370635	
      2004	0.00341142	
      2005	0.00314756	
      2006	0.00334245	
      2007	0.00355418	
      2008	0.00378294	
      2009	0.00403046	
      2010	0.00429799	
      2011	0.00458203	
      2012	0.00488977	
      2013	0.00522474	
      2014	0.00559013	
      2015	0.00598858	
      2016	0.00641621	
      2017	0.00688443	
      2018	0.00739986	
      2019	0.00796913	
      2020	0.00860395	
      2021	0.00933563	
      2022	 0.0101597	
      2023	 0.0110877	
      2024	 0.0121385	
      2025	 0.0133301	
      2026	 0.0146589	
      2027	 0.0161888	
      2028	 0.0179776	
      2029	 0.0200978	
      2030	 0.0226613	
      2031	 0.0258601	
      2032	 0.0299548	
      2033	 0.0354696	
      2034	 0.0436829	
      2035	 0.0606957	
      2036	 0.0593766	
      2037	 0.0581753	
      2038	 0.0570752	
      2039	  0.056057	
      2040	 0.0551486	
      2041	 0.0545212	
      2042	 0.0539782	
      2043	  0.053473	
      2044	 0.0530012	
      2045	 0.0525251	
      2046	 0.0518548	
      2047	 0.0511801	
      2048	 0.0505327	
      2049	 0.0499103	
      2050	 0.0493251	
      2051	 0.0488259	
      2052	 0.0483594	
      2053	 0.0479105	
      2054	 0.0474783	
      2055	 0.0470528	
      2056	 0.0465711	
      2057	 0.0460958	
      2058	 0.0456353	
      2059	 0.0451887	
      2060	 0.0447688	
      2061	 0.0444223	
      2062	 0.0441005	
      2063	 0.0437902	
      2064	 0.0434911	
      2065	  0.043203	
      2066	 0.0435231	
      2067	   0.04385	
      2068	  0.044184	
      2069	 0.0445255	
      2070	 0.0448882	
      2071	 0.0453222	
      2072	 0.0457799	
      2073	 0.0462485	
      2074	 0.0467286	
      2075	  0.047202	
      2076	 0.0475648	
      2077	 0.0479188	
      2078	 0.0482833	
      2079	  0.048659	
      2080	 0.0490565	
      2081	 0.0495169	
      2082	 0.0500026	
      2083	 0.0505047	
      2084	 0.0510245	
      2085	 0.0515687	
      2086	 0.0521444	
      2087	 0.0527485	
      2088	  0.053378	
      2089	 0.0540354	
      2090	 0.0547124	
      2091	 0.0553665	
      2092	 0.0560457	
      2093	 0.0567662	
      2094	 0.0575344	
      2095	 0.0583827	
      2096	 0.0594593	
      2097	 0.0606496	
      2098	 0.0619512	
      2099	 0.0633976	
      2100	  0.065037	
      2101	  0.065088	
      2102	 0.0651332	
      2103	 0.0651794	
      2104	 0.0652267	
      2105	 0.0652614	
      2106	 0.0652154	
      2107	 0.0651565	
      2108	 0.0650985	
      2109	 0.0650414	
      2110	 0.0649921	
      2111	 0.0649988	
      2112	 0.0650137	
      2113	 0.0650299	
      2114	 0.0650475	
      2115	 0.0650666	
      2116	 0.0650733	
      2117	 0.0650815	
      2118	 0.0650914	
      2119	  0.065103	
      2120	 0.0651164	
      2121	 0.0651177	
      2122	  0.065121	
      2123	 0.0651263	
      2124	 0.0651339	
      2125	 0.0651651	
      2126	 0.0653122	
      2127	 0.0654839	
      2128	 0.0656593	
      2129	 0.0658386	
      2130	 0.0659934	
      2131	 0.0659951	
      2132	 0.0659721	
      2133	 0.0659533	
      2134	 0.0659391	
      2135	 0.0659519	
      2136	 0.0661158	
      2137	 0.0663091	
      2138	 0.0665111	
      2139	 0.0667231	
      2140	 0.0669245	
      2141	 0.0670067	
      2142	 0.0670819	
      2143	 0.0671758	
      2144	  0.067294	
      2145	 0.0674675	
      2146	 0.0677951	
      2147	 0.0682272	
      2148	 0.0688339	
      2149	 0.0687864	
      2150	 0.0687313	
      2151	 0.0685998	
      2152	 0.0684607	
      2153	 0.0683219	
      2154	 0.0681832	
      2155	 0.0680446	
      2156	 0.0678756	
      2157	 0.0677068	
      2158	 0.0675382	
      2159	 0.0673698	
      2160	 0.0671098	
      2161	 0.0662843	
      2162	 0.0653677	
      2163	 0.0644515	
      2164	 0.0635359	
      2165	 0.0627964	
      2166	 0.0631262	
      2167	 0.0636315	
      2168	 0.0641367	
      2169	 0.0646418	
      2170	 0.0650934	
      2171	  0.065194	
      2172	 0.0652413	
      2173	 0.0652887	
      2174	 0.0653361	
      2175	 0.0653531	
      2176	 0.0651874	
      2177	 0.0649914	
      2178	 0.0647955	
      2179	 0.0645999	
      2180	 0.0644272	
      2181	 0.0644069	
      2182	 0.0644096	
      2183	 0.0644123	
      2184	 0.0644151	
      2185	 0.0643877	
      2186	 0.0641626	
      2187	 0.0639073	
      2188	 0.0636522	
      2189	 0.0633972	
      2190	 0.0631805	
      2191	 0.0631919	
      2192	 0.0632413	
      2193	 0.0632908	
      2194	 0.0633404	
      2195	 0.0633673	
      2196	 0.0632728	
      2197	 0.0631557	
      2198	 0.0630388	
      2199	  0.062898	
      2200	 0.0627348	
      2201	 0.0624355	
      2202	 0.0621139	
      2203	 0.0617928	
      2204	 0.0614721	
      2205	 0.0611897	
      2206	 0.0611041	
      2207	 0.0610565	
      2208	  0.061009	
      2209	 0.0609617	
      2210	  0.060907	
      2211	 0.0608223	
      2212	 0.0607302	
      2213	 0.0606384	
      2214	 0.0605467	
      2215	 0.0604552	
      2216	 0.0603639	
      2217	 0.0602728	
      2218	 0.0601819	
      2219	 0.0600911	
      2220	 0.0599856	
      2221	 0.0597902	
      2222	 0.0595802	
      2223	 0.0593705	
      2224	  0.059161	
      2225	 0.0589668	
      2226	 0.0588626	
      2227	 0.0587736	
      2228	 0.0586847	
      2229	  0.058596	
      2230	 0.0585074	
      2231	 0.0584041	
      2232	 0.0583009	
      2233	  0.058198	
      2234	 0.0580952	
      2235	 0.0579777	
      2236	 0.0577562	
      2237	 0.0575201	
      2238	 0.0572843	
      2239	 0.0570488	
      2240	 0.0568359	
      2241	 0.0567568	
      2242	 0.0567002	
      2243	 0.0566437	
      2244	 0.0565873	
      2245	 0.0565162	
      2246	 0.0563712	
      2247	 0.0562115	
      2248	 0.0560521	
      2249	 0.0558929	
      2250	 0.0557339	
      2251	 0.0555455	
      2252	 0.0553574	
      2253	 0.0551695	
      2254	 0.0549819	
      2255	 0.0548092	
      2256	 0.0547399	
      2257	 0.0546855	
      2258	 0.0546312	
      2259	  0.054577	
      2260	 0.0545155	
      2261	 0.0543806	
      2262	 0.0542386	
      2263	 0.0540967	
      2264	  0.053955	
      2265	 0.0538281	
      2266	 0.0537601	
      2267	 0.0537069	
      2268	 0.0536538	
      2269	 0.0536008	
      2270	 0.0535405	
      2271	 0.0530887	
      2272	 0.0526458	
      2273	 0.0522177	
      2274	  0.051803	
      2275	 0.0513865	
      2276	 0.0509112	
      2277	 0.0504335	
      2278	 0.0499666	
      2279	   0.04951	
      2280	 0.0490836	
      2281	  0.048789	
      2282	 0.0485218	
      2283	 0.0482609	
      2284	  0.048006	
      2285	 0.0477567	
      2286	 0.0474861	
      2287	  0.047221	
      2288	 0.0469609	
      2289	 0.0467057	
      2290	  0.046429	
      2291	 0.0459882	
      2292	 0.0455276	
      2293	  0.045073	
      2294	 0.0446244	
      2295	 0.0442197	
      2296	 0.0440232	
      2297	 0.0438678	
      2298	 0.0437151	
      2299	 0.0435651	
      2300	 0.0434114	
      2301	 0.0432105	
      2302	 0.0430062	
      2303	 0.0428047	
      2304	 0.0426059	
      2305	 0.0424037	
      2306	 0.0421796	
      2307	 0.0419522	
      2308	 0.0417275	
      2309	 0.0415053	
      2310	 0.0412857	
      2311	 0.0410447	
      2312	 0.0408062	
      2313	 0.0405703	
      2314	 0.0403368	
      2315	 0.0401057	
      2316	 0.0398887	
      2317	 0.0396738	
      2318	 0.0394611	
      2319	 0.0392505	
      2320	 0.0390246	
      2321	 0.0386743	
      2322	 0.0383097	
      2323	 0.0379481	
      2324	 0.0375895	
      2325	 0.0372736	
      2326	 0.0371752	
      2327	 0.0371173	
      2328	 0.0370603	
      2329	  0.037004	
      2330	 0.0369317	
      2331	 0.0367713	
      2332	 0.0365957	
      2333	 0.0364216	
      2334	 0.0362489	
      2335	 0.0360777	
      2336	 0.0359079	
      2337	 0.0357395	
      2338	 0.0355725	
      2339	 0.0354068	
      2340	 0.0352478	
      2341	 0.0351225	
      2342	 0.0350035	
      2343	 0.0348856	
      2344	 0.0347686	
      2345	 0.0346419	
      2346	 0.0344632	
      2347	 0.0342752	
      2348	 0.0340885	
      2349	 0.0339032	
      2350	 0.0337087	
      2351	 0.0334424	
      2352	 0.0331674	
      2353	 0.0328942	
      2354	 0.0326227	
      2355	  0.032384	
      2356	 0.0323118	
      2357	  0.032271	
      2358	 0.0322306	
      2359	 0.0321907	
      2360	  0.032146	
      2361	  0.030246	
      2362	 0.0285857	
      2363	 0.0271154	
      2364	 0.0257976	
      2365	 0.0246012	
      2366	 0.0234806	
      2367	 0.0224489	
      2368	 0.0214973	
      2369	 0.0206157	
      2370	 0.0197926	
      2371	 0.0190062	
      2372	 0.0182672	
      2373	 0.0175739	
      2374	 0.0169217	
      2375	 0.0163177	
      2376	 0.0157985	
      2377	 0.0153166	
      2378	 0.0148593	
      2379	 0.0144246	
      2380	 0.0139926	
      2381	 0.0134798	
      2382	 0.0129748	
      2383	 0.0124938	
      2384	 0.0120352	
      2385	 0.0116173	
      2386	 0.0113326	
      2387	 0.0110778	
      2388	 0.0108327	
      2389	 0.0105966	
      2390	 0.0103623	
      2391	 0.0100963	
      2392	0.00983376	
      2393	0.00958102	
      2394	0.00933754	
      2395	0.00910285	
      2396	0.00887355	
      2397	0.00865232	
      2398	0.00843877	
      2399	0.00823252	
      2400	0.00803323	
      2401	0.00784321	
      2402	 0.0076594	
      2403	0.00748153	
      2404	0.00730933	
      2405	0.00714255	
      2406	0.00698333	
      2407	0.00682897	
      2408	0.00667929	
      2409	0.00653408	
      2410	0.00638776	
      2411	0.00621407	
      2412	0.00604068	
      2413	0.00587277	
      2414	0.00571011	
      2415	0.00556029	
      2416	0.00545702	
      2417	0.00536395	
      2418	 0.0052732	
      2419	0.00518468	
      2420	0.00509568	
      2421	0.00499155	
      2422	0.00488766	
      2423	0.00478653	
      2424	0.00468808	
      2425	0.00459302	
      2426	0.00450515	
      2427	0.00442026	
      2428	0.00433747	
      2429	0.00425673	
      2430	0.00417723	
      2431	0.00409249	
      2432	0.00400919	
      2433	0.00392797	
      2434	0.00384878	
      2435	0.00377222	
      2436	0.00370278	
      2437	0.00363562	
      2438	0.00357002	
      2439	0.00350594	
      2440	0.00344272	
      2441	0.00337614	
      2442	0.00331054	
      2443	0.00324649	
      2444	0.00318393	
      2445	0.00312227	
      2446	0.00305983	
      2447	0.00299831	
      2448	0.00293823	
      2449	0.00287955	
      2450	0.00282326	
      2451	0.00257868	
      2452	0.00236121	
      2453	0.00216638	
      2454	 0.0019913	
      2455	0.00183421	
      2456	0.00169536	
      2457	0.00156998	
      2458	0.00145594	
      2459	  0.001352	
      2460	0.00125685	
      2461	0.00116809	
      2462	0.00108664	
      2463	0.00101197	
      2464	0.000943406	
      2465	0.000880034	
      2466	0.000820179	
      2467	0.000764796	
      2468	0.000713764	
      2469	0.000666682	
      2470	0.00062343	
      2471	0.000584961	
      2472	0.000549476	
      2473	0.000516511	
      2474	0.000485857	
      2475	0.000457068	
      2476	0.000428647	
      2477	0.000402006	
      2478	0.000377238	
      2479	0.000354192	
      2480	0.000332924	
      2481	0.000313942	
      2482	0.000296368	
      2483	0.000279922	
      2484	0.000264519	
      2485	0.000250181	
      2486	0.000237189	
      2487	0.000225061	
      2488	0.000213647	
      2489	 0.0002029	
      2490	0.000192442	
      2491	0.000180636	
      2492	0.000169302	
      2493	0.000158715	
      2494	0.000148821	
      2495	   0.00014	
      2496	0.000134069	
      2497	0.000128816	
      2498	0.000123799	
      2499	0.000119007	
      2500	0.00011425	
      2501	2.74498e-05	
      2502	8.0101e-06	
      2503	2.6592e-06	
      2504	9.69278e-07	
      2505	3.79552e-07	
      2506	1.57121e-07	
      2507	6.81918e-08	
      2508	3.08059e-08	
      2509	1.44041e-08	
      2510	6.94162e-09	
      2511	3.43922e-09	
      2512	 1.745e-09	
      2513	9.04356e-10	
      2514	4.77773e-10	
      2515	2.56862e-10	
      2516	1.40383e-10	
      2517	7.78645e-11	
      2518	4.37817e-11	
      2519	2.49316e-11	
      2520	1.4369e-11	
      2521	8.38036e-12	
      2522	4.93958e-12	
      2523	2.94001e-12	
      2524	1.76603e-12	
      2525	1.0703e-12	
      2526	6.54835e-13	
      2527	4.03866e-13	
      2528	2.50936e-13	
      2529	1.5702e-13	
      2530	9.88964e-14	
      2531	6.25587e-14	
      2532	3.98082e-14	
      2533	2.54809e-14	
      2534	1.64024e-14	
      2535	1.06181e-14	
      2536	6.91537e-15	
      2537	4.52747e-15	
      2538	2.97847e-15	
      2539	1.96858e-15	
      2540	1.30697e-15	
      2541	8.71862e-16	
      2542	5.84052e-16	
      2543	3.92842e-16	
      2544	2.65271e-16	
      2545	1.7981e-16	
      2546	1.22279e-16	
      2547	8.34537e-17	
      2548	5.71539e-17	
      2549	3.92745e-17	
      2550	2.70768e-17	
      2551	1.87189e-17	
      2552	1.2981e-17	
      2553	9.02913e-18	
      2554	6.2988e-18	
      2555	4.40668e-18	
      2556	3.0902e-18	
      2557	2.17291e-18	
      2558	1.53196e-18	
      2559	1.08287e-18	
      2560	7.67531e-19	
      2561	5.45847e-19	
      2562	3.89215e-19	
      2563	2.78185e-19	
      2564	1.99287e-19	
      2565	1.43088e-19	
      2566	1.02919e-19	
      2567	7.41862e-20	
      2568	5.35884e-20	
      2569	3.87898e-20	
      2570	2.81349e-20	
      2571	2.04382e-20	
      2572	1.4876e-20	
      2573	1.08482e-20	
      2574	7.9258e-21	
      2575	5.80131e-21	
      2576	4.25394e-21	
      2577	3.12482e-21	
      2578	2.29939e-21	
      2579	1.69489e-21	
      2580	1.25112e-21	
      2581	9.23799e-22	
      2582	6.83054e-22	
      2583	5.05846e-22	
      2584	3.75193e-22	
      2585	2.7884e-22	
      2586	2.08215e-22	
      2587	1.55782e-22	
      2588	1.16723e-22	
      2589	8.75835e-23	
      2590	6.57966e-23	
      2591	4.94071e-23	
      2592	3.71424e-23	
      2593	2.79599e-23	
      2594	2.10756e-23	
      2595	1.59108e-23	
      2596	1.20384e-23	
      2597	9.12221e-24	
      2598	6.92111e-24	
      2599	5.25761e-24	
      2600	3.9988e-24	
      2601	2.01882e-24	
      2602	1.36706e-24	
      2603	9.78385e-25	
      2604	7.21135e-25	
      2605	5.41825e-25	
      2606	4.12398e-25	
      2607	3.17252e-25	
      2608	2.46155e-25	
      2609	1.92349e-25	
      2610	1.5121e-25	
      2611	1.19544e-25	
      2612	9.49405e-26	
      2613	7.57053e-26	
      2614	6.0586e-26	
      2615	4.86451e-26	
      2616	3.91372e-26	
      2617	3.15739e-26	
      2618	2.55365e-26	
      2619	2.07018e-26	
      2620	1.68111e-26	
      2621	1.36336e-26	
      2622	1.10721e-26	
      2623	9.00783e-27	
      2624	7.34061e-27	
      2625	5.99879e-27	
      2626	4.94364e-27	
      2627	4.08503e-27	
      2628	3.38023e-27	
      2629	2.80074e-27	
      2630	2.32242e-27	
      2631	1.92253e-27	
      2632	1.5926e-27	
      2633	1.32078e-27	
      2634	1.09655e-27	
      2635	9.1113e-28	
      2636	7.55981e-28	
      2637	6.27707e-28	
      2638	5.21688e-28	
      2639	4.3397e-28	
      2640	3.61499e-28	
      2641	3.02292e-28	
      2642	2.53122e-28	
      2643	2.12125e-28	
      2644	1.77911e-28	
      2645	1.49332e-28	
      2646	1.25314e-28	
      2647	1.05238e-28	
      2648	8.84419e-29	
      2649	7.43793e-29	
      2650	6.2596e-29	
      2651	5.26624e-29	
      2652	4.43344e-29	
      2653	3.73474e-29	
      2654	3.14815e-29	
      2655	2.65601e-29	
      2656	2.24443e-29	
      2657	1.89825e-29	
      2658	1.6064e-29	
      2659	1.36021e-29	
      2660	1.15211e-29	
      2661	9.7491e-30	
      2662	8.25199e-30	
      2663	6.98849e-30	
      2664	5.92154e-30	
      2665	5.02264e-30	
      2666	4.27111e-30	
      2667	3.63572e-30	
      2668	3.09639e-30	
      2669	2.63836e-30	
      2670	2.24858e-30	
      2671	1.91239e-30	
      2672	1.6268e-30	
      2673	1.38449e-30	
      2674	1.17879e-30	
      2675	1.00436e-30	
      2676	8.57001e-31	
      2677	7.31771e-31	
      2678	6.25108e-31	
      2679	5.34218e-31	
      2680	4.56734e-31	
      2681	3.90649e-31	
      2682	3.34262e-31	
      2683	2.8613e-31	
      2684	2.45025e-31	
      2685	2.09908e-31	
      2686	1.79705e-31	
      2687	1.53906e-31	
      2688	1.31861e-31	
      2689	1.13015e-31	
      2690	9.68982e-32	
      2691	8.3154e-32	
      2692	7.13851e-32	
      2693	6.13038e-32	
      2694	5.26647e-32	
      2695	4.52589e-32	
      2696	3.88872e-32	
      2697	3.34239e-32	
      2698	2.87378e-32	
      2699	2.47169e-32	
      2700	2.12714e-32	
      2701	2.59375e-32	
      2702	3.16571e-32	
      2703	3.86642e-32	
      2704	4.72547e-32	
      2705	5.77938e-32	
      2706	7.07327e-32	
      2707	8.66293e-32	
      2708	1.06174e-31	
      2709	1.30221e-31	
      2710	1.59829e-31	
      2711	1.9642e-31	
      2712	2.41566e-31	
      2713	2.97308e-31	
      2714	3.66188e-31	
      2715	4.51367e-31	
      2716	5.56479e-31	
      2717	6.86598e-31	
      2718	 8.478e-31	
      2719	1.04767e-30	
      2720	1.29569e-30	
      2721	1.60282e-30	
      2722	1.98435e-30	
      2723	2.4587e-30	
      2724	3.04895e-30	
      2725	3.78509e-30	
      2726	4.70552e-30	
      2727	5.85636e-30	
      2728	7.29494e-30	
      2729	9.09478e-30	
      2730	1.13486e-29	
      2731	1.41579e-29	
      2732	1.76783e-29	
      2733	2.2094e-29	
      2734	2.76379e-29	
      2735	3.46049e-29	
      2736	4.33929e-29	
      2737	5.44643e-29	
      2738	6.84258e-29	
      2739	8.60495e-29	
      2740	1.08318e-28	
      2741	1.36563e-28	
      2742	1.72344e-28	
      2743	2.17722e-28	
      2744	2.75332e-28	
      2745	3.48547e-28	
      2746	4.41446e-28	
      2747	5.59703e-28	
      2748	7.10404e-28	
      2749	9.02669e-28	
      2750	1.14824e-27	
      2751	1.46142e-27	
      2752	1.86214e-27	
      2753	2.37546e-27	
      2754	3.03382e-27	
      2755	3.87923e-27	
      2756	4.96615e-27	
      2757	6.36534e-27	
      2758	8.1688e-27	
      2759	1.04963e-26	
      2760	1.35041e-26	
      2761	1.74062e-26	
      2762	2.24651e-26	
      2763	2.90327e-26	
      2764	3.75709e-26	
      2765	4.86864e-26	
      2766	6.32148e-26	
      2767	8.21942e-26	
      2768	1.07025e-25	
      2769	1.3956e-25	
      2770	 1.822e-25	
      2771	2.37948e-25	
      2772	3.11135e-25	
      2773	4.07461e-25	
      2774	5.34449e-25	
      2775	7.02135e-25	
      2776	9.24481e-25	
      2777	1.21926e-24	
      2778	1.61074e-24	
      2779	2.13157e-24	
      2780	2.82575e-24	
      2781	3.75492e-24	
      2782	4.99868e-24	
      2783	6.66675e-24	
      2784	8.90824e-24	
      2785	1.19263e-23	
      2786	1.59982e-23	
      2787	2.15032e-23	
      2788	2.89617e-23	
      2789	3.90885e-23	
      2790	5.28686e-23	
      2791	7.1619e-23	
      2792	9.7235e-23	
      2793	1.32313e-22	
      2794	1.80462e-22	
      2795	2.46794e-22	
      2796	3.38532e-22	
      2797	4.65668e-22	
      2798	6.42182e-22	
      2799	8.87918e-22	
      2800	1.23097e-21	
      2801	1.5464e-21	
      2802	1.94454e-21	
      2803	2.44762e-21	
      2804	3.08395e-21	
      2805	3.89086e-21	
      2806	 4.917e-21	
      2807	6.2222e-21	
      2808	7.88227e-21	
      2809	9.99603e-21	
      2810	1.26906e-20	
      2811	1.61294e-20	
      2812	2.05232e-20	
      2813	2.6144e-20	
      2814	3.3343e-20	
      2815	4.25747e-20	
      2816	5.43941e-20	
      2817	6.95797e-20	
      2818	8.91153e-20	
      2819	1.1428e-19	
      2820	1.46738e-19	
      2821	1.88544e-19	
      2822	2.42582e-19	
      2823	3.12527e-19	
      2824	4.03192e-19	
      2825	5.21048e-19	
      2826	6.74737e-19	
      2827	 8.753e-19	
      2828	1.13715e-18	
      2829	1.47957e-18	
      2830	1.92803e-18	
      2831	2.51476e-18	
      2832	3.28524e-18	
      2833	4.29875e-18	
      2834	5.63422e-18	
      2835	7.39702e-18	
      2836	9.72187e-18	
      2837	1.27998e-17	
      2838	1.68824e-17	
      2839	2.23079e-17	
      2840	2.95319e-17	
      2841	3.91952e-17	
      2842	5.2122e-17	
      2843	6.94505e-17	
      2844	9.27292e-17	
      2845	1.24069e-16	
      2846	1.66249e-16	
      2847	2.23258e-16	
      2848	3.00487e-16	
      2849	4.05361e-16	
      2850	5.48127e-16	
      2851	7.42968e-16	
      2852	1.00957e-15	
      2853	1.37533e-15	
      2854	1.87851e-15	
      2855	2.5727e-15	
      2856	3.5355e-15	
      2857	4.87246e-15	
      2858	6.73473e-15	
      2859	9.33689e-15	
      2860	1.29848e-14	
      2861	1.81161e-14	
      2862	2.53591e-14	
      2863	3.56196e-14	
      2864	5.0209e-14	
      2865	7.10335e-14	
      2866	1.00742e-13	
      2867	1.43438e-13	
      2868	2.05062e-13	
      2869	2.94402e-13	
      2870	4.2467e-13	
      2871	6.15804e-13	
      2872	8.97533e-13	
      2873	1.31468e-12	
      2874	1.93572e-12	
      2875	2.86664e-12	
      2876	4.2724e-12	
      2877	6.40782e-12	
      2878	9.67109e-12	
      2879	1.4693e-11	
      2880	2.24787e-11	
      2881	3.45974e-11	
      2882	5.36672e-11	
      2883	8.39419e-11	
      2884	1.32462e-10	
      2885	2.11016e-10	
      2886	3.39817e-10	
      2887	5.53261e-10	
      2888	9.11512e-10	
      2889	1.52125e-09	
      2890	2.57499e-09	
      2891	4.42724e-09	
      2892	7.74539e-09	
      2893	1.38188e-08	
      2894	2.52138e-08	
      2895	4.72263e-08	
      2896	9.12214e-08	
      2897	1.83305e-07	
      2898	3.88624e-07	
      2899	8.97458e-07	
      2900	2.6845e-06	
      2901	2.77059e-06	
      2902	2.85971e-06	
      2903	2.95197e-06	
      2904	3.0475e-06	
      2905	3.14641e-06	
      2906	3.24659e-06	
      2907	3.35028e-06	
      2908	3.45761e-06	
      2909	3.56873e-06	
      2910	3.68379e-06	
      2911	3.80027e-06	
      2912	3.92081e-06	
      2913	4.04558e-06	
      2914	4.17474e-06	
      2915	4.30846e-06	
      2916	4.45009e-06	
      2917	4.59686e-06	
      2918	4.74897e-06	
      2919	4.90666e-06	
      2920	5.07014e-06	
      2921	5.23964e-06	
      2922	5.41543e-06	
      2923	5.59774e-06	
      2924	5.78686e-06	
      2925	5.98305e-06	
      2926	6.18663e-06	
      2927	6.39789e-06	
      2928	6.61717e-06	
      2929	6.84479e-06	
      2930	7.08111e-06	
      2931	7.32118e-06	
      2932	7.57032e-06	
      2933	7.82892e-06	
      2934	8.09738e-06	
      2935	8.37611e-06	
      2936	8.67191e-06	
      2937	8.97937e-06	
      2938	9.29898e-06	
      2939	9.6313e-06	
      2940	9.97687e-06	
      2941	1.03287e-05	
      2942	1.06943e-05	
      2943	1.10745e-05	
      2944	1.14699e-05	
      2945	1.18855e-05	
      2946	1.23273e-05	
      2947	1.27922e-05	
      2948	1.32767e-05	
      2949	1.37817e-05	
      2950	1.43083e-05	
      2951	1.48574e-05	
      2952	 1.543e-05	
      2953	1.60275e-05	
      2954	1.66509e-05	
      2955	1.73016e-05	
      2956	1.79673e-05	
      2957	1.86618e-05	
      2958	1.93867e-05	
      2959	2.01434e-05	
      2960	2.09336e-05	
      2961	2.17752e-05	
      2962	2.26551e-05	
      2963	2.35751e-05	
      2964	2.45374e-05	
      2965	2.5544e-05	
      2966	2.65772e-05	
      2967	2.76579e-05	
      2968	2.87886e-05	
      2969	2.99719e-05	
      2970	3.12107e-05	
      2971	3.25329e-05	
      2972	3.39188e-05	
      2973	3.53719e-05	
      2974	3.6896e-05	
      2975	3.84951e-05	
      2976	4.01425e-05	
      2977	4.18708e-05	
      2978	4.36847e-05	
      2979	4.55889e-05	
      2980	4.75888e-05	
      2981	4.97286e-05	
      2982	5.1979e-05	
      2983	5.43468e-05	
      2984	5.68392e-05	
      2985	5.94637e-05	
      2986	 6.218e-05	
      2987	6.50408e-05	
      2988	6.80551e-05	
      2989	7.12328e-05	
      2990	7.45842e-05	
      2991	7.81822e-05	
      2992	8.19836e-05	
      2993	8.60023e-05	
      2994	9.02532e-05	
      2995	9.47526e-05	
      2996	9.95184e-05	
      2997	0.00010457	
      2998	0.000109929	
      2999	0.00011562	
      3000	0.000121668	
      3001	0.000121652	
      3002	0.000121635	
      3003	0.000121619	
      3004	0.000121602	
      3005	0.000121585	
      3006	0.000121665	
      3007	0.000121744	
      3008	0.000121825	
      3009	0.000121905	
      3010	0.000121985	
      3011	0.000122065	
      3012	0.000122146	
      3013	0.000122227	
      3014	0.000122308	
      3015	0.000122389	
      3016	0.000122371	
      3017	0.000122354	
      3018	0.000122336	
      3019	0.000122318	
      3020	 0.0001223	
      3021	0.000122282	
      3022	0.000122264	
      3023	0.000122246	
      3024	0.000122227	
      3025	0.000122209	
      3026	0.00012229	
      3027	0.000122371	
      3028	0.000122453	
      3029	0.000122534	
      3030	0.000122616	
      3031	0.000122597	
      3032	0.000122579	
      3033	0.00012256	
      3034	0.000122541	
      3035	0.000122522	
      3036	0.000122401	
      3037	0.00012228	
      3038	0.000122158	
      3039	0.000122036	
      3040	0.000121965	
      3041	 0.0001222	
      3042	0.000122487	
      3043	0.000122775	
      3044	0.000123063	
      3045	0.000123353	
      3046	0.00012354	
      3047	0.000123728	
      3048	0.000123916	
      3049	0.000124105	
      3050	0.000124295	
      3051	0.000124381	
      3052	0.000124468	
      3053	0.000124555	
      3054	0.000124642	
      3055	0.00012473	
      3056	0.000124818	
      3057	0.000124906	
      3058	0.000124995	
      3059	0.000125084	
      3060	0.000125173	
      3061	0.000125052	
      3062	0.000124931	
      3063	0.000124809	
      3064	0.000124687	
      3065	0.000124618	
      3066	0.000124655	
      3067	0.000124745	
      3068	0.000124836	
      3069	0.000124928	
      3070	0.000125019	
      3071	0.000125219	
      3072	0.000125419	
      3073	0.00012562	
      3074	0.000125822	
      3075	0.000126025	
      3076	0.000126013	
      3077	0.000126001	
      3078	0.00012599	
      3079	0.000125978	
      3080	0.000125968	
      3081	0.000125957	
      3082	0.000125948	
      3083	0.000125938	
      3084	0.000125929	
      3085	0.000125921	
      3086	0.000125913	
      3087	0.000125905	
      3088	0.000125899	
      3089	0.000125893	
      3090	0.000125888	
      3091	0.000125884	
      3092	0.00012588	
      3093	0.000125878	
      3094	0.000125877	
      3095	0.000125877	
      3096	0.000125878	
      3097	0.000125881	
      3098	0.000125885	
      3099	0.000125891	
      3100	0.000125899	
      3101	0.000123921	
      3102	0.000123555	
      3103	0.000123652	
      3104	0.000124001	
      3105	0.000124518	
      3106	0.000125049	
      3107	0.000125678	
      3108	0.000126387	
      3109	0.000127167	
      3110	0.000128007	
      3111	0.000128786	
      3112	0.000129614	
      3113	0.000130486	
      3114	0.000131399	
      3115	0.000132413	
      3116	0.000133588	
      3117	0.000134865	
      3118	0.000136183	
      3119	0.000137539	
      3120	0.000138935	
      3121	0.000140369	
      3122	0.000141841	
      3123	0.000143352	
      3124	 0.0001449	
      3125	0.000146486	
      3126	0.000148111	
      3127	0.000149774	
      3128	0.000151475	
      3129	0.000153216	
      3130	0.000154996	
      3131	0.000156815	
      3132	0.000158675	
      3133	0.000160576	
      3134	0.000162518	
      3135	0.000164502	
      3136	0.000166373	
      3137	0.000168283	
      3138	0.000170233	
      3139	0.000172224	
      3140	0.000174255	
      3141	0.000176495	
      3142	0.000178781	
      3143	0.000181116	
      3144	 0.0001835	
      3145	0.000185934	
      3146	0.00018824	
      3147	0.000190593	
      3148	0.000192995	
      3149	0.000195445	
      3150	0.000197944	
      3151	0.000200688	
      3152	0.000203489	
      3153	0.000206349	
      3154	0.000209269	
      3155	0.000212252	
      3156	0.000215298	
      3157	0.000218409	
      3158	0.000221587	
      3159	0.000224832	
      3160	0.000228148	
      3161	0.000231759	
      3162	0.00023545	
      3163	0.000239225	
      3164	0.000243084	
      3165	0.00024703	
      3166	0.00025058	
      3167	0.000254206	
      3168	0.00025791	
      3169	0.000261694	
      3170	0.00026569	
      3171	0.000270037	
      3172	0.000274618	
      3173	0.000279306	
      3174	0.000284105	
      3175	0.000289017	
      3176	0.000293471	
      3177	0.000298026	
      3178	0.000302684	
      3179	0.000307447	
      3180	0.000312319	
      3181	0.000317616	
      3182	0.00032304	
      3183	0.000328594	
      3184	0.000334282	
      3185	0.000340108	
      3186	0.00034642	
      3187	0.000352892	
      3188	0.000359528	
      3189	0.000366335	
      3190	0.000373317	
      3191	0.000380104	
      3192	0.000387063	
      3193	0.000394201	
      3194	0.000401524	
      3195	0.000409037	
      3196	0.000416331	
      3197	0.000423813	
      3198	0.000431487	
      3199	0.000439362	
      3200	0.000447667	
      3201	0.000444213	
      3202	0.000441018	
      3203	0.000437856	
      3204	0.000434729	
      3205	0.000431634	
      3206	0.000428142	
      3207	0.000424687	
      3208	0.000421269	
      3209	0.000417888	
      3210	0.000414543	
      3211	0.000410818	
      3212	0.000407134	
      3213	0.000403489	
      3214	0.000399885	
      3215	0.000396319	
      3216	0.000393193	
      3217	0.000390099	
      3218	0.000387037	
      3219	0.000384007	
      3220	0.000381007	
      3221	0.000378037	
      3222	0.000375097	
      3223	0.000372187	
      3224	0.000369306	
      3225	0.000366453	
      3226	0.000364004	
      3227	0.000361578	
      3228	0.000359174	
      3229	0.000356792	
      3230	0.000354432	
      3231	0.000351731	
      3232	0.000349056	
      3233	0.000346407	
      3234	0.000343783	
      3235	0.000341184	
      3236	0.000338609	
      3237	0.000336059	
      3238	0.000333533	
      3239	0.000331031	
      3240	0.000328553	
      3241	0.000326097	
      3242	0.000323664	
      3243	0.000321254	
      3244	0.000318866	
      3245	 0.0003165	
      3246	0.000314485	
      3247	0.000312488	
      3248	0.000310507	
      3249	0.000308543	
      3250	0.000306596	
      3251	0.000304027	
      3252	0.000301483	
      3253	0.000298962	
      3254	0.000296465	
      3255	0.000293992	
      3256	0.000291851	
      3257	0.000289729	
      3258	0.000287625	
      3259	0.00028554	
      3260	0.000283474	
      3261	0.000281425	
      3262	0.000279395	
      3263	0.000277382	
      3264	0.000275387	
      3265	0.000273409	
      3266	0.000271448	
      3267	0.000269504	
      3268	0.000267576	
      3269	0.000265666	
      3270	0.000263771	
      3271	0.000261893	
      3272	0.000260031	
      3273	0.000258184	
      3274	0.000256354	
      3275	0.000254538	
      3276	0.000252738	
      3277	0.000250954	
      3278	0.000249184	
      3279	0.000247429	
      3280	0.000245688	
      3281	0.000243963	
      3282	0.000242251	
      3283	0.000240554	
      3284	0.00023887	
      3285	0.000237201	
      3286	0.000235803	
      3287	0.000234416	
      3288	0.000233039	
      3289	0.000231672	
      3290	0.00023019	
      3291	0.000228219	
      3292	0.000226141	
      3293	0.000224082	
      3294	0.000222041	
      3295	0.000220141	
      3296	 0.0002185	
      3297	0.000216994	
      3298	0.000215499	
      3299	0.000214017	
      3300	0.000212547	
      3301	0.000216369	
      3302	0.000220274	
      3303	0.000224264	
      3304	0.000228342	
      3305	0.000232509	
      3306	0.000236239	
      3307	0.000240045	
      3308	0.000243927	
      3309	0.000247888	
      3310	0.00025193	
      3311	0.000256346	
      3312	0.000260857	
      3313	0.000265467	
      3314	0.000270179	
      3315	0.000274994	
      3316	0.00027928	
      3317	0.000283652	
      3318	0.000288111	
      3319	0.00029266	
      3320	0.000297474	
      3321	0.000303091	
      3322	0.000309017	
      3323	0.000315087	
      3324	0.000321303	
      3325	0.000327671	
      3326	0.000333422	
      3327	0.000339303	
      3328	0.000345317	
      3329	0.000351469	
      3330	0.000357762	
      3331	0.000364628	
      3332	0.000371662	
      3333	0.000378868	
      3334	0.000386253	
      3335	0.000393821	
      3336	0.000401579	
      3337	0.000409533	
      3338	0.000417689	
      3339	0.000426053	
      3340	0.000434633	
      3341	0.000443436	
      3342	0.000452469	
      3343	0.00046174	
      3344	0.000471256	
      3345	0.000481028	
      3346	0.000490477	
      3347	0.000500172	
      3348	0.000510123	
      3349	0.000520338	
      3350	0.000530826	
      3351	0.000542251	
      3352	  0.000554	
      3353	0.000566083	
      3354	0.000578515	
      3355	0.000591307	
      3356	0.000604474	
      3357	0.000618031	
      3358	0.000631993	
      3359	0.000646375	
      3360	0.000661195	
      3361	0.000676471	
      3362	0.00069222	
      3363	0.000708464	
      3364	0.000725223	
      3365	0.000742518	
      3366	0.000760374	
      3367	0.000778815	
      3368	0.000797866	
      3369	0.000817555	
      3370	0.000837913	
      3371	0.000858969	
      3372	0.000880756	
      3373	0.00090331	
      3374	0.000926669	
      3375	0.000950871	
      3376	0.000975959	
      3377	0.00100198	
      3378	0.00102898	
      3379	0.00105701	
      3380	0.00108613	
      3381	 0.0011178	
      3382	0.00115076	
      3383	0.00118509	
      3384	0.00122087	
      3385	0.00125818	
      3386	0.00129551	
      3387	0.00133447	
      3388	0.00137516	
      3389	 0.0014177	
      3390	0.00146222	
      3391	0.00150885	
      3392	0.00155775	
      3393	0.00160906	
      3394	0.00166299	
      3395	0.00171973	
      3396	0.00177725	
      3397	 0.0018379	
      3398	0.00190193	
      3399	0.00196967	
      3400	0.00204275	
      3401	0.00206309	
      3402	0.00208503	
      3403	0.00210729	
      3404	0.00212986	
      3405	0.00215137	
      3406	0.00216765	
      3407	0.00218273	
      3408	0.00219799	
      3409	0.00221343	
      3410	0.00223049	
      3411	0.00225066	
      3412	0.00227258	
      3413	0.00229481	
      3414	0.00231736	
      3415	0.00234022	
      3416	0.00236037	
      3417	0.00238079	
      3418	0.00240149	
      3419	0.00242248	
      3420	0.00244377	
      3421	0.00246535	
      3422	0.00248723	
      3423	0.00250943	
      3424	0.00253195	
      3425	0.00255479	
      3426	0.00257797	
      3427	0.00260149	
      3428	0.00262535	
      3429	0.00264958	
      3430	0.00267416	
      3431	0.00270268	
      3432	0.00273165	
      3433	0.00276109	
      3434	0.00279102	
      3435	0.00282143	
      3436	 0.0028486	
      3437	0.00287619	
      3438	0.00290424	
      3439	0.00293274	
      3440	0.00296171	
      3441	0.00299115	
      3442	0.00302109	
      3443	0.00305153	
      3444	 0.0030825	
      3445	0.00311399	
      3446	0.00314604	
      3447	0.00317864	
      3448	0.00321182	
      3449	 0.0032456	
      3450	0.00327999	
      3451	0.00331947	
      3452	 0.0033597	
      3453	0.00340071	
      3454	0.00344253	
      3455	0.00348517	
      3456	0.00352393	
      3457	0.00356345	
      3458	0.00360376	
      3459	0.00364488	
      3460	0.00368683	
      3461	 0.0037347	
      3462	 0.0037836	
      3463	0.00383356	
      3464	0.00388463	
      3465	0.00393683	
      3466	0.00398483	
      3467	0.00403391	
      3468	0.00408411	
      3469	0.00413547	
      3470	0.00418805	
      3471	0.00424188	
      3472	0.00429703	
      3473	0.00435355	
      3474	 0.0044115	
      3475	0.00447093	
      3476	0.00453193	
      3477	0.00459456	
      3478	 0.0046589	
      3479	0.00472504	
      3480	0.00479306	
      3481	0.00486979	
      3482	0.00494882	
      3483	0.00503029	
      3484	0.00511433	
      3485	 0.0052011	
      3486	0.00528346	
      3487	0.00536863	
      3488	0.00545681	
      3489	0.00554821	
      3490	0.00564305	
      3491	0.00574161	
      3492	0.00584419	
      3493	0.00595114	
      3494	0.00606286	
      3495	0.00617982	
      3496	0.00630258	
      3497	0.00643184	
      3498	0.00656842	
      3499	0.00671339	
      3500	0.00686815	
      3501	0.00687545	
      3502	0.00688278	
      3503	0.00689014	
      3504	0.00689752	
      3505	0.00690493	
      3506	0.00690264	
      3507	0.00690035	
      3508	0.00689807	
      3509	 0.0068958	
      3510	0.00689353	
      3511	0.00689128	
      3512	0.00688903	
      3513	0.00688679	
      3514	0.00688456	
      3515	0.00688234	
      3516	0.00688013	
      3517	0.00687793	
      3518	0.00687574	
      3519	0.00687356	
      3520	 0.0068714	
      3521	0.00687914	
      3522	0.00688691	
      3523	0.00689472	
      3524	0.00690256	
      3525	0.00691044	
      3526	 0.0069084	
      3527	0.00690638	
      3528	0.00690436	
      3529	0.00690237	
      3530	0.00690038	
      3531	0.00690843	
      3532	0.00691651	
      3533	0.00692463	
      3534	0.00693279	
      3535	0.00694099	
      3536	0.00693917	
      3537	0.00693736	
      3538	0.00693557	
      3539	0.00693379	
      3540	0.00693204	
      3541	0.00694044	
      3542	0.00694889	
      3543	0.00695738	
      3544	0.00696592	
      3545	0.00697451	
      3546	0.00697295	
      3547	0.00697141	
      3548	 0.0069699	
      3549	0.00696842	
      3550	0.00696697	
      3551	0.00696554	
      3552	0.00696414	
      3553	0.00696277	
      3554	0.00696143	
      3555	0.00696012	
      3556	0.00695885	
      3557	 0.0069576	
      3558	 0.0069564	
      3559	0.00695522	
      3560	0.00695409	
      3561	0.00696339	
      3562	0.00697275	
      3563	0.00698218	
      3564	0.00699169	
      3565	0.00700127	
      3566	0.00700046	
      3567	 0.0069997	
      3568	0.00699898	
      3569	0.00699832	
      3570	0.00699772	
      3571	0.00699716	
      3572	0.00699667	
      3573	0.00699624	
      3574	0.00699587	
      3575	0.00699557	
      3576	0.00699534	
      3577	0.00699518	
      3578	0.00699509	
      3579	0.00699509	
      3580	0.00699516	
      3581	0.00700602	
      3582	  0.007017	
      3583	0.00702812	
      3584	0.00703937	
      3585	0.00705076	
      3586	0.00705152	
      3587	0.00705239	
      3588	 0.0070534	
      3589	0.00705454	
      3590	0.00705582	
      3591	0.00705726	
      3592	0.00705886	
      3593	0.00706063	
      3594	0.00706259	
      3595	0.00706475	
      3596	0.00707811	
      3597	0.00709174	
      3598	0.00710567	
      3599	0.00711993	
      3600	0.00713455	
      3601	0.00712868	
      3602	0.00712281	
      3603	0.00711694	
      3604	0.00711106	
      3605	0.00710518	
      3606	0.00709929	
      3607	 0.0070934	
      3608	0.00708751	
      3609	0.00708161	
      3610	0.00707572	
      3611	0.00708096	
      3612	0.00708623	
      3613	 0.0070915	
      3614	0.00709679	
      3615	0.00710209	
      3616	0.00709621	
      3617	0.00709033	
      3618	0.00708445	
      3619	0.00707856	
      3620	0.00707268	
      3621	0.00707802	
      3622	0.00708338	
      3623	0.00708875	
      3624	0.00709414	
      3625	0.00709954	
      3626	0.00709368	
      3627	0.00708782	
      3628	0.00708195	
      3629	0.00707609	
      3630	0.00707022	
      3631	0.00707567	
      3632	0.00708114	
      3633	0.00708662	
      3634	0.00709212	
      3635	0.00709763	
      3636	 0.0070918	
      3637	0.00708596	
      3638	0.00708013	
      3639	0.00707429	
      3640	0.00706846	
      3641	0.00707403	
      3642	0.00707962	
      3643	0.00708523	
      3644	0.00709085	
      3645	 0.0070965	
      3646	0.00709071	
      3647	0.00708492	
      3648	0.00707913	
      3649	0.00707334	
      3650	0.00706755	
      3651	0.00706176	
      3652	0.00705597	
      3653	0.00705019	
      3654	0.00704441	
      3655	0.00703863	
      3656	 0.0070444	
      3657	0.00705019	
      3658	  0.007056	
      3659	0.00706184	
      3660	0.00706769	
      3661	0.00707358	
      3662	0.00707948	
      3663	0.00708541	
      3664	0.00709136	
      3665	0.00709734	
      3666	0.00708005	
      3667	0.00706275	
      3668	0.00704543	
      3669	 0.0070281	
      3670	 0.0070166	
      3671	 0.0070168	
      3672	0.00702286	
      3673	0.00702895	
      3674	0.00703507	
      3675	0.00704122	
      3676	0.00703566	
      3677	 0.0070301	
      3678	0.00702456	
      3679	0.00701902	
      3680	 0.0070135	
      3681	  0.007008	
      3682	 0.0070025	
      3683	0.00699703	
      3684	0.00699156	
      3685	0.00698612	
      3686	0.00699254	
      3687	  0.006999	
      3688	0.00700551	
      3689	0.00701205	
      3690	0.00701864	
      3691	0.00701337	
      3692	0.00700813	
      3693	0.00700291	
      3694	0.00699772	
      3695	0.00699256	
      3696	0.00698743	
      3697	0.00698233	
      3698	0.00697727	
      3699	0.00697224	
      3700	0.00696726	
      3701	0.00697375	
      3702	0.00698027	
      3703	0.00698681	
      3704	0.00699337	
      3705	0.00699996	
      3706	 0.0069945	
      3707	0.00698903	
      3708	0.00698357	
      3709	 0.0069781	
      3710	0.00697264	
      3711	0.00697932	
      3712	0.00698602	
      3713	0.00699275	
      3714	 0.0069995	
      3715	0.00700628	
      3716	0.00700089	
      3717	0.00699549	
      3718	 0.0069901	
      3719	0.00698471	
      3720	0.00697932	
      3721	0.00698619	
      3722	0.00699309	
      3723	0.00700001	
      3724	0.00700696	
      3725	0.00701394	
      3726	0.00700862	
      3727	 0.0070033	
      3728	0.00699799	
      3729	0.00699268	
      3730	0.00698737	
      3731	0.00699444	
      3732	0.00700154	
      3733	0.00700867	
      3734	0.00701582	
      3735	0.00702301	
      3736	0.00700533	
      3737	0.00698763	
      3738	0.00696991	
      3739	0.00695216	
      3740	0.00694064	
      3741	0.00694162	
      3742	0.00694887	
      3743	0.00695615	
      3744	0.00696345	
      3745	0.00697079	
      3746	0.00696558	
      3747	0.00696038	
      3748	0.00695518	
      3749	0.00694998	
      3750	0.00694478	
      3751	0.00695223	
      3752	0.00695971	
      3753	0.00696722	
      3754	0.00697476	
      3755	0.00698233	
      3756	0.00697722	
      3757	0.00697212	
      3758	0.00696702	
      3759	0.00696193	
      3760	0.00695684	
      3761	0.00696453	
      3762	0.00697225	
      3763	0.00698001	
      3764	 0.0069878	
      3765	0.00699562	
      3766	0.00700348	
      3767	0.00701137	
      3768	 0.0070193	
      3769	0.00702726	
      3770	0.00703525	
      3771	0.00703036	
      3772	0.00702547	
      3773	0.00702059	
      3774	0.00701572	
      3775	0.00701085	
      3776	0.00700598	
      3777	0.00700113	
      3778	0.00699628	
      3779	0.00699143	
      3780	 0.0069866	
      3781	0.00699484	
      3782	0.00700312	
      3783	0.00701145	
      3784	0.00701981	
      3785	0.00702821	
      3786	0.00702349	
      3787	0.00701879	
      3788	0.00701409	
      3789	0.00700941	
      3790	0.00700473	
      3791	0.00701329	
      3792	 0.0070219	
      3793	0.00703054	
      3794	0.00703923	
      3795	0.00704797	
      3796	0.00704343	
      3797	 0.0070389	
      3798	0.00703438	
      3799	0.00702988	
      3800	0.00702539	
      3801	 0.0069682	
      3802	0.00692397	
      3803	 0.0068872	
      3804	0.00685546	
      3805	0.00682739	
      3806	0.00678923	
      3807	0.00675344	
      3808	0.00671963	
      3809	0.00668751	
      3810	0.00665683	
      3811	 0.0066402	
      3812	0.00662463	
      3813	0.00661001	
      3814	0.00659626	
      3815	0.00658329	
      3816	0.00655839	
      3817	0.00653421	
      3818	0.00651067	
      3819	0.00648774	
      3820	0.00646538	
      3821	0.00645608	
      3822	0.00644724	
      3823	0.00643885	
      3824	0.00643087	
      3825	0.00642328	
      3826	0.00641607	
      3827	0.00640921	
      3828	 0.0064027	
      3829	0.00639652	
      3830	0.00639066	
      3831	 0.0063727	
      3832	0.00635506	
      3833	0.00633773	
      3834	0.00632068	
      3835	0.00630392	
      3836	0.00629979	
      3837	0.00629591	
      3838	0.00629227	
      3839	0.00628888	
      3840	0.00628571	
      3841	0.00627046	
      3842	0.00625544	
      3843	0.00624066	
      3844	 0.0062261	
      3845	0.00621176	
      3846	0.00620994	
      3847	0.00620832	
      3848	 0.0062069	
      3849	0.00620569	
      3850	0.00620468	
      3851	0.00619158	
      3852	0.00617869	
      3853	0.00616599	
      3854	0.00615349	
      3855	0.00614118	
      3856	0.00613521	
      3857	0.00612943	
      3858	0.00611769	
      3859	 0.0061123	
      3860	0.00610709	
      3861	0.00610207	
      3862	 0.0061034	
      3863	0.00609877	
      3864	0.00610049	
      3865	0.00609625	
      3866	0.00608605	
      3867	0.00608221	
      3868	0.00607241	
      3869	0.00606897	
      3870	0.00605956	
      3871	 0.0060627	
      3872	0.00606605	
      3873	0.00606962	
      3874	0.00607342	
      3875	0.00607745	
      3876	0.00606935	
      3877	0.00606766	
      3878	0.00606001	
      3879	 0.0060588	
      3880	0.00605164	
      3881	0.00605093	
      3882	 0.0060505	
      3883	0.00605034	
      3884	0.00605046	
      3885	0.00605089	
      3886	0.00605787	
      3887	0.00606519	
      3888	0.00607912	
      3889	0.00608717	
      3890	0.00609561	
      3891	0.00609189	
      3892	0.00608857	
      3893	0.00609197	
      3894	0.00608953	
      3895	0.00608756	
      3896	0.00609879	
      3897	0.00610427	
      3898	0.00611674	
      3899	0.00612355	
      3900	 0.0061375	
      3901	0.00614958	
      3902	0.00616172	
      3903	0.00616752	
      3904	 0.0061798	
      3905	0.00619217	
      3906	0.00619814	
      3907	0.00619769	
      3908	0.00620376	
      3909	0.00620338	
      3910	0.00620955	
      3911	0.00622231	
      3912	0.00622861	
      3913	0.00624153	
      3914	0.00624797	
      3915	0.00626106	
      3916	0.00626103	
      3917	0.00626104	
      3918	0.00626772	
      3919	0.00626782	
      3920	0.00626796	
      3921	0.00628149	
      3922	0.00629512	
      3923	0.00630215	
      3924	0.00631597	
      3925	 0.0063299	
      3926	0.00633043	
      3927	0.00633778	
      3928	0.00633843	
      3929	0.00634593	
      3930	 0.0063467	
      3931	0.00636118	
      3932	0.00636893	
      3933	0.00638363	
      3934	0.00639158	
      3935	0.00640652	
      3936	0.00641468	
      3937	0.00641601	
      3938	0.00642435	
      3939	0.00642584	
      3940	0.00643437	
      3941	0.00644301	
      3942	0.00645877	
      3943	0.00646765	
      3944	0.00648369	
      3945	0.00649283	
      3946	0.00649501	
      3947	0.00649728	
      3948	0.00650676	
      3949	0.00650924	
      3950	0.00651183	
      3951	0.00652168	
      3952	0.00653886	
      3953	0.00654902	
      3954	0.00656656	
      3955	0.00657706	
      3956	0.00658772	
      3957	0.00659854	
      3958	0.00660224	
      3959	 0.0066134	
      3960	0.00662474	
      3961	0.00664364	
      3962	0.00666279	
      3963	0.00667477	
      3964	0.00669439	
      3965	0.00671429	
      3966	 0.0067195	
      3967	0.00673241	
      3968	0.00673805	
      3969	0.00675144	
      3970	0.00675754	
      3971	0.00677905	
      3972	0.00679328	
      3973	0.00681547	
      3974	0.00683036	
      3975	0.00685328	
      3976	0.00686888	
      3977	0.00687712	
      3978	0.00689346	
      3979	0.00690242	
      3980	0.00691958	
      3981	0.00693721	
      3982	0.00695532	
      3983	0.00698187	
      3984	 0.0070011	
      3985	0.00702091	
      3986	0.00704938	
      3987	0.00707055	
      3988	0.00710055	
      3989	0.00712331	
      3990	 0.0071551	
      3991	0.00717155	
      3992	0.00719722	
      3993	0.00721581	
      3994	0.00724395	
      3995	0.00726523	
      3996	0.00730494	
      3997	0.00733829	
      3998	0.00738252	
      3999	0.00742121	
      4000	0.00747217	
