280	2.69657e-09
281	5.46819e-09
282	1.02031e-08
283	1.34671e-08
284	1.33897e-08
285	9.36353e-09
286	1.29866e-08
287	2.01175e-08
288	1.99605e-08
289	2.65109e-08
290	3.96477e-08
291	4.69356e-08
292	4.65946e-08
293	4.74959e-08
294	5.03093e-08
295	5.36485e-08
296	5.96894e-08
297	5.72807e-08
298	6.23566e-08
299	6.1737e-08
300	6.33684e-08
301	2.16323e-07
302	7.61939e-07
303	3.29958e-06
304	1.19561e-05
305	4.10543e-05
306	6.39898e-05
307	0.00011315
308	0.000203202
309	0.000308796
310	0.000503208
311	0.000944379
312	0.00130459
313	0.00182783
314	0.00264216
315	0.00354771
316	0.00385335
317	0.00544289
318	0.00644145
319	0.00734223
320	0.00954592
321	0.0108233
322	0.0116973
323	0.0124218
324	0.0155845
325	0.0202881
326	0.025915
327	0.0288383
328	0.0301056
329	0.0345218
330	0.040651
331	0.0395454
332	0.0411599
333	0.0421616
334	0.0443747
335	0.0485438
336	0.045481
337	0.0441468
338	0.0506461
339	0.0555271
340	0.0614907
341	0.0607915
342	0.0634091
343	0.0674574
344	0.0597296
345	0.0637065
346	0.0692803
347	0.071737
348	0.0718164
349	0.0726804
350	0.0823065
351	0.0881245
352	0.0843146
353	0.0879212
354	0.101908
355	0.105463
356	0.0985448
357	0.0856583
358	0.0793782
359	0.0894935
360	0.111749
361	0.103303
362	0.107062
363	0.119188
364	0.122084
365	0.13119
366	0.152005
367	0.154274
368	0.147134
369	0.153649
370	0.163909
371	0.157856
372	0.155523
373	0.141913
374	0.131346
375	0.142884
376	0.161781
377	0.177381
378	0.208594
379	0.190342
380	0.181528
381	0.193446
382	0.156225
383	0.124001
384	0.14003
385	0.178007
386	0.175087
387	0.18176
388	0.180472
389	0.197812
390	0.228653
391	0.246632
392	0.230853
393	0.149961
394	0.15577
395	0.242111
396	0.225581
397	0.158591
398	0.263383
399	0.337741
400	0.359854
401	0.377054
402	0.391582
403	0.387289
404	0.392557
405	0.389894
406	0.383881
407	0.38225
408	0.401354
409	0.419914
410	0.384855
411	0.417152
412	0.443618
413	0.435941
414	0.434598
415	0.451621
416	0.466651
417	0.461016
418	0.450524
419	0.459696
420	0.44335
421	0.484767
422	0.48876
423	0.479868
424	0.482271
425	0.495252
426	0.486905
427	0.476845
428	0.47671
429	0.441468
430	0.367522
431	0.361569
432	0.519511
433	0.516989
434	0.492333
435	0.532932
436	0.582407
437	0.591452
438	0.537821
439	0.527501
440	0.584378
441	0.59602
442	0.630465
443	0.645384
444	0.639893
445	0.653659
446	0.618157
447	0.673818
448	0.693488
449	0.699861
450	0.725959
451	0.748806
452	0.726083
453	0.689963
454	0.721778
455	0.729886
456	0.751267
457	0.762265
458	0.753409
459	0.749941
460	0.753849
461	0.776047
462	0.789413
463	0.792347
464	0.777925
465	0.770019
466	0.779942
467	0.763966
468	0.788092
469	0.795588
470	0.778199
471	0.792585
472	0.824679
473	0.810987
474	0.820995
475	0.844343
476	0.831857
477	0.841922
478	0.863459
479	0.856931
480	0.867598
481	0.87009
482	0.87201
483	0.864297
484	0.853241
485	0.831275
486	0.721618
487	0.774112
488	0.830278
489	0.814151
490	0.875803
491	0.859425
492	0.835116
493	0.870567
494	0.870545
495	0.905737
496	0.883829
497	0.888211
498	0.872765
499	0.872494
500	0.872172
501	0.854542
502	0.859129
503	0.886157
504	0.859593
505	0.901778
506	0.934305
507	0.90692
508	0.888679
509	0.916055
510	0.904706
511	0.91766
512	0.933022
513	0.893172
514	0.874491
515	0.896313
516	0.885242
517	0.775409
518	0.832615
519	0.836268
520	0.893918
521	0.91219
522	0.925627
523	0.895123
524	0.940326
525	0.943377
526	0.908329
527	0.836198
528	0.917879
529	0.962774
530	0.94717
531	0.982632
532	0.963539
533	0.892045
534	0.927517
535	0.952476
536	0.973118
537	0.928559
538	0.951689
539	0.93646
540	0.907897
541	0.889517
542	0.945151
543	0.946392
544	0.969233
545	0.955813
546	0.951889
547	0.957518
548	0.944557
549	0.961053
550	0.958288
551	0.96047
552	0.972942
553	0.955747
554	0.968835
555	0.97417
556	0.960742
557	0.94274
558	0.949943
559	0.920197
560	0.933187
561	0.968889
562	0.945523
563	0.965644
564	0.959761
565	0.955802
566	0.925776
567	0.966049
568	0.968544
569	0.956675
570	0.950647
571	0.929782
572	0.96878
573	0.979429
574	0.97401
575	0.957653
576	0.954462
577	0.966399
578	0.947671
579	0.953206
580	0.959456
581	0.962475
582	0.972107
583	0.977838
584	0.975041
585	0.968297
586	0.952306
587	0.968687
588	0.952015
589	0.878966
590	0.912595
591	0.954951
592	0.954168
593	0.95405
594	0.956433
595	0.956829
596	0.968003
597	0.973869
598	0.960836
599	0.957934
600	0.962546
601	0.952868
602	0.947982
603	0.964484
604	0.981887
605	0.982877
606	0.981939
607	0.984705
608	0.983585
609	0.978699
610	0.978169
611	0.978776
612	0.992247
613	0.981363
614	0.964609
615	0.98244
616	0.96625
617	0.96158
618	0.990479
619	1.00268
620	1.00759
621	1.0125
622	0.998898
623	0.998564
624	0.995219
625	0.984344
626	0.989145
627	1.01506
628	1.02222
629	1.02409
630	1.01758
631	1.00887
632	0.984782
633	1.01656
634	1.01233
635	1.01423
636	1.00298
637	1.02654
638	1.03622
639	1.02722
640	1.00957
641	1.00904
642	1.0132
643	1.02367
644	1.01996
645	1.0273
646	1.01403
647	1.02215
648	1.01754
649	0.993707
650	0.98897
651	1.02678
652	1.0269
653	1.03105
654	1.01982
655	0.975254
656	0.880031
657	0.908511
658	0.994372
659	1.01181
660	1.02521
661	1.03454
662	1.0373
663	1.03425
664	1.03284
665	1.04389
666	1.04163
667	1.03264
668	1.0215
669	1.02174
670	1.00228
671	0.992796
672	0.979481
673	0.978177
674	0.970112
675	0.963251
676	0.96789
677	0.958401
678	0.957898
679	0.947253
680	0.943922
681	0.942314
682	0.940036
683	0.93314
684	0.926355
685	0.921243
686	0.904443
687	0.919904
688	0.926778
689	0.926654
690	0.925021
691	0.923239
692	0.918323
693	0.926102
694	0.930026
695	0.925232
696	0.928517
697	0.931915
698	0.928108
699	0.935836
700	0.936358
701	0.935374
702	0.936221
703	0.947371
704	0.960631
705	0.971877
706	0.969181
707	0.970592
708	0.978378
709	0.985854
710	1.0107
711	0.957976
712	0.920893
713	0.895435
714	0.880689
715	0.854629
716	0.84907
717	0.838348
718	0.818702
719	0.790439
720	0.804477
721	0.805074
722	0.805016
723	0.798404
724	0.797807
725	0.796459
726	0.798864
727	0.805966
728	0.809574
729	0.795025
730	0.824592
731	0.826051
732	0.841346
733	0.846144
734	0.86945
735	0.877503
736	0.879919
737	0.892097
738	0.900436
739	0.900828
740	0.937588
741	0.935257
742	0.933884
743	0.95291
744	0.962824
745	0.960777
746	0.962543
747	0.964436
748	0.961797
749	0.963101
750	0.960904
751	0.963826
752	0.968373
753	0.97257
754	0.979411
755	0.979555
756	0.96914
757	0.969266
758	0.974131
759	0.96546
760	0.969292
761	0.965413
762	0.965382
763	0.921526
764	0.888806
765	0.854866
766	0.809607
767	0.795436
768	0.80041
769	0.799586
770	0.805606
771	0.813666
772	0.822182
773	0.831238
774	0.84095
775	0.851484
776	0.862202
777	0.869863
778	0.885173
779	0.908635
780	0.938296
781	0.936279
782	0.940332
783	0.933723
784	0.927228
785	0.9316
786	0.932119
787	0.930739
788	0.924516
789	0.922252
790	0.915137
791	0.907079
792	0.899053
793	0.891055
794	0.884058
795	0.883919
796	0.89161
797	0.903221
798	0.898245
799	0.889379
800	0.878574
801	0.86652
802	0.852311
803	0.830818
804	0.822178
805	0.801057
806	0.806059
807	0.796367
808	0.787221
809	0.771542
810	0.769363
811	0.765711
812	0.765719
813	0.76164
814	0.756068
815	0.746494
816	0.741319
817	0.734598
818	0.718211
819	0.70215
820	0.696964
821	0.695974
822	0.684632
823	0.687878
824	0.684865
825	0.694901
826	0.710568
827	0.722204
828	0.728912
829	0.736715
830	0.751348
831	0.769413
832	0.779063
833	0.76823
834	0.780704
835	0.78785
836	0.797149
837	0.797307
838	0.800614
839	0.80145
840	0.812476
841	0.813099
842	0.803054
843	0.80079
844	0.793665
845	0.811
846	0.812759
847	0.796881
848	0.795751
849	0.787756
850	0.739013
851	0.782554
852	0.787711
853	0.772543
854	0.712484
855	0.744732
856	0.793186
857	0.814671
858	0.820216
859	0.823488
860	0.823159
861	0.82289
862	0.829828
863	0.829149
864	0.815404
865	0.791769
866	0.725599
867	0.759805
868	0.7931
869	0.793543
870	0.802439
871	0.797216
872	0.803023
873	0.796657
874	0.783987
875	0.777099
876	0.792405
877	0.796868
878	0.793902
879	0.784211
880	0.781644
881	0.71626
882	0.703278
883	0.685218
884	0.67344
885	0.663988
886	0.637944
887	0.625
888	0.624343
889	0.618043
890	0.60853
891	0.598424
892	0.586599
893	0.572457
894	0.567489
895	0.563007
896	0.560028
897	0.551273
898	0.542953
899	0.532845
900	0.525685
901	0.512243
902	0.500526
903	0.513242
904	0.511069
905	0.504515
906	0.504192
907	0.509045
908	0.506261
909	0.503244
910	0.509905
911	0.51475
912	0.516512
913	0.524236
914	0.527486
915	0.52764
916	0.529753
917	0.527715
918	0.527307
919	0.528678
920	0.524925
921	0.517384
922	0.511103
923	0.500134
924	0.515022
925	0.518391
926	0.439375
927	0.400143
928	0.361454
929	0.329803
930	0.303614
931	0.283454
932	0.264384
933	0.2492
934	0.234031
935	0.218759
936	0.206107
937	0.195875
938	0.199159
939	0.200926
940	0.200108
941	0.199888
942	0.198401
943	0.205482
944	0.205723
945	0.208969
946	0.213123
947	0.215682
948	0.219121
949	0.227353
950	0.234622
951	0.241509
952	0.251367
953	0.260545
954	0.267226
955	0.268634
956	0.287825
957	0.304198
958	0.320982
959	0.338607
960	0.354112
961	0.372438
962	0.39634
963	0.422197
964	0.4521
965	0.497834
966	0.498192
967	0.504724
968	0.504827
969	0.509751
970	0.514897
971	0.515509
972	0.521587
973	0.522162
974	0.520553
975	0.527108
976	0.53588
977	0.537741
978	0.544703
979	0.545955
980	0.55524
981	0.559433
982	0.566338
983	0.568514
984	0.569565
985	0.574431
986	0.576837
987	0.581501
988	0.585196
989	0.586116
990	0.593588
991	0.60376
992	0.609852
993	0.619688
994	0.627873
995	0.625451
996	0.623757
997	0.617903
998	0.617245
999	0.617203
1000	0.618628
1001	0.621717
1002	0.621696
1003	0.61583
1004	0.606102
1005	0.579968
1006	0.598215
1007	0.610637
1008	0.613343
1009	0.611766
1010	0.612607
1011	0.610087
1012	0.608938
1013	0.60653
1014	0.607181
1015	0.600777
1016	0.601217
1017	0.598609
1018	0.602028
1019	0.591395
1020	0.59324
1021	0.594563
1022	0.589646
1023	0.593223
1024	0.595545
1025	0.595118
1026	0.595241
1027	0.594093
1028	0.594352
1029	0.590895
1030	0.591938
1031	0.59162
1032	0.590902
1033	0.584414
1034	0.586768
1035	0.589393
1036	0.589821
1037	0.58599
1038	0.584948
1039	0.588582
1040	0.587398
1041	0.587621
1042	0.587182
1043	0.583702
1044	0.584682
1045	0.58065
1046	0.570404
1047	0.576505
1048	0.581405
1049	0.579767
1050	0.577038
1051	0.576924
1052	0.57441
1053	0.573205
1054	0.572216
1055	0.573846
1056	0.572856
1057	0.57143
1058	0.565417
1059	0.554378
1060	0.562662
1061	0.556975
1062	0.562972
1063	0.558917
1064	0.563709
1065	0.562608
1066	0.553845
1067	0.555147
1068	0.552503
1069	0.532034
1070	0.54274
1071	0.528145
1072	0.51897
1073	0.504752
1074	0.503385
1075	0.491801
1076	0.489349
1077	0.484757
1078	0.47955
1079	0.469113
1080	0.468766
1081	0.456648
1082	0.449582
1083	0.450214
1084	0.45029
1085	0.446973
1086	0.443779
1087	0.429256
1088	0.433127
1089	0.432563
1090	0.427896
1091	0.426139
1092	0.417883
1093	0.409325
1094	0.392511
1095	0.399374
1096	0.401144
1097	0.401567
1098	0.39752
1099	0.39421
1100	0.400847
1101	0.326804
1102	0.276522
1103	0.24747
1104	0.221944
1105	0.200521
1106	0.182678
1107	0.167003
1108	0.154241
1109	0.142887
1110	0.132975
1111	0.123487
1112	0.115326
1113	0.107607
1114	0.101769
1115	0.0955651
1116	0.0894463
1117	0.0850542
1118	0.0794665
1119	0.0750551
1120	0.0709592
1121	0.0743505
1122	0.077998
1123	0.0814656
1124	0.0850517
1125	0.0883743
1126	0.0906918
1127	0.0961026
1128	0.101991
1129	0.107352
1130	0.112604
1131	0.11273
1132	0.112509
1133	0.110984
1134	0.110524
1135	0.110187
1136	0.109758
1137	0.107315
1138	0.105663
1139	0.106455
1140	0.106402
1141	0.104507
1142	0.105413
1143	0.104483
1144	0.103394
1145	0.103704
1146	0.1094
1147	0.114794
1148	0.119906
1149	0.125654
1150	0.131978
1151	0.138991
1152	0.146433
1153	0.155515
1154	0.166266
1155	0.177152
1156	0.187894
1157	0.202629
1158	0.218345
1159	0.234385
1160	0.253888
1161	0.278726
1162	0.28851
1163	0.295217
1164	0.296878
1165	0.303874
1166	0.304877
1167	0.31348
1168	0.320643
1169	0.32015
1170	0.331823
1171	0.335129
1172	0.336331
1173	0.335881
1174	0.336707
1175	0.333137
1176	0.330512
1177	0.337019
1178	0.336433
1179	0.336999
1180	0.341429
1181	0.341461
1182	0.339764
1183	0.328677
1184	0.339701
1185	0.345639
1186	0.347184
1187	0.348331
1188	0.345249
1189	0.335055
1190	0.346511
1191	0.354127
1192	0.355507
1193	0.356656
1194	0.358013
1195	0.35729
1196	0.358534
1197	0.357941
1198	0.352177
1199	0.345827
1200	0.36093
1201	0.365993
1202	0.36514
1203	0.354854
1204	0.35413
1205	0.362216
1206	0.362519
1207	0.362802
1208	0.355327
1209	0.344144
1210	0.355608
1211	0.352617
1212	0.358817
1213	0.360946
1214	0.360276
1215	0.361299
1216	0.361624
1217	0.361714
1218	0.36109
1219	0.359851
1220	0.361545
1221	0.362065
1222	0.361502
1223	0.360223
1224	0.364092
1225	0.364329
1226	0.364819
1227	0.360002
1228	0.364057
1229	0.367728
1230	0.368408
1231	0.368889
1232	0.36792
1233	0.370401
1234	0.371286
1235	0.371964
1236	0.376013
1237	0.378654
1238	0.381076
1239	0.382447
1240	0.390072
1241	0.390099
1242	0.3868
1243	0.381441
1244	0.378083
1245	0.377196
1246	0.377515
1247	0.376038
1248	0.376254
1249	0.374475
1250	0.372137
1251	0.36854
1252	0.364788
1253	0.364405
1254	0.363353
1255	0.361524
1256	0.359434
1257	0.356687
1258	0.356243
1259	0.353848
1260	0.353645
1261	0.351694
1262	0.347615
1263	0.348448
1264	0.344621
1265	0.344022
1266	0.344312
1267	0.339399
1268	0.336546
1269	0.337936
1270	0.33876
1271	0.339433
1272	0.338781
1273	0.33891
1274	0.338215
1275	0.340634
1276	0.342495
1277	0.343585
1278	0.34389
1279	0.343018
1280	0.341154
1281	0.33058
1282	0.306523
1283	0.326385
1284	0.340964
1285	0.345673
1286	0.348197
1287	0.350979
1288	0.352166
1289	0.354878
1290	0.353826
1291	0.346697
1292	0.341644
1293	0.33613
1294	0.32805
1295	0.325482
1296	0.322661
1297	0.317538
1298	0.312482
1299	0.311492
1300	0.308133
1301	0.304649
1302	0.299932
1303	0.29618
1304	0.293271
1305	0.29333
1306	0.291845
1307	0.289995
1308	0.287776
1309	0.28589
1310	0.283211
1311	0.280773
1312	0.276693
1313	0.269951
1314	0.272876
1315	0.267249
1316	0.266796
1317	0.268934
1318	0.266011
1319	0.267465
1320	0.265867
1321	0.21218
1322	0.180586
1323	0.157959
1324	0.140344
1325	0.125802
1326	0.113416
1327	0.10285
1328	0.0942451
1329	0.0851548
1330	0.0792913
1331	0.0738785
1332	0.0677656
1333	0.0640023
1334	0.0599578
1335	0.055975
1336	0.0521154
1337	0.0489858
1338	0.0458753
1339	0.0427675
1340	0.0402534
1341	0.0386062
1342	0.036486
1343	0.0345426
1344	0.0327576
1345	0.031054
1346	0.0292907
1347	0.0279183
1348	0.0265254
1349	0.0251632
1350	0.0237445
1351	0.0209337
1352	0.0186277
1353	0.0165219
1354	0.014669
1355	0.0129881
1356	0.0116365
1357	0.0103873
1358	0.00946542
1359	0.00854651
1360	0.00769192
1361	0.00704399
1362	0.00639117
1363	0.00575002
1364	0.00528946
1365	0.00483545
1366	0.00442098
1367	0.0040271
1368	0.00371524
1369	0.00337215
1370	0.00309739
1371	0.00285934
1372	0.00266091
1373	0.0024618
1374	0.00227211
1375	0.00207518
1376	0.00190952
1377	0.00178357
1378	0.00165629
1379	0.00154641
1380	0.00143096
1381	0.00133073
1382	0.00122719
1383	0.00114497
1384	0.00107126
1385	0.00099315
1386	0.000930826
1387	0.000864052
1388	0.0008106
1389	0.000758739
1390	0.000701321
1391	0.000662427
1392	0.000621563
1393	0.000580024
1394	0.000541535
1395	0.000508228
1396	0.000539166
1397	0.000571959
1398	0.000608004
1399	0.000642272
1400	0.000667667
1401	0.000708847
1402	0.000761683
1403	0.00080593
1404	0.000859265
1405	0.000915435
1406	0.000980597
1407	0.00104535
1408	0.00111478
1409	0.00119405
1410	0.00127477
1411	0.00135442
1412	0.00142393
1413	0.00153861
1414	0.00166944
1415	0.00179543
1416	0.00192404
1417	0.00207997
1418	0.00224479
1419	0.00239995
1420	0.00258471
1421	0.00280452
1422	0.00299091
1423	0.00323075
1424	0.00350335
1425	0.00383291
1426	0.00408864
1427	0.00448266
1428	0.00491795
1429	0.00529374
1430	0.00578025
1431	0.00636921
1432	0.00711239
1433	0.0078316
1434	0.00852804
1435	0.00945126
1436	0.0104891
1437	0.0116771
1438	0.012979
1439	0.0145178
1440	0.0157426
1441	0.0177936
1442	0.0201464
1443	0.022029
1444	0.0230392
1445	0.0240616
1446	0.0252041
1447	0.0261901
1448	0.027522
1449	0.0287276
1450	0.0298656
1451	0.0309606
1452	0.0324153
1453	0.0340612
1454	0.0355955
1455	0.0372636
1456	0.0390329
1457	0.0413447
1458	0.0440713
1459	0.0466621
1460	0.0489868
1461	0.051626
1462	0.0543004
1463	0.0556407
1464	0.0557229
1465	0.0561908
1466	0.0557772
1467	0.0564045
1468	0.055992
1469	0.056417
1470	0.0561415
1471	0.0553672
1472	0.0555465
1473	0.0554325
1474	0.054386
1475	0.055069
1476	0.0553663
1477	0.0552788
1478	0.0573493
1479	0.0600854
1480	0.0626682
1481	0.0647506
1482	0.0677126
1483	0.0696629
1484	0.0734337
1485	0.0775934
1486	0.0805571
1487	0.0827372
1488	0.0804082
1489	0.0912635
1490	0.0981962
1491	0.104005
1492	0.109401
1493	0.117334
1494	0.125431
1495	0.133654
1496	0.140914
1497	0.155109
1498	0.15817
1499	0.159313
1500	0.163712
1501	0.1659
1502	0.16509
1503	0.15643
1504	0.162084
1505	0.161402
1506	0.169784
1507	0.177958
1508	0.17989
1509	0.182427
1510	0.188671
1511	0.192464
1512	0.19343
1513	0.196543
1514	0.200328
1515	0.20678
1516	0.212068
1517	0.217863
1518	0.227884
1519	0.2356
1520	0.251931
1521	0.247651
1522	0.246813
1523	0.249629
1524	0.25016
1525	0.246761
1526	0.251208
1527	0.250612
1528	0.251695
1529	0.24916
1530	0.240437
1531	0.249716
1532	0.251612
1533	0.249538
1534	0.246732
1535	0.249133
1536	0.252202
1537	0.252483
1538	0.248686
1539	0.251643
1540	0.243951
1541	0.243945
1542	0.244134
1543	0.24318
1544	0.243358
1545	0.242964
1546	0.241019
1547	0.2372
1548	0.23206
1549	0.233989
1550	0.231968
1551	0.231812
1552	0.232749
1553	0.229781
1554	0.225151
1555	0.224687
1556	0.222459
1557	0.225604
1558	0.224453
1559	0.2244
1560	0.223505
1561	0.22662
1562	0.226271
1563	0.225506
1564	0.223787
1565	0.226002
1566	0.224516
1567	0.224843
1568	0.223256
1569	0.225105
1570	0.225359
1571	0.229622
1572	0.230464
1573	0.228406
1574	0.226346
1575	0.218521
1576	0.223578
1577	0.212787
1578	0.224743
1579	0.230239
1580	0.231992
1581	0.231434
1582	0.224528
1583	0.225301
1584	0.22378
1585	0.227952
1586	0.225676
1587	0.222525
1588	0.216772
1589	0.205355
1590	0.20965
1591	0.211216
1592	0.219304
1593	0.223131
1594	0.222079
1595	0.221269
1596	0.213034
1597	0.214522
1598	0.218374
1599	0.215151
1600	0.215156
1601	0.210363
1602	0.211669
1603	0.211811
1604	0.211739
1605	0.209564
1606	0.208662
1607	0.207565
1608	0.210051
1609	0.207914
1610	0.19822
1611	0.20216
1612	0.204133
1613	0.207715
1614	0.207612
1615	0.206783
1616	0.200191
1617	0.203018
1618	0.209116
1619	0.208584
1620	0.203954
1621	0.204227
1622	0.207595
1623	0.212146
1624	0.213152
1625	0.211242
1626	0.213882
1627	0.215676
1628	0.217937
1629	0.219606
1630	0.220313
1631	0.221109
1632	0.220872
1633	0.218317
1634	0.216241
1635	0.218551
1636	0.21775
1637	0.210721
1638	0.208896
1639	0.205803
1640	0.207666
1641	0.206654
1642	0.206916
1643	0.209934
1644	0.208238
1645	0.207585
1646	0.210143
1647	0.210534
1648	0.209899
1649	0.20685
1650	0.208508
1651	0.206615
1652	0.208517
1653	0.207088
1654	0.207727
1655	0.206074
1656	0.207056
1657	0.207132
1658	0.206054
1659	0.204071
1660	0.205179
1661	0.20594
1662	0.205218
1663	0.204388
1664	0.204008
1665	0.202376
1666	0.200864
1667	0.200837
1668	0.198404
1669	0.199753
1670	0.202594
1671	0.201309
1672	0.195461
1673	0.1975
1674	0.19965
1675	0.197575
1676	0.195391
1677	0.19652
1678	0.197074
1679	0.193213
1680	0.186276
1681	0.179834
1682	0.182261
1683	0.186511
1684	0.188652
1685	0.188709
1686	0.186361
1687	0.186152
1688	0.185411
1689	0.182937
1690	0.182567
1691	0.184729
1692	0.184611
1693	0.183523
1694	0.182989
1695	0.182476
1696	0.181317
1697	0.180181
1698	0.179591
1699	0.178254
1700	0.175868
1701	0.175199
1702	0.174827
1703	0.17425
1704	0.173637
1705	0.172972
1706	0.171882
1707	0.170733
1708	0.169592
1709	0.168458
1710	0.1675
1711	0.167556
1712	0.167783
1713	0.168012
1714	0.168243
1715	0.168335
1716	0.167546
1717	0.166622
1718	0.165702
1719	0.164788
1720	0.163945
1721	0.163471
1722	0.163066
1723	0.162665
1724	0.162266
1725	0.161813
1726	0.160986
1727	0.160106
1728	0.15923
1729	0.158358
1730	0.157351
1731	0.155484
1732	0.153486
1733	0.151495
1734	0.14951
1735	0.147921
1736	0.148636
1737	0.149739
1738	0.150841
1739	0.15194
1740	0.152797
1741	0.134635
1742	0.122673
1743	0.113467
1744	0.105902
1745	0.0994991
1746	0.0941377
1747	0.0894265
1748	0.085201
1749	0.0813739
1750	0.0778932
1751	0.0747521
1752	0.0718626
1753	0.0691813
1754	0.0666833
1755	0.0643235
1756	0.0619562
1757	0.0597084
1758	0.0575909
1759	0.0555918
1760	0.0537155
1761	0.0520234
1762	0.0504303
1763	0.0489151
1764	0.0474719
1765	0.0460954
1766	0.044781
1767	0.0435244
1768	0.0423219
1769	0.0411699
1770	0.0400497
1771	0.0388751
1772	0.0377332
1773	0.0366369
1774	0.0355837
1775	0.0345907
1776	0.0337503
1777	0.0329587
1778	0.0321948
1779	0.0314573
1780	0.0307359
1781	0.0299875
1782	0.029256
1783	0.028549
1784	0.0278652
1785	0.0272116
1786	0.0266247
1787	0.0260634
1788	0.0255191
1789	0.0249911
1790	0.0244687
1791	0.0238983
1792	0.0233357
1793	0.02279
1794	0.0222606
1795	0.0217468
1796	0.021248
1797	0.0207636
1798	0.0202931
1799	0.019836
1800	0.0194033
1801	0.0171242
1802	0.015206
1803	0.0135681
1804	0.0121582
1805	0.0109349
1806	0.00985888
1807	0.00891504
1808	0.00808417
1809	0.00734955
1810	0.0066836
1811	0.00601523
1812	0.00541189
1813	0.00487683
1814	0.00440108
1815	0.00398937
1816	0.00368813
1817	0.00342506
1818	0.00318503
1819	0.00296558
1820	0.0027637
1821	0.00257371
1822	0.00239869
1823	0.00223793
1824	0.00209006
1825	0.0019518
1826	0.00181254
1827	0.00168292
1828	0.00156389
1829	0.00145444
1830	0.00135437
1831	0.00126564
1832	0.00118419
1833	0.00110878
1834	0.00103887
1835	0.000973902
1836	0.000912654
1837	0.000855677
1838	0.000802736
1839	0.000753506
1840	0.000707602
1841	0.000664172
1842	0.000623651
1843	0.000585898
1844	0.000550701
1845	0.000518135
1846	0.000489129
1847	0.000462204
1848	0.000436959
1849	0.000413276
1850	0.000390917
1851	0.000369197
1852	0.000348711
1853	0.000329492
1854	0.000311451
1855	0.000294509
1856	0.000278591
1857	0.000263627
1858	0.000249555
1859	0.000236314
1860	0.000223852
1861	0.000229947
1862	0.000236233
1863	0.000242717
1864	0.000249405
1865	0.000256359
1866	0.000263787
1867	0.000271518
1868	0.000279508
1869	0.000287769
1870	0.00029566
1871	0.0002997
1872	0.000303052
1873	0.00030636
1874	0.000309616
1875	0.000314542
1876	0.000330126
1877	0.000348273
1878	0.000367295
1879	0.000387235
1880	0.000407028
1881	0.000420878
1882	0.000434079
1883	0.000447759
1884	0.00046194
1885	0.00047625
1886	0.000488513
1887	0.000500725
1888	0.000513288
1889	0.000526215
1890	0.000539904
1891	0.000556398
1892	0.0005739
1893	0.000592051
1894	0.000610878
1895	0.000630868
1896	0.000654466
1897	0.00067956
1898	0.000705743
1899	0.00073307
1900	0.000761217
1901	0.000788006
1902	0.000815493
1903	0.000844112
1904	0.000873918
1905	0.000904838
1906	0.000935975
1907	0.000968252
1908	0.00100186
1909	0.00103687
1910	0.00107358
1911	0.001113
1912	0.00115439
1913	0.00119763
1914	0.0012428
1915	0.00129001
1916	0.00133937
1917	0.00139101
1918	0.00144503
1919	0.00150159
1920	0.00156082
1921	0.00149809
1922	0.00150481
1923	0.0015262
1924	0.00155616
1925	0.00159189
1926	0.00162927
1927	0.00167063
1928	0.0017163
1929	0.00176616
1930	0.00182162
1931	0.0018901
1932	0.00196528
1933	0.00204605
1934	0.00213275
1935	0.00222462
1936	0.00231511
1937	0.0024108
1938	0.00251337
1939	0.00262338
1940	0.00273723
1941	0.00283286
1942	0.00293023
1943	0.00303403
1944	0.00314481
1945	0.00327405
1946	0.00348174
1947	0.00372003
1948	0.00398036
1949	0.00426539
1950	0.00457459
1951	0.00489151
1952	0.00523628
1953	0.0056169
1954	0.00603856
1955	0.00650242
1956	0.00698747
1957	0.00752447
1958	0.00812863
1959	0.00881265
1960	0.00959125
1961	0.0100732
1962	0.0105876
1963	0.0111396
1964	0.0117329
1965	0.012382
1966	0.0131472
1967	0.0139897
1968	0.0149076
1969	0.0159105
1970	0.0170001
1971	0.0181304
1972	0.019364
1973	0.0207278
1974	0.0222428
1975	0.0239353
1976	0.0258383
1977	0.0279942
1978	0.0304587
1979	0.033307
1980	0.0366534
1981	0.0406919
1982	0.0456374
1983	0.0518915
1984	0.0602506
1985	0.0727392
1986	0.0582509
1987	0.0507639
1988	0.0454697
1989	0.041357
1990	0.0379701
1991	0.0349453
1992	0.032319
1993	0.0300277
1994	0.028005
1995	0.0262204
1996	0.0247104
1997	0.02336
1998	0.0221311
1999	0.0210071
2000	0.0199661
2001	0.0189578
2002	0.0180183
2003	0.0171477
2004	0.0163388
2005	0.0155921
2006	0.0161265
2007	0.0166949
2008	0.0172928
2009	0.0179222
2010	0.0185824
2011	0.0192522
2012	0.0199561
2013	0.0207003
2014	0.0214885
2015	0.0223208
2016	0.0231726
2017	0.0240748
2018	0.025037
2019	0.0260656
2020	0.0271804
2021	0.0284557
2022	0.0298466
2023	0.0313553
2024	0.0329987
2025	0.0347824
2026	0.0366481
2027	0.0386988
2028	0.040992
2029	0.0435849
2030	0.0465717
2031	0.0501289
2032	0.0544216
2033	0.0598206
2034	0.0672316
2035	0.0808985
2036	0.0797748
2037	0.0787291
2038	0.0777561
2039	0.0768426
2040	0.0760355
2041	0.0755804
2042	0.0752134
2043	0.0748738
2044	0.0745585
2045	0.0742167
2046	0.0735806
2047	0.0729186
2048	0.0722771
2049	0.0716546
2050	0.0710697
2051	0.0705946
2052	0.070154
2053	0.0697268
2054	0.0693124
2055	0.0688971
2056	0.0683889
2057	0.0678796
2058	0.067382
2059	0.0668955
2060	0.0664392
2061	0.0660832
2062	0.065756
2063	0.0654381
2064	0.0651293
2065	0.0648295
2066	0.0650435
2067	0.0652619
2068	0.0654849
2069	0.0657126
2070	0.065965
2071	0.0663147
2072	0.066691
2073	0.0670746
2074	0.0674658
2075	0.0678382
2076	0.0680429
2077	0.0682269
2078	0.0684173
2079	0.0686146
2080	0.0688331
2081	0.0691295
2082	0.0694496
2083	0.0697801
2084	0.070122
2085	0.0704833
2086	0.0708724
2087	0.0712836
2088	0.071711
2089	0.0721564
2090	0.0726067
2091	0.0730038
2092	0.073409
2093	0.0738406
2094	0.0743026
2095	0.0748315
2096	0.0756083
2097	0.0764743
2098	0.0774127
2099	0.0784453
2100	0.0796
2101	0.0796088
2102	0.07961
2103	0.0796119
2104	0.0796144
2105	0.0796011
2106	0.0794887
2107	0.0793601
2108	0.0792322
2109	0.0791048
2110	0.0789864
2111	0.0789356
2112	0.0788939
2113	0.0788531
2114	0.0788132
2115	0.0787742
2116	0.0787195
2117	0.0786659
2118	0.0786133
2119	0.0785618
2120	0.0785116
2121	0.0784457
2122	0.0783812
2123	0.078318
2124	0.0782564
2125	0.0782218
2126	0.0783248
2127	0.0784555
2128	0.0785887
2129	0.0787245
2130	0.078829
2131	0.0787485
2132	0.0786363
2133	0.0785271
2134	0.078421
2135	0.0783442
2136	0.0784436
2137	0.0785741
2138	0.0787104
2139	0.0788535
2140	0.0789784
2141	0.078956
2142	0.0789177
2143	0.078892
2144	0.0788823
2145	0.0789203
2146	0.0791119
2147	0.0793777
2148	0.0797284
2149	0.0796797
2150	0.0796221
2151	0.0794759
2152	0.079321
2153	0.0791661
2154	0.0790114
2155	0.0788567
2156	0.0786667
2157	0.0784768
2158	0.0782871
2159	0.0780974
2160	0.0778015
2161	0.07685
2162	0.0757925
2163	0.0747354
2164	0.0736786
2165	0.072826
2166	0.0732133
2167	0.0738042
2168	0.074395
2169	0.0749857
2170	0.0755143
2171	0.0756357
2172	0.0756952
2173	0.0757548
2174	0.0758144
2175	0.0758387
2176	0.0756508
2177	0.0754276
2178	0.0752046
2179	0.0749817
2180	0.0747854
2181	0.0747659
2182	0.0747729
2183	0.07478
2184	0.0747872
2185	0.0747591
2186	0.0745015
2187	0.0742086
2188	0.0739159
2189	0.0736234
2190	0.0733751
2191	0.0733915
2192	0.0734522
2193	0.0735129
2194	0.0735736
2195	0.0736078
2196	0.0735011
2197	0.0733679
2198	0.0732349
2199	0.0730883
2200	0.0729154
2201	0.0725842
2202	0.0722268
2203	0.0718697
2204	0.071513
2205	0.0712005
2206	0.0711168
2207	0.0710773
2208	0.0710378
2209	0.0709984
2210	0.0709503
2211	0.0708672
2212	0.0707754
2213	0.0706837
2214	0.0705922
2215	0.0705008
2216	0.0704094
2217	0.0703182
2218	0.0702271
2219	0.0701362
2220	0.0700278
2221	0.0698145
2222	0.0695838
2223	0.0693534
2224	0.0691232
2225	0.0689106
2226	0.0688031
2227	0.0687131
2228	0.0686233
2229	0.0685336
2230	0.068444
2231	0.068337
2232	0.0682301
2233	0.0681234
2234	0.0680167
2235	0.0678928
2236	0.0676469
2237	0.0673838
2238	0.0671209
2239	0.0668581
2240	0.0666217
2241	0.0665421
2242	0.0664887
2243	0.0664354
2244	0.0663822
2245	0.0663116
2246	0.0661542
2247	0.0659796
2248	0.0658051
2249	0.0656307
2250	0.0654564
2251	0.0652476
2252	0.065039
2253	0.0648305
2254	0.0646221
2255	0.0644312
2256	0.0643619
2257	0.0643099
2258	0.064258
2259	0.0642061
2260	0.0641456
2261	0.0639987
2262	0.0638432
2263	0.0636879
2264	0.0635326
2265	0.0633948
2266	0.0633262
2267	0.063275
2268	0.0632239
2269	0.0631728
2270	0.0631131
2271	0.0627758
2272	0.0624402
2273	0.0621138
2274	0.0617959
2275	0.0614688
2276	0.0610645
2277	0.0606508
2278	0.060244
2279	0.0598437
2280	0.0594745
2281	0.0592603
2282	0.0590752
2283	0.0588942
2284	0.0587168
2285	0.0585431
2286	0.0583399
2287	0.0581402
2288	0.0579436
2289	0.0577501
2290	0.0575272
2291	0.0570977
2292	0.0566399
2293	0.0561862
2294	0.0557363
2295	0.0553381
2296	0.0551979
2297	0.0551073
2298	0.0550184
2299	0.0549312
2300	0.0548376
2301	0.0546827
2302	0.0545218
2303	0.0543626
2304	0.0542052
2305	0.0540416
2306	0.0538486
2307	0.0536496
2308	0.0534523
2309	0.0532567
2310	0.0530628
2311	0.0528397
2312	0.0526184
2313	0.0523987
2314	0.0521806
2315	0.0519641
2316	0.0517643
2317	0.051566
2318	0.0513691
2319	0.0511736
2320	0.0509569
2321	0.0505759
2322	0.0501745
2323	0.0497753
2324	0.049378
2325	0.0490351
2326	0.0489772
2327	0.048972
2328	0.0489673
2329	0.048963
2330	0.048937
2331	0.0487934
2332	0.0486286
2333	0.0484648
2334	0.048302
2335	0.0481402
2336	0.0479793
2337	0.0478194
2338	0.0476603
2339	0.0475022
2340	0.0473523
2341	0.0472467
2342	0.047149
2343	0.0470519
2344	0.0469555
2345	0.0468454
2346	0.046664
2347	0.0464692
2348	0.0462753
2349	0.0460824
2350	0.0458761
2351	0.045571
2352	0.0452529
2353	0.0449362
2354	0.0446207
2355	0.044349
2356	0.0443045
2357	0.0443027
2358	0.0443012
2359	0.0442998
2360	0.0442917
2361	0.0427902
2362	0.0414412
2363	0.0402177
2364	0.0390961
2365	0.0380534
2366	0.0370361
2367	0.0360778
2368	0.0351764
2369	0.0343254
2370	0.0335139
2371	0.0327115
2372	0.031942
2373	0.0312074
2374	0.0305047
2375	0.0298508
2376	0.0293187
2377	0.0288264
2378	0.0283529
2379	0.0278969
2380	0.0274218
2381	0.0267621
2382	0.0260901
2383	0.0254401
2384	0.0248107
2385	0.024242
2386	0.0239325
2387	0.0236719
2388	0.0234187
2389	0.0231726
2390	0.022918
2391	0.0225803
2392	0.022237
2393	0.0219027
2394	0.021577
2395	0.0212595
2396	0.0209431
2397	0.0206344
2398	0.0203331
2399	0.0200391
2400	0.0197519
2401	0.019478
2402	0.0192102
2403	0.0189485
2404	0.0186925
2405	0.0184421
2406	0.0182032
2407	0.0179694
2408	0.0177405
2409	0.0175163
2410	0.0172821
2411	0.016966
2412	0.0166422
2413	0.0163253
2414	0.0160149
2415	0.0157329
2416	0.0155765
2417	0.0154445
2418	0.0153148
2419	0.0151872
2420	0.015054
2421	0.0148715
2422	0.0146846
2423	0.0145011
2424	0.0143208
2425	0.0141462
2426	0.0139894
2427	0.0138376
2428	0.0136884
2429	0.0135417
2430	0.013395
2431	0.0132276
2432	0.0130607
2433	0.0128966
2434	0.0127353
2435	0.0125788
2436	0.0124425
2437	0.0123106
2438	0.0121808
2439	0.0120529
2440	0.0119249
2441	0.0117821
2442	0.0116394
2443	0.011499
2444	0.0113608
2445	0.0112226
2446	0.0110787
2447	0.0109349
2448	0.0107934
2449	0.0106541
2450	0.0105207
2451	0.00998811
2452	0.00949743
2453	0.00904098
2454	0.00861544
2455	0.00822094
2456	0.00786615
2457	0.00753588
2458	0.00722528
2459	0.00693274
2460	0.00665559
2461	0.00638449
2462	0.00612726
2463	0.005884
2464	0.0056537
2465	0.00543345
2466	0.00521492
2467	0.00500583
2468	0.00480742
2469	0.004619
2470	0.00444157
2471	0.004284
2472	0.00413529
2473	0.00399334
2474	0.00385776
2475	0.00372609
2476	0.0035867
2477	0.00345172
2478	0.00332285
2479	0.00319977
2480	0.00308392
2481	0.00298114
2482	0.00288429
2483	0.0027914
2484	0.00270226
2485	0.00261768
2486	0.00254132
2487	0.00246878
2488	0.0023989
2489	0.00233156
2490	0.00226275
2491	0.00217286
2492	0.00208308
2493	0.00199712
2494	0.00191478
2495	0.00184154
2496	0.00180265
2497	0.00177017
2498	0.00173844
2499	0.00170745
2500	0.00167455
2501	0.000748593
2502	0.000373197
2503	0.000200097
2504	0.000113095
2505	6.65543e-05
2506	4.0379e-05
2507	2.51583e-05
2508	1.60334e-05
2509	1.04184e-05
2510	6.88681e-06
2511	4.62642e-06
2512	3.15022e-06
2513	2.17087e-06
2514	1.51226e-06
2515	1.06391e-06
2516	7.55595e-07
2517	5.41112e-07
2518	3.90507e-07
2519	2.83842e-07
2520	2.07733e-07
2521	1.5311e-07
2522	1.13535e-07
2523	8.46538e-08
2524	6.34472e-08
2525	4.77965e-08
2526	3.62193e-08
2527	2.75733e-08
2528	2.10792e-08
2529	1.61789e-08
2530	1.24625e-08
2531	9.61443e-09
2532	7.44145e-09
2533	5.77873e-09
2534	4.50183e-09
2535	3.51856e-09
2536	2.76049e-09
2537	2.17234e-09
2538	1.71417e-09
2539	1.35619e-09
2540	1.07569e-09
2541	8.55666e-10
2542	6.82258e-10
2543	5.45239e-10
2544	4.36705e-10
2545	3.50527e-10
2546	2.8182e-10
2547	2.27038e-10
2548	1.83264e-10
2549	1.48211e-10
2550	1.20084e-10
2551	9.7428e-11
2552	7.91846e-11
2553	6.44668e-11
2554	5.25714e-11
2555	4.29402e-11
2556	3.51133e-11
2557	2.8757e-11
2558	2.35865e-11
2559	1.93739e-11
2560	1.59399e-11
2561	1.31443e-11
2562	1.08562e-11
2563	8.97837e-12
2564	7.43501e-12
2565	6.16479e-12
2566	5.11568e-12
2567	4.25028e-12
2568	3.53549e-12
2569	2.94435e-12
2570	2.45485e-12
2571	2.04811e-12
2572	1.71064e-12
2573	1.43032e-12
2574	1.19719e-12
2575	1.0031e-12
2576	8.41331e-13
2577	7.06353e-13
2578	5.93611e-13
2579	4.99343e-13
2580	4.20346e-13
2581	3.53691e-13
2582	2.97807e-13
2583	2.50975e-13
2584	2.11691e-13
2585	1.78791e-13
2586	1.51622e-13
2587	1.28749e-13
2588	1.09417e-13
2589	9.30627e-14
2590	7.91983e-14
2591	6.73281e-14
2592	5.7268e-14
2593	4.87481e-14
2594	4.15268e-14
2595	3.54095e-14
2596	3.02434e-14
2597	2.58557e-14
2598	2.21201e-14
2599	1.89375e-14
2600	1.62239e-14
2601	1.10203e-14
2602	8.84146e-15
2603	7.3187e-15
2604	6.15975e-15
2605	5.24081e-15
2606	4.48979e-15
2607	3.86962e-15
2608	3.35126e-15
2609	2.91396e-15
2610	2.54233e-15
2611	2.22565e-15
2612	1.95342e-15
2613	1.71839e-15
2614	1.51473e-15
2615	1.33768e-15
2616	1.18219e-15
2617	1.04639e-15
2618	9.27501e-16
2619	8.23206e-16
2620	7.31188e-16
2621	6.48022e-16
2622	5.7464e-16
2623	5.10067e-16
2624	4.53168e-16
2625	4.03464e-16
2626	3.62003e-16
2627	3.25468e-16
2628	2.92848e-16
2629	2.63694e-16
2630	2.37496e-16
2631	2.13425e-16
2632	1.91828e-16
2633	1.72527e-16
2634	1.55263e-16
2635	1.39776e-16
2636	1.25599e-16
2637	1.12892e-16
2638	1.01525e-16
2639	9.13481e-17
2640	8.22727e-17
2641	7.43566e-17
2642	6.72677e-17
2643	6.08829e-17
2644	5.51292e-17
2645	4.99412e-17
2646	4.52159e-17
2647	4.09548e-17
2648	3.71105e-17
2649	3.36404e-17
2650	3.05068e-17
2651	2.76479e-17
2652	2.50661e-17
2653	2.27338e-17
2654	2.06257e-17
2655	1.87244e-17
2656	1.70213e-17
2657	1.54823e-17
2658	1.40871e-17
2659	1.28218e-17
2660	1.1671e-17
2661	1.06106e-17
2662	9.647e-18
2663	8.77354e-18
2664	7.98149e-18
2665	7.26675e-18
2666	6.6315e-18
2667	6.0566e-18
2668	5.53309e-18
2669	5.05622e-18
2670	4.62052e-18
2671	4.21269e-18
2672	3.84086e-18
2673	3.50274e-18
2674	3.19518e-18
2675	2.9161e-18
2676	2.66481e-18
2677	2.4364e-18
2678	2.2281e-18
2679	2.0381e-18
2680	1.86474e-18
2681	1.70652e-18
2682	1.56208e-18
2683	1.4302e-18
2684	1.30974e-18
2685	1.19969e-18
2686	1.09798e-18
2687	1.0051e-18
2688	9.20273e-19
2689	8.4278e-19
2690	7.71971e-19
2691	7.07629e-19
2692	6.48782e-19
2693	5.94948e-19
2694	5.45688e-19
2695	5.00606e-19
2696	4.59091e-19
2697	4.211e-19
2698	3.86325e-19
2699	3.54487e-19
2700	3.25421e-19
2701	3.63742e-19
2702	4.06841e-19
2703	4.5522e-19
2704	5.09548e-19
2705	5.70583e-19
2706	6.3918e-19
2707	7.16308e-19
2708	8.03064e-19
2709	9.0069e-19
2710	1.01059e-18
2711	1.135e-18
2712	1.27524e-18
2713	1.43341e-18
2714	1.61188e-18
2715	1.81335e-18
2716	2.03976e-18
2717	2.29544e-18
2718	2.58429e-18
2719	2.91078e-18
2720	3.27998e-18
2721	3.69564e-18
2722	4.16587e-18
2723	4.69809e-18
2724	5.30074e-18
2725	5.98516e-18
2726	6.7649e-18
2727	7.65201e-18
2728	8.65964e-18
2729	9.80477e-18
2730	1.11068e-17
2731	1.25741e-17
2732	1.42423e-17
2733	1.61401e-17
2734	1.83002e-17
2735	2.07602e-17
2736	2.35764e-17
2737	2.6789e-17
2738	3.04558e-17
2739	3.46434e-17
2740	3.94285e-17
2741	4.4925e-17
2742	5.12167e-17
2743	5.8423e-17
2744	6.6682e-17
2745	7.61531e-17
2746	8.69721e-17
2747	9.93877e-17
2748	1.13645e-16
2749	1.30027e-16
2750	1.48864e-16
2751	1.70441e-16
2752	1.9527e-16
2753	2.2386e-16
2754	2.56805e-16
2755	2.94795e-16
2756	3.38633e-16
2757	3.89256e-16
2758	4.47757e-16
2759	5.15412e-16
2760	5.93713e-16
2761	6.84801e-16
2762	7.90446e-16
2763	9.13069e-16
2764	1.05552e-15
2765	1.22113e-15
2766	1.41465e-15
2767	1.64014e-15
2768	1.90311e-15
2769	2.21005e-15
2770	2.56789e-15
2771	2.9827e-15
2772	3.46648e-15
2773	4.03223e-15
2774	4.69447e-15
2775	5.47039e-15
2776	6.38416e-15
2777	7.45753e-15
2778	8.71965e-15
2779	1.02052e-14
2780	1.19557e-14
2781	1.40289e-14
2782	1.64784e-14
2783	1.93758e-14
2784	2.28069e-14
2785	2.68747e-14
2786	3.17031e-14
2787	3.74412e-14
2788	4.42689e-14
2789	5.24031e-14
2790	6.21065e-14
2791	7.36524e-14
2792	8.74541e-14
2793	1.03975e-13
2794	1.23778e-13
2795	1.47595e-13
2796	1.76344e-13
2797	2.11051e-13
2798	2.52953e-13
2799	3.0362e-13
2800	3.64985e-13
2801	4.14796e-13
2802	4.71665e-13
2803	5.36629e-13
2804	6.10885e-13
2805	6.9603e-13
2806	7.93992e-13
2807	9.06558e-13
2808	1.0357e-12
2809	1.18397e-12
2810	1.3543e-12
2811	1.55011e-12
2812	1.77536e-12
2813	2.03466e-12
2814	2.33337e-12
2815	2.67772e-12
2816	3.07307e-12
2817	3.52921e-12
2818	4.0559e-12
2819	4.66451e-12
2820	5.36833e-12
2821	6.17902e-12
2822	7.11745e-12
2823	8.20462e-12
2824	9.46516e-12
2825	1.09314e-11
2826	1.26428e-11
2827	1.46387e-11
2828	1.69638e-11
2829	1.96748e-11
2830	2.28389e-11
2831	2.65183e-11
2832	3.08181e-11
2833	3.58478e-11
2834	4.17372e-11
2835	4.86404e-11
2836	5.67042e-11
2837	6.61701e-11
2838	7.7294e-11
2839	9.03809e-11
2840	1.05795e-10
2841	1.2405e-10
2842	1.45616e-10
2843	1.71123e-10
2844	2.0133e-10
2845	2.37148e-10
2846	2.79495e-10
2847	3.29809e-10
2848	3.89674e-10
2849	4.61001e-10
2850	5.46108e-10
2851	6.47808e-10
2852	7.69523e-10
2853	9.1542e-10
2854	1.09058e-09
2855	1.30124e-09
2856	1.55602e-09
2857	1.86369e-09
2858	2.23589e-09
2859	2.68698e-09
2860	3.23477e-09
2861	3.90128e-09
2862	4.71394e-09
2863	5.70689e-09
2864	6.9228e-09
2865	8.41514e-09
2866	1.02374e-08
2867	1.24818e-08
2868	1.52532e-08
2869	1.86845e-08
2870	2.29521e-08
2871	2.82864e-08
2872	3.49661e-08
2873	4.33447e-08
2874	5.38887e-08
2875	6.72261e-08
2876	8.41914e-08
2877	1.0583e-07
2878	1.33502e-07
2879	1.69039e-07
2880	2.1488e-07
2881	2.73917e-07
2882	3.50717e-07
2883	4.51158e-07
2884	5.83269e-07
2885	7.58102e-07
2886	9.91684e-07
2887	1.30527e-06
2888	1.72956e-06
2889	2.30851e-06
2890	3.10594e-06
2891	4.2158e-06
2892	5.7787e-06
2893	8.00916e-06
2894	1.1242e-05
2895	1.60147e-05
2896	2.32064e-05
2897	3.43863e-05
2898	5.25174e-05
2899	8.41754e-05
2900	0.00015618
2901	0.000158938
2902	0.000161753
2903	0.000164627
2904	0.000167561
2905	0.000170556
2906	0.000173493
2907	0.00017649
2908	0.000179549
2909	0.00018267
2910	0.000185856
2911	0.000188975
2912	0.000192157
2913	0.000195403
2914	0.000198715
2915	0.000202094
2916	0.000205688
2917	0.000209359
2918	0.000213108
2919	0.000216936
2920	0.000220848
2921	0.000224843
2922	0.000228926
2923	0.000233097
2924	0.000237359
2925	0.000241715
2926	0.000246167
2927	0.000250717
2928	0.000255369
2929	0.000260125
2930	0.000264987
2931	0.000269763
2932	0.000274644
2933	0.000279632
2934	0.00028473
2935	0.000289942
2936	0.000295487
2937	0.00030116
2938	0.000306966
2939	0.000312907
2940	0.000318988
2941	0.000324972
2942	0.000331094
2943	0.000337358
2944	0.000343767
2945	0.000350457
2946	0.000357574
2947	0.000365003
2948	0.000372619
2949	0.000380428
2950	0.000388435
2951	0.000396648
2952	0.000405072
2953	0.000413714
2954	0.00042258
2955	0.000431679
2956	0.000440685
2957	0.000449924
2958	0.000459402
2959	0.000469127
2960	0.000479108
2961	0.000489724
2962	0.000500629
2963	0.000511833
2964	0.000523346
2965	0.00053518
2966	0.000546927
2967	0.000558998
2968	0.000571402
2969	0.000584152
2970	0.000597259
2971	0.000611205
2972	0.000625558
2973	0.000640331
2974	0.000655541
2975	0.000671204
2976	0.000686807
2977	0.000702872
2978	0.000719416
2979	0.000736456
2980	0.000754013
2981	0.000772706
2982	0.000791987
2983	0.000811881
2984	0.000832413
2985	0.000853608
2986	0.000874815
2987	0.000896706
2988	0.000919313
2989	0.000942665
2990	0.000966798
2991	0.000992524
2992	0.00101915
2993	0.0010467
2994	0.00107525
2995	0.00110483
2996	0.00113549
2997	0.0011673
2998	0.00120031
2999	0.00123461
3000	0.00127026
3001	0.00126928
3002	0.0012683
3003	0.00126732
3004	0.00126634
3005	0.00126536
3006	0.00126538
3007	0.0012654
3008	0.00126543
3009	0.00126545
3010	0.00126548
3011	0.0012655
3012	0.00126553
3013	0.00126555
3014	0.00126557
3015	0.0012656
3016	0.00126461
3017	0.00126361
3018	0.00126262
3019	0.00126162
3020	0.00126062
3021	0.00125962
3022	0.00125862
3023	0.00125762
3024	0.00125661
3025	0.00125561
3026	0.00125563
3027	0.00125565
3028	0.00125567
3029	0.00125569
3030	0.00125571
3031	0.0012547
3032	0.00125368
3033	0.00125267
3034	0.00125166
3035	0.00125064
3036	0.00124859
3037	0.00124654
3038	0.00124448
3039	0.00124242
3040	0.00124088
3041	0.00124245
3042	0.00124454
3043	0.00124664
3044	0.00124874
3045	0.00125084
3046	0.00125191
3047	0.00125298
3048	0.00125405
3049	0.00125512
3050	0.0012562
3051	0.00125623
3052	0.00125626
3053	0.0012563
3054	0.00125633
3055	0.00125637
3056	0.0012564
3057	0.00125644
3058	0.00125648
3059	0.00125651
3060	0.00125655
3061	0.00125448
3062	0.00125241
3063	0.00125033
3064	0.00124825
3065	0.0012467
3066	0.0012462
3067	0.00124624
3068	0.00124628
3069	0.00124633
3070	0.00124637
3071	0.00124748
3072	0.0012486
3073	0.00124972
3074	0.00125084
3075	0.00125197
3076	0.00125096
3077	0.00124994
3078	0.00124893
3079	0.00124792
3080	0.00124691
3081	0.0012459
3082	0.00124489
3083	0.00124389
3084	0.00124288
3085	0.00124187
3086	0.00124087
3087	0.00123986
3088	0.00123886
3089	0.00123786
3090	0.00123686
3091	0.00123586
3092	0.00123486
3093	0.00123387
3094	0.00123288
3095	0.00123189
3096	0.0012309
3097	0.00122992
3098	0.00122894
3099	0.00122796
3100	0.00122699
3101	0.00121586
3102	0.00121306
3103	0.00121292
3104	0.00121424
3105	0.00121652
3106	0.0012184
3107	0.00122082
3108	0.00122369
3109	0.00122692
3110	0.00123048
3111	0.00123319
3112	0.00123615
3113	0.00123933
3114	0.0012427
3115	0.00124683
3116	0.00125228
3117	0.00125849
3118	0.00126488
3119	0.00127144
3120	0.00127817
3121	0.00128506
3122	0.00129211
3123	0.00129931
3124	0.00130666
3125	0.00131417
3126	0.00132182
3127	0.00132962
3128	0.00133756
3129	0.00134565
3130	0.00135389
3131	0.00136226
3132	0.00137079
3133	0.00137945
3134	0.00138826
3135	0.00139721
3136	0.001405
3137	0.00141291
3138	0.00142095
3139	0.00142911
3140	0.0014374
3141	0.00144719
3142	0.00145713
3143	0.00146722
3144	0.00147746
3145	0.00148786
3146	0.00149699
3147	0.00150626
3148	0.00151567
3149	0.00152521
3150	0.0015349
3151	0.00154621
3152	0.00155768
3153	0.00156933
3154	0.00158115
3155	0.00159315
3156	0.00160532
3157	0.00161768
3158	0.00163022
3159	0.00164295
3160	0.00165587
3161	0.00167059
3162	0.00168554
3163	0.00170072
3164	0.00171614
3165	0.00173179
3166	0.00174431
3167	0.00175701
3168	0.0017699
3169	0.00178298
3170	0.00179713
3171	0.00181327
3172	0.00183055
3173	0.00184811
3174	0.00186594
3175	0.00188407
3176	0.00189877
3177	0.0019137
3178	0.00192886
3179	0.00194425
3180	0.00195988
3181	0.0019777
3182	0.00199582
3183	0.00201423
3184	0.00203294
3185	0.00205196
3186	0.00207335
3187	0.00209511
3188	0.00211724
3189	0.00213975
3190	0.00216265
3191	0.0021838
3192	0.0022053
3193	0.00222718
3194	0.00224945
3195	0.0022721
3196	0.00229287
3197	0.00231401
3198	0.00233551
3199	0.00235739
3200	0.00238086
3201	0.00236994
3202	0.00236028
3203	0.0023507
3204	0.0023412
3205	0.00233176
3206	0.00232006
3207	0.00230844
3208	0.00229692
3209	0.00228547
3210	0.00227411
3211	0.00226055
3212	0.00224709
3213	0.00223372
3214	0.00222045
3215	0.00220728
3216	0.00219644
3217	0.00218568
3218	0.002175
3219	0.00216439
3220	0.00215386
3221	0.00214339
3222	0.002133
3223	0.00212268
3224	0.00211243
3225	0.00210225
3226	0.00209429
3227	0.00208639
3228	0.00207853
3229	0.00207073
3230	0.00206298
3231	0.00205315
3232	0.00204339
3233	0.00203369
3234	0.00202406
3235	0.00201449
3236	0.00200498
3237	0.00199552
3238	0.00198613
3239	0.0019768
3240	0.00196753
3241	0.00195832
3242	0.00194916
3243	0.00194006
3244	0.00193101
3245	0.00192203
3246	0.0019151
3247	0.00190821
3248	0.00190136
3249	0.00189456
3250	0.00188779
3251	0.00187712
3252	0.00186651
3253	0.00185598
3254	0.0018455
3255	0.0018351
3256	0.00182669
3257	0.00181833
3258	0.00181002
3259	0.00180176
3260	0.00179354
3261	0.00178538
3262	0.00177726
3263	0.00176919
3264	0.00176117
3265	0.00175319
3266	0.00174526
3267	0.00173737
3268	0.00172953
3269	0.00172173
3270	0.00171398
3271	0.00170627
3272	0.0016986
3273	0.00169098
3274	0.0016834
3275	0.00167587
3276	0.00166837
3277	0.00166092
3278	0.00165351
3279	0.00164614
3280	0.00163881
3281	0.00163152
3282	0.00162427
3283	0.00161706
3284	0.00160988
3285	0.00160275
3286	0.00159741
3287	0.00159209
3288	0.00158679
3289	0.00158153
3290	0.00157542
3291	0.00156592
3292	0.00155561
3293	0.00154536
3294	0.00153518
3295	0.00152589
3296	0.00151835
3297	0.0015117
3298	0.00150507
3299	0.00149848
3300	0.00149193
3301	0.001507
3302	0.00152229
3303	0.00153778
3304	0.00155349
3305	0.00156942
3306	0.00158203
3307	0.00159479
3308	0.00160771
3309	0.0016208
3310	0.00163404
3311	0.00164932
3312	0.00166481
3313	0.00168051
3314	0.00169643
3315	0.00171258
3316	0.00172501
3317	0.00173759
3318	0.00175032
3319	0.00176321
3320	0.00177727
3321	0.00179567
3322	0.00181539
3323	0.00183542
3324	0.00185576
3325	0.00187642
3326	0.00189302
3327	0.00190985
3328	0.00192691
3329	0.00194423
3330	0.00196179
3331	0.00198193
3332	0.00200238
3333	0.00202316
3334	0.00204426
3335	0.0020657
3336	0.00208749
3337	0.00210963
3338	0.00213213
3339	0.002155
3340	0.00217825
3341	0.0022019
3342	0.00222594
3343	0.00225039
3344	0.00227526
3345	0.00230056
3346	0.00232353
3347	0.00234688
3348	0.00237063
3349	0.00239479
3350	0.00241936
3351	0.00244731
3352	0.00247578
3353	0.00250479
3354	0.00253433
3355	0.00256444
3356	0.00259513
3357	0.00262642
3358	0.00265832
3359	0.00269085
3360	0.00272404
3361	0.0027579
3362	0.00279245
3363	0.00282773
3364	0.00286374
3365	0.00290052
3366	0.0029381
3367	0.00297649
3368	0.00301574
3369	0.00305586
3370	0.00309689
3371	0.00313887
3372	0.00318183
3373	0.0032258
3374	0.00327083
3375	0.00331696
3376	0.00336424
3377	0.0034127
3378	0.0034624
3379	0.0035134
3380	0.00356574
3381	0.00362403
3382	0.00368394
3383	0.00374555
3384	0.00380894
3385	0.00387419
3386	0.00393648
3387	0.00400066
3388	0.00406682
3389	0.00413507
3390	0.00420554
3391	0.00427835
3392	0.00435364
3393	0.00443155
3394	0.00451227
3395	0.00459597
3396	0.00467692
3397	0.00476104
3398	0.00484856
3399	0.00493975
3400	0.00503814
3401	0.00506778
3402	0.00510096
3403	0.00513445
3404	0.00516826
3405	0.00519909
3406	0.00521688
3407	0.00523148
3408	0.00524621
3409	0.00526106
3410	0.00527944
3411	0.00530483
3412	0.0053339
3413	0.00536326
3414	0.00539292
3415	0.00542287
3416	0.00544608
3417	0.00546953
3418	0.0054932
3419	0.00551711
3420	0.00554126
3421	0.00556565
3422	0.0055903
3423	0.00561519
3424	0.00564035
3425	0.00566577
3426	0.00569146
3427	0.00571742
3428	0.00574366
3429	0.00577019
3430	0.00579701
3431	0.00583179
3432	0.00586698
3433	0.00590257
3434	0.00593856
3435	0.00597498
3436	0.00600392
3437	0.0060332
3438	0.00606282
3439	0.0060928
3440	0.00612314
3441	0.00615386
3442	0.00618495
3443	0.00621644
3444	0.00624832
3445	0.00628061
3446	0.00631331
3447	0.00634645
3448	0.00638002
3449	0.00641405
3450	0.00644853
3451	0.00649221
3452	0.00653649
3453	0.00658139
3454	0.00662693
3455	0.00667312
3456	0.00671096
3457	0.00674937
3458	0.00678836
3459	0.00682794
3460	0.00686814
3461	0.00691832
3462	0.00696929
3463	0.00702108
3464	0.0070737
3465	0.00712719
3466	0.00717188
3467	0.00721734
3468	0.0072636
3469	0.00731069
3470	0.00735864
3471	0.00740749
3472	0.00745726
3473	0.007508
3474	0.00755974
3475	0.00761253
3476	0.00766641
3477	0.00772142
3478	0.00777762
3479	0.00783506
3480	0.00789381
3481	0.0079649
3482	0.00803763
3483	0.00811208
3484	0.00818834
3485	0.0082665
3486	0.00833517
3487	0.00840574
3488	0.00847833
3489	0.0085531
3490	0.00863018
3491	0.00870975
3492	0.00879202
3493	0.0088772
3494	0.00896556
3495	0.00905743
3496	0.00915316
3497	0.00925322
3498	0.00935816
3499	0.00946872
3500	0.00958585
3501	0.00959158
3502	0.00959733
3503	0.00960311
3504	0.0096089
3505	0.00961471
3506	0.00960699
3507	0.00959927
3508	0.00959156
3509	0.00958386
3510	0.00957615
3511	0.00956845
3512	0.00956076
3513	0.00955307
3514	0.00954538
3515	0.0095377
3516	0.00953002
3517	0.00952235
3518	0.00951469
3519	0.00950703
3520	0.00949938
3521	0.00950541
3522	0.00951146
3523	0.00951754
3524	0.00952364
3525	0.00952977
3526	0.0095222
3527	0.00951465
3528	0.00950709
3529	0.00949955
3530	0.00949202
3531	0.00949826
3532	0.00950453
3533	0.00951082
3534	0.00951715
3535	0.0095235
3536	0.00951607
3537	0.00950866
3538	0.00950125
3539	0.00949386
3540	0.00948648
3541	0.00949297
3542	0.00949949
3543	0.00950605
3544	0.00951264
3545	0.00951926
3546	0.00951201
3547	0.00950478
3548	0.00949757
3549	0.00949037
3550	0.0094832
3551	0.00947604
3552	0.00946889
3553	0.00946177
3554	0.00945467
3555	0.00944759
3556	0.00944054
3557	0.0094335
3558	0.00942649
3559	0.00941951
3560	0.00941255
3561	0.00941968
3562	0.00942685
3563	0.00943408
3564	0.00944135
3565	0.00944869
3566	0.00944196
3567	0.00943526
3568	0.0094286
3569	0.00942198
3570	0.0094154
3571	0.00940885
3572	0.00940235
3573	0.00939589
3574	0.00938948
3575	0.00938311
3576	0.0093768
3577	0.00937053
3578	0.00936433
3579	0.00935817
3580	0.00935208
3581	0.00936034
3582	0.0093687
3583	0.00937715
3584	0.0093857
3585	0.00939436
3586	0.00938877
3587	0.00938326
3588	0.00937786
3589	0.00937255
3590	0.00936734
3591	0.00936225
3592	0.00935728
3593	0.00935244
3594	0.00934774
3595	0.00934319
3596	0.0093533
3597	0.00936362
3598	0.00937416
3599	0.00938495
3600	0.00939599
3601	0.00938528
3602	0.00937456
3603	0.00936383
3604	0.00935311
3605	0.00934237
3606	0.00933164
3607	0.0093209
3608	0.00931016
3609	0.00929941
3610	0.00928866
3611	0.00929254
3612	0.00929643
3613	0.00930033
3614	0.00930424
3615	0.00930815
3616	0.00929741
3617	0.00928667
3618	0.00927592
3619	0.00926518
3620	0.00925442
3621	0.00925836
3622	0.00926231
3623	0.00926627
3624	0.00927024
3625	0.00927422
3626	0.00926348
3627	0.00925274
3628	0.00924199
3629	0.00923124
3630	0.00922049
3631	0.0092245
3632	0.00922852
3633	0.00923254
3634	0.00923658
3635	0.00924063
3636	0.0092299
3637	0.00921916
3638	0.00920843
3639	0.00919769
3640	0.00918695
3641	0.00919103
3642	0.00919513
3643	0.00919923
3644	0.00920335
3645	0.00920748
3646	0.00919676
3647	0.00918604
3648	0.00917533
3649	0.00916461
3650	0.00915389
3651	0.00914317
3652	0.00913244
3653	0.00912172
3654	0.009111
3655	0.00910028
3656	0.00910448
3657	0.0091087
3658	0.00911293
3659	0.00911717
3660	0.00912143
3661	0.0091257
3662	0.00912999
3663	0.0091343
3664	0.00913862
3665	0.00914295
3666	0.00911731
3667	0.00909166
3668	0.00906599
3669	0.00904032
3670	0.00902214
3671	0.00901899
3672	0.00902337
3673	0.00902776
3674	0.00903218
3675	0.00903661
3676	0.00902599
3677	0.00901538
3678	0.00900477
3679	0.00899417
3680	0.00898357
3681	0.00897298
3682	0.00896239
3683	0.00895181
3684	0.00894124
3685	0.00893067
3686	0.00893526
3687	0.00893986
3688	0.0089445
3689	0.00894915
3690	0.00895383
3691	0.00894336
3692	0.00893289
3693	0.00892244
3694	0.00891199
3695	0.00890156
3696	0.00889115
3697	0.00888074
3698	0.00887035
3699	0.00885998
3700	0.00884962
3701	0.00885428
3702	0.00885895
3703	0.00886363
3704	0.00886833
3705	0.00887304
3706	0.00886247
3707	0.00885189
3708	0.0088413
3709	0.00883072
3710	0.00882014
3711	0.0088249
3712	0.00882968
3713	0.00883447
3714	0.00883928
3715	0.0088441
3716	0.00883355
3717	0.008823
3718	0.00881244
3719	0.00880189
3720	0.00879133
3721	0.0087962
3722	0.00880109
3723	0.008806
3724	0.00881092
3725	0.00881586
3726	0.00880534
3727	0.00879482
3728	0.00878429
3729	0.00877377
3730	0.00876324
3731	0.00876823
3732	0.00877324
3733	0.00877827
3734	0.00878331
3735	0.00878837
3736	0.00876232
3737	0.00873625
3738	0.00871016
3739	0.00868405
3740	0.00866573
3741	0.008663
3742	0.00866809
3743	0.0086732
3744	0.00867832
3745	0.00868347
3746	0.00867297
3747	0.00866248
3748	0.00865198
3749	0.00864149
3750	0.00863099
3751	0.0086362
3752	0.00864142
3753	0.00864667
3754	0.00865193
3755	0.00865721
3756	0.00864676
3757	0.00863631
3758	0.00862586
3759	0.00861541
3760	0.00860496
3761	0.00861031
3762	0.00861568
3763	0.00862107
3764	0.00862648
3765	0.00863191
3766	0.00863736
3767	0.00864284
3768	0.00864833
3769	0.00865384
3770	0.00865938
3771	0.00864904
3772	0.0086387
3773	0.00862836
3774	0.00861802
3775	0.00860768
3776	0.00859735
3777	0.00858702
3778	0.00857668
3779	0.00856635
3780	0.00855603
3781	0.0085617
3782	0.00856741
3783	0.00857313
3784	0.00857888
3785	0.00858465
3786	0.00857439
3787	0.00856413
3788	0.00855388
3789	0.00854363
3790	0.00853338
3791	0.00853924
3792	0.00854514
3793	0.00855105
3794	0.008557
3795	0.00856297
3796	0.0085528
3797	0.00854263
3798	0.00853247
3799	0.00852231
3800	0.00851215
3801	0.00847221
3802	0.00844087
3803	0.00841472
3804	0.00839212
3805	0.00837212
3806	0.00833824
3807	0.00830605
3808	0.00827527
3809	0.00824569
3810	0.00821714
3811	0.00820527
3812	0.00819415
3813	0.00818372
3814	0.00817389
3815	0.00816462
3816	0.00814018
3817	0.00811623
3818	0.00809275
3819	0.0080697
3820	0.00804705
3821	0.00804039
3822	0.00803405
3823	0.00802803
3824	0.00802231
3825	0.00801686
3826	0.00801168
3827	0.00800676
3828	0.00800208
3829	0.00799763
3830	0.00799341
3831	0.0079739
3832	0.0079546
3833	0.00793553
3834	0.00791667
3835	0.007898
3836	0.00789502
3837	0.00789221
3838	0.00788958
3839	0.00788712
3840	0.00788483
3841	0.00786725
3842	0.00784983
3843	0.00783258
3844	0.00781549
3845	0.00779856
3846	0.00779723
3847	0.00779604
3848	0.007795
3849	0.00779411
3850	0.00779336
3851	0.00777732
3852	0.00776142
3853	0.00774567
3854	0.00773005
3855	0.00771458
3856	0.00770696
3857	0.00769948
3858	0.00768442
3859	0.00767721
3860	0.00767014
3861	0.0076632
3862	0.00766412
3863	0.00765747
3864	0.00765867
3865	0.00765229
3866	0.00763833
3867	0.00763224
3868	0.00761856
3869	0.00761275
3870	0.00759936
3871	0.00760157
3872	0.00760395
3873	0.00760648
3874	0.00760917
3875	0.00761202
3876	0.00759956
3877	0.007595
3878	0.00758286
3879	0.00757864
3880	0.00756684
3881	0.00756299
3882	0.00755932
3883	0.00755585
3884	0.00755259
3885	0.00754953
3886	0.00755448
3887	0.00755967
3888	0.00757292
3889	0.00757863
3890	0.00758461
3891	0.00757526
3892	0.00756618
3893	0.00756523
3894	0.00755678
3895	0.00754866
3896	0.00755662
3897	0.00755714
3898	0.00756598
3899	0.00756744
3900	0.00757732
3901	0.00758575
3902	0.00759422
3903	0.00759481
3904	0.00760337
3905	0.00761197
3906	0.00761267
3907	0.00760545
3908	0.0076062
3909	0.00759902
3910	0.00759983
3911	0.00760866
3912	0.00760955
3913	0.00761848
3914	0.00761944
3915	0.00762847
3916	0.00762148
3917	0.0076145
3918	0.0076156
3919	0.00760867
3920	0.00760176
3921	0.00761105
3922	0.0076204
3923	0.0076217
3924	0.00763116
3925	0.00764069
3926	0.007634
3927	0.00763549
3928	0.00762886
3929	0.00763043
3930	0.00762387
3931	0.00763372
3932	0.00763544
3933	0.00764542
3934	0.00764725
3935	0.00765738
3936	0.00765933
3937	0.00765309
3938	0.00765515
3939	0.00764899
3940	0.00765116
3941	0.00765339
3942	0.007664
3943	0.00766638
3944	0.00767716
3945	0.00767968
3946	0.00767392
3947	0.00766821
3948	0.00767093
3949	0.00766534
3950	0.0076598
3951	0.00766274
3952	0.00767419
3953	0.00767732
3954	0.00768899
3955	0.00769231
3956	0.00769572
3957	0.00769924
3958	0.00769435
3959	0.00769806
3960	0.00770188
3961	0.00771436
3962	0.00772699
3963	0.00773119
3964	0.00774411
3965	0.0077572
3966	0.0077532
3967	0.00775795
3968	0.00775419
3969	0.00775923
3970	0.00775574
3971	0.00776979
3972	0.00777533
3973	0.00778978
3974	0.00779571
3975	0.00781061
3976	0.00781697
3977	0.00781475
3978	0.00782155
3979	0.00781975
3980	0.00782704
3981	0.00783459
3982	0.00784245
3983	0.00785952
3984	0.00786803
3985	0.00787689
3986	0.0078951
3987	0.00790477
3988	0.0079239
3989	0.0079345
3990	0.00795468
3991	0.0079573
3992	0.0079696
3993	0.00797345
3994	0.00798715
3995	0.00799251
3996	0.00801719
3997	0.00803376
3998	0.00806083
3999	0.0080801
4000	0.00811042
