       280	2.83655e-10	
       281	5.81621e-10	
       282	1.09713e-09	
       283	1.46363e-09	
       284	1.47053e-09	
       285	1.03897e-09	
       286	1.45559e-09	
       287	2.27724e-09	
       288	2.28151e-09	
       289	3.05922e-09	
       290	4.6181e-09	
       291	5.51736e-09	
       292	5.52682e-09	
       293	5.68375e-09	
       294	6.07291e-09	
       295	6.53142e-09	
       296	7.32792e-09	
       297	7.09023e-09	
       298	7.78107e-09	
       299	7.76507e-09	
       300	8.03255e-09	
       301	3.22238e-08	
       302	1.33361e-07	
       303	6.78491e-07	
       304	2.88801e-06	
       305	1.16475e-05	
       306	1.94532e-05	
       307	3.68543e-05	
       308	7.0903e-05	
       309	0.000115415	
       310	0.000201438	
       311	0.000395972	
       312	0.000572886	
       313	0.000840548	
       314	0.00127225	
       315	0.00178856	
       316	0.00198618	
       317	 0.0028681	
       318	0.00346968	
       319	0.00404235	
       320	0.00537137	
       321	0.00619981	
       322	0.00682053	
       323	0.00737218	
       324	0.00941336	
       325	 0.0124708	
       326	 0.0161141	
       327	  0.018138	
       328	 0.0191513	
       329	 0.0222098	
       330	 0.0264476	
       331	 0.0259126	
       332	 0.0271618	
       333	 0.0280181	
       334	 0.0296937	
       335	 0.0327069	
       336	 0.0308066	
       337	 0.0300601	
       338	 0.0346647	
       339	 0.0382005	
       340	 0.0425176	
       341	 0.0422272	
       342	  0.044245	
       343	 0.0472803	
       344	 0.0420488	
       345	 0.0450439	
       346	 0.0491826	
       347	 0.0511293	
       348	 0.0513869	
       349	 0.0522066	
       350	  0.059347	
       351	 0.0637658	
       352	 0.0612207	
       353	 0.0640578	
       354	 0.0744987	
       355	 0.0773542	
       356	 0.0725168	
       357	 0.0632377	
       358	 0.0587883	
       359	 0.0664883	
       360	 0.0832806	
       361	 0.0772136	
       362	 0.0802568	
       363	 0.0896033	
       364	 0.0920407	
       365	 0.0991817	
       366	  0.115235	
       367	  0.117273	
       368	  0.112145	
       369	   0.11742	
       370	  0.125588	
       371	   0.12126	
       372	  0.119772	
       373	  0.109563	
       374	  0.101655	
       375	  0.110854	
       376	  0.125817	
       377	  0.138276	
       378	  0.162988	
       379	  0.149069	
       380	   0.14249	
       381	  0.152187	
       382	  0.123176	
       383	 0.0979836	
       384	  0.110888	
       385	  0.141262	
       386	  0.139237	
       387	  0.144844	
       388	  0.144112	
       389	  0.158278	
       390	   0.18332	
       391	  0.198125	
       392	   0.18581	
       393	  0.120933	
       394	  0.125857	
       395	  0.195983	
       396	   0.18294	
       397	  0.128848	
       398	  0.214373	
       399	  0.275384	
       400	   0.29393	
       401	  0.308514	
       402	  0.320951	
       403	   0.31797	
       404	  0.322834	
       405	  0.321175	
       406	  0.316738	
       407	  0.315901	
       408	  0.332218	
       409	  0.348128	
       410	  0.319558	
       411	  0.346909	
       412	  0.369478	
       413	  0.363629	
       414	  0.363046	
       415	  0.377819	
       416	  0.390958	
       417	  0.386789	
       418	  0.378521	
       419	  0.386767	
       420	  0.373529	
       421	   0.40898	
       422	  0.412905	
       423	  0.405934	
       424	  0.408504	
       425	  0.420046	
       426	  0.413499	
       427	  0.405471	
       428	  0.405866	
       429	  0.376329	
       430	  0.313679	
       431	  0.308973	
       432	  0.444474	
       433	  0.442843	
       434	  0.422218	
       435	  0.457566	
       436	  0.500619	
       437	  0.508972	
       438	   0.46334	
       439	  0.454955	
       440	  0.504563	
       441	  0.515152	
       442	  0.545485	
       443	  0.558963	
       444	  0.554765	
       445	  0.567265	
       446	  0.536983	
       447	  0.585905	
       448	  0.603589	
       449	  0.609716	
       450	  0.633048	
       451	  0.653578	
       452	  0.634329	
       453	  0.603321	
       454	   0.63171	
       455	  0.639374	
       456	  0.658683	
       457	  0.668908	
       458	  0.661705	
       459	  0.659221	
       460	  0.663214	
       461	  0.683301	
       462	  0.695632	
       463	  0.698776	
       464	    0.6866	
       465	  0.680154	
       466	  0.689452	
       467	  0.675847	
       468	  0.697717	
       469	  0.704881	
       470	  0.689986	
       471	  0.703255	
       472	  0.732263	
       473	  0.720621	
       474	   0.73003	
       475	  0.751318	
       476	  0.740721	
       477	  0.750198	
       478	  0.769911	
       479	  0.764603	
       480	  0.774635	
       481	  0.777336	
       482	  0.779523	
       483	  0.773091	
       484	  0.763653	
       485	  0.744429	
       486	  0.646602	
       487	  0.694036	
       488	  0.744812	
       489	  0.730753	
       490	  0.786524	
       491	  0.772215	
       492	  0.750756	
       493	   0.78302	
       494	   0.78339	
       495	  0.815461	
       496	  0.796123	
       497	  0.800455	
       498	  0.786908	
       499	  0.787033	
       500	  0.787107	
       501	  0.771538	
       502	  0.776019	
       503	  0.800778	
       504	  0.777105	
       505	  0.815586	
       506	  0.845356	
       507	  0.820915	
       508	   0.80473	
       509	  0.829853	
       510	  0.819897	
       511	  0.831986	
       512	  0.846265	
       513	  0.810453	
       514	  0.793824	
       515	   0.81396	
       516	  0.804225	
       517	   0.70472	
       518	  0.757005	
       519	  0.760617	
       520	  0.813359	
       521	  0.830209	
       522	  0.842663	
       523	  0.815106	
       524	  0.856489	
       525	  0.859486	
       526	  0.827761	
       527	  0.762214	
       528	   0.83687	
       529	  0.878012	
       530	  0.863983	
       531	  0.896575	
       532	  0.879391	
       533	  0.814357	
       534	  0.846962	
       535	  0.869978	
       536	  0.889058	
       537	  0.848561	
       538	  0.869913	
       539	  0.856202	
       540	  0.830286	
       541	  0.813693	
       542	  0.864812	
       543	  0.866172	
       544	  0.887303	
       545	  0.875239	
       546	  0.871863	
       547	  0.877234	
       548	   0.86557	
       549	  0.880897	
       550	   0.87857	
       551	  0.880678	
       552	   0.89222	
       553	  0.876553	
       554	  0.888656	
       555	  0.893648	
       556	  0.881424	
       557	  0.864998	
       558	  0.871694	
       559	  0.844481	
       560	  0.856484	
       561	  0.889333	
       562	  0.867964	
       563	  0.886511	
       564	  0.881184	
       565	   0.87762	
       566	  0.850117	
       567	  0.887165	
       568	  0.889521	
       569	  0.878683	
       570	  0.873206	
       571	  0.854005	
       572	  0.889893	
       573	  0.899796	
       574	  0.894964	
       575	  0.880098	
       576	  0.877338	
       577	  0.888494	
       578	  0.871461	
       579	  0.876741	
       580	  0.882683	
       581	  0.885657	
       582	   0.89472	
       583	  0.900197	
       584	  0.897824	
       585	  0.891815	
       586	  0.877285	
       587	  0.892577	
       588	  0.877413	
       589	   0.81027	
       590	  0.841459	
       591	  0.880711	
       592	  0.880185	
       593	  0.880272	
       594	  0.882771	
       595	  0.883439	
       596	  0.894063	
       597	  0.899789	
       598	  0.888053	
       599	  0.885678	
       600	  0.890253	
       601	  0.881612	
       602	  0.877403	
       603	     0.893	
       604	  0.909448	
       605	   0.91071	
       606	  0.910199	
       607	  0.913143	
       608	  0.912519	
       609	  0.908465	
       610	  0.908611	
       611	  0.909594	
       612	  0.922537	
       613	  0.912835	
       614	  0.897661	
       615	   0.91467	
       616	  0.900005	
       617	  0.896059	
       618	  0.923405	
       619	  0.935201	
       620	  0.940195	
       621	    0.9452	
       622	  0.932916	
       623	  0.933015	
       624	    0.9303	
       625	  0.920538	
       626	  0.925433	
       627	  0.950089	
       628	  0.957205	
       629	  0.959375	
       630	   0.95369	
       631	  0.945853	
       632	  0.923596	
       633	  0.953729	
       634	  0.950091	
       635	  0.952205	
       636	  0.941965	
       637	  0.964424	
       638	  0.973845	
       639	  0.965717	
       640	  0.949439	
       641	   0.94926	
       642	  0.953496	
       643	  0.963669	
       644	    0.9605	
       645	  0.967732	
       646	  0.955547	
       647	  0.963519	
       648	  0.959487	
       649	  0.937317	
       650	  0.933153	
       651	  0.969139	
       652	  0.969569	
       653	  0.973797	
       654	  0.963501	
       655	  0.921693	
       656	  0.831964	
       657	  0.859192	
       658	  0.940723	
       659	  0.957552	
       660	  0.970574	
       661	  0.979753	
       662	  0.982705	
       663	   0.98016	
       664	  0.979156	
       665	   0.98998	
       666	  0.988171	
       667	  0.979976	
       668	  0.968829	
       669	  0.968405	
       670	  0.949623	
       671	   0.94041	
       672	  0.927637	
       673	  0.926284	
       674	   0.91856	
       675	  0.912001	
       676	  0.916351	
       677	  0.907341	
       678	  0.906851	
       679	  0.896773	
       680	  0.893628	
       681	  0.892123	
       682	  0.889992	
       683	  0.883494	
       684	  0.877108	
       685	  0.872311	
       686	  0.856451	
       687	  0.871143	
       688	   0.87771	
       689	  0.877653	
       690	  0.876171	
       691	  0.874865	
       692	  0.870591	
       693	  0.878359	
       694	  0.882479	
       695	  0.878332	
       696	  0.881859	
       697	  0.885504	
       698	   0.88231	
       699	  0.890091	
       700	  0.891032	
       701	   0.89055	
       702	  0.891825	
       703	  0.902936	
       704	  0.916091	
       705	  0.927363	
       706	  0.925368	
       707	  0.927341	
       708	  0.935482	
       709	  0.943486	
       710	  0.969005	
       711	   0.91525	
       712	   0.87822	
       713	  0.852735	
       714	  0.837693	
       715	  0.812052	
       716	  0.806009	
       717	  0.795142	
       718	  0.775886	
       719	    0.7489	
       720	  0.762003	
       721	  0.762379	
       722	  0.762142	
       723	  0.755707	
       724	  0.754974	
       725	  0.753955	
       726	  0.756781	
       727	  0.764077	
       728	  0.768084	
       729	  0.754874	
       730	  0.783585	
       731	  0.785632	
       732	   0.80088	
       733	  0.806186	
       734	  0.829191	
       735	   0.83773	
       736	  0.840964	
       737	  0.853633	
       738	  0.862788	
       739	  0.864567	
       740	  0.901911	
       741	  0.899871	
       742	  0.898754	
       743	  0.917278	
       744	   0.92704	
       745	  0.925294	
       746	  0.927227	
       747	  0.929292	
       748	  0.927002	
       749	   0.92853	
       750	  0.926709	
       751	  0.929871	
       752	  0.934699	
       753	   0.93912	
       754	  0.945864	
       755	   0.94614	
       756	  0.936218	
       757	  0.936475	
       758	  0.941305	
       759	  0.933045	
       760	  0.936869	
       761	  0.933237	
       762	  0.933326	
       763	  0.887862	
       764	  0.853982	
       765	  0.819778	
       766	  0.775139	
       767	  0.760518	
       768	  0.765051	
       769	  0.764805	
       770	  0.771128	
       771	  0.779434	
       772	  0.788213	
       773	  0.797554	
       774	  0.807576	
       775	  0.818451	
       776	  0.829583	
       777	  0.837879	
       778	  0.853702	
       779	  0.877697	
       780	  0.909354	
       781	  0.907292	
       782	   0.91115	
       783	  0.904702	
       784	  0.898381	
       785	  0.902601	
       786	  0.903098	
       787	  0.901761	
       788	  0.895738	
       789	  0.893554	
       790	  0.886674	
       791	  0.878883	
       792	  0.871125	
       793	  0.863395	
       794	  0.856637	
       795	  0.856525	
       796	  0.864003	
       797	   0.87528	
       798	  0.870485	
       799	   0.86192	
       800	  0.851476	
       801	   0.83843	
       802	  0.823788	
       803	  0.802309	
       804	  0.793362	
       805	  0.772458	
       806	  0.776802	
       807	  0.767023	
       808	   0.75781	
       809	  0.742344	
       810	  0.739896	
       811	  0.736051	
       812	   0.73574	
       813	  0.731517	
       814	  0.725876	
       815	  0.716408	
       816	  0.711177	
       817	  0.704416	
       818	  0.688408	
       819	  0.672734	
       820	  0.667497	
       821	  0.666289	
       822	  0.655181	
       823	  0.658043	
       824	  0.655195	
       825	  0.665492	
       826	  0.681243	
       827	  0.693205	
       828	  0.700513	
       829	  0.708964	
       830	  0.724115	
       831	  0.742771	
       832	  0.752943	
       833	  0.742757	
       834	  0.755118	
       835	  0.762344	
       836	  0.771673	
       837	  0.772174	
       838	  0.775746	
       839	  0.776951	
       840	  0.788075	
       841	  0.788808	
       842	  0.779192	
       843	  0.777126	
       844	  0.770342	
       845	  0.787303	
       846	   0.78915	
       847	  0.773873	
       848	  0.772916	
       849	  0.765295	
       850	  0.718079	
       851	  0.760538	
       852	  0.765708	
       853	  0.751124	
       854	  0.692886	
       855	   0.72442	
       856	  0.771752	
       857	  0.792883	
       858	  0.798547	
       859	   0.80208	
       860	  0.802368	
       861	  0.802138	
       862	  0.808933	
       863	  0.808303	
       864	  0.794936	
       865	  0.771925	
       866	  0.707441	
       867	  0.740822	
       868	  0.773316	
       869	   0.77378	
       870	  0.782486	
       871	  0.777425	
       872	  0.783119	
       873	  0.776943	
       874	  0.764618	
       875	  0.757931	
       876	  0.772891	
       877	  0.777276	
       878	  0.774415	
       879	  0.764993	
       880	  0.762519	
       881	   0.69544	
       882	  0.681302	
       883	  0.662635	
       884	  0.650262	
       885	  0.640275	
       886	  0.614409	
       887	  0.601262	
       888	  0.599995	
       889	  0.593349	
       890	  0.583663	
       891	  0.573452	
       892	  0.561634	
       893	  0.547639	
       894	  0.542451	
       895	   0.53775	
       896	  0.534503	
       897	  0.525764	
       898	  0.517462	
       899	  0.507478	
       900	  0.500322	
       901	  0.487208	
       902	  0.475758	
       903	  0.487539	
       904	  0.485175	
       905	  0.478664	
       906	  0.478603	
       907	   0.48346	
       908	  0.481069	
       909	  0.478456	
       910	   0.48505	
       911	  0.489926	
       912	  0.491876	
       913	  0.499511	
       914	  0.502894	
       915	  0.503332	
       916	  0.505372	
       917	  0.503451	
       918	  0.503084	
       919	  0.504415	
       920	  0.500857	
       921	  0.493685	
       922	  0.487713	
       923	  0.477267	
       924	  0.491496	
       925	  0.494734	
       926	  0.415114	
       927	  0.375006	
       928	  0.336393	
       929	  0.305027	
       930	  0.279206	
       931	   0.25941	
       932	  0.240859	
       933	  0.226046	
       934	  0.211412	
       935	  0.196836	
       936	  0.184748	
       937	  0.174932	
       938	  0.178021	
       939	  0.179759	
       940	  0.179186	
       941	  0.179149	
       942	  0.177977	
       943	  0.184496	
       944	  0.184882	
       945	  0.187972	
       946	  0.191887	
       947	  0.194373	
       948	  0.197659	
       949	  0.205594	
       950	  0.212708	
       951	  0.219524	
       952	    0.2291	
       953	  0.238124	
       954	   0.24493	
       955	  0.246951	
       956	  0.265408	
       957	  0.281407	
       958	  0.297934	
       959	  0.315407	
       960	  0.331089	
       961	  0.349622	
       962	  0.373679	
       963	  0.399965	
       964	  0.430618	
       965	  0.477241	
       966	  0.477843	
       967	  0.484375	
       968	  0.484746	
       969	  0.489755	
       970	  0.494988	
       971	  0.495874	
       972	  0.502028	
       973	  0.502897	
       974	  0.501671	
       975	  0.508325	
       976	  0.517138	
       977	  0.519301	
       978	   0.52641	
       979	  0.528022	
       980	  0.537431	
       981	  0.541769	
       982	  0.548749	
       983	  0.551161	
       984	  0.552497	
       985	  0.557549	
       986	  0.560233	
       987	  0.565132	
       988	  0.569117	
       989	  0.570434	
       990	  0.578168	
       991	  0.588594	
       992	  0.595126	
       993	  0.605448	
       994	  0.613915	
       995	  0.611588	
       996	  0.609973	
       997	   0.60429	
       998	  0.603687	
       999	  0.603687	
      1000	  0.605124	
      1001	  0.608186	
      1002	  0.608208	
      1003	  0.602512	
      1004	  0.593036	
      1005	  0.567505	
      1006	  0.585401	
      1007	    0.5976	
      1008	  0.600292	
      1009	  0.598791	
      1010	  0.599658	
      1011	  0.597235	
      1012	  0.596154	
      1013	  0.593842	
      1014	  0.594523	
      1015	  0.588297	
      1016	  0.588773	
      1017	  0.586264	
      1018	  0.589659	
      1019	  0.579291	
      1020	  0.581144	
      1021	  0.582487	
      1022	  0.577718	
      1023	  0.581272	
      1024	  0.583596	
      1025	  0.583229	
      1026	  0.583402	
      1027	  0.582329	
      1028	  0.582638	
      1029	  0.579305	
      1030	  0.580385	
      1031	  0.580134	
      1032	  0.579492	
      1033	  0.573195	
      1034	  0.575575	
      1035	  0.578225	
      1036	  0.578728	
      1037	  0.575061	
      1038	  0.574146	
      1039	  0.577844	
      1040	  0.576851	
      1041	  0.577084	
      1042	  0.576666	
      1043	  0.573263	
      1044	  0.574238	
      1045	  0.570293	
      1046	  0.560243	
      1047	  0.566249	
      1048	  0.571076	
      1049	   0.56948	
      1050	  0.566813	
      1051	  0.566714	
      1052	  0.564259	
      1053	  0.563087	
      1054	   0.56213	
      1055	  0.563744	
      1056	  0.562785	
      1057	  0.561396	
      1058	  0.555502	
      1059	   0.54467	
      1060	  0.552821	
      1061	  0.547247	
      1062	  0.553151	
      1063	   0.54918	
      1064	  0.553901	
      1065	  0.552832	
      1066	  0.544234	
      1067	  0.545526	
      1068	   0.54294	
      1069	  0.522836	
      1070	   0.53337	
      1071	  0.517534	
      1072	  0.507873	
      1073	  0.493446	
      1074	  0.491672	
      1075	  0.479977	
      1076	  0.477239	
      1077	  0.472445	
      1078	  0.467077	
      1079	  0.456643	
      1080	  0.456049	
      1081	  0.444023	
      1082	  0.436928	
      1083	  0.437327	
      1084	  0.437192	
      1085	  0.433773	
      1086	  0.430482	
      1087	  0.416214	
      1088	   0.41979	
      1089	  0.419073	
      1090	  0.414386	
      1091	  0.412522	
      1092	  0.404377	
      1093	  0.395947	
      1094	  0.379543	
      1095	  0.386042	
      1096	  0.387616	
      1097	  0.387891	
      1098	  0.383851	
      1099	  0.380528	
      1100	  0.386807	
      1101	  0.310921	
      1102	  0.260379	
      1103	  0.231023	
      1104	  0.205629	
      1105	  0.184511	
      1106	  0.167033	
      1107	  0.151802	
      1108	  0.139424	
      1109	  0.128482	
      1110	  0.118969	
      1111	  0.109949	
      1112	  0.102208	
      1113	 0.0949423	
      1114	 0.0894039	
      1115	 0.0836025	
      1116	 0.0779318	
      1117	 0.0738121	
      1118	 0.0686973	
      1119	 0.0646398	
      1120	 0.0608876	
      1121	 0.0639892	
      1122	 0.0673337	
      1123	 0.0705463	
      1124	 0.0738859	
      1125	 0.0770214	
      1126	 0.0793033	
      1127	 0.0843199	
      1128	  0.089797	
      1129	 0.0948541	
      1130	 0.0998597	
      1131	 0.0999467	
      1132	 0.0997254	
      1133	 0.0983489	
      1134	 0.0979167	
      1135	 0.0975947	
      1136	 0.0971898	
      1137	  0.095003	
      1138	 0.0935176	
      1139	 0.0941956	
      1140	 0.0941252	
      1141	 0.0924265	
      1142	  0.093205	
      1143	 0.0923597	
      1144	 0.0913747	
      1145	 0.0916263	
      1146	 0.0969774	
      1147	  0.102103	
      1148	  0.107021	
      1149	  0.112551	
      1150	  0.118652	
      1151	  0.125433	
      1152	  0.132672	
      1153	  0.141479	
      1154	  0.151908	
      1155	  0.162583	
      1156	  0.173259	
      1157	  0.187788	
      1158	  0.203448	
      1159	  0.219675	
      1160	  0.239501	
      1161	  0.264882	
      1162	   0.27449	
      1163	  0.281196	
      1164	  0.283115	
      1165	  0.290141	
      1166	  0.291467	
      1167	  0.300084	
      1168	  0.307357	
      1169	  0.307318	
      1170	  0.318994	
      1171	  0.322265	
      1172	  0.323515	
      1173	  0.323178	
      1174	  0.324069	
      1175	  0.320729	
      1176	  0.318298	
      1177	  0.324664	
      1178	  0.324199	
      1179	  0.324845	
      1180	  0.329219	
      1181	  0.329355	
      1182	  0.327823	
      1183	  0.317229	
      1184	  0.327976	
      1185	  0.333821	
      1186	  0.335426	
      1187	  0.336648	
      1188	  0.333785	
      1189	  0.324042	
      1190	   0.33524	
      1191	  0.342731	
      1192	  0.344193	
      1193	  0.345433	
      1194	  0.346877	
      1195	  0.346309	
      1196	   0.34765	
      1197	  0.347212	
      1198	  0.341758	
      1199	  0.335734	
      1200	  0.350543	
      1201	  0.355351	
      1202	  0.354491	
      1203	  0.344502	
      1204	  0.343812	
      1205	  0.351686	
      1206	  0.352011	
      1207	  0.352321	
      1208	  0.345102	
      1209	  0.334282	
      1210	  0.345464	
      1211	  0.342608	
      1212	  0.348684	
      1213	   0.35081	
      1214	  0.350216	
      1215	  0.351272	
      1216	  0.351652	
      1217	  0.351805	
      1218	  0.351267	
      1219	  0.350133	
      1220	  0.351855	
      1221	  0.352438	
      1222	   0.35197	
      1223	  0.350807	
      1224	  0.354662	
      1225	  0.354983	
      1226	  0.355554	
      1227	  0.350957	
      1228	  0.355012	
      1229	  0.358701	
      1230	  0.359479	
      1231	  0.360069	
      1232	  0.359251	
      1233	  0.361812	
      1234	  0.362825	
      1235	  0.363649	
      1236	  0.367788	
      1237	  0.370577	
      1238	  0.373191	
      1239	  0.374848	
      1240	  0.383003	
      1241	  0.382894	
      1242	  0.379529	
      1243	  0.374153	
      1244	  0.370748	
      1245	  0.369774	
      1246	  0.369985	
      1247	  0.368441	
      1248	  0.368559	
      1249	  0.366727	
      1250	  0.364351	
      1251	  0.360746	
      1252	  0.356994	
      1253	  0.356541	
      1254	  0.355436	
      1255	  0.353574	
      1256	  0.351459	
      1257	  0.348703	
      1258	  0.348202	
      1259	  0.345795	
      1260	  0.345532	
      1261	  0.343562	
      1262	  0.339517	
      1263	  0.340271	
      1264	  0.336474	
      1265	  0.335832	
      1266	  0.336059	
      1267	  0.331208	
      1268	  0.328371	
      1269	  0.329673	
      1270	  0.330424	
      1271	  0.331051	
      1272	  0.330431	
      1273	  0.330596	
      1274	   0.32997	
      1275	  0.332392	
      1276	  0.334278	
      1277	  0.335419	
      1278	  0.335801	
      1279	   0.33504	
      1280	  0.333315	
      1281	  0.323083	
      1282	  0.299671	
      1283	  0.319202	
      1284	  0.333586	
      1285	  0.338333	
      1286	  0.340955	
      1287	   0.34385	
      1288	  0.345205	
      1289	  0.348089	
      1290	  0.347334	
      1291	  0.339802	
      1292	  0.334453	
      1293	  0.328729	
      1294	  0.320547	
      1295	  0.317787	
      1296	  0.314805	
      1297	  0.309599	
      1298	  0.304478	
      1299	  0.303333	
      1300	  0.299894	
      1301	  0.296345	
      1302	  0.291606	
      1303	  0.287818	
      1304	  0.284858	
      1305	  0.284786	
      1306	  0.283221	
      1307	  0.281308	
      1308	  0.279043	
      1309	  0.277107	
      1310	  0.274407	
      1311	  0.271947	
      1312	  0.267901	
      1313	  0.261287	
      1314	  0.264034	
      1315	  0.258513	
      1316	  0.258003	
      1317	  0.260005	
      1318	  0.257121	
      1319	  0.258483	
      1320	  0.256916	
      1321	  0.201949	
      1322	   0.16997	
      1323	   0.14729	
      1324	  0.129792	
      1325	  0.115478	
      1326	  0.103395	
      1327	 0.0931617	
      1328	 0.0848525	
      1329	  0.076229	
      1330	 0.0705922	
      1331	 0.0654287	
      1332	 0.0597126	
      1333	 0.0561223	
      1334	 0.0523285	
      1335	 0.0486297	
      1336	  0.045076	
      1337	 0.0421864	
      1338	 0.0393416	
      1339	  0.036526	
      1340	 0.0342409	
      1341	 0.0327109	
      1342	 0.0307958	
      1343	 0.0290456	
      1344	  0.027443	
      1345	 0.0259214	
      1346	 0.0243624	
      1347	 0.0231395	
      1348	 0.0219093	
      1349	 0.0207136	
      1350	 0.0194804	
      1351	 0.0170223	
      1352	 0.0150179	
      1353	 0.0132103	
      1354	  0.011635	
      1355	 0.0102218	
      1356	0.00908892	
      1357	0.00805357	
      1358	0.00728611	
      1359	0.00653264	
      1360	 0.0058391	
      1361	0.00531135	
      1362	0.00478739	
      1363	0.00427933	
      1364	0.00391163	
      1365	0.00355363	
      1366	0.00322915	
      1367	0.00292376	
      1368	0.00268137	
      1369	0.00241955	
      1370	0.00220964	
      1371	0.00202826	
      1372	0.00187696	
      1373	0.00172695	
      1374	0.00158521	
      1375	0.00144004	
      1376	0.00131806	
      1377	0.00122467	
      1378	0.00113138	
      1379	0.00105092	
      1380	0.000967534	
      1381	0.000895258	
      1382	0.000821511	
      1383	0.000762716	
      1384	0.000710148	
      1385	0.000655205	
      1386	0.000611166	
      1387	0.000564649	
      1388	0.000527244	
      1389	0.000491228	
      1390	0.000451972	
      1391	0.000424965	
      1392	0.000396952	
      1393	0.000368768	
      1394	0.000342772	
      1395	0.000320275	
      1396	0.00034107	
      1397	0.000363271	
      1398	0.000387762	
      1399	0.000411342	
      1400	0.000429433	
      1401	0.000457891	
      1402	0.000494176	
      1403	0.000525197	
      1404	0.000562459	
      1405	0.000601937	
      1406	0.00064773	
      1407	0.000693693	
      1408	0.000743218	
      1409	0.000799826	
      1410	0.000857969	
      1411	0.000915975	
      1412	0.000967681	
      1413	0.00105078	
      1414	0.00114583	
      1415	0.00123852	
      1416	0.00133403	
      1417	0.00144962	
      1418	 0.0015727	
      1419	0.00169035	
      1420	0.00183029	
      1421	 0.0019968	
      1422	0.00214131	
      1423	0.00232604	
      1424	0.00253672	
      1425	0.00279145	
      1426	0.00299526	
      1427	0.00330361	
      1428	0.00364653	
      1429	0.00394957	
      1430	0.00433987	
      1431	0.00481296	
      1432	0.00540998	
      1433	0.00599718	
      1434	0.00657548	
      1435	0.00733873	
      1436	0.00820347	
      1437	0.00920045	
      1438	 0.0103043	
      1439	 0.0116167	
      1440	 0.0126991	
      1441	 0.0144742	
      1442	 0.0165311	
      1443	 0.0181831	
      1444	 0.0190725	
      1445	 0.0199779	
      1446	 0.0209893	
      1447	 0.0218769	
      1448	 0.0230604	
      1449	 0.0241462	
      1450	 0.0251827	
      1451	 0.0261906	
      1452	 0.0275116	
      1453	 0.0290056	
      1454	 0.0304158	
      1455	 0.0319522	
      1456	 0.0335884	
      1457	  0.035707	
      1458	 0.0382033	
      1459	  0.040603	
      1460	 0.0427922	
      1461	 0.0452784	
      1462	 0.0478203	
      1463	  0.049105	
      1464	   0.04918	
      1465	 0.0495954	
      1466	 0.0492329	
      1467	 0.0497892	
      1468	 0.0494277	
      1469	 0.0498056	
      1470	 0.0495651	
      1471	 0.0488842	
      1472	 0.0490453	
      1473	 0.0489476	
      1474	 0.0480264	
      1475	 0.0486326	
      1476	 0.0488983	
      1477	 0.0488243	
      1478	 0.0507895	
      1479	 0.0533589	
      1480	 0.0558088	
      1481	 0.0578287	
      1482	 0.0606515	
      1483	 0.0625862	
      1484	 0.0661776	
      1485	 0.0701481	
      1486	 0.0730652	
      1487	 0.0752954	
      1488	 0.0734308	
      1489	 0.0836451	
      1490	 0.0903372	
      1491	 0.0960564	
      1492	  0.101455	
      1493	  0.109284	
      1494	  0.117363	
      1495	  0.125675	
      1496	  0.133212	
      1497	    0.1475	
      1498	  0.150555	
      1499	  0.151793	
      1500	   0.15614	
      1501	  0.158389	
      1502	  0.157781	
      1503	  0.149665	
      1504	  0.155245	
      1505	  0.154768	
      1506	  0.162994	
      1507	  0.171047	
      1508	  0.173119	
      1509	  0.175787	
      1510	  0.182048	
      1511	  0.185968	
      1512	  0.187176	
      1513	  0.190482	
      1514	   0.19447	
      1515	  0.201089	
      1516	  0.206628	
      1517	  0.212728	
      1518	  0.223056	
      1519	  0.231299	
      1520	  0.248431	
      1521	  0.244203	
      1522	  0.243375	
      1523	  0.246155	
      1524	  0.246687	
      1525	  0.243344	
      1526	  0.247744	
      1527	  0.247172	
      1528	  0.248259	
      1529	  0.245779	
      1530	  0.237198	
      1531	  0.246377	
      1532	  0.248277	
      1533	  0.246263	
      1534	  0.243529	
      1535	  0.245939	
      1536	  0.249017	
      1537	  0.249353	
      1538	  0.245684	
      1539	  0.248746	
      1540	  0.240972	
      1541	  0.240843	
      1542	  0.240926	
      1543	  0.239894	
      1544	  0.239987	
      1545	  0.239523	
      1546	  0.237536	
      1547	  0.233708	
      1548	  0.228584	
      1549	  0.230427	
      1550	  0.228382	
      1551	  0.228177	
      1552	  0.229049	
      1553	   0.22608	
      1554	   0.22148	
      1555	  0.220979	
      1556	  0.218746	
      1557	  0.221797	
      1558	  0.220625	
      1559	  0.220606	
      1560	  0.219759	
      1561	  0.222856	
      1562	  0.222548	
      1563	   0.22183	
      1564	  0.220174	
      1565	  0.222391	
      1566	  0.220965	
      1567	  0.221324	
      1568	  0.219801	
      1569	  0.221661	
      1570	  0.221952	
      1571	  0.226192	
      1572	  0.227065	
      1573	  0.225081	
      1574	  0.223097	
      1575	  0.215429	
      1576	  0.220463	
      1577	   0.20987	
      1578	  0.221714	
      1579	  0.227122	
      1580	  0.228837	
      1581	  0.228273	
      1582	  0.221448	
      1583	  0.222197	
      1584	  0.220684	
      1585	  0.224786	
      1586	  0.222529	
      1587	  0.219409	
      1588	  0.213725	
      1589	  0.202457	
      1590	  0.206681	
      1591	  0.208214	
      1592	  0.216176	
      1593	  0.219914	
      1594	  0.218844	
      1595	  0.218013	
      1596	   0.20987	
      1597	  0.211306	
      1598	   0.21507	
      1599	  0.211867	
      1600	  0.211844	
      1601	  0.207098	
      1602	  0.208357	
      1603	  0.208472	
      1604	  0.208375	
      1605	   0.20621	
      1606	  0.205298	
      1607	  0.204195	
      1608	  0.206617	
      1609	  0.204491	
      1610	  0.194936	
      1611	   0.19885	
      1612	  0.200832	
      1613	  0.204399	
      1614	  0.204341	
      1615	   0.20357	
      1616	  0.197125	
      1617	  0.199955	
      1618	  0.206012	
      1619	  0.205539	
      1620	  0.201029	
      1621	  0.201353	
      1622	  0.204732	
      1623	  0.209285	
      1624	  0.210344	
      1625	  0.208532	
      1626	  0.211218	
      1627	   0.21308	
      1628	  0.215418	
      1629	  0.217202	
      1630	  0.218148	
      1631	  0.218921	
      1632	  0.218673	
      1633	  0.216131	
      1634	  0.214065	
      1635	  0.216341	
      1636	  0.215537	
      1637	   0.20857	
      1638	  0.206756	
      1639	  0.203686	
      1640	  0.205522	
      1641	  0.204514	
      1642	  0.204766	
      1643	  0.207745	
      1644	  0.206061	
      1645	  0.205408	
      1646	  0.207934	
      1647	  0.208316	
      1648	  0.207683	
      1649	  0.204663	
      1650	    0.2063	
      1651	  0.204424	
      1652	  0.206303	
      1653	  0.204887	
      1654	  0.205516	
      1655	  0.203879	
      1656	  0.204849	
      1657	  0.204922	
      1658	  0.203855	
      1659	  0.201892	
      1660	  0.202987	
      1661	  0.203739	
      1662	  0.203024	
      1663	  0.202202	
      1664	  0.201826	
      1665	  0.200211	
      1666	  0.198715	
      1667	  0.198689	
      1668	  0.196282	
      1669	  0.197617	
      1670	  0.200429	
      1671	  0.199158	
      1672	  0.193373	
      1673	  0.195391	
      1674	   0.19752	
      1675	  0.195468	
      1676	  0.193309	
      1677	  0.194428	
      1678	  0.194977	
      1679	  0.191085	
      1680	  0.184164	
      1681	  0.177744	
      1682	  0.180096	
      1683	   0.18425	
      1684	  0.186323	
      1685	   0.18634	
      1686	  0.183983	
      1687	  0.183742	
      1688	  0.182976	
      1689	  0.180502	
      1690	  0.180106	
      1691	  0.182208	
      1692	  0.182062	
      1693	  0.180961	
      1694	  0.180406	
      1695	  0.179873	
      1696	  0.178705	
      1697	   0.17756	
      1698	  0.176953	
      1699	  0.175613	
      1700	  0.173239	
      1701	  0.172557	
      1702	  0.172169	
      1703	  0.171578	
      1704	  0.170954	
      1705	  0.170278	
      1706	  0.169185	
      1707	  0.168033	
      1708	  0.166891	
      1709	  0.165756	
      1710	  0.164795	
      1711	  0.164831	
      1712	  0.165036	
      1713	  0.165243	
      1714	  0.165453	
      1715	  0.165526	
      1716	  0.164733	
      1717	  0.163807	
      1718	  0.162886	
      1719	  0.161971	
      1720	  0.161127	
      1721	  0.160645	
      1722	  0.160231	
      1723	  0.159821	
      1724	  0.159414	
      1725	  0.158954	
      1726	  0.158127	
      1727	  0.157247	
      1728	  0.156372	
      1729	  0.155502	
      1730	  0.154499	
      1731	  0.152653	
      1732	  0.150678	
      1733	  0.148709	
      1734	  0.146748	
      1735	  0.145176	
      1736	  0.145865	
      1737	  0.146935	
      1738	  0.148003	
      1739	   0.14907	
      1740	  0.149898	
      1741	  0.130946	
      1742	  0.118575	
      1743	  0.109114	
      1744	   0.10138	
      1745	 0.0948622	
      1746	 0.0894137	
      1747	 0.0846415	
      1748	 0.0803761	
      1749	 0.0765256	
      1750	 0.0730338	
      1751	 0.0698885	
      1752	 0.0670023	
      1753	 0.0643314	
      1754	 0.0618496	
      1755	 0.0595126	
      1756	 0.0571839	
      1757	 0.0549798	
      1758	 0.0529086	
      1759	 0.0509579	
      1760	 0.0491306	
      1761	 0.0474813	
      1762	 0.0459311	
      1763	 0.0444597	
      1764	 0.0430611	
      1765	   0.04173	
      1766	 0.0404614	
      1767	 0.0392511	
      1768	  0.038095	
      1769	 0.0369897	
      1770	 0.0359178	
      1771	 0.0348019	
      1772	   0.03372	
      1773	 0.0326833	
      1774	 0.0316891	
      1775	 0.0307526	
      1776	 0.0299552	
      1777	 0.0292042	
      1778	 0.0284807	
      1779	 0.0277833	
      1780	 0.0271028	
      1781	 0.0264011	
      1782	 0.0257169	
      1783	 0.0250566	
      1784	  0.024419	
      1785	 0.0238101	
      1786	 0.0232617	
      1787	 0.0227375	
      1788	 0.0222299	
      1789	 0.0217381	
      1790	  0.021253	
      1791	 0.0207279	
      1792	 0.0202112	
      1793	 0.0197108	
      1794	  0.019226	
      1795	 0.0187563	
      1796	 0.0183009	
      1797	 0.0178594	
      1798	 0.0174312	
      1799	 0.0170157	
      1800	 0.0166224	
      1801	 0.0145418	
      1802	  0.012805	
      1803	 0.0113342	
      1804	 0.0100781	
      1805	0.00899648	
      1806	0.00805262	
      1807	0.00723069	
      1808	0.00651213	
      1809	0.00588109	
      1810	0.00531359	
      1811	0.00475201	
      1812	0.00424896	
      1813	0.00380572	
      1814	0.00341411	
      1815	0.00307675	
      1816	 0.0028282	
      1817	0.00261176	
      1818	0.00241536	
      1819	0.00223676	
      1820	 0.0020734	
      1821	0.00192073	
      1822	0.00178087	
      1823	0.00165305	
      1824	0.00153607	
      1825	0.00142736	
      1826	0.00131903	
      1827	 0.0012188	
      1828	0.00112719	
      1829	0.00104337	
      1830	0.000967066	
      1831	0.000899552	
      1832	0.000837834	
      1833	0.000780945	
      1834	0.000728455	
      1835	0.000679889	
      1836	0.000634353	
      1837	0.000592183	
      1838	0.00055317	
      1839	0.000517048	
      1840	0.000483512	
      1841	0.00045195	
      1842	0.000422629	
      1843	0.000395424	
      1844	0.000370165	
      1845	0.000346878	
      1846	0.000326156	
      1847	0.000306985	
      1848	0.000289082	
      1849	0.000272351	
      1850	0.000256623	
      1851	0.000241438	
      1852	0.000227175	
      1853	0.000213845	
      1854	0.00020138	
      1855	0.000189718	
      1856	0.000178802	
      1857	0.000168578	
      1858	0.000158999	
      1859	0.000150019	
      1860	0.000141597	
      1861	0.000145753	
      1862	0.000150048	
      1863	0.000154487	
      1864	0.000159077	
      1865	0.000163855	
      1866	0.000168958	
      1867	0.000174277	
      1868	0.000179787	
      1869	0.000185495	
      1870	0.00019099	
      1871	0.000194017	
      1872	0.00019661	
      1873	0.000199187	
      1874	0.000201742	
      1875	0.000205401	
      1876	0.000216051	
      1877	0.00022843	
      1878	0.00024144	
      1879	0.000255114	
      1880	0.000268753	
      1881	0.000278523	
      1882	0.000287907	
      1883	0.000297654	
      1884	0.00030778	
      1885	0.00031804	
      1886	0.000326979	
      1887	0.000335927	
      1888	0.000345155	
      1889	0.000354674	
      1890	0.000364753	
      1891	0.000376782	
      1892	0.000389555	
      1893	0.000402831	
      1894	0.000416636	
      1895	0.000431305	
      1896	0.000448521	
      1897	0.00046685	
      1898	0.000486023	
      1899	0.000506083	
      1900	0.000526814	
      1901	0.000546709	
      1902	0.000567194	
      1903	0.000588576	
      1904	 0.0006109	
      1905	0.000634124	
      1906	0.000657624	
      1907	0.000682055	
      1908	0.00070756	
      1909	0.000734194	
      1910	0.000762185	
      1911	0.000792253	
      1912	0.000823904	
      1913	0.000857049	
      1914	0.000891771	
      1915	0.00092816	
      1916	0.00096631	
      1917	0.00100632	
      1918	0.00104831	
      1919	0.00109238	
      1920	0.00113866	
      1921	0.00108994	
      1922	0.00109532	
      1923	0.00111212	
      1924	0.00113562	
      1925	 0.0011637	
      1926	0.00119331	
      1927	0.00122615	
      1928	0.00126245	
      1929	0.00130215	
      1930	0.00134631	
      1931	0.00140046	
      1932	0.00145998	
      1933	0.00152411	
      1934	0.00159316	
      1935	0.00166658	
      1936	0.00173951	
      1937	0.00181694	
      1938	0.00190019	
      1939	0.00198973	
      1940	0.00208293	
      1941	  0.002163	
      1942	0.00224512	
      1943	0.00233293	
      1944	0.00242694	
      1945	0.00253614	
      1946	0.00270739	
      1947	0.00290411	
      1948	0.00311995	
      1949	0.00335731	
      1950	0.00361613	
      1951	0.00388373	
      1952	0.00417639	
      1953	0.00450102	
      1954	 0.0048624	
      1955	0.00526222	
      1956	 0.0056842	
      1957	0.00615417	
      1958	0.00668577	
      1959	0.00729105	
      1960	0.00798419	
      1961	0.00841687	
      1962	 0.0088806	
      1963	   0.00938	
      1964	0.00991885	
      1965	 0.0105101	
      1966	 0.0112058	
      1967	 0.0119744	
      1968	 0.0128155	
      1969	 0.0137385	
      1970	 0.0147464	
      1971	 0.0158007	
      1972	 0.0169575	
      1973	 0.0182425	
      1974	 0.0196771	
      1975	 0.0212881	
      1976	 0.0231092	
      1977	 0.0251838	
      1978	 0.0275693	
      1979	 0.0303433	
      1980	 0.0336233	
      1981	 0.0376065	
      1982	 0.0425213	
      1983	 0.0487897	
      1984	 0.0572495	
      1985	 0.0700361	
      1986	 0.0552202	
      1987	 0.0476572	
      1988	  0.042355	
      1989	 0.0382653	
      1990	 0.0349205	
      1991	 0.0319622	
      1992	 0.0294095	
      1993	 0.0271941	
      1994	  0.025248	
      1995	 0.0235379	
      1996	 0.0220917	
      1997	 0.0208027	
      1998	  0.019634	
      1999	 0.0185691	
      2000	 0.0175869	
      2001	 0.0166419	
      2002	 0.0157649	
      2003	 0.0149549	
      2004	 0.0142049	
      2005	 0.0135144	
      2006	  0.014011	
      2007	   0.01454	
      2008	 0.0150978	
      2009	 0.0156865	
      2010	 0.0163057	
      2011	 0.0169373	
      2012	 0.0176028	
      2013	 0.0183083	
      2014	 0.0190575	
      2015	 0.0198509	
      2016	 0.0206673	
      2017	 0.0215347	
      2018	 0.0224624	
      2019	  0.023457	
      2020	 0.0245373	
      2021	 0.0257718	
      2022	  0.027122	
      2023	 0.0285913	
      2024	 0.0301975	
      2025	 0.0319481	
      2026	 0.0337923	
      2027	 0.0358283	
      2028	 0.0381139	
      2029	 0.0407091	
      2030	  0.043711	
      2031	 0.0472993	
      2032	 0.0516517	
      2033	 0.0571596	
      2034	  0.064775	
      2035	 0.0789635	
      2036	 0.0778104	
      2037	   0.07674	
      2038	  0.075746	
      2039	 0.0748141	
      2040	 0.0739896	
      2041	 0.0735105	
      2042	 0.0731194	
      2043	  0.072757	
      2044	 0.0724201	
      2045	 0.0720592	
      2046	 0.0714141	
      2047	 0.0707455	
      2048	 0.0700983	
      2049	 0.0694709	
      2050	 0.0688814	
      2051	 0.0683994	
      2052	 0.0679518	
      2053	 0.0675183	
      2054	 0.0670981	
      2055	 0.0666779	
      2056	 0.0661687	
      2057	 0.0656593	
      2058	  0.065162	
      2059	 0.0646763	
      2060	 0.0642206	
      2061	 0.0638625	
      2062	  0.063533	
      2063	  0.063213	
      2064	 0.0629025	
      2065	 0.0626014	
      2066	 0.0628312	
      2067	 0.0630657	
      2068	  0.063305	
      2069	 0.0635494	
      2070	 0.0638181	
      2071	 0.0641815	
      2072	 0.0645712	
      2073	 0.0649687	
      2074	 0.0653743	
      2075	 0.0657623	
      2076	 0.0659884	
      2077	 0.0661949	
      2078	 0.0664084	
      2079	 0.0666292	
      2080	 0.0668713	
      2081	 0.0671898	
      2082	 0.0675322	
      2083	 0.0678858	
      2084	 0.0682513	
      2085	 0.0686369	
      2086	 0.0690507	
      2087	 0.0694872	
      2088	  0.069941	
      2089	 0.0704138	
      2090	 0.0708931	
      2091	 0.0713222	
      2092	 0.0717613	
      2093	 0.0722282	
      2094	 0.0727274	
      2095	  0.073295	
      2096	  0.074109	
      2097	 0.0750149	
      2098	 0.0759973	
      2099	 0.0770794	
      2100	 0.0782911	
      2101	 0.0783044	
      2102	 0.0783103	
      2103	 0.0783169	
      2104	 0.0783243	
      2105	  0.078316	
      2106	 0.0782103	
      2107	 0.0780888	
      2108	 0.0779679	
      2109	 0.0778476	
      2110	 0.0777362	
      2111	 0.0776913	
      2112	 0.0776555	
      2113	 0.0776206	
      2114	 0.0775867	
      2115	 0.0775538	
      2116	 0.0775054	
      2117	 0.0774582	
      2118	  0.077412	
      2119	 0.0773671	
      2120	 0.0773234	
      2121	 0.0772645	
      2122	 0.0772069	
      2123	 0.0771508	
      2124	 0.0770963	
      2125	 0.0770685	
      2126	 0.0771765	
      2127	 0.0773119	
      2128	 0.0774499	
      2129	 0.0775907	
      2130	 0.0777008	
      2131	 0.0776286	
      2132	 0.0775255	
      2133	 0.0774255	
      2134	 0.0773287	
      2135	 0.0772611	
      2136	 0.0773676	
      2137	  0.077505	
      2138	 0.0776486	
      2139	 0.0777993	
      2140	 0.0779326	
      2141	 0.0779212	
      2142	 0.0778947	
      2143	 0.0778816	
      2144	 0.0778854	
      2145	 0.0779381	
      2146	 0.0781451	
      2147	 0.0784302	
      2148	 0.0788102	
      2149	 0.0787614	
      2150	 0.0787039	
      2151	 0.0785588	
      2152	  0.078405	
      2153	 0.0782513	
      2154	 0.0780977	
      2155	 0.0779443	
      2156	 0.0777559	
      2157	 0.0775676	
      2158	 0.0773794	
      2159	 0.0771914	
      2160	 0.0768984	
      2161	 0.0759573	
      2162	 0.0749116	
      2163	 0.0738662	
      2164	 0.0728212	
      2165	  0.071978	
      2166	 0.0723603	
      2167	 0.0729438	
      2168	 0.0735272	
      2169	 0.0741105	
      2170	 0.0746324	
      2171	 0.0747519	
      2172	 0.0748103	
      2173	 0.0748687	
      2174	 0.0749271	
      2175	 0.0749506	
      2176	 0.0747644	
      2177	 0.0745434	
      2178	 0.0743225	
      2179	 0.0741017	
      2180	 0.0739073	
      2181	 0.0738876	
      2182	 0.0738941	
      2183	 0.0739007	
      2184	 0.0739074	
      2185	 0.0738791	
      2186	 0.0736241	
      2187	 0.0733343	
      2188	 0.0730447	
      2189	 0.0727552	
      2190	 0.0725094	
      2191	 0.0725253	
      2192	 0.0725848	
      2193	 0.0726444	
      2194	  0.072704	
      2195	 0.0727375	
      2196	 0.0726316	
      2197	 0.0724997	
      2198	 0.0723679	
      2199	 0.0722214	
      2200	  0.072049	
      2201	 0.0717202	
      2202	 0.0713656	
      2203	 0.0710113	
      2204	 0.0706573	
      2205	  0.070347	
      2206	 0.0702629	
      2207	 0.0702224	
      2208	 0.0701819	
      2209	 0.0701415	
      2210	 0.0700926	
      2211	  0.070009	
      2212	 0.0699169	
      2213	 0.0698249	
      2214	 0.0697331	
      2215	 0.0696413	
      2216	 0.0695497	
      2217	 0.0694582	
      2218	 0.0693668	
      2219	 0.0692756	
      2220	 0.0691671	
      2221	 0.0689551	
      2222	 0.0687259	
      2223	  0.068497	
      2224	 0.0682682	
      2225	 0.0680569	
      2226	 0.0679494	
      2227	 0.0678593	
      2228	 0.0677692	
      2229	 0.0676793	
      2230	 0.0675895	
      2231	 0.0674826	
      2232	 0.0673757	
      2233	  0.067269	
      2234	 0.0671624	
      2235	 0.0670387	
      2236	 0.0667947	
      2237	 0.0665336	
      2238	 0.0662728	
      2239	 0.0660122	
      2240	 0.0657775	
      2241	 0.0656977	
      2242	 0.0656437	
      2243	 0.0655899	
      2244	 0.0655361	
      2245	 0.0654652	
      2246	 0.0653086	
      2247	  0.065135	
      2248	 0.0649616	
      2249	 0.0647882	
      2250	 0.0646151	
      2251	 0.0644078	
      2252	 0.0642006	
      2253	 0.0639937	
      2254	 0.0637868	
      2255	 0.0635973	
      2256	 0.0635277	
      2257	 0.0634752	
      2258	 0.0634229	
      2259	 0.0633706	
      2260	 0.0633098	
      2261	 0.0631636	
      2262	 0.0630091	
      2263	 0.0628546	
      2264	 0.0627003	
      2265	 0.0625632	
      2266	 0.0624945	
      2267	 0.0624428	
      2268	 0.0623913	
      2269	 0.0623398	
      2270	 0.0622798	
      2271	 0.0619295	
      2272	 0.0615815	
      2273	 0.0612434	
      2274	 0.0609142	
      2275	 0.0605766	
      2276	 0.0601635	
      2277	 0.0597416	
      2278	  0.059327	
      2279	 0.0589194	
      2280	 0.0585428	
      2281	 0.0583192	
      2282	 0.0581246	
      2283	 0.0579342	
      2284	 0.0577478	
      2285	 0.0575652	
      2286	  0.057354	
      2287	 0.0571463	
      2288	  0.056942	
      2289	  0.056741	
      2290	 0.0565114	
      2291	  0.056079	
      2292	 0.0556192	
      2293	 0.0551637	
      2294	 0.0547122	
      2295	 0.0543117	
      2296	 0.0541647	
      2297	 0.0540665	
      2298	 0.0539701	
      2299	 0.0538755	
      2300	 0.0537747	
      2301	  0.053614	
      2302	 0.0534475	
      2303	 0.0532829	
      2304	 0.0531201	
      2305	 0.0529514	
      2306	  0.052754	
      2307	 0.0525509	
      2308	 0.0523497	
      2309	 0.0521502	
      2310	 0.0519524	
      2311	 0.0517263	
      2312	  0.051502	
      2313	 0.0512794	
      2314	 0.0510585	
      2315	 0.0508393	
      2316	 0.0506366	
      2317	 0.0504354	
      2318	 0.0502358	
      2319	 0.0500376	
      2320	 0.0498187	
      2321	 0.0494395	
      2322	 0.0490404	
      2323	 0.0486435	
      2324	 0.0482488	
      2325	 0.0479073	
      2326	 0.0478443	
      2327	 0.0478329	
      2328	  0.047822	
      2329	 0.0478116	
      2330	   0.04778	
      2331	 0.0476337	
      2332	 0.0474667	
      2333	 0.0473008	
      2334	  0.047136	
      2335	 0.0469721	
      2336	 0.0468093	
      2337	 0.0466475	
      2338	 0.0464866	
      2339	 0.0463267	
      2340	 0.0461749	
      2341	 0.0460663	
      2342	 0.0459655	
      2343	 0.0458654	
      2344	 0.0457659	
      2345	 0.0456531	
      2346	  0.045471	
      2347	 0.0452759	
      2348	 0.0450817	
      2349	 0.0448886	
      2350	 0.0446824	
      2351	 0.0443802	
      2352	 0.0440654	
      2353	  0.043752	
      2354	 0.0434399	
      2355	 0.0431705	
      2356	 0.0431224	
      2357	 0.0431158	
      2358	 0.0431095	
      2359	 0.0431034	
      2360	 0.0430907	
      2361	 0.0415305	
      2362	 0.0401323	
      2363	  0.038867	
      2364	 0.0377094	
      2365	 0.0366358	
      2366	 0.0355934	
      2367	 0.0346137	
      2368	 0.0336939	
      2369	  0.032827	
      2370	 0.0320022	
      2371	 0.0311898	
      2372	 0.0304124	
      2373	 0.0296715	
      2374	 0.0289639	
      2375	 0.0283053	
      2376	 0.0277647	
      2377	 0.0272637	
      2378	 0.0267825	
      2379	 0.0263197	
      2380	 0.0258404	
      2381	 0.0251891	
      2382	 0.0245282	
      2383	 0.0238899	
      2384	 0.0232729	
      2385	 0.0227144	
      2386	 0.0224001	
      2387	 0.0221325	
      2388	 0.0218727	
      2389	 0.0216204	
      2390	 0.0213609	
      2391	  0.021025	
      2392	 0.0206846	
      2393	 0.0203535	
      2394	 0.0200313	
      2395	 0.0197176	
      2396	 0.0194056	
      2397	 0.0191015	
      2398	 0.0188052	
      2399	 0.0185161	
      2400	 0.0182341	
      2401	  0.017965	
      2402	 0.0177022	
      2403	 0.0174455	
      2404	 0.0171947	
      2405	 0.0169497	
      2406	 0.0167157	
      2407	 0.0164869	
      2408	 0.0162631	
      2409	 0.0160441	
      2410	 0.0158164	
      2411	 0.0155143	
      2412	 0.0152058	
      2413	 0.0149041	
      2414	 0.0146089	
      2415	 0.0143402	
      2416	 0.0141864	
      2417	 0.0140551	
      2418	 0.0139261	
      2419	 0.0137994	
      2420	 0.0136678	
      2421	 0.0134918	
      2422	 0.0133121	
      2423	 0.0131358	
      2424	 0.0129628	
      2425	 0.0127953	
      2426	  0.012644	
      2427	 0.0124976	
      2428	 0.0123538	
      2429	 0.0122125	
      2430	 0.0120716	
      2431	 0.0119121	
      2432	 0.0117534	
      2433	 0.0115976	
      2434	 0.0114444	
      2435	 0.0112959	
      2436	 0.0111657	
      2437	 0.0110397	
      2438	 0.0109157	
      2439	 0.0107937	
      2440	 0.0106718	
      2441	 0.0105368	
      2442	 0.0104022	
      2443	 0.0102698	
      2444	 0.0101396	
      2445	 0.0100097	
      2446	0.00987473	
      2447	0.00974021	
      2448	0.00960787	
      2449	0.00947767	
      2450	0.00935298	
      2451	0.00884845	
      2452	0.00838506	
      2453	0.00795547	
      2454	0.00755631	
      2455	0.00718729	
      2456	0.00685559	
      2457	 0.0065476	
      2458	0.00625882	
      2459	0.00598763	
      2460	0.00573154	
      2461	0.00548234	
      2462	0.00524663	
      2463	0.00502435	
      2464	 0.0048145	
      2465	0.00461447	
      2466	0.00441711	
      2467	0.00422889	
      2468	0.00405077	
      2469	0.00388205	
      2470	0.00372351	
      2471	0.00358245	
      2472	0.00344957	
      2473	0.00332305	
      2474	0.00320249	
      2475	0.00308581	
      2476	0.00296337	
      2477	0.00284519	
      2478	0.00273264	
      2479	0.00262539	
      2480	 0.0025246	
      2481	0.00243499	
      2482	0.00235065	
      2483	0.00226993	
      2484	0.00219264	
      2485	0.00211942	
      2486	0.00205318	
      2487	0.00199032	
      2488	 0.0019299	
      2489	 0.0018718	
      2490	0.00181278	
      2491	0.00173719	
      2492	  0.001662	
      2493	0.00159018	
      2494	0.00152155	
      2495	0.00146042	
      2496	0.00142674	
      2497	0.00139827	
      2498	0.00137052	
      2499	0.00134347	
      2500	0.00131504	
      2501	0.000555742	
      2502	0.000263941	
      2503	0.000135507	
      2504	7.36067e-05	
      2505	4.17476e-05	
      2506	2.4467e-05	
      2507	1.47533e-05	
      2508	9.11389e-06	
      2509	5.74832e-06	
      2510	3.69259e-06	
      2511	2.41316e-06	
      2512	1.59998e-06	
      2513	1.07449e-06	
      2514	   7.3e-07	
      2515	5.01219e-07	
      2516	3.47624e-07	
      2517	2.43255e-07	
      2518	1.71629e-07	
      2519	1.22023e-07	
      2520	8.7393e-08	
      2521	6.30624e-08	
      2522	4.58006e-08	
      2523	 3.346e-08	
      2524	2.45804e-08	
      2525	1.8156e-08	
      2526	1.34944e-08	
      2527	1.00791e-08	
      2528	7.56195e-09	
      2529	5.69768e-09	
      2530	4.30961e-09	
      2531	3.26552e-09	
      2532	2.48305e-09	
      2533	1.89479e-09	
      2534	1.45083e-09	
      2535	1.11476e-09	
      2536	8.59969e-10	
      2537	6.65565e-10	
      2538	5.16612e-10	
      2539	4.02124e-10	
      2540	3.13857e-10	
      2541	2.45713e-10	
      2542	1.92852e-10	
      2543	1.51734e-10	
      2544	1.19667e-10	
      2545	9.45933e-11	
      2546	7.4908e-11	
      2547	5.94474e-11	
      2548	4.72768e-11	
      2549	3.76744e-11	
      2550	3.00818e-11	
      2551	2.40552e-11	
      2552	1.92719e-11	
      2553	1.54679e-11	
      2554	1.24367e-11	
      2555	1.00168e-11	
      2556	8.07785e-12	
      2557	6.52488e-12	
      2558	5.2789e-12	
      2559	4.27751e-12	
      2560	3.47213e-12	
      2561	2.82507e-12	
      2562	2.30246e-12	
      2563	1.8792e-12	
      2564	1.53588e-12	
      2565	 1.257e-12	
      2566	1.02967e-12	
      2567	8.44554e-13	
      2568	6.93603e-13	
      2569	5.70344e-13	
      2570	4.69564e-13	
      2571	3.86883e-13	
      2572	3.19135e-13	
      2573	2.63554e-13	
      2574	2.17899e-13	
      2575	1.80352e-13	
      2576	1.49437e-13	
      2577	1.23954e-13	
      2578	1.02924e-13	
      2579	8.55499e-14	
      2580	7.11643e-14	
      2581	5.91756e-14	
      2582	4.92429e-14	
      2583	4.10163e-14	
      2584	3.41958e-14	
      2585	2.85488e-14	
      2586	2.39332e-14	
      2587	2.00911e-14	
      2588	1.68808e-14	
      2589	1.41957e-14	
      2590	1.19452e-14	
      2591	1.00414e-14	
      2592	8.44605e-15	
      2593	7.10994e-15	
      2594	  5.99e-15	
      2595	5.05162e-15	
      2596	4.26753e-15	
      2597	3.60875e-15	
      2598	3.05398e-15	
      2599	2.58643e-15	
      2600	2.19206e-15	
      2601	1.44944e-15	
      2602	1.14516e-15	
      2603	9.35527e-16	
      2604	7.7798e-16	
      2605	6.54508e-16	
      2606	5.54744e-16	
      2607	4.73223e-16	
      2608	4.05773e-16	
      2609	3.49429e-16	
      2610	3.02002e-16	
      2611	2.61954e-16	
      2612	2.27841e-16	
      2613	1.98654e-16	
      2614	1.73585e-16	
      2615	1.51979e-16	
      2616	1.33176e-16	
      2617	1.16892e-16	
      2618	1.02755e-16	
      2619	9.04559e-17	
      2620	7.96952e-17	
      2621	7.00652e-17	
      2622	6.16384e-17	
      2623	5.42821e-17	
      2624	4.7851e-17	
      2625	4.22734e-17	
      2626	3.76384e-17	
      2627	3.35822e-17	
      2628	2.99881e-17	
      2629	  2.68e-17	
      2630	2.39575e-17	
      2631	2.13699e-17	
      2632	1.90661e-17	
      2633	1.70223e-17	
      2634	1.52075e-17	
      2635	1.35916e-17	
      2636	1.21252e-17	
      2637	1.08206e-17	
      2638	9.66175e-18	
      2639	8.63172e-18	
      2640	7.7194e-18	
      2641	6.92774e-18	
      2642	6.22355e-18	
      2643	5.59372e-18	
      2644	5.03007e-18	
      2645	4.52535e-18	
      2646	4.06909e-18	
      2647	3.66048e-18	
      2648	3.29434e-18	
      2649	2.96609e-18	
      2650	2.67166e-18	
      2651	2.40503e-18	
      2652	2.16587e-18	
      2653	1.95125e-18	
      2654	1.75857e-18	
      2655	1.5859e-18	
      2656	1.43216e-18	
      2657	1.29411e-18	
      2658	1.16979e-18	
      2659	1.05778e-18	
      2660	9.56578e-19	
      2661	8.64034e-19	
      2662	7.80498e-19	
      2663	7.05263e-19	
      2664	6.37479e-19	
      2665	5.76683e-19	
      2666	5.22917e-19	
      2667	4.7455e-19	
      2668	4.30786e-19	
      2669	3.91173e-19	
      2670	3.55215e-19	
      2671	3.21829e-19	
      2672	2.91587e-19	
      2673	2.64258e-19	
      2674	2.39555e-19	
      2675	2.17275e-19	
      2676	1.97323e-19	
      2677	1.79296e-19	
      2678	1.62959e-19	
      2679	1.48147e-19	
      2680	1.34716e-19	
      2681	1.22533e-19	
      2682	1.1148e-19	
      2683	1.01448e-19	
      2684	9.23403e-20	
      2685	8.40706e-20	
      2686	7.64791e-20	
      2687	6.9589e-20	
      2688	6.33339e-20	
      2689	5.76538e-20	
      2690	5.24947e-20	
      2691	4.7833e-20	
      2692	4.35947e-20	
      2693	3.97405e-20	
      2694	3.62347e-20	
      2695	3.30451e-20	
      2696	3.01264e-20	
      2697	2.74712e-20	
      2698	2.5055e-20	
      2699	2.28558e-20	
      2700	2.08594e-20	
      2701	2.35002e-20	
      2702	2.64932e-20	
      2703	2.98796e-20	
      2704	3.37128e-20	
      2705	3.80536e-20	
      2706	4.29714e-20	
      2707	4.85454e-20	
      2708	5.48658e-20	
      2709	6.20358e-20	
      2710	7.01735e-20	
      2711	7.94568e-20	
      2712	9.00081e-20	
      2713	1.02006e-19	
      2714	1.15656e-19	
      2715	1.31193e-19	
      2716	1.48803e-19	
      2717	1.68856e-19	
      2718	1.91701e-19	
      2719	2.17739e-19	
      2720	2.47433e-19	
      2721	2.81157e-19	
      2722	3.19632e-19	
      2723	3.63551e-19	
      2724	4.1371e-19	
      2725	4.71155e-19	
      2726	5.37146e-19	
      2727	6.12864e-19	
      2728	6.99618e-19	
      2729	7.99071e-19	
      2730	9.13145e-19	
      2731	1.0429e-18	
      2732	1.19174e-18	
      2733	1.36256e-18	
      2734	1.55872e-18	
      2735	1.78412e-18	
      2736	2.0444e-18	
      2737	 2.344e-18	
      2738	2.68905e-18	
      2739	3.0867e-18	
      2740	3.54525e-18	
      2741	4.07665e-18	
      2742	4.69055e-18	
      2743	5.40019e-18	
      2744	6.22107e-18	
      2745	7.17122e-18	
      2746	8.26708e-18	
      2747	9.53653e-18	
      2748	1.10081e-17	
      2749	1.27151e-17	
      2750	1.46966e-17	
      2751	1.69887e-17	
      2752	1.96518e-17	
      2753	2.2748e-17	
      2754	2.63506e-17	
      2755	3.05455e-17	
      2756	3.54338e-17	
      2757	4.11344e-17	
      2758	4.77876e-17	
      2759	5.55587e-17	
      2760	6.46428e-17	
      2761	7.53141e-17	
      2762	8.78161e-17	
      2763	1.02475e-16	
      2764	1.19679e-16	
      2765	1.39885e-16	
      2766	1.63735e-16	
      2767	1.91815e-16	
      2768	2.24904e-16	
      2769	2.63933e-16	
      2770	3.0992e-16	
      2771	3.63824e-16	
      2772	4.27371e-16	
      2773	5.02484e-16	
      2774	5.91358e-16	
      2775	6.96622e-16	
      2776	8.21913e-16	
      2777	9.70708e-16	
      2778	1.14761e-15	
      2779	1.35815e-15	
      2780	1.60901e-15	
      2781	1.9094e-15	
      2782	2.26835e-15	
      2783	2.69779e-15	
      2784	3.21219e-15	
      2785	3.82911e-15	
      2786	4.56991e-15	
      2787	5.46063e-15	
      2788	 6.533e-15	
      2789	7.8258e-15	
      2790	9.38647e-15	
      2791	1.12664e-14	
      2792	1.35408e-14	
      2793	1.62968e-14	
      2794	1.96411e-14	
      2795	2.37128e-14	
      2796	2.86879e-14	
      2797	3.47696e-14	
      2798	4.22053e-14	
      2799	5.1312e-14	
      2800	6.24843e-14	
      2801	7.16589e-14	
      2802	8.22289e-14	
      2803	9.44144e-14	
      2804	1.08471e-13	
      2805	1.24736e-13	
      2806	1.43616e-13	
      2807	1.65511e-13	
      2808	1.90866e-13	
      2809	2.2025e-13	
      2810	2.54325e-13	
      2811	2.93869e-13	
      2812	3.39794e-13	
      2813	3.93168e-13	
      2814	4.55247e-13	
      2815	5.27504e-13	
      2816	6.11295e-13	
      2817	7.08918e-13	
      2818	8.22746e-13	
      2819	9.55579e-13	
      2820	1.11072e-12	
      2821	1.29125e-12	
      2822	1.50233e-12	
      2823	1.74933e-12	
      2824	2.03862e-12	
      2825	2.37849e-12	
      2826	2.77916e-12	
      2827	3.25119e-12	
      2828	3.80678e-12	
      2829	4.46134e-12	
      2830	5.2333e-12	
      2831	6.14072e-12	
      2832	7.2124e-12	
      2833	8.47938e-12	
      2834	9.97887e-12	
      2835	1.17555e-11	
      2836	1.38539e-11	
      2837	1.63442e-11	
      2838	1.93029e-11	
      2839	2.28223e-11	
      2840	2.70138e-11	
      2841	3.20325e-11	
      2842	3.80283e-11	
      2843	4.52007e-11	
      2844	5.37922e-11	
      2845	6.40973e-11	
      2846	7.64259e-11	
      2847	9.12461e-11	
      2848	1.09087e-10	
      2849	1.30598e-10	
      2850	1.56573e-10	
      2851	1.87987e-10	
      2852	2.26042e-10	
      2853	2.72219e-10	
      2854	3.28346e-10	
      2855	3.96688e-10	
      2856	4.80372e-10	
      2857	5.8271e-10	
      2858	7.08101e-10	
      2859	8.62045e-10	
      2860	1.05143e-09	
      2861	1.28491e-09	
      2862	1.57338e-09	
      2863	1.9306e-09	
      2864	2.37398e-09	
      2865	2.92566e-09	
      2866	3.60896e-09	
      2867	4.46241e-09	
      2868	5.53125e-09	
      2869	6.87358e-09	
      2870	8.56724e-09	
      2871	1.0715e-08	
      2872	1.34443e-08	
      2873	1.69195e-08	
      2874	2.13599e-08	
      2875	2.70635e-08	
      2876	3.44314e-08	
      2877	4.39785e-08	
      2878	5.6386e-08	
      2879	7.2583e-08	
      2880	9.38267e-08	
      2881	1.21663e-07	
      2882	1.58504e-07	
      2883	2.07539e-07	
      2884	2.73198e-07	
      2885	3.6169e-07	
      2886	4.8212e-07	
      2887	6.46912e-07	
      2888	8.74265e-07	
      2889	1.19076e-06	
      2890	1.63574e-06	
      2891	2.26828e-06	
      2892	3.17862e-06	
      2893	4.50738e-06	
      2894	6.47877e-06	
      2895	9.46085e-06	
      2896	1.40709e-05	
      2897	2.14327e-05	
      2898	3.37201e-05	
      2899	5.58637e-05	
      2900	0.000108229	
      2901	0.00011028	
      2902	0.000112377	
      2903	0.00011452	
      2904	0.000116711	
      2905	0.00011895	
      2906	0.000121155	
      2907	0.000123407	
      2908	0.000125709	
      2909	0.000128061	
      2910	0.000130465	
      2911	0.000132829	
      2912	0.000135243	
      2913	0.000137709	
      2914	0.000140228	
      2915	0.000142802	
      2916	0.000145536	
      2917	0.000148331	
      2918	0.000151189	
      2919	0.000154113	
      2920	0.000157103	
      2921	0.000160162	
      2922	0.000163292	
      2923	0.000166494	
      2924	0.00016977	
      2925	0.000173123	
      2926	0.000176554	
      2927	0.000180066	
      2928	0.000183662	
      2929	0.000187342	
      2930	0.000191111	
      2931	0.000194828	
      2932	0.000198632	
      2933	0.000202525	
      2934	0.00020651	
      2935	0.000210589	
      2936	0.000214922	
      2937	0.000219363	
      2938	0.000223913	
      2939	0.000228576	
      2940	0.000233356	
      2941	0.00023808	
      2942	0.00024292	
      2943	0.000247878	
      2944	0.000252959	
      2945	0.000258263	
      2946	0.000263899	
      2947	0.000269783	
      2948	0.000275825	
      2949	0.000282028	
      2950	0.000288399	
      2951	0.000294943	
      2952	0.000301665	
      2953	0.000308572	
      2954	0.00031567	
      2955	0.000322964	
      2956	0.000330213	
      2957	0.00033766	
      2958	0.000345312	
      2959	0.000353176	
      2960	0.000361259	
      2961	0.000369849	
      2962	0.000378687	
      2963	0.000387782	
      2964	0.000397142	
      2965	0.000406779	
      2966	0.000416383	
      2967	0.000426268	
      2968	0.000436442	
      2969	0.000446916	
      2970	0.000457702	
      2971	0.00046917	
      2972	0.000480993	
      2973	0.000493182	
      2974	0.000505752	
      2975	0.000518719	
      2976	0.000531687	
      2977	0.000545062	
      2978	0.000558858	
      2979	0.000573093	
      2980	0.000587785	
      2981	0.000603421	
      2982	0.000619577	
      2983	0.000636276	
      2984	0.00065354	
      2985	0.000671395	
      2986	0.00068933	
      2987	0.000707877	
      2988	0.000727064	
      2989	0.000746921	
      2990	0.000767479	
      2991	0.00078939	
      2992	0.000812105	
      2993	0.000835666	
      2994	0.000860115	
      2995	0.000885497	
      2996	0.000911863	
      2997	0.000939266	
      2998	0.000967766	
      2999	0.000997428	
      3000	0.00102833	
      3001	0.00102759	
      3002	0.00102686	
      3003	0.00102613	
      3004	0.00102539	
      3005	0.00102465	
      3006	0.00102473	
      3007	0.00102481	
      3008	0.00102489	
      3009	0.00102497	
      3010	0.00102504	
      3011	0.00102512	
      3012	 0.0010252	
      3013	0.00102528	
      3014	0.00102536	
      3015	0.00102544	
      3016	 0.0010247	
      3017	0.00102395	
      3018	 0.0010232	
      3019	0.00102245	
      3020	 0.0010217	
      3021	0.00102095	
      3022	 0.0010202	
      3023	0.00101945	
      3024	0.00101869	
      3025	0.00101794	
      3026	0.00101801	
      3027	0.00101809	
      3028	0.00101816	
      3029	0.00101824	
      3030	0.00101832	
      3031	0.00101756	
      3032	 0.0010168	
      3033	0.00101603	
      3034	0.00101527	
      3035	0.00101451	
      3036	0.00101291	
      3037	 0.0010113	
      3038	0.00100969	
      3039	0.00100808	
      3040	0.00100689	
      3041	0.00100822	
      3042	0.00100998	
      3043	0.00101174	
      3044	0.00101351	
      3045	0.00101528	
      3046	 0.0010162	
      3047	0.00101713	
      3048	0.00101806	
      3049	  0.001019	
      3050	0.00101993	
      3051	0.00102002	
      3052	0.00102011	
      3053	 0.0010202	
      3054	0.00102029	
      3055	0.00102038	
      3056	0.00102047	
      3057	0.00102056	
      3058	0.00102066	
      3059	0.00102075	
      3060	0.00102085	
      3061	0.00101923	
      3062	 0.0010176	
      3063	0.00101598	
      3064	0.00101435	
      3065	0.00101315	
      3066	0.00101282	
      3067	0.00101291	
      3068	0.00101301	
      3069	0.00101311	
      3070	0.00101321	
      3071	0.00101418	
      3072	0.00101515	
      3073	0.00101613	
      3074	 0.0010171	
      3075	0.00101809	
      3076	0.00101733	
      3077	0.00101658	
      3078	0.00101582	
      3079	0.00101507	
      3080	0.00101431	
      3081	0.00101356	
      3082	 0.0010128	
      3083	0.00101205	
      3084	 0.0010113	
      3085	0.00101055	
      3086	 0.0010098	
      3087	0.00100905	
      3088	0.00100831	
      3089	0.00100756	
      3090	0.00100682	
      3091	0.00100608	
      3092	0.00100534	
      3093	 0.0010046	
      3094	0.00100387	
      3095	0.00100314	
      3096	0.00100241	
      3097	0.00100168	
      3098	0.00100096	
      3099	0.00100024	
      3100	0.000999527	
      3101	0.000989803	
      3102	0.000987457	
      3103	0.000987424	
      3104	0.000988651	
      3105	0.000990711	
      3106	0.000992489	
      3107	0.000994737	
      3108	0.000997369	
      3109	0.00100032	
      3110	0.00100356	
      3111	0.00100612	
      3112	 0.0010089	
      3113	0.00101187	
      3114	0.00101502	
      3115	0.00101879	
      3116	0.00102366	
      3117	0.00102917	
      3118	0.00103483	
      3119	0.00104064	
      3120	0.00104661	
      3121	0.00105271	
      3122	0.00105896	
      3123	0.00106535	
      3124	0.00107187	
      3125	0.00107853	
      3126	0.00108533	
      3127	0.00109225	
      3128	0.00109931	
      3129	 0.0011065	
      3130	0.00111382	
      3131	0.00112127	
      3132	0.00112885	
      3133	0.00113656	
      3134	0.00114441	
      3135	0.00115238	
      3136	0.00115941	
      3137	0.00116655	
      3138	 0.0011738	
      3139	0.00118118	
      3140	0.00118867	
      3141	0.00119741	
      3142	0.00120629	
      3143	0.00121531	
      3144	0.00122447	
      3145	0.00123378	
      3146	0.00124205	
      3147	0.00125045	
      3148	0.00125897	
      3149	0.00126763	
      3150	0.00127642	
      3151	0.00128657	
      3152	0.00129688	
      3153	0.00130734	
      3154	0.00131797	
      3155	0.00132876	
      3156	0.00133972	
      3157	0.00135085	
      3158	0.00136215	
      3159	0.00137363	
      3160	0.00138528	
      3161	0.00139847	
      3162	0.00141186	
      3163	0.00142547	
      3164	 0.0014393	
      3165	0.00145335	
      3166	0.00146479	
      3167	0.00147641	
      3168	0.00148821	
      3169	0.00150018	
      3170	0.00151308	
      3171	0.00152768	
      3172	0.00154326	
      3173	 0.0015591	
      3174	0.00157521	
      3175	0.00159158	
      3176	 0.0016051	
      3177	0.00161882	
      3178	0.00163277	
      3179	0.00164694	
      3180	0.00166134	
      3181	0.00167763	
      3182	 0.0016942	
      3183	0.00171104	
      3184	0.00172817	
      3185	 0.0017456	
      3186	0.00176508	
      3187	 0.0017849	
      3188	0.00180508	
      3189	0.00182562	
      3190	0.00184654	
      3191	0.00186599	
      3192	0.00188579	
      3193	0.00190595	
      3194	0.00192648	
      3195	0.00194738	
      3196	0.00196671	
      3197	0.00198639	
      3198	0.00200643	
      3199	0.00202683	
      3200	0.00204864	
      3201	0.00203866	
      3202	0.00202978	
      3203	0.00202097	
      3204	0.00201223	
      3205	0.00200355	
      3206	0.00199294	
      3207	0.00198241	
      3208	0.00197196	
      3209	0.00196159	
      3210	 0.0019513	
      3211	0.00193913	
      3212	0.00192705	
      3213	0.00191506	
      3214	0.00190316	
      3215	0.00189136	
      3216	0.00188156	
      3217	0.00187184	
      3218	0.00186219	
      3219	 0.0018526	
      3220	0.00184309	
      3221	0.00183365	
      3222	0.00182427	
      3223	0.00181496	
      3224	0.00180571	
      3225	0.00179653	
      3226	0.00178926	
      3227	0.00178204	
      3228	0.00177486	
      3229	0.00176774	
      3230	0.00176066	
      3231	0.00175182	
      3232	0.00174304	
      3233	0.00173431	
      3234	0.00172565	
      3235	0.00171705	
      3236	 0.0017085	
      3237	0.00170001	
      3238	0.00169158	
      3239	 0.0016832	
      3240	0.00167487	
      3241	0.00166661	
      3242	0.00165839	
      3243	0.00165023	
      3244	0.00164212	
      3245	0.00163407	
      3246	0.00162777	
      3247	0.00162151	
      3248	0.00161528	
      3249	 0.0016091	
      3250	0.00160295	
      3251	0.00159349	
      3252	 0.0015841	
      3253	0.00157476	
      3254	0.00156549	
      3255	0.00155628	
      3256	0.00154877	
      3257	 0.0015413	
      3258	0.00153388	
      3259	 0.0015265	
      3260	0.00151917	
      3261	0.00151189	
      3262	0.00150465	
      3263	0.00149745	
      3264	 0.0014903	
      3265	0.00148319	
      3266	0.00147612	
      3267	 0.0014691	
      3268	0.00146212	
      3269	0.00145518	
      3270	0.00144828	
      3271	0.00144142	
      3272	 0.0014346	
      3273	0.00142782	
      3274	0.00142108	
      3275	0.00141439	
      3276	0.00140773	
      3277	0.00140111	
      3278	0.00139453	
      3279	0.00138798	
      3280	0.00138148	
      3281	0.00137501	
      3282	0.00136858	
      3283	0.00136218	
      3284	0.00135583	
      3285	 0.0013495	
      3286	0.00134469	
      3287	 0.0013399	
      3288	0.00133513	
      3289	0.00133039	
      3290	0.00132495	
      3291	0.00131666	
      3292	0.00130769	
      3293	0.00129878	
      3294	0.00128992	
      3295	0.00128182	
      3296	 0.0012752	
      3297	0.00126931	
      3298	0.00126346	
      3299	0.00125765	
      3300	0.00125186	
      3301	 0.0012654	
      3302	0.00127913	
      3303	0.00129307	
      3304	0.00130721	
      3305	0.00132155	
      3306	0.00133312	
      3307	0.00134485	
      3308	0.00135672	
      3309	0.00136875	
      3310	0.00138094	
      3311	0.00139488	
      3312	0.00140901	
      3313	0.00142334	
      3314	0.00143789	
      3315	0.00145265	
      3316	0.00146429	
      3317	0.00147607	
      3318	  0.001488	
      3319	0.00150009	
      3320	 0.0015132	
      3321	0.00153003	
      3322	0.00154801	
      3323	0.00156629	
      3324	0.00158487	
      3325	0.00160375	
      3326	 0.0016192	
      3327	0.00163487	
      3328	0.00165078	
      3329	0.00166692	
      3330	0.00168331	
      3331	0.00170195	
      3332	0.00172089	
      3333	0.00174014	
      3334	0.00175971	
      3335	0.00177961	
      3336	0.00179985	
      3337	0.00182043	
      3338	0.00184137	
      3339	0.00186266	
      3340	0.00188433	
      3341	0.00190638	
      3342	0.00192882	
      3343	0.00195165	
      3344	 0.0019749	
      3345	0.00199858	
      3346	0.00202027	
      3347	0.00204235	
      3348	0.00206481	
      3349	0.00208768	
      3350	0.00211097	
      3351	0.00213725	
      3352	0.00216405	
      3353	0.00219137	
      3354	0.00221922	
      3355	0.00224763	
      3356	0.00227662	
      3357	0.00230619	
      3358	0.00233637	
      3359	0.00236718	
      3360	0.00239863	
      3361	0.00243075	
      3362	0.00246356	
      3363	0.00249709	
      3364	0.00253135	
      3365	0.00256637	
      3366	0.00260218	
      3367	 0.0026388	
      3368	0.00267627	
      3369	0.00271462	
      3370	0.00275387	
      3371	0.00279407	
      3372	0.00283525	
      3373	0.00287744	
      3374	0.00292069	
      3375	0.00296505	
      3376	0.00301054	
      3377	0.00305723	
      3378	0.00310516	
      3379	 0.0031544	
      3380	0.00320498	
      3381	0.00326107	
      3382	0.00331878	
      3383	 0.0033782	
      3384	 0.0034394	
      3385	0.00350248	
      3386	0.00356308	
      3387	0.00362558	
      3388	0.00369009	
      3389	0.00375672	
      3390	0.00382559	
      3391	0.00389683	
      3392	 0.0039706	
      3393	0.00404703	
      3394	0.00412631	
      3395	0.00420862	
      3396	0.00428874	
      3397	 0.0043721	
      3398	0.00445894	
      3399	0.00454953	
      3400	0.00464717	
      3401	0.00467622	
      3402	0.00470856	
      3403	0.00474122	
      3404	0.00477421	
      3405	0.00480447	
      3406	0.00482271	
      3407	0.00483802	
      3408	0.00485346	
      3409	0.00486904	
      3410	 0.0048879	
      3411	0.00491328	
      3412	0.00494209	
      3413	0.00497121	
      3414	0.00500062	
      3415	0.00503034	
      3416	0.00505384	
      3417	0.00507758	
      3418	0.00510156	
      3419	0.00512578	
      3420	0.00515026	
      3421	0.00517499	
      3422	0.00519998	
      3423	0.00522524	
      3424	0.00525077	
      3425	0.00527658	
      3426	0.00530266	
      3427	0.00532903	
      3428	 0.0053557	
      3429	0.00538266	
      3430	0.00540993	
      3431	0.00544467	
      3432	0.00547982	
      3433	0.00551539	
      3434	0.00555139	
      3435	0.00558782	
      3436	 0.0056173	
      3437	0.00564713	
      3438	0.00567732	
      3439	0.00570789	
      3440	0.00573884	
      3441	0.00577018	
      3442	0.00580192	
      3443	0.00583406	
      3444	0.00586662	
      3445	0.00589962	
      3446	0.00593304	
      3447	0.00596692	
      3448	0.00600126	
      3449	0.00603608	
      3450	0.00607137	
      3451	0.00611538	
      3452	0.00616001	
      3453	0.00620529	
      3454	0.00625124	
      3455	0.00629787	
      3456	0.00633668	
      3457	0.00637609	
      3458	 0.0064161	
      3459	0.00645675	
      3460	0.00649804	
      3461	0.00654884	
      3462	0.00660047	
      3463	0.00665296	
      3464	0.00670632	
      3465	0.00676059	
      3466	0.00680659	
      3467	 0.0068534	
      3468	0.00690106	
      3469	 0.0069496	
      3470	0.00699904	
      3471	0.00704942	
      3472	0.00710079	
      3473	0.00715317	
      3474	0.00720661	
      3475	0.00726115	
      3476	0.00731684	
      3477	0.00737372	
      3478	0.00743187	
      3479	0.00749132	
      3480	0.00755215	
      3481	0.00762493	
      3482	0.00769944	
      3483	0.00777576	
      3484	0.00785397	
      3485	 0.0079342	
      3486	0.00800549	
      3487	0.00807879	
      3488	0.00815424	
      3489	0.00823197	
      3490	0.00831215	
      3491	0.00839497	
      3492	0.00848063	
      3493	0.00856937	
      3494	0.00866148	
      3495	0.00875729	
      3496	0.00885718	
      3497	0.00896164	
      3498	0.00907126	
      3499	 0.0091868	
      3500	0.00930927	
      3501	0.00931522	
      3502	 0.0093212	
      3503	 0.0093272	
      3504	0.00933322	
      3505	0.00933926	
      3506	0.00933215	
      3507	0.00932505	
      3508	0.00931796	
      3509	0.00931087	
      3510	0.00930378	
      3511	 0.0092967	
      3512	0.00928962	
      3513	0.00928255	
      3514	0.00927548	
      3515	0.00926842	
      3516	0.00926136	
      3517	0.00925431	
      3518	0.00924727	
      3519	0.00924023	
      3520	 0.0092332	
      3521	0.00923947	
      3522	0.00924576	
      3523	0.00925208	
      3524	0.00925843	
      3525	 0.0092648	
      3526	0.00925786	
      3527	0.00925092	
      3528	  0.009244	
      3529	0.00923708	
      3530	0.00923018	
      3531	0.00923667	
      3532	0.00924319	
      3533	0.00924973	
      3534	0.00925631	
      3535	0.00926292	
      3536	0.00925613	
      3537	0.00924934	
      3538	0.00924257	
      3539	0.00923581	
      3540	0.00922907	
      3541	0.00923582	
      3542	0.00924261	
      3543	0.00924943	
      3544	0.00925629	
      3545	0.00926318	
      3546	0.00925657	
      3547	0.00924999	
      3548	0.00924342	
      3549	0.00923687	
      3550	0.00923033	
      3551	0.00922382	
      3552	0.00921733	
      3553	0.00921086	
      3554	0.00920441	
      3555	0.00919798	
      3556	0.00919158	
      3557	 0.0091852	
      3558	0.00917884	
      3559	0.00917251	
      3560	0.00916621	
      3561	0.00917363	
      3562	 0.0091811	
      3563	0.00918862	
      3564	0.00919619	
      3565	0.00920382	
      3566	0.00919776	
      3567	0.00919174	
      3568	0.00918575	
      3569	 0.0091798	
      3570	0.00917389	
      3571	0.00916803	
      3572	 0.0091622	
      3573	0.00915642	
      3574	0.00915069	
      3575	0.00914501	
      3576	0.00913938	
      3577	0.00913381	
      3578	0.00912829	
      3579	0.00912284	
      3580	0.00911744	
      3581	0.00912605	
      3582	0.00913475	
      3583	0.00914355	
      3584	0.00915245	
      3585	0.00916147	
      3586	 0.0091566	
      3587	0.00915182	
      3588	0.00914714	
      3589	0.00914256	
      3590	0.00913809	
      3591	0.00913374	
      3592	0.00912952	
      3593	0.00912543	
      3594	0.00912149	
      3595	 0.0091177	
      3596	0.00912824	
      3597	0.00913899	
      3598	0.00914998	
      3599	0.00916121	
      3600	0.00917273	
      3601	0.00916253	
      3602	0.00915233	
      3603	0.00914212	
      3604	0.00913191	
      3605	 0.0091217	
      3606	0.00911148	
      3607	0.00910126	
      3608	0.00909103	
      3609	0.00908081	
      3610	0.00907057	
      3611	0.00907463	
      3612	0.00907869	
      3613	0.00908277	
      3614	0.00908685	
      3615	0.00909094	
      3616	0.00908072	
      3617	0.00907049	
      3618	0.00906027	
      3619	0.00905003	
      3620	 0.0090398	
      3621	0.00904392	
      3622	0.00904805	
      3623	0.00905218	
      3624	0.00905633	
      3625	0.00906049	
      3626	0.00905027	
      3627	0.00904005	
      3628	0.00902982	
      3629	0.00901959	
      3630	0.00900936	
      3631	0.00901355	
      3632	0.00901775	
      3633	0.00902196	
      3634	0.00902619	
      3635	0.00903042	
      3636	0.00902021	
      3637	   0.00901	
      3638	0.00899978	
      3639	0.00898957	
      3640	0.00897935	
      3641	0.00898362	
      3642	 0.0089879	
      3643	 0.0089922	
      3644	 0.0089965	
      3645	0.00900083	
      3646	0.00899063	
      3647	0.00898044	
      3648	0.00897025	
      3649	0.00896005	
      3650	0.00894986	
      3651	0.00893966	
      3652	0.00892947	
      3653	0.00891927	
      3654	0.00890908	
      3655	0.00889888	
      3656	0.00890328	
      3657	0.00890769	
      3658	0.00891212	
      3659	0.00891657	
      3660	0.00892103	
      3661	 0.0089255	
      3662	0.00892999	
      3663	 0.0089345	
      3664	0.00893903	
      3665	0.00894357	
      3666	0.00891879	
      3667	0.00889399	
      3668	0.00886919	
      3669	0.00884437	
      3670	0.00882689	
      3671	0.00882411	
      3672	 0.0088287	
      3673	0.00883331	
      3674	0.00883794	
      3675	0.00884259	
      3676	0.00883251	
      3677	0.00882244	
      3678	0.00881237	
      3679	0.00880231	
      3680	0.00879226	
      3681	0.00878221	
      3682	0.00877217	
      3683	0.00876213	
      3684	0.00875211	
      3685	0.00874209	
      3686	 0.0087469	
      3687	0.00875174	
      3688	0.00875661	
      3689	0.00876151	
      3690	0.00876643	
      3691	0.00875651	
      3692	 0.0087466	
      3693	0.00873671	
      3694	0.00872683	
      3695	0.00871697	
      3696	0.00870712	
      3697	0.00869729	
      3698	0.00868747	
      3699	0.00867767	
      3700	0.00866789	
      3701	0.00867277	
      3702	0.00867766	
      3703	0.00868256	
      3704	0.00868748	
      3705	0.00869242	
      3706	0.00868237	
      3707	0.00867233	
      3708	0.00866228	
      3709	0.00865223	
      3710	0.00864219	
      3711	0.00864717	
      3712	0.00865218	
      3713	 0.0086572	
      3714	0.00866223	
      3715	0.00866729	
      3716	0.00865727	
      3717	0.00864726	
      3718	0.00863725	
      3719	0.00862723	
      3720	0.00861721	
      3721	0.00862232	
      3722	0.00862745	
      3723	0.00863259	
      3724	0.00863775	
      3725	0.00864292	
      3726	0.00863294	
      3727	0.00862296	
      3728	0.00861298	
      3729	  0.008603	
      3730	0.00859302	
      3731	0.00859826	
      3732	0.00860351	
      3733	0.00860878	
      3734	0.00861407	
      3735	0.00861937	
      3736	0.00859417	
      3737	0.00856895	
      3738	 0.0085437	
      3739	0.00851844	
      3740	0.00850081	
      3741	0.00849848	
      3742	0.00850382	
      3743	0.00850918	
      3744	0.00851455	
      3745	0.00851995	
      3746	0.00851001	
      3747	0.00850006	
      3748	0.00849012	
      3749	0.00848017	
      3750	0.00847023	
      3751	0.00847569	
      3752	0.00848118	
      3753	0.00848668	
      3754	0.00849221	
      3755	0.00849775	
      3756	0.00848786	
      3757	0.00847796	
      3758	0.00846807	
      3759	0.00845817	
      3760	0.00844828	
      3761	 0.0084539	
      3762	0.00845954	
      3763	 0.0084652	
      3764	0.00847088	
      3765	0.00847659	
      3766	0.00848231	
      3767	0.00848806	
      3768	0.00849383	
      3769	0.00849963	
      3770	0.00850544	
      3771	0.00849566	
      3772	0.00848589	
      3773	0.00847611	
      3774	0.00846634	
      3775	0.00845657	
      3776	 0.0084468	
      3777	0.00843704	
      3778	0.00842727	
      3779	0.00841751	
      3780	0.00840775	
      3781	0.00841372	
      3782	0.00841971	
      3783	0.00842573	
      3784	0.00843177	
      3785	0.00843784	
      3786	0.00842815	
      3787	0.00841847	
      3788	0.00840879	
      3789	0.00839911	
      3790	0.00838944	
      3791	0.00839561	
      3792	 0.0084018	
      3793	0.00840803	
      3794	0.00841428	
      3795	0.00842056	
      3796	0.00841097	
      3797	0.00840138	
      3798	 0.0083918	
      3799	0.00838223	
      3800	0.00837266	
      3801	0.00833061	
      3802	0.00829775	
      3803	0.00827035	
      3804	0.00824668	
      3805	0.00822575	
      3806	 0.0081913	
      3807	0.00815864	
      3808	0.00812744	
      3809	 0.0080975	
      3810	0.00806864	
      3811	0.00805621	
      3812	0.00804458	
      3813	0.00803366	
      3814	0.00802337	
      3815	0.00801367	
      3816	0.00798911	
      3817	0.00796507	
      3818	0.00794151	
      3819	0.00791841	
      3820	0.00789572	
      3821	0.00788875	
      3822	0.00788212	
      3823	0.00787582	
      3824	0.00786983	
      3825	0.00786413	
      3826	0.00785871	
      3827	0.00785356	
      3828	0.00784866	
      3829	0.00784401	
      3830	0.00783959	
      3831	0.00782019	
      3832	0.00780102	
      3833	0.00778208	
      3834	0.00776336	
      3835	0.00774486	
      3836	0.00774173	
      3837	 0.0077388	
      3838	0.00773605	
      3839	0.00773348	
      3840	0.00773108	
      3841	 0.0077137	
      3842	 0.0076965	
      3843	0.00767947	
      3844	0.00766261	
      3845	0.00764591	
      3846	0.00764452	
      3847	0.00764328	
      3848	0.00764219	
      3849	0.00764126	
      3850	0.00764048	
      3851	0.00762471	
      3852	 0.0076091	
      3853	0.00759364	
      3854	0.00757832	
      3855	0.00756315	
      3856	0.00755569	
      3857	0.00754837	
      3858	0.00753363	
      3859	 0.0075266	
      3860	0.00751972	
      3861	0.00751297	
      3862	0.00751394	
      3863	0.00750749	
      3864	0.00750875	
      3865	0.00750259	
      3866	0.00748901	
      3867	0.00748314	
      3868	0.00746985	
      3869	0.00746428	
      3870	0.00745129	
      3871	0.00745362	
      3872	 0.0074561	
      3873	0.00745875	
      3874	0.00746157	
      3875	0.00746457	
      3876	0.00745255	
      3877	0.00744829	
      3878	0.00743661	
      3879	0.00743271	
      3880	0.00742139	
      3881	0.00741787	
      3882	0.00741455	
      3883	0.00741144	
      3884	0.00740853	
      3885	0.00740585	
      3886	0.00741104	
      3887	0.00741648	
      3888	0.00742983	
      3889	0.00743582	
      3890	0.00744209	
      3891	0.00743333	
      3892	0.00742486	
      3893	0.00742438	
      3894	0.00741657	
      3895	 0.0074091	
      3896	0.00741744	
      3897	 0.0074185	
      3898	0.00742776	
      3899	0.00742981	
      3900	0.00744016	
      3901	0.00744901	
      3902	 0.0074579	
      3903	0.00745907	
      3904	0.00746805	
      3905	0.00747708	
      3906	0.00747836	
      3907	0.00747186	
      3908	0.00747319	
      3909	0.00746673	
      3910	0.00746812	
      3911	 0.0074774	
      3912	0.00747888	
      3913	0.00748826	
      3914	0.00748982	
      3915	0.00749931	
      3916	0.00749305	
      3917	0.00748682	
      3918	0.00748852	
      3919	0.00748233	
      3920	0.00747616	
      3921	0.00748593	
      3922	0.00749576	
      3923	0.00749768	
      3924	0.00750763	
      3925	0.00751765	
      3926	0.00751172	
      3927	0.00751384	
      3928	0.00750798	
      3929	0.00751018	
      3930	0.00750439	
      3931	0.00751475	
      3932	0.00751712	
      3933	0.00752763	
      3934	0.00753011	
      3935	0.00754077	
      3936	0.00754339	
      3937	0.00753794	
      3938	0.00754067	
      3939	 0.0075353	
      3940	0.00753815	
      3941	0.00754107	
      3942	0.00755224	
      3943	0.00755531	
      3944	0.00756666	
      3945	0.00756989	
      3946	0.00756495	
      3947	0.00756007	
      3948	0.00756351	
      3949	0.00755875	
      3950	0.00755405	
      3951	0.00755772	
      3952	0.00756979	
      3953	0.00757366	
      3954	0.00758596	
      3955	0.00759004	
      3956	0.00759422	
      3957	 0.0075985	
      3958	0.00759449	
      3959	0.00759898	
      3960	0.00760359	
      3961	0.00761676	
      3962	0.00763008	
      3963	 0.0076351	
      3964	0.00764873	
      3965	0.00766254	
      3966	0.00765948	
      3967	0.00766508	
      3968	0.00766229	
      3969	0.00766819	
      3970	0.00766568	
      3971	0.00768052	
      3972	0.00768696	
      3973	0.00770223	
      3974	0.00770908	
      3975	0.00772482	
      3976	0.00773213	
      3977	0.00773097	
      3978	0.00773875	
      3979	0.00773805	
      3980	0.00774635	
      3981	0.00775494	
      3982	0.00776384	
      3983	 0.0077819	
      3984	0.00779151	
      3985	0.00780149	
      3986	0.00782077	
      3987	0.00783161	
      3988	0.00785186	
      3989	0.00786371	
      3990	0.00788509	
      3991	0.00788911	
      3992	0.00790277	
      3993	0.00790811	
      3994	0.00792328	
      3995	0.00793025	
      3996	0.00795648	
      3997	0.00797476	
      3998	 0.0080036	
      3999	0.00802484	
      4000	0.00805725	
