280	2.70133e-08
281	5.41601e-08
282	9.9939e-08
283	1.30476e-07
284	1.28344e-07
285	8.88137e-08
286	1.21915e-07
287	1.86957e-07
288	1.83665e-07
289	2.41572e-07
290	3.5784e-07
291	4.19658e-07
292	4.12788e-07
293	4.16983e-07
294	4.37778e-07
295	4.62782e-07
296	5.10502e-07
297	4.85799e-07
298	5.24499e-07
299	5.15093e-07
300	5.24509e-07
301	1.51796e-06
302	4.53329e-06
303	1.66475e-05
304	5.11603e-05
305	0.000149008
306	0.0002164
307	0.000356573
308	0.000596794
309	0.000845322
310	0.00128411
311	0.0022983
312	0.00302823
313	0.0040472
314	0.0055812
315	0.00715008
316	0.00759191
317	0.0104842
318	0.0121318
319	0.0135222
320	0.0171932
321	0.019141
322	0.0203141
323	0.0211857
324	0.0261057
325	0.0333812
326	0.0421401
327	0.0463482
328	0.047826
329	0.0542124
330	0.0631098
331	0.0609467
332	0.062978
333	0.0640506
334	0.0669368
335	0.0727135
336	0.0677567
337	0.0654168
338	0.0746507
339	0.0814177
340	0.0896967
341	0.0882621
342	0.0916376
343	0.097044
344	0.0855403
345	0.0908307
346	0.0983714
347	0.101446
348	0.101152
349	0.101965
350	0.11502
351	0.122708
352	0.116988
353	0.121566
354	0.140421
355	0.144827
356	0.134873
357	0.11685
358	0.10793
359	0.121294
360	0.150979
361	0.139146
362	0.143781
363	0.159597
364	0.163002
365	0.17466
366	0.201804
367	0.204247
368	0.194262
369	0.202317
370	0.215253
371	0.206759
372	0.203177
373	0.184923
374	0.170722
375	0.185257
376	0.209245
377	0.228867
378	0.268497
379	0.244426
380	0.232566
381	0.247267
382	0.199238
383	0.157789
384	0.177792
385	0.225519
386	0.221344
387	0.229293
388	0.227191
389	0.248506
390	0.286664
391	0.308582
392	0.288266
393	0.186888
394	0.193753
395	0.300569
396	0.27952
397	0.196145
398	0.325152
399	0.41619
400	0.442642
401	0.462975
402	0.479972
403	0.473888
404	0.479512
405	0.475455
406	0.467343
407	0.46459
408	0.487015
409	0.508716
410	0.465501
411	0.503775
412	0.534905
413	0.524843
414	0.522433
415	0.542084
416	0.559297
417	0.551735
418	0.5384
419	0.548577
420	0.528324
421	0.576873
422	0.580823
423	0.56948
424	0.57156
425	0.586163
426	0.575526
427	0.562902
428	0.562019
429	0.519808
430	0.432196
431	0.424667
432	0.609422
433	0.605728
434	0.576146
435	0.622916
436	0.679945
437	0.689703
438	0.626442
439	0.613724
440	0.679133
441	0.691925
442	0.73114
443	0.747663
444	0.740538
445	0.755699
446	0.713935
447	0.777445
448	0.799353
449	0.805914
450	0.835163
451	0.860626
452	0.833725
453	0.791513
454	0.827249
455	0.83578
456	0.859489
457	0.871296
458	0.860415
459	0.855709
460	0.859427
461	0.883993
462	0.898475
463	0.901077
464	0.88396
465	0.874276
466	0.884842
467	0.866039
468	0.892697
469	0.900498
470	0.88015
471	0.895749
472	0.93133
473	0.915196
474	0.925818
475	0.951465
476	0.93673
477	0.947399
478	0.97096
479	0.962958
480	0.974282
481	0.976469
482	0.978017
483	0.968773
484	0.955801
485	0.930638
486	0.807396
487	0.865623
488	0.927892
489	0.909348
490	0.977657
491	0.958867
492	0.931259
493	0.97029
494	0.969772
495	1.00847
496	0.983584
497	0.987976
498	0.970323
499	0.969556
500	0.968739
501	0.948727
502	0.953392
503	0.982952
504	0.95307
505	0.999411
506	1.03502
507	1.00426
508	0.983652
509	1.01354
510	1.00058
511	1.01447
512	1.03101
513	0.986561
514	0.965525
515	0.989213
516	0.976598
517	0.855088
518	0.917808
519	0.921474
520	0.984616
521	1.00446
522	1.01898
523	0.985138
524	1.03461
525	1.0377
526	0.998894
527	0.919341
528	1.00889
529	1.05798
530	1.04059
531	1.07925
532	1.05798
533	0.979216
534	1.01788
535	1.045
536	1.06737
537	1.01823
538	1.04333
539	1.02638
540	0.994829
541	0.974423
542	1.03509
543	1.03617
544	1.0609
545	1.04594
546	1.04139
547	1.04728
548	1.03285
549	1.05063
550	1.04735
551	1.04961
552	1.06311
553	1.04419
554	1.05837
555	1.06408
556	1.0493
557	1.02953
558	1.03729
559	1.00471
560	1.01879
561	1.05767
562	1.03207
563	1.05394
564	1.04742
565	1.04302
566	1.01017
567	1.05403
568	1.05668
569	1.04365
570	1.037
571	1.0143
572	1.05677
573	1.06826
574	1.06218
575	1.04416
576	1.04048
577	1.05328
578	1.03265
579	1.03846
580	1.04504
581	1.0481
582	1.05835
583	1.06435
584	1.06107
585	1.05349
586	1.03586
587	1.05344
588	1.03508
589	0.955437
590	0.991768
591	1.03757
592	1.03648
593	1.03612
594	1.03834
595	1.0384
596	1.05016
597	1.05614
598	1.04163
599	1.03811
600	1.04273
601	1.03187
602	1.0262
603	1.04367
604	1.06209
605	1.06273
606	1.06128
607	1.0638
608	1.06208
609	1.05621
610	1.05486
611	1.05502
612	1.06903
613	1.05681
614	1.03829
615	1.05699
616	1.03909
617	1.03359
618	1.06416
619	1.07678
620	1.08155
621	1.08633
622	1.07125
623	1.07041
624	1.06634
625	1.05421
626	1.05888
627	1.08614
628	1.09331
629	1.09483
630	1.08739
631	1.07769
632	1.05159
633	1.08514
634	1.08024
635	1.08189
636	1.06951
637	1.09425
638	1.10418
639	1.09421
640	1.07503
641	1.0741
642	1.07816
643	1.08893
644	1.08462
645	1.09205
646	1.07758
647	1.08585
648	1.08059
649	1.05492
650	1.04954
651	1.0893
652	1.08908
653	1.09311
654	1.08085
655	1.03329
656	0.932092
657	0.961909
658	1.05244
659	1.0705
660	1.08429
661	1.09378
662	1.0963
663	1.09269
664	1.09081
665	1.1021
666	1.09932
667	1.08945
668	1.0784
669	1.07949
670	1.05936
671	1.04963
672	1.03576
673	1.03455
674	1.02614
675	1.01898
676	1.02396
677	1.01397
678	1.01348
679	1.00223
680	0.998719
681	0.997015
682	0.994594
683	0.987278
684	0.980073
685	0.974631
686	0.956819
687	0.97313
688	0.980352
689	0.980165
690	0.97838
691	0.976043
692	0.970393
693	0.978152
694	0.981828
695	0.976294
696	0.97928
697	0.982374
698	0.977865
699	0.985497
700	0.985525
701	0.983956
702	0.984297
703	0.995446
704	1.00877
705	1.01994
706	1.01644
707	1.01718
708	1.02452
709	1.03134
710	1.05529
711	1.00406
712	0.967116
713	0.941835
714	0.927536
715	0.901125
716	0.896193
717	0.885718
718	0.865725
719	0.836094
720	0.851191
721	0.852062
722	0.852233
723	0.845455
724	0.845037
725	0.843305
726	0.845192
727	0.852024
728	0.855136
729	0.839058
730	0.869503
731	0.870252
732	0.88553
733	0.889701
734	0.913256
735	0.920697
736	0.922134
737	0.933677
738	0.94102
739	0.939778
740	0.975703
741	0.973048
742	0.971385
743	0.990934
744	1.00099
745	0.998607
746	1.00018
747	1.00187
748	0.998836
749	0.999878
750	0.997253
751	0.999888
752	1.0041
753	1.00803
754	1.01497
755	1.01497
756	1.00403
757	1.00401
758	1.00891
759	0.999794
760	1.00363
761	0.999484
762	0.999324
763	0.95752
764	0.926294
765	0.89281
766	0.847014
767	0.833448
768	0.83893
769	0.837429
770	0.843071
771	0.850813
772	0.858988
773	0.867679
774	0.876994
775	0.887094
776	0.897291
777	0.904188
778	0.918851
779	0.94162
780	0.968866
781	0.966906
782	0.971175
783	0.964405
784	0.957735
785	0.962275
786	0.962826
787	0.961406
788	0.954978
789	0.952634
790	0.945275
791	0.936939
792	0.928634
793	0.920354
794	0.913108
795	0.912943
796	0.920863
797	0.93283
798	0.927666
799	0.918482
800	0.907296
801	0.896438
802	0.882782
803	0.861347
804	0.853095
805	0.831796
806	0.837556
807	0.828002
808	0.818971
809	0.8031
810	0.80125
811	0.797842
812	0.798228
813	0.794338
814	0.788872
815	0.779212
816	0.774127
817	0.767481
818	0.750713
819	0.73426
820	0.729158
821	0.728435
822	0.716863
823	0.720554
824	0.717362
825	0.727051
826	0.742558
827	0.75377
828	0.759749
829	0.766766
830	0.780744
831	0.798065
832	0.80708
833	0.795529
834	0.808102
835	0.815137
836	0.824377
837	0.824141
838	0.827135
839	0.827544
840	0.83843
841	0.838927
842	0.828418
843	0.825935
844	0.818438
845	0.83616
846	0.837818
847	0.821294
848	0.819968
849	0.811568
850	0.761195
851	0.805871
852	0.811004
853	0.795204
854	0.733207
855	0.766196
856	0.815819
857	0.837656
858	0.84305
859	0.846011
860	0.844992
861	0.844681
862	0.851768
863	0.851036
864	0.836894
865	0.812603
866	0.744661
867	0.779734
868	0.813869
869	0.81429
870	0.823384
871	0.817992
872	0.823916
873	0.817351
874	0.804318
875	0.797218
876	0.812887
877	0.817432
878	0.814356
879	0.804382
880	0.801715
881	0.738453
882	0.726842
883	0.709539
884	0.69849
885	0.689694
886	0.663524
887	0.650863
888	0.650928
889	0.645061
890	0.635787
891	0.625844
892	0.614055
893	0.599795
894	0.59511
895	0.590908
896	0.588263
897	0.579528
898	0.571222
899	0.56101
900	0.553878
901	0.540102
902	0.528118
903	0.541907
904	0.539975
905	0.533401
906	0.532765
907	0.537592
908	0.534349
909	0.530858
910	0.537573
911	0.542361
912	0.543892
913	0.55169
914	0.554768
915	0.554583
916	0.556779
917	0.55461
918	0.554155
919	0.55557
920	0.551601
921	0.543652
922	0.537027
923	0.525477
924	0.541095
925	0.54461
926	0.466685
927	0.428763
928	0.390253
929	0.358504
930	0.332091
931	0.311671
932	0.292146
933	0.276665
934	0.260992
935	0.245012
936	0.231799
937	0.221172
938	0.224667
939	0.226445
940	0.225306
941	0.22484
942	0.22295
943	0.23068
944	0.230721
945	0.234128
946	0.238541
947	0.24116
948	0.244755
949	0.253267
950	0.260644
951	0.267535
952	0.277645
953	0.286919
954	0.293364
955	0.293963
956	0.313912
957	0.330615
958	0.347587
959	0.365267
960	0.380441
961	0.398391
962	0.421965
963	0.447166
964	0.476032
965	0.520537
966	0.520606
967	0.527118
968	0.526905
969	0.531714
970	0.536742
971	0.537032
972	0.543004
973	0.543233
974	0.541181
975	0.547602
976	0.556303
977	0.557807
978	0.56458
979	0.565411
980	0.574532
981	0.578546
982	0.585349
983	0.587247
984	0.587968
985	0.59261
986	0.594691
987	0.599074
988	0.602429
989	0.602894
990	0.610051
991	0.619914
992	0.625492
993	0.634758
994	0.642609
995	0.640084
996	0.638304
997	0.632269
998	0.631549
999	0.631461
1000	0.632873
1001	0.635986
1002	0.635918
1003	0.629872
1004	0.619875
1005	0.593103
1006	0.611717
1007	0.624373
1008	0.627092
1009	0.625432
1010	0.626243
1011	0.623619
1012	0.622396
1013	0.619886
1014	0.620501
1015	0.613907
1016	0.614307
1017	0.611592
1018	0.615034
1019	0.604121
1020	0.605953
1021	0.607252
1022	0.602177
1023	0.605776
1024	0.608091
1025	0.607598
1026	0.607666
1027	0.606435
1028	0.606638
1029	0.603047
1030	0.604046
1031	0.603654
1032	0.60285
1033	0.596157
1034	0.59848
1035	0.601071
1036	0.601414
1037	0.597402
1038	0.596219
1039	0.599779
1040	0.598391
1041	0.598603
1042	0.598141
1043	0.594582
1044	0.595564
1045	0.591443
1046	0.580992
1047	0.587192
1048	0.592169
1049	0.590486
1050	0.587692
1051	0.587561
1052	0.584987
1053	0.583745
1054	0.582725
1055	0.58437
1056	0.583349
1057	0.581882
1058	0.575745
1059	0.564492
1060	0.572913
1061	0.56711
1062	0.573202
1063	0.56906
1064	0.573925
1065	0.572791
1066	0.563857
1067	0.565169
1068	0.562465
1069	0.541613
1070	0.5525
1071	0.539337
1072	0.530728
1073	0.516772
1074	0.515871
1075	0.504434
1076	0.502313
1077	0.497962
1078	0.492948
1079	0.48253
1080	0.482467
1081	0.470268
1082	0.463249
1083	0.46415
1084	0.464468
1085	0.461278
1086	0.458205
1087	0.443418
1088	0.447622
1089	0.447239
1090	0.442606
1091	0.440976
1092	0.432613
1093	0.423925
1094	0.406674
1095	0.413947
1096	0.415941
1097	0.416536
1098	0.412491
1099	0.409205
1100	0.416243
1101	0.344621
1102	0.294889
1103	0.26639
1104	0.240888
1105	0.219265
1106	0.201131
1107	0.185056
1108	0.171949
1109	0.160208
1110	0.149911
1111	0.139945
1112	0.131356
1113	0.123161
1114	0.117028
1115	0.110395
1116	0.103785
1117	0.0991141
1118	0.0929921
1119	0.0881901
1120	0.0837115
1121	0.0874273
1122	0.0914128
1123	0.0951547
1124	0.0990017
1125	0.102508
1126	0.104819
1127	0.110664
1128	0.117003
1129	0.122678
1130	0.12817
1131	0.128349
1132	0.128132
1133	0.126429
1134	0.125939
1135	0.12559
1136	0.125134
1137	0.122382
1138	0.120531
1139	0.121467
1140	0.121439
1141	0.119309
1142	0.120375
1143	0.119345
1144	0.118132
1145	0.118518
1146	0.124582
1147	0.130247
1148	0.135536
1149	0.141484
1150	0.148012
1151	0.155235
1152	0.162847
1153	0.172178
1154	0.183228
1155	0.194275
1156	0.204998
1157	0.219871
1158	0.235542
1159	0.251242
1160	0.270239
1161	0.294303
1162	0.304262
1163	0.310945
1164	0.312292
1165	0.319227
1166	0.319842
1167	0.328401
1168	0.335411
1169	0.334382
1170	0.346019
1171	0.349356
1172	0.350499
1173	0.349919
1174	0.350667
1175	0.346836
1176	0.343991
1177	0.350647
1178	0.34992
1179	0.350391
1180	0.354876
1181	0.354788
1182	0.352901
1183	0.341266
1184	0.352586
1185	0.358621
1186	0.360093
1187	0.361149
1188	0.357821
1189	0.347124
1190	0.358855
1191	0.366599
1192	0.367883
1193	0.368924
1194	0.370177
1195	0.369277
1196	0.370406
1197	0.369635
1198	0.363524
1199	0.356811
1200	0.372225
1201	0.377568
1202	0.376728
1203	0.36612
1204	0.36536
1205	0.373677
1206	0.373956
1207	0.374207
1208	0.366453
1209	0.354872
1210	0.36664
1211	0.3635
1212	0.369831
1213	0.371962
1214	0.371204
1215	0.372189
1216	0.372451
1217	0.372468
1218	0.371747
1219	0.370391
1220	0.372049
1221	0.372497
1222	0.371826
1223	0.370417
1224	0.374296
1225	0.374437
1226	0.374832
1227	0.369773
1228	0.373821
1229	0.377467
1230	0.378035
1231	0.37839
1232	0.37725
1233	0.379638
1234	0.380377
1235	0.380888
1236	0.384829
1237	0.387299
1238	0.3895
1239	0.390545
1240	0.397554
1241	0.397736
1242	0.394515
1243	0.389182
1244	0.385881
1245	0.385096
1246	0.385535
1247	0.384137
1248	0.384464
1249	0.382748
1250	0.380457
1251	0.376873
1252	0.373127
1253	0.372824
1254	0.371834
1255	0.370047
1256	0.367989
1257	0.365255
1258	0.364878
1259	0.3625
1260	0.362366
1261	0.360438
1262	0.356329
1263	0.357252
1264	0.353395
1265	0.352847
1266	0.35321
1267	0.348233
1268	0.345367
1269	0.346854
1270	0.347761
1271	0.348485
1272	0.347799
1273	0.347889
1274	0.347119
1275	0.349532
1276	0.351363
1277	0.352392
1278	0.35261
1279	0.351615
1280	0.349595
1281	0.338646
1282	0.313891
1283	0.334102
1284	0.348882
1285	0.353544
1286	0.355952
1287	0.358603
1288	0.359599
1289	0.362114
1290	0.360728
1291	0.354064
1292	0.349352
1293	0.344085
1294	0.336132
1295	0.333786
1296	0.331153
1297	0.326134
1298	0.32116
1299	0.320349
1300	0.317089
1301	0.313686
1302	0.309
1303	0.305297
1304	0.302453
1305	0.302662
1306	0.301272
1307	0.299499
1308	0.297337
1309	0.295514
1310	0.292864
1311	0.290456
1312	0.286343
1313	0.279467
1314	0.282591
1315	0.276854
1316	0.276468
1317	0.27876
1318	0.275795
1319	0.277354
1320	0.275726
1321	0.223704
1322	0.192718
1323	0.170291
1324	0.152661
1325	0.137956
1326	0.125306
1327	0.114428
1328	0.105547
1329	0.0959636
1330	0.0898894
1331	0.0842324
1332	0.0776879
1333	0.0737632
1334	0.0694568
1335	0.0651658
1336	0.0609659
1337	0.0575745
1338	0.0541659
1339	0.0507226
1340	0.0479496
1341	0.0461842
1342	0.0438308
1343	0.0416666
1344	0.0396728
1345	0.0377583
1346	0.0357528
1347	0.0342078
1348	0.0326233
1349	0.0310625
1350	0.029418
1351	0.0261873
1352	0.0235207
1353	0.0210503
1354	0.0188532
1355	0.0168348
1356	0.0152076
1357	0.0136844
1358	0.0125678
1359	0.0114348
1360	0.0103686
1361	0.009565
1362	0.008741
1363	0.00791964
1364	0.00733577
1365	0.00675177
1366	0.00621433
1367	0.00569792
1368	0.00529071
1369	0.00483274
1370	0.00446685
1371	0.00414907
1372	0.00388471
1373	0.00361567
1374	0.0033569
1375	0.00308393
1376	0.0028542
1377	0.00268119
1378	0.00250393
1379	0.00235089
1380	0.00218741
1381	0.00204532
1382	0.00189639
1383	0.00177882
1384	0.00167312
1385	0.00155926
1386	0.00146901
1387	0.00137065
1388	0.00129241
1389	0.00121584
1390	0.00112946
1391	0.00107211
1392	0.00101093
1393	0.000947969
1394	0.000889347
1395	0.000838654
1396	0.000886018
1397	0.000935814
1398	0.000990344
1399	0.0010414
1400	0.00107758
1401	0.00113869
1402	0.00121778
1403	0.00128236
1404	0.00136061
1405	0.00144247
1406	0.00153751
1407	0.00163086
1408	0.0017304
1409	0.00184399
1410	0.0019585
1411	0.00207002
1412	0.00216478
1413	0.00232666
1414	0.00251087
1415	0.00268561
1416	0.00286207
1417	0.0030767
1418	0.00330168
1419	0.00350962
1420	0.0037578
1421	0.0040533
1422	0.0042968
1423	0.00461316
1424	0.00497155
1425	0.00540514
1426	0.00572905
1427	0.00624049
1428	0.00680136
1429	0.00727196
1430	0.007886
1431	0.00862896
1432	0.00956727
1433	0.0104582
1434	0.0113036
1435	0.012432
1436	0.0136895
1437	0.015118
1438	0.0166652
1439	0.0184831
1440	0.019867
1441	0.0222521
1442	0.0249579
1443	0.0271152
1444	0.028269
1445	0.0294289
1446	0.0307261
1447	0.0318228
1448	0.0333292
1449	0.0346711
1450	0.0359201
1451	0.0371064
1452	0.0387112
1453	0.040529
1454	0.0421979
1455	0.0440088
1456	0.0459208
1457	0.0484493
1458	0.0514367
1459	0.0542363
1460	0.056698
1461	0.0594937
1462	0.0622966
1463	0.0636868
1464	0.0637775
1465	0.0643095
1466	0.0638327
1467	0.064547
1468	0.0640712
1469	0.0645538
1470	0.0642347
1471	0.0633449
1472	0.063546
1473	0.0634116
1474	0.0622103
1475	0.0629873
1476	0.0633228
1477	0.0632181
1478	0.0653946
1479	0.0683106
1480	0.0710304
1481	0.0731626
1482	0.0762661
1483	0.0782072
1484	0.082165
1485	0.086521
1486	0.0895081
1487	0.0915951
1488	0.0886812
1489	0.10026
1490	0.107438
1491	0.113311
1492	0.118659
1493	0.126666
1494	0.134733
1495	0.142801
1496	0.149686
1497	0.163711
1498	0.166767
1499	0.167794
1500	0.17224
1501	0.174347
1502	0.173299
1503	0.164017
1504	0.169742
1505	0.168821
1506	0.177363
1507	0.185659
1508	0.187422
1509	0.189799
1510	0.196011
1511	0.199648
1512	0.20033
1513	0.203212
1514	0.206756
1515	0.213007
1516	0.217999
1517	0.223439
1518	0.233096
1519	0.240209
1520	0.255626
1521	0.251291
1522	0.250441
1523	0.253294
1524	0.253825
1525	0.250364
1526	0.254862
1527	0.254239
1528	0.255317
1529	0.252722
1530	0.24385
1531	0.253232
1532	0.255123
1533	0.252985
1534	0.2501
1535	0.252488
1536	0.255545
1537	0.255762
1538	0.251826
1539	0.254665
1540	0.247071
1541	0.247204
1542	0.247511
1543	0.246645
1544	0.246917
1545	0.246601
1546	0.244706
1547	0.2409
1548	0.235748
1549	0.237771
1550	0.235779
1551	0.235679
1552	0.236688
1553	0.233723
1554	0.229066
1555	0.228643
1556	0.226423
1557	0.229671
1558	0.228545
1559	0.228454
1560	0.227506
1561	0.230639
1562	0.230245
1563	0.229426
1564	0.227638
1565	0.229851
1566	0.228298
1567	0.228588
1568	0.226932
1569	0.228768
1570	0.228981
1571	0.233265
1572	0.234071
1573	0.231931
1574	0.229789
1575	0.221794
1576	0.226874
1577	0.215871
1578	0.227942
1579	0.233533
1580	0.235326
1581	0.234777
1582	0.227786
1583	0.228584
1584	0.227055
1585	0.231303
1586	0.229008
1587	0.225824
1588	0.219999
1589	0.208424
1590	0.212796
1591	0.214398
1592	0.222621
1593	0.226544
1594	0.225513
1595	0.224727
1596	0.216398
1597	0.217942
1598	0.221889
1599	0.218646
1600	0.218682
1601	0.213841
1602	0.215198
1603	0.215372
1604	0.215327
1605	0.213143
1606	0.212253
1607	0.211164
1608	0.213719
1609	0.211571
1610	0.201732
1611	0.205697
1612	0.207658
1613	0.211255
1614	0.2111
1615	0.210207
1616	0.203456
1617	0.206276
1618	0.212417
1619	0.211818
1620	0.207058
1621	0.207273
1622	0.210626
1623	0.215173
1624	0.216118
1625	0.214101
1626	0.216687
1627	0.218406
1628	0.220578
1629	0.222116
1630	0.222554
1631	0.223374
1632	0.223149
1633	0.220582
1634	0.218497
1635	0.220843
1636	0.220044
1637	0.212951
1638	0.211117
1639	0.208
1640	0.209892
1641	0.208877
1642	0.209151
1643	0.212208
1644	0.210502
1645	0.209849
1646	0.212442
1647	0.212843
1648	0.212205
1649	0.209127
1650	0.210808
1651	0.208897
1652	0.210823
1653	0.209381
1654	0.21003
1655	0.208361
1656	0.209356
1657	0.209435
1658	0.208347
1659	0.206344
1660	0.207465
1661	0.208236
1662	0.207507
1663	0.206669
1664	0.206285
1665	0.204635
1666	0.203107
1667	0.20308
1668	0.200619
1669	0.201983
1670	0.204856
1671	0.203556
1672	0.197641
1673	0.199703
1674	0.201875
1675	0.199776
1676	0.197567
1677	0.198707
1678	0.199265
1679	0.195443
1680	0.188492
1681	0.18203
1682	0.18454
1683	0.188892
1684	0.191108
1685	0.191211
1686	0.188873
1687	0.188702
1688	0.187989
1689	0.185516
1690	0.185177
1691	0.187404
1692	0.187317
1693	0.186245
1694	0.185734
1695	0.185244
1696	0.184097
1697	0.182972
1698	0.1824
1699	0.18107
1700	0.178672
1701	0.178017
1702	0.177665
1703	0.177103
1704	0.176504
1705	0.175851
1706	0.174766
1707	0.17362
1708	0.172481
1709	0.17135
1710	0.170396
1711	0.170474
1712	0.170725
1713	0.170979
1714	0.171234
1715	0.171348
1716	0.170564
1717	0.169642
1718	0.168725
1719	0.167813
1720	0.166973
1721	0.166508
1722	0.166113
1723	0.165722
1724	0.165333
1725	0.164889
1726	0.164063
1727	0.163182
1728	0.162306
1729	0.161433
1730	0.160422
1731	0.158535
1732	0.156513
1733	0.154497
1734	0.152488
1735	0.150881
1736	0.151625
1737	0.152765
1738	0.153902
1739	0.155039
1740	0.155927
1741	0.138687
1742	0.127217
1743	0.11833
1744	0.110985
1745	0.104738
1746	0.0994996
1747	0.0948811
1748	0.0907228
1749	0.086943
1750	0.0834947
1751	0.0803772
1752	0.0775016
1753	0.0748254
1754	0.072325
1755	0.0699544
1756	0.0675569
1757	0.0652725
1758	0.0631146
1759	0.061072
1760	0.0591511
1761	0.0574209
1762	0.0557893
1763	0.0542339
1764	0.0527489
1765	0.0513295
1766	0.0499712
1767	0.0486698
1768	0.0474217
1769	0.0462237
1770	0.045055
1771	0.0438188
1772	0.0426135
1773	0.0414539
1774	0.0403375
1775	0.0392843
1776	0.0383997
1777	0.0375666
1778	0.0367612
1779	0.0359822
1780	0.0352182
1781	0.0344197
1782	0.0336372
1783	0.0328795
1784	0.0321455
1785	0.0314431
1786	0.0308153
1787	0.0302144
1788	0.0296307
1789	0.0290636
1790	0.0285008
1791	0.0278798
1792	0.0272655
1793	0.0266686
1794	0.0260887
1795	0.0255249
1796	0.0249767
1797	0.0244434
1798	0.0239247
1799	0.0234199
1800	0.0229422
1801	0.0204412
1802	0.0183175
1803	0.0164879
1804	0.0148996
1805	0.0135099
1806	0.0122767
1807	0.0111865
1808	0.0102195
1809	0.00935828
1810	0.00857054
1811	0.00776677
1812	0.00703496
1813	0.00638134
1814	0.00579611
1815	0.00528726
1816	0.00491848
1817	0.00459561
1818	0.00429924
1819	0.0040267
1820	0.00377443
1821	0.00353509
1822	0.00331329
1823	0.00310843
1824	0.00291896
1825	0.00274061
1826	0.00255865
1827	0.0023882
1828	0.00223083
1829	0.00208537
1830	0.00195176
1831	0.00183305
1832	0.0017236
1833	0.00162175
1834	0.00152689
1835	0.00143828
1836	0.00135424
1837	0.00127568
1838	0.00120233
1839	0.00113381
1840	0.00106961
1841	0.00100851
1842	0.00095124
1843	0.000897637
1844	0.000847437
1845	0.000800815
1846	0.000759266
1847	0.00072056
1848	0.000684114
1849	0.000649777
1850	0.000617207
1851	0.000585347
1852	0.000555157
1853	0.000526715
1854	0.000499908
1855	0.000474629
1856	0.000450782
1857	0.000428274
1858	0.000407021
1859	0.000386946
1860	0.000367974
1861	0.000377147
1862	0.000386586
1863	0.0003963
1864	0.000406298
1865	0.000416675
1866	0.000427769
1867	0.000439296
1868	0.000451183
1869	0.000463443
1870	0.000475047
1871	0.000480416
1872	0.000484652
1873	0.00048879
1874	0.000492819
1875	0.000499474
1876	0.000522972
1877	0.000550401
1878	0.000579069
1879	0.000609033
1880	0.000638611
1881	0.000658735
1882	0.000677735
1883	0.000697377
1884	0.000717687
1885	0.000738085
1886	0.000755204
1887	0.000772145
1888	0.000789527
1889	0.000807365
1890	0.000826263
1891	0.000849332
1892	0.0008738
1893	0.00089911
1894	0.000925297
1895	0.000953086
1896	0.000986146
1897	0.00102126
1898	0.0010578
1899	0.00109583
1900	0.00113486
1901	0.00117163
1902	0.00120922
1903	0.00124824
1904	0.00128878
1905	0.0013307
1906	0.00137267
1907	0.00141605
1908	0.00146109
1909	0.00150787
1910	0.00155682
1911	0.00160936
1912	0.00166441
1913	0.00172174
1914	0.00178146
1915	0.0018437
1916	0.00190859
1917	0.00197626
1918	0.00204685
1919	0.00212053
1920	0.00219746
1921	0.00211541
1922	0.00212386
1923	0.00215146
1924	0.00219018
1925	0.00223627
1926	0.00228403
1927	0.00233674
1928	0.00239487
1929	0.00245824
1930	0.00252873
1931	0.0026166
1932	0.00271293
1933	0.00281611
1934	0.00292654
1935	0.00304307
1936	0.00315666
1937	0.00327627
1938	0.00340408
1939	0.0035407
1940	0.00368116
1941	0.00379581
1942	0.00391153
1943	0.00403449
1944	0.00416527
1945	0.00431885
1946	0.00457371
1947	0.00486586
1948	0.00518353
1949	0.00552968
1950	0.00590301
1951	0.00628181
1952	0.00669148
1953	0.00714143
1954	0.00763726
1955	0.00817929
1956	0.00873996
1957	0.00935663
1958	0.0100464
1959	0.0108225
1960	0.0117003
1961	0.0122382
1962	0.01281
1963	0.013421
1964	0.014075
1965	0.0147885
1966	0.015632
1967	0.0165575
1968	0.0175611
1969	0.0186524
1970	0.0198313
1971	0.0210425
1972	0.0223567
1973	0.023802
1974	0.025399
1975	0.0271732
1976	0.0291564
1977	0.0313897
1978	0.0339266
1979	0.036839
1980	0.0402373
1981	0.0443113
1982	0.0492599
1983	0.0554603
1984	0.0636612
1985	0.0757608
1986	0.0617047
1987	0.0543447
1988	0.0490917
1989	0.0449794
1990	0.0415671
1991	0.0384853
1992	0.0357909
1993	0.0334267
1994	0.0313283
1995	0.0294689
1996	0.0278957
1997	0.026484
1998	0.0251938
1999	0.024009
2000	0.0229067
2001	0.0218306
2002	0.0208235
2003	0.0198867
2004	0.0190132
2005	0.0182047
2006	0.0187798
2007	0.0193907
2008	0.0200315
2009	0.0207043
2010	0.0214078
2011	0.0221173
2012	0.0228604
2013	0.023644
2014	0.0244714
2015	0.0253422
2016	0.026228
2017	0.0271629
2018	0.028157
2019	0.0292164
2020	0.0303621
2021	0.0316751
2022	0.0331032
2023	0.0346466
2024	0.0363213
2025	0.0381306
2026	0.0400074
2027	0.0420603
2028	0.0443463
2029	0.0469194
2030	0.0498705
2031	0.0533722
2032	0.0575744
2033	0.0628251
2034	0.0699762
2035	0.0830194
2036	0.0819306
2037	0.0809142
2038	0.0799667
2039	0.0790752
2040	0.0782893
2041	0.0778624
2042	0.0775236
2043	0.0772107
2044	0.0769207
2045	0.0766016
2046	0.0759768
2047	0.0753235
2048	0.0746895
2049	0.0740735
2050	0.0734951
2051	0.0730288
2052	0.0725968
2053	0.0721778
2054	0.0717708
2055	0.0713619
2056	0.0708557
2057	0.0703475
2058	0.0698503
2059	0.0693637
2060	0.0689076
2061	0.0685547
2062	0.0682308
2063	0.0679159
2064	0.0676096
2065	0.067312
2066	0.0675072
2067	0.0677065
2068	0.06791
2069	0.068118
2070	0.0683509
2071	0.0686842
2072	0.0690442
2073	0.0694111
2074	0.0697851
2075	0.0701388
2076	0.0703185
2077	0.0704761
2078	0.0706396
2079	0.0708095
2080	0.0710006
2081	0.0712711
2082	0.071565
2083	0.0718687
2084	0.072183
2085	0.072516
2086	0.0728764
2087	0.073258
2088	0.0736548
2089	0.0740683
2090	0.0744851
2091	0.0748452
2092	0.0752116
2093	0.0756026
2094	0.0760219
2095	0.0765065
2096	0.0772405
2097	0.0780607
2098	0.0789486
2099	0.0799247
2100	0.0810145
2101	0.0810182
2102	0.0810142
2103	0.0810107
2104	0.081008
2105	0.080989
2106	0.0808691
2107	0.0807328
2108	0.080597
2109	0.0804618
2110	0.0803357
2111	0.0802782
2112	0.08023
2113	0.0801826
2114	0.080136
2115	0.0800904
2116	0.0800286
2117	0.0799678
2118	0.079908
2119	0.0798493
2120	0.0797918
2121	0.0797182
2122	0.0796459
2123	0.079575
2124	0.0795054
2125	0.0794632
2126	0.0795606
2127	0.079686
2128	0.0798138
2129	0.079944
2130	0.0800422
2131	0.0799523
2132	0.0798301
2133	0.0797107
2134	0.0795942
2135	0.0795072
2136	0.0795987
2137	0.0797213
2138	0.0798495
2139	0.079984
2140	0.0800994
2141	0.0800648
2142	0.0800132
2143	0.0799734
2144	0.0799484
2145	0.0799698
2146	0.0801439
2147	0.0803876
2148	0.0807051
2149	0.0806565
2150	0.080599
2151	0.0804517
2152	0.0802956
2153	0.0801395
2154	0.0799836
2155	0.0798277
2156	0.079636
2157	0.0794445
2158	0.0792531
2159	0.0790617
2160	0.0787628
2161	0.0778002
2162	0.0767302
2163	0.0756607
2164	0.0745914
2165	0.0737288
2166	0.0741215
2167	0.0747204
2168	0.0753191
2169	0.0759176
2170	0.0764534
2171	0.0765769
2172	0.0766378
2173	0.0766987
2174	0.0767596
2175	0.0767847
2176	0.076595
2177	0.0763696
2178	0.0761443
2179	0.0759192
2180	0.0757209
2181	0.0757017
2182	0.0757094
2183	0.0757171
2184	0.0757249
2185	0.0756969
2186	0.0754365
2187	0.0751405
2188	0.0748446
2189	0.0745489
2190	0.0742979
2191	0.0743151
2192	0.0743769
2193	0.0744388
2194	0.0745007
2195	0.0745359
2196	0.0744282
2197	0.0742938
2198	0.0741595
2199	0.0740128
2200	0.0738394
2201	0.0735057
2202	0.0731455
2203	0.0727856
2204	0.072426
2205	0.0721111
2206	0.0720281
2207	0.0719897
2208	0.0719513
2209	0.0719131
2210	0.071866
2211	0.0717834
2212	0.0716921
2213	0.0716008
2214	0.0715097
2215	0.0714186
2216	0.0713277
2217	0.0712369
2218	0.0711462
2219	0.0710555
2220	0.0709473
2221	0.0707327
2222	0.0705006
2223	0.0702686
2224	0.0700369
2225	0.069823
2226	0.0697155
2227	0.0696259
2228	0.0695364
2229	0.0694469
2230	0.0693576
2231	0.0692506
2232	0.0691438
2233	0.0690371
2234	0.0689304
2235	0.0688062
2236	0.0685585
2237	0.0682932
2238	0.0680282
2239	0.0677633
2240	0.0675251
2241	0.0674458
2242	0.067393
2243	0.0673404
2244	0.0672878
2245	0.0672176
2246	0.0670594
2247	0.0668837
2248	0.0667081
2249	0.0665327
2250	0.0663574
2251	0.066147
2252	0.0659368
2253	0.0657267
2254	0.0655168
2255	0.0653246
2256	0.0652555
2257	0.0652041
2258	0.0651527
2259	0.0651014
2260	0.0650414
2261	0.0648936
2262	0.0647372
2263	0.0645809
2264	0.0644248
2265	0.0642862
2266	0.0642179
2267	0.0641672
2268	0.0641165
2269	0.0640659
2270	0.0640066
2271	0.0636842
2272	0.0633625
2273	0.0630495
2274	0.0627443
2275	0.0624292
2276	0.0620351
2277	0.0616308
2278	0.0612329
2279	0.0608411
2280	0.0604804
2281	0.060277
2282	0.0601028
2283	0.0599323
2284	0.0597653
2285	0.0596016
2286	0.0594078
2287	0.059217
2288	0.0590293
2289	0.0588444
2290	0.0586293
2291	0.0582033
2292	0.0577482
2293	0.0572969
2294	0.0568492
2295	0.0564538
2296	0.0563214
2297	0.0562395
2298	0.0561592
2299	0.0560804
2300	0.0559951
2301	0.0558469
2302	0.0556924
2303	0.0555395
2304	0.0553883
2305	0.0552306
2306	0.0550428
2307	0.0548486
2308	0.054656
2309	0.0544651
2310	0.0542757
2311	0.0540563
2312	0.0538385
2313	0.0536223
2314	0.0534075
2315	0.0531943
2316	0.0529981
2317	0.0528032
2318	0.0526097
2319	0.0524175
2320	0.0522033
2321	0.0518209
2322	0.0514173
2323	0.0510156
2324	0.0506159
2325	0.0502718
2326	0.0502197
2327	0.0502216
2328	0.0502239
2329	0.0502267
2330	0.050207
2331	0.0500667
2332	0.0499046
2333	0.0497434
2334	0.0495831
2335	0.0494237
2336	0.0492653
2337	0.0491077
2338	0.048951
2339	0.0487951
2340	0.0486475
2341	0.0485454
2342	0.0484514
2343	0.048358
2344	0.0482652
2345	0.0481581
2346	0.0479779
2347	0.0477837
2348	0.0475904
2349	0.047398
2350	0.0471917
2351	0.0468837
2352	0.0465623
2353	0.0462421
2354	0.0459232
2355	0.0456491
2356	0.0456089
2357	0.0456126
2358	0.0456165
2359	0.0456206
2360	0.0456177
2361	0.044186
2362	0.0428959
2363	0.0417231
2364	0.0406455
2365	0.0396412
2366	0.0386557
2367	0.0377249
2368	0.0368476
2369	0.0360177
2370	0.0352245
2371	0.0344364
2372	0.0336788
2373	0.0329542
2374	0.0322599
2375	0.0316141
2376	0.0310944
2377	0.0306145
2378	0.0301525
2379	0.0297069
2380	0.029239
2381	0.0285721
2382	0.0278897
2383	0.0272284
2384	0.0265871
2385	0.0260087
2386	0.025707
2387	0.0254565
2388	0.0252131
2389	0.0249763
2390	0.0247294
2391	0.0243919
2392	0.0240471
2393	0.023711
2394	0.0233831
2395	0.0230633
2396	0.0227435
2397	0.0224312
2398	0.0221262
2399	0.021828
2400	0.0215366
2401	0.0212587
2402	0.0209869
2403	0.0207209
2404	0.0204605
2405	0.0202055
2406	0.0199625
2407	0.0197244
2408	0.019491
2409	0.0192622
2410	0.0190218
2411	0.0186907
2412	0.0183504
2413	0.0180168
2414	0.0176897
2415	0.0173934
2416	0.0172353
2417	0.0171039
2418	0.0169746
2419	0.0168475
2420	0.0167137
2421	0.0165248
2422	0.0163306
2423	0.0161397
2424	0.0159521
2425	0.0157704
2426	0.0156081
2427	0.0154511
2428	0.0152967
2429	0.0151446
2430	0.0149924
2431	0.0148166
2432	0.014641
2433	0.0144682
2434	0.0142981
2435	0.0141332
2436	0.0139907
2437	0.0138528
2438	0.0137169
2439	0.0135831
2440	0.0134488
2441	0.0132975
2442	0.0131461
2443	0.012997
2444	0.0128501
2445	0.012703
2446	0.0125491
2447	0.0123951
2448	0.0122434
2449	0.0120939
2450	0.011951
2451	0.0113892
2452	0.0108699
2453	0.0103851
2454	0.00993147
2455	0.00950969
2456	0.0091303
2457	0.00877621
2458	0.00844212
2459	0.00812644
2460	0.00782631
2461	0.00753093
2462	0.0072497
2463	0.00698292
2464	0.0067296
2465	0.00648642
2466	0.00624356
2467	0.00601035
2468	0.00578841
2469	0.00557701
2470	0.00537753
2471	0.00520084
2472	0.00503378
2473	0.0048739
2474	0.00472078
2475	0.00457148
2476	0.00441178
2477	0.00425654
2478	0.00410794
2479	0.00396563
2480	0.00383148
2481	0.00371283
2482	0.00360092
2483	0.00349331
2484	0.00338979
2485	0.00329144
2486	0.00320289
2487	0.00311867
2488	0.00303736
2489	0.00295883
2490	0.002878
2491	0.00276987
2492	0.00266134
2493	0.00255715
2494	0.0024571
2495	0.00236826
2496	0.00232325
2497	0.00228629
2498	0.0022501
2499	0.00221466
2500	0.00217655
2501	0.00103428
2502	0.000543508
2503	0.000305481
2504	0.00018027
2505	0.000110422
2506	6.95603e-05
2507	4.49088e-05
2508	2.96055e-05
2509	1.98704e-05
2510	1.35494e-05
2511	9.37889e-06
2512	6.57374e-06
2513	4.65881e-06
2514	3.3349e-06
2515	2.40907e-06
2516	1.75558e-06
2517	1.28924e-06
2518	9.53532e-07
2519	7.09914e-07
2520	5.31913e-07
2521	4.01178e-07
2522	3.04277e-07
2523	2.31958e-07
2524	1.77676e-07
2525	1.36742e-07
2526	1.05825e-07
2527	8.22485e-08
2528	6.41724e-08
2529	5.02537e-08
2530	3.94841e-08
2531	3.10614e-08
2532	2.45086e-08
2533	1.93976e-08
2534	1.53977e-08
2535	1.22597e-08
2536	9.79611e-09
2537	7.84972e-09
2538	6.30592e-09
2539	5.07805e-09
2540	4.09885e-09
2541	3.31739e-09
2542	2.69079e-09
2543	2.18717e-09
2544	1.78145e-09
2545	1.45388e-09
2546	1.18831e-09
2547	9.73063e-10
2548	7.98249e-10
2549	6.55993e-10
2550	5.4001e-10
2551	4.45079e-10
2552	3.67429e-10
2553	3.03803e-10
2554	2.51579e-10
2555	2.08643e-10
2556	1.7321e-10
2557	1.43999e-10
2558	1.19879e-10
2559	9.99335e-11
2560	8.34346e-11
2561	6.98107e-11
2562	5.84978e-11
2563	4.90786e-11
2564	4.12255e-11
2565	3.46698e-11
2566	2.91772e-11
2567	2.45824e-11
2568	2.0734e-11
2569	1.7507e-11
2570	1.47979e-11
2571	1.25153e-11
2572	1.05956e-11
2573	8.97929e-12
2574	7.61694e-12
2575	6.46747e-12
2576	5.49663e-12
2577	4.67582e-12
2578	3.98118e-12
2579	3.39274e-12
2580	2.89315e-12
2581	2.46586e-12
2582	2.10295e-12
2583	1.79492e-12
2584	1.53324e-12
2585	1.31134e-12
2586	1.12608e-12
2587	9.68179e-13
2588	8.33059e-13
2589	7.17334e-13
2590	6.18e-13
2591	5.31826e-13
2592	4.5789e-13
2593	3.94509e-13
2594	3.40136e-13
2595	2.93525e-13
2596	2.53707e-13
2597	2.19488e-13
2598	1.90008e-13
2599	1.64594e-13
2600	1.4267e-13
2601	9.97862e-14
2602	8.14038e-14
2603	6.83548e-14
2604	5.82861e-14
2605	5.02008e-14
2606	4.35102e-14
2607	3.79216e-14
2608	3.31987e-14
2609	2.91717e-14
2610	2.57135e-14
2611	2.27373e-14
2612	2.01534e-14
2613	1.79007e-14
2614	1.59299e-14
2615	1.42002e-14
2616	1.26661e-14
2617	1.13138e-14
2618	1.01191e-14
2619	9.06165e-15
2620	8.12002e-15
2621	7.25954e-15
2622	6.49338e-15
2623	5.81332e-15
2624	5.20891e-15
2625	4.67685e-15
2626	4.23147e-15
2627	3.83612e-15
2628	3.48021e-15
2629	3.15949e-15
2630	2.86881e-15
2631	2.59896e-15
2632	2.35479e-15
2633	2.13482e-15
2634	1.93649e-15
2635	1.75713e-15
2636	1.59133e-15
2637	1.44154e-15
2638	1.30649e-15
2639	1.18463e-15
2640	1.07517e-15
2641	9.7917e-16
2642	8.92583e-16
2643	8.14002e-16
2644	7.42651e-16
2645	6.7783e-16
2646	6.18297e-16
2647	5.64211e-16
2648	5.1505e-16
2649	4.70347e-16
2650	4.29678e-16
2651	3.92272e-16
2652	3.58244e-16
2653	3.27278e-16
2654	2.99086e-16
2655	2.73479e-16
2656	2.50397e-16
2657	2.29393e-16
2658	2.10215e-16
2659	1.92698e-16
2660	1.76648e-16
2661	1.61736e-16
2662	1.48086e-16
2663	1.35626e-16
2664	1.24247e-16
2665	1.13912e-16
2666	1.04678e-16
2667	9.62675e-17
2668	8.85556e-17
2669	8.14821e-17
2670	7.49733e-17
2671	6.88249e-17
2672	6.31796e-17
2673	5.80109e-17
2674	5.32773e-17
2675	4.89537e-17
2676	4.50378e-17
2677	4.14552e-17
2678	3.81662e-17
2679	3.51458e-17
2680	3.23715e-17
2681	2.98225e-17
2682	2.74801e-17
2683	2.5327e-17
2684	2.33474e-17
2685	2.15269e-17
2686	1.98316e-17
2687	1.82734e-17
2688	1.68408e-17
2689	1.55236e-17
2690	1.43121e-17
2691	1.32046e-17
2692	1.2185e-17
2693	1.12463e-17
2694	1.03818e-17
2695	9.58549e-18
2696	8.8471e-18
2697	8.16703e-18
2698	7.54054e-18
2699	6.9633e-18
2700	6.43308e-18
2701	7.12937e-18
2702	7.90594e-18
2703	8.77019e-18
2704	9.7324e-18
2705	1.08041e-17
2706	1.19981e-17
2707	1.33289e-17
2708	1.48129e-17
2709	1.64682e-17
2710	1.83153e-17
2711	2.03885e-17
2712	2.2705e-17
2713	2.52946e-17
2714	2.81905e-17
2715	3.14303e-17
2716	3.50373e-17
2717	3.90738e-17
2718	4.3593e-17
2719	4.86548e-17
2720	5.43267e-17
2721	6.06517e-17
2722	6.77415e-17
2723	7.5692e-17
2724	8.46118e-17
2725	9.46499e-17
2726	1.05984e-16
2727	1.1876e-16
2728	1.33137e-16
2729	1.49321e-16
2730	1.6755e-16
2731	1.87881e-16
2732	2.10778e-16
2733	2.36576e-16
2734	2.65658e-16
2735	2.98458e-16
2736	3.35659e-16
2737	3.77683e-16
2738	4.2518e-16
2739	4.78892e-16
2740	5.39664e-16
2741	6.08806e-16
2742	6.87166e-16
2743	7.76022e-16
2744	8.76838e-16
2745	9.91289e-16
2746	1.12066e-15
2747	1.26762e-15
2748	1.43466e-15
2749	1.62463e-15
2750	1.84082e-15
2751	2.08581e-15
2752	2.36481e-15
2753	2.68272e-15
2754	3.04522e-15
2755	3.45882e-15
2756	3.93105e-15
2757	4.47057e-15
2758	5.0874e-15
2759	5.7931e-15
2760	6.60104e-15
2761	7.53104e-15
2762	8.59792e-15
2763	9.8227e-15
2764	1.12298e-14
2765	1.28477e-14
2766	1.47177e-14
2767	1.68724e-14
2768	1.93569e-14
2769	2.22242e-14
2770	2.55283e-14
2771	2.93124e-14
2772	3.36741e-14
2773	3.87159e-14
2774	4.4549e-14
2775	5.13036e-14
2776	5.91672e-14
2777	6.82951e-14
2778	7.89003e-14
2779	9.12339e-14
2780	1.05592e-13
2781	1.22395e-13
2782	1.42007e-13
2783	1.6492e-13
2784	1.91718e-13
2785	2.23095e-13
2786	2.59872e-13
2787	3.03028e-13
2788	3.53727e-13
2789	4.13356e-13
2790	4.83573e-13
2791	5.66018e-13
2792	6.63284e-13
2793	7.78184e-13
2794	9.1409e-13
2795	1.07538e-12
2796	1.26751e-12
2797	1.49636e-12
2798	1.76887e-12
2799	2.09385e-12
2800	2.48199e-12
2801	2.79306e-12
2802	3.14472e-12
2803	3.54247e-12
2804	3.99261e-12
2805	4.50372e-12
2806	5.08613e-12
2807	5.74876e-12
2808	6.50133e-12
2809	7.35657e-12
2810	8.32908e-12
2811	9.43562e-12
2812	1.06955e-11
2813	1.21308e-11
2814	1.37671e-11
2815	1.56338e-11
2816	1.77537e-11
2817	2.01739e-11
2818	2.29389e-11
2819	2.61e-11
2820	2.97165e-11
2821	3.38359e-11
2822	3.8553e-11
2823	4.39585e-11
2824	5.01577e-11
2825	5.72906e-11
2826	6.55275e-11
2827	7.50289e-11
2828	8.5974e-11
2829	9.85929e-11
2830	1.13154e-10
2831	1.2989e-10
2832	1.49224e-10
2833	1.7158e-10
2834	1.97456e-10
2835	2.27434e-10
2836	2.6203e-10
2837	3.02165e-10
2838	3.48772e-10
2839	4.0295e-10
2840	4.65996e-10
2841	5.39789e-10
2842	6.25903e-10
2843	7.2651e-10
2844	8.44186e-10
2845	9.81991e-10
2846	1.14283e-09
2847	1.33152e-09
2848	1.55318e-09
2849	1.8139e-09
2850	2.12099e-09
2851	2.4832e-09
2852	2.91102e-09
2853	3.41707e-09
2854	4.01656e-09
2855	4.72783e-09
2856	5.57676e-09
2857	6.58789e-09
2858	7.79425e-09
2859	9.23605e-09
2860	1.09623e-08
2861	1.3033e-08
2862	1.55217e-08
2863	1.85185e-08
2864	2.21348e-08
2865	2.65078e-08
2866	3.17651e-08
2867	3.81429e-08
2868	4.58984e-08
2869	5.53525e-08
2870	6.69294e-08
2871	8.11756e-08
2872	9.87325e-08
2873	1.20398e-07
2874	1.47217e-07
2875	1.80581e-07
2876	2.22316e-07
2877	2.74643e-07
2878	3.40399e-07
2879	4.23356e-07
2880	5.28447e-07
2881	6.61264e-07
2882	8.3084e-07
2883	1.04843e-06
2884	1.32913e-06
2885	1.6933e-06
2886	2.17021e-06
2887	2.79735e-06
2888	3.62808e-06
2889	4.73729e-06
2890	6.23138e-06
2891	8.2637e-06
2892	1.10587e-05
2893	1.49512e-05
2894	2.04516e-05
2895	2.83605e-05
2896	3.9951e-05
2897	5.74506e-05
2898	8.49581e-05
2899	0.000131368
2900	0.000232562
2901	0.000236342
2902	0.000240195
2903	0.000244123
2904	0.000248127
2905	0.00025221
2906	0.000256193
2907	0.000260253
2908	0.000264389
2909	0.000268606
2910	0.000272903
2911	0.000277088
2912	0.000281351
2913	0.000285694
2914	0.000290119
2915	0.000294627
2916	0.000299434
2917	0.000304335
2918	0.000309334
2919	0.000314432
2920	0.000319633
2921	0.000324938
2922	0.00033035
2923	0.000335871
2924	0.000341505
2925	0.000347255
2926	0.000353122
2927	0.000359111
2928	0.000365223
2929	0.000371463
2930	0.000377833
2931	0.000384058
2932	0.00039041
2933	0.000396892
2934	0.000403507
2935	0.000410259
2936	0.000417458
2937	0.000424812
2938	0.000432325
2939	0.000440003
2940	0.000447849
2941	0.000455531
2942	0.000463377
2943	0.000471392
2944	0.000479581
2945	0.00048813
2946	0.00049724
2947	0.000506751
2948	0.000516485
2949	0.000526449
2950	0.00053665
2951	0.000547096
2952	0.000557793
2953	0.000568748
2954	0.00057997
2955	0.000591467
2956	0.000602792
2957	0.000614391
2958	0.00062627
2959	0.000638438
2960	0.000650905
2961	0.000664184
2962	0.000677801
2963	0.000691767
2964	0.000706094
2965	0.000720794
2966	0.000735319
2967	0.000750216
2968	0.000765499
2969	0.000781179
2970	0.000797271
2971	0.000814413
2972	0.000832022
2973	0.000850115
2974	0.000868708
2975	0.000887821
2976	0.000906772
2977	0.000926247
2978	0.000946265
2979	0.000966847
2980	0.000988013
2981	0.00101057
2982	0.00103379
2983	0.0010577
2984	0.00108234
2985	0.00110772
2986	0.00113299
2987	0.00115903
2988	0.00118587
2989	0.00121354
2990	0.00124207
2991	0.00127251
2992	0.00130395
2993	0.00133643
2994	0.00136999
2995	0.0014047
2996	0.00144061
2997	0.00147778
2998	0.00151628
2999	0.00155618
3000	0.00159757
3001	0.00159624
3002	0.00159491
3003	0.00159358
3004	0.00159225
3005	0.00159091
3006	0.00159084
3007	0.00159077
3008	0.0015907
3009	0.00159064
3010	0.00159057
3011	0.0015905
3012	0.00159043
3013	0.00159036
3014	0.00159029
3015	0.00159022
3016	0.00158888
3017	0.00158753
3018	0.00158618
3019	0.00158482
3020	0.00158347
3021	0.00158211
3022	0.00158076
3023	0.0015794
3024	0.00157803
3025	0.00157667
3026	0.00157659
3027	0.00157652
3028	0.00157644
3029	0.00157637
3030	0.00157629
3031	0.00157492
3032	0.00157355
3033	0.00157218
3034	0.00157081
3035	0.00156943
3036	0.00156676
3037	0.00156408
3038	0.0015614
3039	0.00155871
3040	0.00155667
3041	0.00155854
3042	0.00156106
3043	0.00156359
3044	0.00156613
3045	0.00156866
3046	0.0015699
3047	0.00157114
3048	0.00157238
3049	0.00157362
3050	0.00157486
3051	0.0015748
3052	0.00157474
3053	0.00157467
3054	0.00157461
3055	0.00157455
3056	0.00157449
3057	0.00157443
3058	0.00157437
3059	0.00157431
3060	0.00157426
3061	0.00157155
3062	0.00156885
3063	0.00156614
3064	0.00156343
3065	0.00156137
3066	0.00156065
3067	0.00156059
3068	0.00156054
3069	0.00156048
3070	0.00156043
3071	0.00156171
3072	0.001563
3073	0.00156429
3074	0.00156559
3075	0.00156688
3076	0.00156551
3077	0.00156413
3078	0.00156275
3079	0.00156138
3080	0.00156
3081	0.00155862
3082	0.00155725
3083	0.00155587
3084	0.0015545
3085	0.00155312
3086	0.00155175
3087	0.00155038
3088	0.00154901
3089	0.00154764
3090	0.00154627
3091	0.0015449
3092	0.00154354
3093	0.00154217
3094	0.00154081
3095	0.00153945
3096	0.00153809
3097	0.00153674
3098	0.00153539
3099	0.00153404
3100	0.00153269
3101	0.00151993
3102	0.00151654
3103	0.00151624
3104	0.00151762
3105	0.00152012
3106	0.00152207
3107	0.00152464
3108	0.00152773
3109	0.00153123
3110	0.00153511
3111	0.00153792
3112	0.001541
3113	0.00154432
3114	0.00154788
3115	0.00155235
3116	0.00155845
3117	0.00156548
3118	0.00157271
3119	0.00158013
3120	0.00158774
3121	0.00159553
3122	0.0016035
3123	0.00161164
3124	0.00161995
3125	0.00162843
3126	0.00163707
3127	0.00164587
3128	0.00165484
3129	0.00166396
3130	0.00167325
3131	0.00168269
3132	0.00169229
3133	0.00170205
3134	0.00171197
3135	0.00172204
3136	0.00173066
3137	0.00173941
3138	0.0017483
3139	0.00175733
3140	0.00176649
3141	0.00177747
3142	0.00178862
3143	0.00179992
3144	0.0018114
3145	0.00182304
3146	0.00183312
3147	0.00184333
3148	0.0018537
3149	0.00186421
3150	0.00187487
3151	0.0018875
3152	0.0019003
3153	0.00191328
3154	0.00192645
3155	0.00193981
3156	0.00195336
3157	0.00196711
3158	0.00198105
3159	0.00199519
3160	0.00200953
3161	0.00202604
3162	0.00204278
3163	0.00205978
3164	0.00207702
3165	0.00209452
3166	0.00210819
3167	0.00212206
3168	0.00213613
3169	0.00215039
3170	0.00216592
3171	0.0021838
3172	0.00220302
3173	0.00222254
3174	0.00224235
3175	0.00226246
3176	0.00227843
3177	0.00229464
3178	0.00231108
3179	0.00232777
3180	0.00234471
3181	0.00236423
3182	0.00238405
3183	0.00240418
3184	0.00242463
3185	0.0024454
3186	0.00246894
3187	0.00249287
3188	0.00251719
3189	0.00254191
3190	0.00256704
3191	0.00259003
3192	0.00261339
3193	0.00263714
3194	0.00266129
3195	0.00268585
3196	0.00270812
3197	0.00273076
3198	0.00275378
3199	0.00277719
3200	0.0028024
3201	0.00279041
3202	0.0027799
3203	0.00276947
3204	0.00275912
3205	0.00274883
3206	0.00273587
3207	0.00272301
3208	0.00271023
3209	0.00269754
3210	0.00268494
3211	0.00266973
3212	0.00265462
3213	0.00263961
3214	0.00262471
3215	0.00260992
3216	0.00259787
3217	0.00258591
3218	0.00257402
3219	0.00256222
3220	0.00255049
3221	0.00253884
3222	0.00252726
3223	0.00251576
3224	0.00250433
3225	0.00249298
3226	0.00248426
3227	0.00247559
3228	0.00246698
3229	0.00245842
3230	0.0024499
3231	0.00243893
3232	0.00242802
3233	0.00241718
3234	0.00240641
3235	0.0023957
3236	0.00238505
3237	0.00237447
3238	0.00236396
3239	0.0023535
3240	0.00234311
3241	0.00233279
3242	0.00232252
3243	0.00231231
3244	0.00230216
3245	0.00229208
3246	0.00228444
3247	0.00227685
3248	0.00226929
3249	0.00226178
3250	0.00225431
3251	0.00224218
3252	0.00223011
3253	0.00221812
3254	0.0022062
3255	0.00219434
3256	0.00218487
3257	0.00217545
3258	0.00216609
3259	0.00215678
3260	0.00214752
3261	0.00213831
3262	0.00212915
3263	0.00212004
3264	0.00211098
3265	0.00210197
3266	0.00209301
3267	0.00208409
3268	0.00207523
3269	0.00206641
3270	0.00205764
3271	0.00204892
3272	0.00204025
3273	0.00203162
3274	0.00202303
3275	0.0020145
3276	0.002006
3277	0.00199756
3278	0.00198915
3279	0.00198079
3280	0.00197248
3281	0.0019642
3282	0.00195597
3283	0.00194779
3284	0.00193964
3285	0.00193154
3286	0.00192558
3287	0.00191965
3288	0.00191375
3289	0.00190788
3290	0.001901
3291	0.00189
3292	0.00187803
3293	0.00186613
3294	0.00185429
3295	0.00184354
3296	0.00183488
3297	0.00182729
3298	0.00181974
3299	0.00181222
3300	0.00180474
3301	0.00182159
3302	0.00183865
3303	0.00185593
3304	0.00187344
3305	0.00189119
3306	0.0019049
3307	0.00191877
3308	0.0019328
3309	0.001947
3310	0.00196136
3311	0.00197813
3312	0.00199512
3313	0.00201233
3314	0.00202976
3315	0.00204743
3316	0.00206063
3317	0.00207397
3318	0.00208746
3319	0.0021011
3320	0.00211612
3321	0.00213626
3322	0.00215794
3323	0.00217993
3324	0.00220224
3325	0.00222488
3326	0.00224266
3327	0.00226068
3328	0.00227894
3329	0.00229745
3330	0.00231621
3331	0.00233797
3332	0.00236004
3333	0.00238245
3334	0.00240519
3335	0.00242827
3336	0.00245171
3337	0.0024755
3338	0.00249967
3339	0.00252421
3340	0.00254914
3341	0.00257446
3342	0.00260019
3343	0.00262633
3344	0.0026529
3345	0.00267991
3346	0.00270414
3347	0.00272875
3348	0.00275375
3349	0.00277917
3350	0.00280499
3351	0.00283467
3352	0.00286486
3353	0.00289559
3354	0.00292687
3355	0.00295872
3356	0.00299115
3357	0.00302417
3358	0.00305782
3359	0.0030921
3360	0.00312703
3361	0.00316264
3362	0.00319894
3363	0.00323596
3364	0.00327372
3365	0.00331225
3366	0.00335157
3367	0.0033917
3368	0.00343268
3369	0.00347454
3370	0.0035173
3371	0.003561
3372	0.00360567
3373	0.00365135
3374	0.00369808
3375	0.00374589
3376	0.00379484
3377	0.00384496
3378	0.00389631
3379	0.00394894
3380	0.00400289
3381	0.00406332
3382	0.00412535
3383	0.00418906
3384	0.00425453
3385	0.00432184
3386	0.0043856
3387	0.0044512
3388	0.00451875
3389	0.00458835
3390	0.00466012
3391	0.00473417
3392	0.00481064
3393	0.00488968
3394	0.00497144
3395	0.00505611
3396	0.00513736
3397	0.00522168
3398	0.00530929
3399	0.00540046
3400	0.00549898
3401	0.00552913
3402	0.00556312
3403	0.00559741
3404	0.00563201
3405	0.00566331
3406	0.0056804
3407	0.00569398
3408	0.00570767
3409	0.00572148
3410	0.00573911
3411	0.00576432
3412	0.00579351
3413	0.00582298
3414	0.00585272
3415	0.00588275
3416	0.00590544
3417	0.00592834
3418	0.00595146
3419	0.00597481
3420	0.00599838
3421	0.00602218
3422	0.00604622
3423	0.0060705
3424	0.00609502
3425	0.00611979
3426	0.00614482
3427	0.0061701
3428	0.00619565
3429	0.00622147
3430	0.00624756
3431	0.0062822
3432	0.00631721
3433	0.00635261
3434	0.00638841
3435	0.0064246
3436	0.0064527
3437	0.00648113
3438	0.00650988
3439	0.00653896
3440	0.00656839
3441	0.00659816
3442	0.0066283
3443	0.0066588
3444	0.00668968
3445	0.00672094
3446	0.00675259
3447	0.00678465
3448	0.00681712
3449	0.00685001
3450	0.00688334
3451	0.00692641
3452	0.00697005
3453	0.00701429
3454	0.00705913
3455	0.00710458
3456	0.00714108
3457	0.00717811
3458	0.00721568
3459	0.00725381
3460	0.00729252
3461	0.00734175
3462	0.00739172
3463	0.00744246
3464	0.007494
3465	0.00754636
3466	0.00758929
3467	0.00763296
3468	0.00767737
3469	0.00772256
3470	0.00776856
3471	0.0078154
3472	0.00786311
3473	0.00791172
3474	0.00796128
3475	0.00801181
3476	0.00806336
3477	0.00811598
3478	0.00816971
3479	0.0082246
3480	0.00828071
3481	0.00834962
3482	0.00842006
3483	0.00849212
3484	0.00856588
3485	0.00864143
3486	0.00870684
3487	0.00877404
3488	0.00884313
3489	0.00891425
3490	0.00898754
3491	0.00906316
3492	0.0091413
3493	0.00922218
3494	0.00930603
3495	0.00939315
3496	0.0094839
3497	0.0095787
3498	0.00967809
3499	0.00978273
3500	0.00989355
3501	0.00989902
3502	0.0099045
3503	0.00991001
3504	0.00991553
3505	0.00992108
3506	0.00991266
3507	0.00990424
3508	0.00989583
3509	0.00988742
3510	0.00987901
3511	0.00987061
3512	0.00986221
3513	0.00985382
3514	0.00984543
3515	0.00983705
3516	0.00982867
3517	0.00982029
3518	0.00981192
3519	0.00980356
3520	0.0097952
3521	0.00980095
3522	0.00980672
3523	0.00981251
3524	0.00981833
3525	0.00982417
3526	0.00981589
3527	0.00980762
3528	0.00979936
3529	0.0097911
3530	0.00978286
3531	0.0097888
3532	0.00979478
3533	0.00980078
3534	0.0098068
3535	0.00981286
3536	0.00980471
3537	0.00979657
3538	0.00978845
3539	0.00978033
3540	0.00977223
3541	0.00977841
3542	0.00978463
3543	0.00979087
3544	0.00979715
3545	0.00980346
3546	0.00979548
3547	0.00978752
3548	0.00977958
3549	0.00977165
3550	0.00976373
3551	0.00975584
3552	0.00974796
3553	0.0097401
3554	0.00973226
3555	0.00972444
3556	0.00971665
3557	0.00970887
3558	0.00970112
3559	0.00969339
3560	0.00968568
3561	0.00969246
3562	0.0096993
3563	0.00970618
3564	0.0097131
3565	0.00972008
3566	0.0097126
3567	0.00970514
3568	0.00969772
3569	0.00969033
3570	0.00968298
3571	0.00967567
3572	0.0096684
3573	0.00966117
3574	0.00965398
3575	0.00964683
3576	0.00963974
3577	0.00963269
3578	0.0096257
3579	0.00961875
3580	0.00961187
3581	0.00961973
3582	0.00962768
3583	0.00963573
3584	0.00964386
3585	0.0096521
3586	0.00964569
3587	0.00963937
3588	0.00963313
3589	0.00962699
3590	0.00962095
3591	0.00961501
3592	0.00960919
3593	0.0096035
3594	0.00959793
3595	0.00959251
3596	0.00960212
3597	0.00961193
3598	0.00962195
3599	0.0096322
3600	0.0096427
3601	0.00963141
3602	0.0096201
3603	0.0096088
3604	0.00959749
3605	0.00958618
3606	0.00957486
3607	0.00956354
3608	0.00955222
3609	0.00954089
3610	0.00952956
3611	0.00953324
3612	0.00953693
3613	0.00954062
3614	0.00954432
3615	0.00954803
3616	0.00953671
3617	0.00952539
3618	0.00951406
3619	0.00950273
3620	0.00949139
3621	0.00949512
3622	0.00949887
3623	0.00950262
3624	0.00950638
3625	0.00951015
3626	0.00949882
3627	0.0094875
3628	0.00947617
3629	0.00946483
3630	0.0094535
3631	0.00945729
3632	0.0094611
3633	0.00946491
3634	0.00946874
3635	0.00947257
3636	0.00946125
3637	0.00944993
3638	0.00943861
3639	0.00942728
3640	0.00941596
3641	0.00941982
3642	0.0094237
3643	0.00942758
3644	0.00943148
3645	0.00943539
3646	0.00942408
3647	0.00941277
3648	0.00940147
3649	0.00939016
3650	0.00937885
3651	0.00936754
3652	0.00935622
3653	0.00934491
3654	0.0093336
3655	0.00932228
3656	0.00932626
3657	0.00933024
3658	0.00933424
3659	0.00933825
3660	0.00934228
3661	0.00934632
3662	0.00935037
3663	0.00935444
3664	0.00935852
3665	0.00936262
3666	0.00933602
3667	0.0093094
3668	0.00928278
3669	0.00925614
3670	0.00923718
3671	0.00923361
3672	0.00923775
3673	0.0092419
3674	0.00924606
3675	0.00925024
3676	0.00923902
3677	0.0092278
3678	0.00921658
3679	0.00920537
3680	0.00919416
3681	0.00918296
3682	0.00917176
3683	0.00916056
3684	0.00914937
3685	0.00913819
3686	0.0091425
3687	0.00914684
3688	0.0091512
3689	0.00915558
3690	0.00915999
3691	0.00914888
3692	0.00913778
3693	0.0091267
3694	0.00911562
3695	0.00910455
3696	0.00909349
3697	0.00908244
3698	0.00907141
3699	0.00906039
3700	0.00904938
3701	0.00905378
3702	0.0090582
3703	0.00906264
3704	0.00906708
3705	0.00907154
3706	0.00906037
3707	0.00904919
3708	0.00903801
3709	0.00902683
3710	0.00901565
3711	0.00902015
3712	0.00902467
3713	0.0090292
3714	0.00903375
3715	0.00903831
3716	0.00902716
3717	0.009016
3718	0.00900485
3719	0.00899369
3720	0.00898253
3721	0.00898714
3722	0.00899176
3723	0.00899639
3724	0.00900105
3725	0.00900571
3726	0.00899458
3727	0.00898346
3728	0.00897233
3729	0.00896119
3730	0.00895006
3731	0.00895478
3732	0.00895951
3733	0.00896425
3734	0.00896902
3735	0.00897379
3736	0.00894681
3737	0.0089198
3738	0.00889277
3739	0.00886573
3740	0.00884663
3741	0.00884346
3742	0.00884826
3743	0.00885308
3744	0.00885792
3745	0.00886277
3746	0.00885167
3747	0.00884056
3748	0.00882945
3749	0.00881834
3750	0.00880723
3751	0.00881214
3752	0.00881707
3753	0.00882202
3754	0.00882698
3755	0.00883196
3756	0.00882089
3757	0.00880983
3758	0.00879876
3759	0.00878769
3760	0.00877662
3761	0.00878167
3762	0.00878673
3763	0.00879181
3764	0.00879691
3765	0.00880203
3766	0.00880717
3767	0.00881233
3768	0.0088175
3769	0.0088227
3770	0.00882792
3771	0.00881695
3772	0.00880598
3773	0.00879501
3774	0.00878404
3775	0.00877308
3776	0.00876211
3777	0.00875115
3778	0.00874018
3779	0.00872922
3780	0.00871826
3781	0.00872361
3782	0.00872898
3783	0.00873437
3784	0.00873978
3785	0.00874522
3786	0.00873432
3787	0.00872343
3788	0.00871253
3789	0.00870164
3790	0.00869075
3791	0.00869627
3792	0.00870182
3793	0.00870739
3794	0.00871299
3795	0.0087186
3796	0.00870779
3797	0.00869697
3798	0.00868616
3799	0.00867536
3800	0.00866456
3801	0.00862704
3802	0.00859748
3803	0.00857276
3804	0.00855138
3805	0.00853245
3806	0.00849923
3807	0.0084676
3808	0.00843731
3809	0.00840815
3810	0.00837996
3811	0.00836872
3812	0.0083582
3813	0.00834832
3814	0.00833902
3815	0.00833025
3816	0.00830595
3817	0.00828212
3818	0.00825874
3819	0.00823576
3820	0.00821316
3821	0.00820685
3822	0.00820086
3823	0.00819516
3824	0.00818973
3825	0.00818458
3826	0.00817967
3827	0.00817501
3828	0.00817058
3829	0.00816637
3830	0.00816237
3831	0.00814274
3832	0.00812332
3833	0.00810411
3834	0.00808509
3835	0.00806627
3836	0.00806344
3837	0.00806078
3838	0.00805829
3839	0.00805596
3840	0.00805379
3841	0.00803599
3842	0.00801834
3843	0.00800085
3844	0.00798352
3845	0.00796633
3846	0.00796507
3847	0.00796394
3848	0.00796295
3849	0.0079621
3850	0.00796139
3851	0.00794505
3852	0.00792884
3853	0.00791277
3854	0.00789683
3855	0.00788102
3856	0.00787323
3857	0.00786556
3858	0.00785015
3859	0.00784274
3860	0.00783547
3861	0.00782832
3862	0.00782919
3863	0.00782231
3864	0.00782344
3865	0.00781682
3866	0.00780245
3867	0.0077961
3868	0.00778199
3869	0.00777591
3870	0.00776207
3871	0.00776417
3872	0.00776641
3873	0.0077688
3874	0.00777134
3875	0.00777404
3876	0.00776108
3877	0.00775618
3878	0.00774353
3879	0.00773896
3880	0.00772663
3881	0.00772239
3882	0.00771834
3883	0.00771447
3884	0.0077108
3885	0.00770732
3886	0.007712
3887	0.00771691
3888	0.00773002
3889	0.00773542
3890	0.00774108
3891	0.00773106
3892	0.00772131
3893	0.00771983
3894	0.00771066
3895	0.00770182
3896	0.00770934
3897	0.00770925
3898	0.00771761
3899	0.0077184
3900	0.00772775
3901	0.00773569
3902	0.00774368
3903	0.00774364
3904	0.0077517
3905	0.00775981
3906	0.00775987
3907	0.00775184
3908	0.00775194
3909	0.00774395
3910	0.0077441
3911	0.00775243
3912	0.00775265
3913	0.00776106
3914	0.00776136
3915	0.00776987
3916	0.00776205
3917	0.00775425
3918	0.00775467
3919	0.00774691
3920	0.00773917
3921	0.00774791
3922	0.00775671
3923	0.00775732
3924	0.00776623
3925	0.00777519
3926	0.00776766
3927	0.00776844
3928	0.00776096
3929	0.00776181
3930	0.00775439
3931	0.00776366
3932	0.00776465
3933	0.00777404
3934	0.00777514
3935	0.00778466
3936	0.00778587
3937	0.00777875
3938	0.00778006
3939	0.00777301
3940	0.00777442
3941	0.00777589
3942	0.00778586
3943	0.00778746
3944	0.00779759
3945	0.00779933
3946	0.00779265
3947	0.00778601
3948	0.00778794
3949	0.00778141
3950	0.00777493
3951	0.00777705
3952	0.00778781
3953	0.00779011
3954	0.00780107
3955	0.00780354
3956	0.00780611
3957	0.00780877
3958	0.00780289
3959	0.00780573
3960	0.00780867
3961	0.00782038
3962	0.00783223
3963	0.00783552
3964	0.00784765
3965	0.00785991
3966	0.00785486
3967	0.00785867
3968	0.00785384
3969	0.00785791
3970	0.00785334
3971	0.00786651
3972	0.00787104
3973	0.00788459
3974	0.00788948
3975	0.00790344
3976	0.00790873
3977	0.00790533
3978	0.00791104
3979	0.00790803
3980	0.00791418
3981	0.00792059
3982	0.00792727
3983	0.00794324
3984	0.00795053
3985	0.00795814
3986	0.00797517
3987	0.00798353
3988	0.0080014
3989	0.00801062
3990	0.00802946
3991	0.00803053
3992	0.0080413
3993	0.00804349
3994	0.00805556
3995	0.00805912
3996	0.00808207
3997	0.00809673
3998	0.00812185
3999	0.00813893
4000	0.00816694
