       280	1.73032e-23	
       281	4.12172e-23	
       282	9.00627e-23	
       283	1.38787e-22	
       284	1.60631e-22	
       285	1.30387e-22	
       286	2.09316e-22	
       287	3.74281e-22	
       288	4.27514e-22	
       289	6.51956e-22	
       290	1.11664e-21	
       291	1.51013e-21	
       292	1.70844e-21	
       293	1.97987e-21	
       294	2.37863e-21	
       295	2.87041e-21	
       296	3.60596e-21	
       297	3.8987e-21	
       298	4.7715e-21	
       299	5.29995e-21	
       300	6.09067e-21	
       301	2.16301e-19	
       302	7.91027e-18	
       303	3.54988e-16	
       304	1.33051e-14	
       305	4.71696e-13	
       306	2.00383e-12	
       307	9.64024e-12	
       308	4.7022e-11	
       309	1.93756e-10	
       310	8.54726e-10	
       311	3.14244e-09	
       312	8.49086e-09	
       313	2.32328e-08	
       314	6.54871e-08	
       315	1.71211e-07	
       316	2.56513e-07	
       317	4.99082e-07	
       318	8.1244e-07	
       319	1.27207e-06	
       320	2.26879e-06	
       321	3.33302e-06	
       322	4.66132e-06	
       323	6.39751e-06	
       324	1.03606e-05	
       325	1.7389e-05	
       326	2.6251e-05	
       327	3.44842e-05	
       328	4.24484e-05	
       329	5.73308e-05	
       330	7.94274e-05	
       331	8.56998e-05	
       332	9.88296e-05	
       333	0.00011205	
       334	0.000130398	
       335	0.000157573	
       336	0.00015946	
       337	0.000167024	
       338	0.000206575	
       339	0.000243945	
       340	0.000290709	
       341	0.000307159	
       342	0.000342111	
       343	0.000388302	
       344	0.000366515	
       345	0.000416382	
       346	0.000480063	
       347	0.000526586	
       348	0.000558021	
       349	0.00059733	
       350	0.000714951	
       351	0.000805532	
       352	0.000810436	
       353	0.000888041	
       354	0.00108086	
       355	0.00117378	
       356	0.00115015	
       357	0.00104771	
       358	0.00101681	
       359	0.00119983	
       360	 0.0015671	
       361	0.00151205	
       362	0.00163468	
       363	 0.0018972	
       364	0.00202475	
       365	0.00226566	
       366	0.00273208	
       367	0.00288421	
       368	0.00285965	
       369	0.00310287	
       370	 0.0034375	
       371	0.00343622	
       372	0.00351219	
       373	0.00332315	
       374	 0.0031877	
       375	0.00359227	
       376	0.00421147	
       377	0.00477892	
       378	0.00581354	
       379	0.00548524	
       380	0.00540673	
       381	0.00595241	
       382	0.00496406	
       383	0.00406712	
       384	0.00473885	
       385	0.00621306	
       386	0.00630034	
       387	0.00674029	
       388	 0.0068943	
       389	0.00778161	
       390	  0.009259	
       391	 0.0102766	
       392	0.00989438	
       393	 0.0066089	
       394	0.00705637	
       395	 0.0112695	
       396	 0.0107855	
       397	0.00778602	
       398	 0.0132734	
       399	  0.017466	
       400	 0.0190902	
       401	 0.0205128	
       402	 0.0218398	
       403	 0.0221377	
       404	   0.02299	
       405	  0.023388	
       406	 0.0235792	
       407	 0.0240347	
       408	 0.0258259	
       409	 0.0276441	
       410	  0.025914	
       411	 0.0287217	
       412	 0.0312239	
       413	 0.0313584	
       414	 0.0319411	
       415	 0.0339048	
       416	 0.0357763	
       417	 0.0360851	
       418	 0.0359942	
       419	 0.0374786	
       420	  0.036877	
       421	 0.0411278	
       422	 0.0422856	
       423	 0.0423268	
       424	 0.0433595	
       425	 0.0453756	
       426	 0.0454518	
       427	  0.045342	
       428	  0.046164	
       429	 0.0435295	
       430	 0.0368905	
       431	 0.0369386	
       432	 0.0540079	
       433	 0.0546804	
       434	 0.0529679	
       435	 0.0583105	
       436	 0.0647949	
       437	 0.0668948	
       438	 0.0618287	
       439	 0.0616279	
       440	   0.06937	
       441	 0.0718303	
       442	 0.0771261	
       443	  0.080127	
       444	 0.0806148	
       445	 0.0835475	
       446	 0.0801465	
       447	 0.0886058	
       448	 0.0924749	
       449	 0.0946222	
       450	 0.0995001	
       451	  0.104026	
       452	  0.102225	
       453	 0.0984309	
       454	  0.104323	
       455	  0.106865	
       456	  0.111409	
       457	  0.114477	
       458	  0.114569	
       459	  0.115459	
       460	  0.117487	
       461	   0.12239	
       462	  0.125968	
       463	  0.127912	
       464	  0.127033	
       465	  0.127178	
       466	  0.130271	
       467	  0.129027	
       468	  0.134571	
       469	  0.137335	
       470	  0.135784	
       471	  0.139771	
       472	  0.146968	
       473	  0.146038	
       474	  0.149368	
       475	  0.155186	
       476	  0.154437	
       477	  0.157869	
       478	   0.16351	
       479	  0.163862	
       480	  0.167508	
       481	  0.169489	
       482	  0.171362	
       483	  0.171328	
       484	  0.170595	
       485	   0.16762	
       486	  0.146735	
       487	   0.15872	
       488	  0.171638	
       489	  0.169674	
       490	  0.183992	
       491	  0.181909	
       492	  0.178078	
       493	  0.187001	
       494	  0.188353	
       495	  0.197372	
       496	  0.193961	
       497	  0.196287	
       498	  0.194206	
       499	  0.195472	
       500	  0.196718	
       501	  0.193984	
       502	  0.196268	
       503	  0.203715	
       504	  0.198836	
       505	  0.209874	
       506	  0.218761	
       507	  0.213619	
       508	  0.210559	
       509	  0.218311	
       510	  0.216849	
       511	  0.221299	
       512	  0.226365	
       513	  0.217992	
       514	  0.214693	
       515	  0.221336	
       516	  0.219864	
       517	  0.193683	
       518	  0.209145	
       519	  0.211233	
       520	  0.227038	
       521	   0.23259	
       522	   0.23693	
       523	  0.229994	
       524	  0.242513	
       525	  0.244197	
       526	  0.235976	
       527	  0.218011	
       528	  0.240146	
       529	   0.25276	
       530	  0.249506	
       531	  0.259877	
       532	  0.255826	
       533	  0.237759	
       534	  0.248155	
       535	  0.255789	
       536	    0.2623	
       537	  0.251202	
       538	  0.258384	
       539	   0.25515	
       540	   0.24823	
       541	  0.244145	
       542	  0.260406	
       543	   0.26173	
       544	  0.269043	
       545	  0.266291	
       546	  0.266158	
       547	  0.268688	
       548	  0.265986	
       549	  0.271572	
       550	   0.27172	
       551	  0.272821	
       552	   0.27684	
       553	  0.272405	
       554	  0.276587	
       555	  0.278553	
       556	  0.275139	
       557	   0.27039	
       558	  0.272855	
       559	  0.264686	
       560	  0.268793	
       561	   0.27945	
       562	  0.273064	
       563	  0.279226	
       564	  0.277862	
       565	  0.277041	
       566	  0.268644	
       567	  0.280638	
       568	  0.281661	
       569	  0.278494	
       570	  0.277012	
       571	  0.270962	
       572	  0.282895	
       573	  0.286773	
       574	  0.286046	
       575	  0.282143	
       576	  0.282136	
       577	  0.286634	
       578	  0.282048	
       579	  0.284681	
       580	   0.28755	
       581	  0.289468	
       582	  0.293393	
       583	  0.296162	
       584	  0.296353	
       585	  0.295337	
       586	  0.291478	
       587	  0.297528	
       588	  0.293426	
       589	  0.271852	
       590	  0.283228	
       591	  0.297394	
       592	  0.298168	
       593	  0.299149	
       594	  0.301311	
       595	  0.302857	
       596	  0.307839	
       597	  0.311166	
       598	  0.308452	
       599	  0.308977	
       600	   0.31194	
       601	  0.310279	
       602	  0.310174	
       603	  0.317107	
       604	   0.32442	
       605	  0.326378	
       606	   0.32775	
       607	  0.330442	
       608	  0.331968	
       609	  0.332489	
       610	  0.335364	
       611	  0.337827	
       612	  0.344769	
       613	  0.343261	
       614	  0.339643	
       615	  0.348211	
       616	  0.344732	
       617	  0.345321	
       618	  0.358028	
       619	  0.364804	
       620	  0.368972	
       621	  0.373173	
       622	  0.370537	
       623	  0.372795	
       624	  0.373929	
       625	  0.372205	
       626	  0.376402	
       627	  0.388713	
       628	   0.39393	
       629	  0.397139	
       630	  0.397093	
       631	  0.395699	
       632	  0.388214	
       633	  0.402766	
       634	  0.403111	
       635	  0.405894	
       636	  0.403397	
       637	  0.414927	
       638	  0.420914	
       639	  0.419319	
       640	  0.414137	
       641	  0.415947	
       642	  0.419701	
       643	  0.426098	
       644	   0.42661	
       645	  0.431752	
       646	  0.428222	
       647	  0.433719	
       648	  0.433821	
       649	  0.425671	
       650	  0.425646	
       651	  0.444001	
       652	   0.44614	
       653	  0.450038	
       654	  0.447213	
       655	  0.429657	
       656	    0.3895	
       657	  0.404173	
       658	  0.444637	
       659	  0.454743	
       660	  0.463112	
       661	  0.469701	
       662	  0.473335	
       663	  0.474325	
       664	  0.476058	
       665	  0.483566	
       666	  0.484928	
       667	  0.483136	
       668	  0.475071	
       669	  0.472102	
       670	  0.461681	
       671	  0.456495	
       672	  0.449915	
       673	  0.449097	
       674	  0.445351	
       675	  0.442293	
       676	  0.444623	
       677	  0.440551	
       678	  0.440681	
       679	  0.436203	
       680	  0.435142	
       681	   0.43492	
       682	  0.434429	
       683	  0.431834	
       684	  0.429316	
       685	  0.427595	
       686	   0.42046	
       687	  0.428346	
       688	  0.432273	
       689	  0.432962	
       690	  0.432965	
       691	  0.434579	
       692	  0.434735	
       693	  0.440946	
       694	  0.445393	
       695	  0.445705	
       696	  0.449952	
       697	  0.454326	
       698	  0.455243	
       699	  0.461894	
       700	  0.465086	
       701	  0.467612	
       702	  0.471147	
       703	  0.480022	
       704	  0.490189	
       705	   0.49959	
       706	  0.502082	
       707	  0.507008	
       708	  0.515782	
       709	  0.525391	
       710	  0.549954	
       711	  0.501443	
       712	  0.472391	
       713	  0.452247	
       714	  0.439042	
       715	  0.421227	
       716	   0.41424	
       717	  0.405225	
       718	  0.392351	
       719	   0.37787	
       720	  0.383677	
       721	  0.383103	
       722	  0.382257	
       723	  0.378345	
       724	  0.377324	
       725	  0.378332	
       726	  0.382782	
       727	   0.38963	
       728	  0.394956	
       729	  0.391507	
       730	  0.410008	
       731	  0.414857	
       732	  0.426947	
       733	   0.43406	
       734	  0.451126	
       735	  0.460836	
       736	  0.468133	
       737	   0.48138	
       738	  0.493676	
       739	  0.503327	
       740	  0.537924	
       741	  0.538174	
       742	  0.538992	
       743	  0.551642	
       744	    0.5591	
       745	  0.559665	
       746	  0.562499	
       747	  0.565474	
       748	   0.56587	
       749	  0.568694	
       750	  0.569618	
       751	  0.573877	
       752	  0.579817	
       753	   0.58529	
       754	  0.590646	
       755	  0.591975	
       756	  0.586916	
       757	   0.58823	
       758	  0.592359	
       759	  0.588177	
       760	  0.591605	
       761	  0.590324	
       762	   0.59139	
       763	  0.543201	
       764	  0.507916	
       765	  0.478011	
       766	  0.444728	
       767	  0.430269	
       768	  0.431713	
       769	  0.434957	
       770	  0.442096	
       771	  0.450592	
       772	  0.459624	
       773	  0.469289	
       774	   0.47972	
       775	  0.491107	
       776	  0.503217	
       777	  0.514342	
       778	  0.531211	
       779	  0.555313	
       780	  0.595522	
       781	  0.593468	
       782	   0.59568	
       783	  0.591357	
       784	  0.587241	
       785	  0.590095	
       786	   0.59057	
       787	  0.589888	
       788	   0.58617	
       789	  0.584986	
       790	  0.580744	
       791	  0.575917	
       792	   0.57112	
       793	  0.566347	
       794	  0.562215	
       795	   0.56245	
       796	  0.567678	
       797	  0.575415	
       798	  0.572594	
       799	  0.567292	
       800	   0.56075	
       801	  0.543094	
       802	  0.527747	
       803	  0.509429	
       804	  0.499905	
       805	   0.48343	
       806	  0.483151	
       807	  0.474358	
       808	   0.46618	
       809	  0.454397	
       810	  0.450773	
       811	  0.446431	
       812	  0.444345	
       813	  0.439996	
       814	  0.434896	
       815	  0.427608	
       816	  0.422945	
       817	  0.417092	
       818	  0.405894	
       819	  0.395037	
       820	  0.390414	
       821	  0.388215	
       822	  0.380324	
       823	  0.380603	
       824	  0.379237	
       825	  0.389485	
       826	  0.403365	
       827	   0.41552	
       828	  0.425439	
       829	  0.436708	
       830	  0.453039	
       831	  0.472979	
       832	  0.485257	
       833	  0.480706	
       834	  0.490827	
       835	  0.497752	
       836	  0.506202	
       837	  0.509014	
       838	  0.514013	
       839	  0.517649	
       840	  0.528191	
       841	  0.529686	
       842	  0.524233	
       843	  0.523857	
       844	  0.520306	
       845	  0.532822	
       846	  0.535154	
       847	  0.525874	
       848	  0.526326	
       849	  0.522252	
       850	  0.491106	
       851	  0.521315	
       852	  0.526077	
       853	  0.517299	
       854	  0.478388	
       855	  0.501482	
       856	  0.535754	
       857	  0.552119	
       858	  0.558015	
       859	  0.562963	
       860	  0.567878	
       861	  0.568022	
       862	  0.573147	
       863	  0.573017	
       864	  0.563855	
       865	  0.547841	
       866	  0.502361	
       867	  0.526365	
       868	  0.549768	
       869	  0.550414	
       870	  0.556929	
       871	  0.553649	
       872	  0.558029	
       873	  0.553951	
       874	  0.545482	
       875	  0.541028	
       876	  0.552031	
       877	  0.555489	
       878	   0.55377	
       879	  0.547354	
       880	  0.545905	
       881	   0.47447	
       882	  0.454163	
       883	  0.433758	
       884	  0.419103	
       885	  0.407017	
       886	  0.385709	
       887	  0.373111	
       888	  0.368319	
       889	  0.360547	
       890	  0.351251	
       891	  0.341943	
       892	  0.331957	
       893	  0.320955	
       894	  0.315331	
       895	  0.310144	
       896	  0.305927	
       897	  0.298705	
       898	   0.29188	
       899	   0.28425	
       900	  0.278334	
       901	  0.269238	
       902	  0.261204	
       903	  0.265972	
       904	  0.263037	
       905	  0.257925	
       906	  0.259307	
       907	  0.263392	
       908	   0.26356	
       909	  0.263617	
       910	  0.268788	
       911	  0.273071	
       912	  0.275776	
       913	  0.281734	
       914	  0.285365	
       915	  0.287376	
       916	   0.28872	
       917	  0.287801	
       918	   0.28777	
       919	  0.288709	
       920	  0.286848	
       921	  0.282913	
       922	  0.279662	
       923	  0.273838	
       924	  0.282172	
       925	  0.284202	
       926	  0.214793	
       927	  0.178461	
       928	  0.148935	
       929	  0.126597	
       930	   0.10923	
       931	 0.0965382	
       932	 0.0855089	
       933	 0.0767401	
       934	 0.0687735	
       935	 0.0614656	
       936	 0.0554651	
       937	 0.0505619	
       938	  0.051931	
       939	 0.0529269	
       940	 0.0532536	
       941	  0.053746	
       942	 0.0539028	
       943	 0.0564134	
       944	 0.0570778	
       945	 0.0585975	
       946	 0.0604052	
       947	 0.0617936	
       948	 0.0634657	
       949	  0.067743	
       950	 0.0719701	
       951	 0.0763263	
       952	 0.0819177	
       953	 0.0876368	
       954	 0.0928684	
       955	 0.0965694	
       956	  0.107168	
       957	  0.117489	
       958	  0.128817	
       959	  0.141487	
       960	  0.154433	
       961	  0.170026	
       962	   0.19012	
       963	  0.213869	
       964	  0.243587	
       965	  0.288636	
       966	  0.290663	
       967	  0.296362	
       968	  0.298359	
       969	  0.303276	
       970	   0.30842	
       971	  0.310933	
       972	  0.316837	
       973	  0.319498	
       974	  0.320897	
       975	  0.327438	
       976	  0.335527	
       977	  0.339452	
       978	  0.346766	
       979	  0.350632	
       980	  0.359883	
       981	  0.364784	
       982	  0.371579	
       983	  0.375399	
       984	  0.378593	
       985	  0.384469	
       986	  0.388868	
       987	  0.394988	
       988	  0.400689	
       989	  0.404759	
       990	  0.413716	
       991	  0.425094	
       992	  0.434342	
       993	  0.447448	
       994	  0.457385	
       995	  0.456021	
       996	  0.455186	
       997	  0.451312	
       998	   0.45123	
       999	    0.4516	
      1000	  0.453046	
      1001	  0.455714	
      1002	  0.456107	
      1003	   0.45221	
      1004	  0.445468	
      1005	  0.426646	
      1006	   0.44047	
      1007	  0.450027	
      1008	  0.452437	
      1009	   0.45169	
      1010	   0.45273	
      1011	  0.451289	
      1012	  0.450862	
      1013	  0.449504	
      1014	  0.450414	
      1015	  0.446091	
      1016	  0.446849	
      1017	  0.445344	
      1018	  0.448328	
      1019	  0.440847	
      1020	  0.442666	
      1021	  0.444103	
      1022	  0.440883	
      1023	   0.44402	
      1024	  0.446228	
      1025	  0.446387	
      1026	  0.446967	
      1027	  0.446602	
      1028	  0.447306	
      1029	  0.445223	
      1030	  0.446544	
      1031	  0.446857	
      1032	  0.446888	
      1033	  0.442575	
      1034	  0.444988	
      1035	  0.447654	
      1036	  0.448716	
      1037	  0.446618	
      1038	  0.446776	
      1039	  0.450753	
      1040	   0.45158	
      1041	  0.451912	
      1042	  0.451734	
      1043	  0.449216	
      1044	  0.450128	
      1045	  0.447182	
      1046	  0.439445	
      1047	  0.444301	
      1048	  0.448235	
      1049	  0.447128	
      1050	  0.445178	
      1051	  0.445245	
      1052	  0.443459	
      1053	  0.442682	
      1054	  0.442071	
      1055	  0.443483	
      1056	  0.442871	
      1057	  0.441919	
      1058	  0.437419	
      1059	  0.429026	
      1060	  0.435586	
      1061	   0.43133	
      1062	  0.436122	
      1063	  0.433128	
      1064	  0.436989	
      1065	  0.436282	
      1066	  0.429631	
      1067	  0.430786	
      1068	  0.428878	
      1069	  0.413127	
      1070	  0.421581	
      1071	  0.397302	
      1072	    0.3846	
      1073	  0.369688	
      1074	  0.364997	
      1075	  0.353421	
      1076	  0.348807	
      1077	  0.342941	
      1078	  0.336877	
      1079	  0.327366	
      1080	   0.32507	
      1081	  0.314771	
      1082	  0.308123	
      1083	  0.306856	
      1084	  0.305276	
      1085	  0.301471	
      1086	  0.297828	
      1087	   0.28669	
      1088	  0.287917	
      1089	  0.286228	
      1090	  0.281877	
      1091	  0.279498	
      1092	  0.272917	
      1093	  0.266215	
      1094	  0.254239	
      1095	  0.257652	
      1096	  0.257779	
      1097	  0.257059	
      1098	  0.253506	
      1099	  0.250462	
      1100	  0.253748	
      1101	  0.176092	
      1102	  0.132491	
      1103	  0.107508	
      1104	 0.0884606	
      1105	 0.0739281	
      1106	 0.0626807	
      1107	 0.0535862	
      1108	 0.0464624	
      1109	 0.0405401	
      1110	  0.035633	
      1111	 0.0313283	
      1112	  0.027758	
      1113	 0.0246183	
      1114	 0.0221672	
      1115	 0.0198485	
      1116	 0.0177384	
      1117	 0.0161256	
      1118	 0.0144201	
      1119	 0.0130493	
      1120	 0.0118321	
      1121	 0.0128286	
      1122	 0.0139344	
      1123	 0.0150792	
      1124	 0.0163228	
      1125	 0.0175983	
      1126	 0.0187542	
      1127	 0.0206552	
      1128	 0.0228048	
      1129	  0.024997	
      1130	 0.0273356	
      1131	 0.0272902	
      1132	 0.0271611	
      1133	 0.0267188	
      1134	 0.0265346	
      1135	  0.026381	
      1136	 0.0262058	
      1137	 0.0255522	
      1138	   0.02509	
      1139	  0.025209	
      1140	 0.0251277	
      1141	  0.024613	
      1142	  0.024759	
      1143	 0.0244739	
      1144	 0.0241532	
      1145	 0.0241602	
      1146	 0.0264602	
      1147	 0.0288528	
      1148	 0.0313518	
      1149	 0.0342176	
      1150	 0.0374785	
      1151	 0.0412183	
      1152	 0.0454206	
      1153	 0.0505442	
      1154	 0.0567383	
      1155	 0.0636239	
      1156	 0.0712188	
      1157	 0.0813288	
      1158	  0.093184	
      1159	  0.106924	
      1160	  0.124688	
      1161	  0.148905	
      1162	   0.15613	
      1163	  0.161885	
      1164	  0.165022	
      1165	  0.171291	
      1166	  0.174354	
      1167	  0.181971	
      1168	  0.189035	
      1169	  0.191813	
      1170	  0.202186	
      1171	  0.204886	
      1172	  0.206318	
      1173	  0.206746	
      1174	  0.207969	
      1175	   0.20648	
      1176	  0.205571	
      1177	  0.210361	
      1178	  0.210745	
      1179	  0.211862	
      1180	  0.215429	
      1181	  0.216243	
      1182	  0.215969	
      1183	  0.209707	
      1184	  0.217565	
      1185	   0.22222	
      1186	  0.224083	
      1187	  0.225709	
      1188	  0.224605	
      1189	  0.218854	
      1190	  0.227263	
      1191	  0.233223	
      1192	  0.235119	
      1193	  0.236887	
      1194	  0.238821	
      1195	  0.239391	
      1196	  0.241302	
      1197	  0.242003	
      1198	  0.239214	
      1199	  0.236015	
      1200	  0.247514	
      1201	  0.250018	
      1202	  0.249245	
      1203	  0.242259	
      1204	   0.24191	
      1205	  0.247653	
      1206	  0.248131	
      1207	  0.248635	
      1208	  0.243849	
      1209	  0.236529	
      1210	  0.244799	
      1211	  0.243153	
      1212	   0.24787	
      1213	  0.249809	
      1214	  0.249832	
      1215	  0.251052	
      1216	  0.251811	
      1217	  0.252428	
      1218	  0.252568	
      1219	  0.252297	
      1220	  0.254107	
      1221	   0.25512	
      1222	  0.255395	
      1223	  0.255188	
      1224	  0.258662	
      1225	  0.259595	
      1226	  0.260744	
      1227	  0.258126	
      1228	  0.261908	
      1229	  0.265477	
      1230	  0.266949	
      1231	  0.268337	
      1232	  0.268736	
      1233	  0.271738	
      1234	  0.273676	
      1235	  0.275584	
      1236	  0.280164	
      1237	  0.283938	
      1238	  0.287903	
      1239	  0.291717	
      1240	  0.303425	
      1241	  0.302232	
      1242	  0.298554	
      1243	   0.29338	
      1244	  0.289824	
      1245	  0.288223	
      1246	  0.287585	
      1247	   0.28562	
      1248	  0.284976	
      1249	  0.282853	
      1250	  0.280344	
      1251	  0.276922	
      1252	  0.273419	
      1253	  0.272468	
      1254	  0.271039	
      1255	  0.269052	
      1256	  0.266893	
      1257	  0.264268	
      1258	   0.26337	
      1259	  0.261045	
      1260	  0.260354	
      1261	   0.25839	
      1262	  0.254883	
      1263	  0.254991	
      1264	  0.251703	
      1265	  0.250788	
      1266	   0.25053	
      1267	    0.2465	
      1268	  0.243984	
      1269	  0.244553	
      1270	  0.244718	
      1271	   0.24499	
      1272	  0.244717	
      1273	  0.245181	
      1274	  0.245151	
      1275	  0.247457	
      1276	  0.249429	
      1277	  0.250901	
      1278	  0.251858	
      1279	  0.252008	
      1280	  0.251477	
      1281	  0.244553	
      1282	  0.227622	
      1283	  0.243362	
      1284	  0.255348	
      1285	  0.260103	
      1286	  0.263357	
      1287	  0.266977	
      1288	  0.269601	
      1289	  0.273703	
      1290	  0.275399	
      1291	  0.265071	
      1292	  0.257718	
      1293	  0.250718	
      1294	   0.24228	
      1295	  0.238248	
      1296	  0.234257	
      1297	  0.228793	
      1298	  0.223553	
      1299	  0.221354	
      1300	   0.21758	
      1301	  0.213823	
      1302	  0.209299	
      1303	  0.205541	
      1304	  0.202445	
      1305	  0.201455	
      1306	  0.199453	
      1307	  0.197253	
      1308	  0.194852	
      1309	  0.192725	
      1310	   0.19011	
      1311	  0.187704	
      1312	   0.18425	
      1313	  0.179083	
      1314	  0.180371	
      1315	  0.176047	
      1316	  0.175185	
      1317	  0.176069	
      1318	  0.173705	
      1319	  0.174306	
      1320	  0.173131	
      1321	  0.116276	
      1322	 0.0871621	
      1323	 0.0685551	
      1324	 0.0554677	
      1325	 0.0456778	
      1326	 0.0380825	
      1327	 0.0321026	
      1328	 0.0274608	
      1329	  0.023244	
      1330	 0.0203366	
      1331	 0.0178505	
      1332	 0.0154601	
      1333	 0.0138149	
      1334	 0.0122668	
      1335	 0.0108723	
      1336	0.00962453	
      1337	0.00861308	
      1338	0.00768922	
      1339	 0.0068412	
      1340	0.00615173	
      1341	0.00564233	
      1342	 0.0051043	
      1343	0.00462966	
      1344	0.00420963	
      1345	 0.0038293	
      1346	0.00346829	
      1347	0.00317654	
      1348	0.00290196	
      1349	0.00264865	
      1350	0.00240605	
      1351	0.00191725	
      1352	0.00154766	
      1353	0.00124932	
      1354	0.00101248	
      1355	0.000820471	
      1356	0.000674408	
      1357	0.000553548	
      1358	0.000464763	
      1359	0.000387386	
      1360	0.000322418	
      1361	0.000273493	
      1362	0.000230208	
      1363	0.000192418	
      1364	0.00016467	
      1365	0.000140224	
      1366	0.000119567	
      1367	0.000101693	
      1368	8.76929e-05	
      1369	7.4475e-05	
      1370	6.40698e-05	
      1371	5.54479e-05	
      1372	4.84174e-05	
      1373	4.20677e-05	
      1374	3.64927e-05	
      1375	3.13514e-05	
      1376	2.71568e-05	
      1377	2.38953e-05	
      1378	2.09185e-05	
      1379	1.84241e-05	
      1380	1.6093e-05	
      1381	1.41358e-05	
      1382	1.23204e-05	
      1383	1.08705e-05	
      1384	9.62352e-06	
      1385	8.44652e-06	
      1386	7.49871e-06	
      1387	6.59685e-06	
      1388	5.86811e-06	
      1389	5.21064e-06	
      1390	4.57116e-06	
      1391	4.09975e-06	
      1392	3.65433e-06	
      1393	3.24086e-06	
      1394	2.87684e-06	
      1395	2.56804e-06	
      1396	 2.844e-06	
      1397	3.15879e-06	
      1398	3.51996e-06	
      1399	3.90098e-06	
      1400	4.2572e-06	
      1401	4.74767e-06	
      1402	5.36178e-06	
      1403	5.96587e-06	
      1404	6.69234e-06	
      1405	7.50562e-06	
      1406	8.46823e-06	
      1407	9.51365e-06	
      1408	1.06979e-05	
      1409	1.20895e-05	
      1410	1.36253e-05	
      1411	1.52917e-05	
      1412	1.69923e-05	
      1413	1.94191e-05	
      1414	2.22995e-05	
      1415	2.53986e-05	
      1416	2.88455e-05	
      1417	3.30721e-05	
      1418	3.78836e-05	
      1419	4.30219e-05	
      1420	4.92569e-05	
      1421	5.68659e-05	
      1422	6.45836e-05	
      1423	7.43622e-05	
      1424	8.60372e-05	
      1425	0.000100538	
      1426	0.000114668	
      1427	0.000134572	
      1428	0.000158226	
      1429	0.000182758	
      1430	0.000214419	
      1431	0.000254227	
      1432	0.000305933	
      1433	0.000363613	
      1434	0.000428121	
      1435	0.000513979	
      1436	0.000619162	
      1437	0.000749829	
      1438	0.000908788	
      1439	0.00111134	
      1440	0.00132129	
      1441	0.00164266	
      1442	0.00205304	
      1443	0.00240126	
      1444	0.00259618	
      1445	 0.0028042	
      1446	0.00303933	
      1447	0.00326947	
      1448	0.00355859	
      1449	0.00384939	
      1450	0.00414958	
      1451	0.00446317	
      1452	0.00485132	
      1453	0.00529588	
      1454	0.00575375	
      1455	0.00626682	
      1456	0.00683519	
      1457	0.00754524	
      1458	0.00838971	
      1459	0.00927533	
      1460	 0.0101787	
      1461	 0.0112265	
      1462	 0.0123739	
      1463	 0.0129904	
      1464	 0.0130172	
      1465	 0.0131344	
      1466	 0.0130456	
      1467	 0.0132005	
      1468	 0.0131121	
      1469	   0.01322	
      1470	  0.013164	
      1471	  0.012991	
      1472	 0.0130419	
      1473	 0.0130241	
      1474	 0.0127872	
      1475	 0.0129572	
      1476	 0.0130368	
      1477	 0.0130262	
      1478	 0.0139342	
      1479	 0.0150621	
      1480	 0.0162186	
      1481	 0.0173127	
      1482	 0.0187187	
      1483	 0.0199273	
      1484	 0.0217554	
      1485	  0.023831	
      1486	  0.025676	
      1487	 0.0273991	
      1488	  0.027702	
      1489	 0.0327577	
      1490	 0.0367812	
      1491	 0.0407298	
      1492	 0.0448894	
      1493	 0.0505724	
      1494	 0.0569623	
      1495	 0.0641933	
      1496	 0.0719234	
      1497	 0.0846746	
      1498	 0.0872988	
      1499	 0.0889204	
      1500	 0.0924267	
      1501	 0.0947631	
      1502	  0.095435	
      1503	 0.0915437	
      1504	 0.0960522	
      1505	 0.0968922	
      1506	  0.103288	
      1507	  0.109756	
      1508	  0.112533	
      1509	   0.11581	
      1510	   0.12162	
      1511	  0.126062	
      1512	  0.128835	
      1513	  0.133241	
      1514	  0.138381	
      1515	  0.145747	
      1516	  0.152787	
      1517	  0.160828	
      1518	  0.172983	
      1519	  0.185038	
      1520	  0.208136	
      1521	   0.20447	
      1522	  0.203748	
      1523	  0.206108	
      1524	  0.206628	
      1525	  0.203934	
      1526	  0.207756	
      1527	  0.207433	
      1528	  0.208524	
      1529	  0.206639	
      1530	  0.199635	
      1531	    0.2076	
      1532	  0.209467	
      1533	  0.208058	
      1534	  0.206067	
      1535	  0.208468	
      1536	    0.2115	
      1537	  0.212294	
      1538	  0.209831	
      1539	  0.213657	
      1540	   0.20552	
      1541	  0.204332	
      1542	  0.203502	
      1543	  0.201844	
      1544	  0.201213	
      1545	  0.200176	
      1546	  0.197918	
      1547	  0.194177	
      1548	  0.189413	
      1549	  0.190454	
      1550	  0.188306	
      1551	  0.187699	
      1552	  0.187994	
      1553	  0.185158	
      1554	  0.181013	
      1555	   0.18024	
      1556	  0.178069	
      1557	  0.180211	
      1558	  0.178929	
      1559	  0.179196	
      1560	  0.178794	
      1561	   0.18161	
      1562	  0.181658	
      1563	  0.181377	
      1564	  0.180331	
      1565	  0.182464	
      1566	  0.181616	
      1567	   0.18224	
      1568	   0.18132	
      1569	    0.1832	
      1570	  0.183794	
      1571	  0.187676	
      1572	  0.188783	
      1573	  0.187525	
      1574	  0.186272	
      1575	  0.180269	
      1576	  0.184906	
      1577	  0.176442	
      1578	  0.186866	
      1579	  0.191303	
      1580	  0.192629	
      1581	  0.192038	
      1582	  0.186186	
      1583	  0.186706	
      1584	  0.185328	
      1585	  0.188666	
      1586	  0.186668	
      1587	  0.183949	
      1588	  0.179087	
      1589	  0.169555	
      1590	  0.173001	
      1591	  0.174193	
      1592	  0.180762	
      1593	  0.183593	
      1594	  0.182416	
      1595	  0.181449	
      1596	  0.174413	
      1597	  0.175354	
      1598	  0.178227	
      1599	  0.175332	
      1600	  0.175076	
      1601	  0.170928	
      1602	  0.171745	
      1603	  0.171622	
      1604	  0.171328	
      1605	   0.16934	
      1606	  0.168388	
      1607	  0.167285	
      1608	  0.169072	
      1609	  0.167141	
      1610	   0.15915	
      1611	  0.162684	
      1612	  0.164655	
      1613	  0.167945	
      1614	  0.168274	
      1615	  0.168025	
      1616	  0.163092	
      1617	  0.165839	
      1618	  0.171295	
      1619	  0.171351	
      1620	   0.16805	
      1621	  0.168802	
      1622	   0.17215	
      1623	  0.176535	
      1624	  0.178027	
      1625	  0.177133	
      1626	  0.180123	
      1627	   0.18251	
      1628	  0.185451	
      1629	  0.188173	
      1630	  0.191102	
      1631	  0.191636	
      1632	  0.191293	
      1633	  0.188959	
      1634	  0.187054	
      1635	  0.188951	
      1636	  0.188166	
      1637	  0.182009	
      1638	  0.180356	
      1639	  0.177615	
      1640	  0.179155	
      1641	  0.178219	
      1642	  0.178385	
      1643	  0.180928	
      1644	  0.179411	
      1645	  0.178796	
      1646	  0.180949	
      1647	  0.181249	
      1648	   0.18067	
      1649	  0.178017	
      1650	  0.179419	
      1651	  0.177767	
      1652	  0.179383	
      1653	  0.178136	
      1654	   0.17867	
      1655	  0.177235	
      1656	  0.178068	
      1657	  0.178124	
      1658	   0.17719	
      1659	  0.175479	
      1660	  0.176428	
      1661	   0.17708	
      1662	  0.176459	
      1663	  0.175747	
      1664	  0.175423	
      1665	  0.174024	
      1666	   0.17273	
      1667	  0.172715	
      1668	  0.170632	
      1669	  0.171804	
      1670	  0.174261	
      1671	  0.173171	
      1672	  0.168156	
      1673	   0.16993	
      1674	  0.171801	
      1675	  0.170039	
      1676	  0.168185	
      1677	  0.169185	
      1678	  0.169693	
      1679	  0.165663	
      1680	  0.159134	
      1681	  0.153134	
      1682	  0.154743	
      1683	  0.157917	
      1684	  0.159321	
      1685	  0.158984	
      1686	  0.156645	
      1687	  0.156126	
      1688	  0.155178	
      1689	  0.152797	
      1690	  0.152191	
      1691	  0.153703	
      1692	  0.153323	
      1693	  0.152149	
      1694	  0.151444	
      1695	  0.150765	
      1696	  0.149562	
      1697	  0.148387	
      1698	  0.147668	
      1699	  0.146345	
      1700	  0.144169	
      1701	  0.143409	
      1702	  0.142898	
      1703	  0.142224	
      1704	  0.141526	
      1705	  0.140791	
      1706	  0.139715	
      1707	  0.138597	
      1708	   0.13749	
      1709	  0.136396	
      1710	  0.135448	
      1711	  0.135324	
      1712	   0.13534	
      1713	   0.13536	
      1714	  0.135384	
      1715	  0.135297	
      1716	  0.134506	
      1717	  0.133609	
      1718	   0.13272	
      1719	  0.131838	
      1720	  0.131017	
      1721	  0.130494	
      1722	  0.130029	
      1723	  0.129568	
      1724	  0.129112	
      1725	  0.128616	
      1726	  0.127824	
      1727	  0.126993	
      1728	  0.126168	
      1729	  0.125349	
      1730	  0.124427	
      1731	  0.122828	
      1732	  0.121129	
      1733	   0.11944	
      1734	   0.11776	
      1735	  0.116396	
      1736	  0.116847	
      1737	  0.117602	
      1738	  0.118355	
      1739	  0.119107	
      1740	  0.119667	
      1741	 0.0955869	
      1742	 0.0811696	
      1743	 0.0708114	
      1744	 0.0627819	
      1745	 0.0563098	
      1746	 0.0510457	
      1747	 0.0465951	
      1748	 0.0427573	
      1749	 0.0394082	
      1750	 0.0364631	
      1751	 0.0338729	
      1752	 0.0315609	
      1753	 0.0294805	
      1754	  0.027599	
      1755	   0.02588	
      1756	 0.0242522	
      1757	 0.0227559	
      1758	 0.0213846	
      1759	 0.0201243	
      1760	 0.0189681	
      1761	 0.0179297	
      1762	  0.016972	
      1763	 0.0160827	
      1764	 0.0152552	
      1765	  0.014484	
      1766	 0.0137639	
      1767	 0.0130907	
      1768	 0.0124603	
      1769	 0.0118693	
      1770	   0.01131	
      1771	 0.0107569	
      1772	 0.0102333	
      1773	 0.0097411	
      1774	0.00927795	
      1775	0.00884675	
      1776	0.00846897	
      1777	0.00811622	
      1778	0.00778213	
      1779	0.00746545	
      1780	0.00716299	
      1781	 0.0068642	
      1782	0.00657885	
      1783	0.00630801	
      1784	0.00605077	
      1785	0.00580796	
      1786	0.00558665	
      1787	0.00537732	
      1788	 0.0051777	
      1789	0.00498724	
      1790	0.00480349	
      1791	0.00461579	
      1792	0.00443501	
      1793	0.00426259	
      1794	0.00409807	
      1795	0.00394102	
      1796	0.00379103	
      1797	0.00364773	
      1798	0.00351077	
      1799	 0.0033798	
      1800	0.00325647	
      1801	0.00260112	
      1802	0.00209972	
      1803	0.00170974	
      1804	0.00140287	
      1805	 0.0011588	
      1806	0.000962135	
      1807	0.000803177	
      1808	0.000673859	
      1809	0.00056797	
      1810	0.000479755	
      1811	0.000401753	
      1812	0.000336863	
      1813	0.000283327	
      1814	0.000238982	
      1815	0.000202739	
      1816	0.000175631	
      1817	0.000153013	
      1818	0.000133635	
      1819	0.00011698	
      1820	0.000102593	
      1821	8.99946e-05	
      1822	7.9077e-05	
      1823	6.96164e-05	
      1824	6.13995e-05	
      1825	5.41901e-05	
      1826	4.75964e-05	
      1827	4.18276e-05	
      1828	3.68141e-05	
      1829	3.24488e-05	
      1830	2.86558e-05	
      1831	2.54109e-05	
      1832	2.25747e-05	
      1833	2.00807e-05	
      1834	1.78843e-05	
      1835	1.59452e-05	
      1836	1.42182e-05	
      1837	1.26909e-05	
      1838	1.13398e-05	
      1839	1.01431e-05	
      1840	9.08071e-06	
      1841	8.12922e-06	
      1842	7.28338e-06	
      1843	6.53153e-06	
      1844	5.86252e-06	
      1845	5.26936e-06	
      1846	4.75389e-06	
      1847	4.29468e-06	
      1848	3.88299e-06	
      1849	3.51355e-06	
      1850	3.18069e-06	
      1851	2.87587e-06	
      1852	2.60132e-06	
      1853	2.35466e-06	
      1854	2.13286e-06	
      1855	1.93328e-06	
      1856	1.75353e-06	
      1857	1.59153e-06	
      1858	1.44541e-06	
      1859	1.31352e-06	
      1860	1.19439e-06	
      1861	1.25606e-06	
      1862	1.32117e-06	
      1863	1.38993e-06	
      1864	1.46257e-06	
      1865	1.53963e-06	
      1866	1.62263e-06	
      1867	1.71083e-06	
      1868	1.8042e-06	
      1869	1.90309e-06	
      1870	2.00345e-06	
      1871	2.08107e-06	
      1872	2.15663e-06	
      1873	2.23456e-06	
      1874	2.3149e-06	
      1875	2.41092e-06	
      1876	2.59433e-06	
      1877	2.80644e-06	
      1878	3.03521e-06	
      1879	3.28197e-06	
      1880	3.5385e-06	
      1881	3.75351e-06	
      1882	3.9718e-06	
      1883	4.2039e-06	
      1884	4.45076e-06	
      1885	4.70953e-06	
      1886	4.9587e-06	
      1887	5.21787e-06	
      1888	5.4918e-06	
      1889	5.78139e-06	
      1890	6.09198e-06	
      1891	6.44851e-06	
      1892	6.83282e-06	
      1893	7.24224e-06	
      1894	7.67857e-06	
      1895	8.14966e-06	
      1896	8.69011e-06	
      1897	9.27615e-06	
      1898	9.90498e-06	
      1899	 1.058e-05	
      1900	1.12993e-05	
      1901	1.20322e-05	
      1902	1.28108e-05	
      1903	1.36448e-05	
      1904	1.45387e-05	
      1905	1.54948e-05	
      1906	1.65012e-05	
      1907	1.75773e-05	
      1908	1.87311e-05	
      1909	1.99688e-05	
      1910	2.13019e-05	
      1911	2.27569e-05	
      1912	2.43275e-05	
      1913	2.60181e-05	
      1914	2.78391e-05	
      1915	2.98015e-05	
      1916	3.19177e-05	
      1917	3.42009e-05	
      1918	3.6666e-05	
      1919	3.93291e-05	
      1920	4.22079e-05	
      1921	3.93087e-05	
      1922	3.9686e-05	
      1923	4.07599e-05	
      1924	4.22625e-05	
      1925	4.40898e-05	
      1926	4.61202e-05	
      1927	4.84199e-05	
      1928	5.10082e-05	
      1929	5.38971e-05	
      1930	5.71488e-05	
      1931	6.10293e-05	
      1932	6.53794e-05	
      1933	7.01997e-05	
      1934	7.55421e-05	
      1935	8.14232e-05	
      1936	8.76422e-05	
      1937	9.44843e-05	
      1938	0.000102074	
      1939	0.000110507	
      1940	0.000119706	
      1941	0.000128745	
      1942	0.000138526	
      1943	0.000149352	
      1944	0.000161362	
      1945	0.000175296	
      1946	0.000194737	
      1947	0.000217607	
      1948	0.00024381	
      1949	0.000273937	
      1950	0.000308456	
      1951	0.000346784	
      1952	0.000390914	
      1953	0.000442294	
      1954	0.000502427	
      1955	0.000572759	
      1956	0.000652955	
      1957	0.000747658	
      1958	0.000861018	
      1959	0.000997936	
      1960	0.00116484	
      1961	 0.0012767	
      1962	 0.0014015	
      1963	 0.0015413	
      1964	0.00169834	
      1965	0.00187678	
      1966	0.00208876	
      1967	0.00233217	
      1968	 0.0026107	
      1969	0.00293067	
      1970	  0.003298	
      1971	0.00370991	
      1972	0.00418608	
      1973	0.00474237	
      1974	0.00539665	
      1975	0.00617209	
      1976	0.00709923	
      1977	0.00821915	
      1978	0.00958839	
      1979	  0.011287	
      1980	 0.0134361	
      1981	 0.0162333	
      1982	 0.0199702	
      1983	 0.0251796	
      1984	 0.0329614	
      1985	  0.046255	
      1986	 0.0310315	
      1987	 0.0242124	
      1988	 0.0198446	
      1989	 0.0167183	
      1990	 0.0143326	
      1991	 0.0123902	
      1992	 0.0108128	
      1993	0.00951443	
      1994	0.00842941	
      1995	0.00751653	
      1996	 0.0067614	
      1997	0.00611293	
      1998	0.00554803	
      1999	0.00505272	
      2000	0.00461396	
      2001	0.00421434	
      2002	0.00385755	
      2003	0.00353927	
      2004	0.00325429	
      2005	0.00299958	
      2006	 0.0031878	
      2007	0.00339244	
      2008	 0.0036137	
      2009	0.00385331	
      2010	0.00411251	
      2011	0.00438801	
      2012	0.00468677	
      2013	0.00501224	
      2014	0.00536759	
      2015	0.00575545	
      2016	 0.0061722	
      2017	0.00662895	
      2018	0.00713225	
      2019	0.00768865	
      2020	 0.0083097	
      2021	0.00902593	
      2022	0.00983345	
      2023	 0.0107437	
      2024	 0.0117757	
      2025	 0.0129475	
      2026	 0.0142563	
      2027	 0.0157651	
      2028	 0.0175316	
      2029	 0.0196284	
      2030	 0.0221675	
      2031	 0.0253405	
      2032	 0.0294094	
      2033	 0.0349008	
      2034	 0.0430993	
      2035	 0.0601411	
      2036	 0.0588202	
      2037	 0.0576178	
      2038	  0.056517	
      2039	 0.0554987	
      2040	 0.0545899	
      2041	 0.0539602	
      2042	 0.0534147	
      2043	 0.0529071	
      2044	 0.0524331	
      2045	 0.0519553	
      2046	 0.0512858	
      2047	 0.0506125	
      2048	 0.0499664	
      2049	 0.0493456	
      2050	 0.0487618	
      2051	 0.0482633	
      2052	 0.0477975	
      2053	 0.0473494	
      2054	 0.0469179	
      2055	 0.0464933	
      2056	 0.0460135	
      2057	 0.0455401	
      2058	 0.0450815	
      2059	  0.044637	
      2060	  0.044219	
      2061	 0.0438736	
      2062	 0.0435529	
      2063	 0.0432436	
      2064	 0.0429455	
      2065	 0.0426585	
      2066	 0.0429798	
      2067	 0.0433079	
      2068	 0.0436432	
      2069	 0.0439861	
      2070	 0.0443501	
      2071	 0.0447846	
      2072	 0.0452428	
      2073	  0.045712	
      2074	 0.0461927	
      2075	  0.046667	
      2076	 0.0470322	
      2077	 0.0473889	
      2078	 0.0477562	
      2079	 0.0481348	
      2080	 0.0485352	
      2081	  0.048998	
      2082	 0.0494862	
      2083	 0.0499909	
      2084	 0.0505135	
      2085	 0.0510605	
      2086	 0.0516392	
      2087	 0.0522464	
      2088	 0.0528791	
      2089	   0.05354	
      2090	 0.0542208	
      2091	 0.0548796	
      2092	 0.0555638	
      2093	 0.0562897	
      2094	 0.0570636	
      2095	  0.057918	
      2096	     0.059	
      2097	 0.0601962	
      2098	 0.0615046	
      2099	  0.062959	
      2100	 0.0646081	
      2101	   0.06466	
      2102	 0.0647063	
      2103	 0.0647535	
      2104	 0.0648019	
      2105	 0.0648377	
      2106	 0.0647934	
      2107	 0.0647363	
      2108	 0.0646801	
      2109	 0.0646247	
      2110	 0.0645772	
      2111	 0.0645854	
      2112	 0.0646016	
      2113	 0.0646192	
      2114	 0.0646383	
      2115	 0.0646587	
      2116	 0.0646669	
      2117	 0.0646767	
      2118	 0.0646881	
      2119	 0.0647013	
      2120	 0.0647163	
      2121	 0.0647192	
      2122	 0.0647242	
      2123	 0.0647313	
      2124	 0.0647406	
      2125	 0.0647734	
      2126	 0.0649214	
      2127	  0.065094	
      2128	 0.0652703	
      2129	 0.0654504	
      2130	 0.0656064	
      2131	 0.0656102	
      2132	 0.0655894	
      2133	 0.0655729	
      2134	  0.065561	
      2135	 0.0655761	
      2136	 0.0657414	
      2137	 0.0659361	
      2138	 0.0661396	
      2139	 0.0663531	
      2140	 0.0665563	
      2141	  0.066641	
      2142	  0.066719	
      2143	 0.0668158	
      2144	 0.0669371	
      2145	 0.0671139	
      2146	 0.0674445	
      2147	 0.0678801	
      2148	 0.0684922	
      2149	 0.0684448	
      2150	 0.0683899	
      2151	 0.0682588	
      2152	 0.0681204	
      2153	 0.0679821	
      2154	 0.0678439	
      2155	 0.0677059	
      2156	 0.0675377	
      2157	 0.0673696	
      2158	 0.0672017	
      2159	 0.0670339	
      2160	 0.0667751	
      2161	 0.0659537	
      2162	 0.0650415	
      2163	 0.0641298	
      2164	 0.0632186	
      2165	 0.0624827	
      2166	 0.0628108	
      2167	 0.0633135	
      2168	  0.063816	
      2169	 0.0643185	
      2170	 0.0647677	
      2171	 0.0648677	
      2172	 0.0649147	
      2173	 0.0649617	
      2174	 0.0650088	
      2175	 0.0650257	
      2176	 0.0648607	
      2177	 0.0646656	
      2178	 0.0644706	
      2179	 0.0642758	
      2180	 0.0641039	
      2181	 0.0640837	
      2182	 0.0640862	
      2183	 0.0640889	
      2184	 0.0640917	
      2185	 0.0640642	
      2186	 0.0638402	
      2187	 0.0635861	
      2188	 0.0633322	
      2189	 0.0630785	
      2190	 0.0628628	
      2191	  0.062874	
      2192	 0.0629232	
      2193	 0.0629724	
      2194	 0.0630216	
      2195	 0.0630483	
      2196	 0.0629543	
      2197	 0.0628378	
      2198	 0.0627214	
      2199	 0.0625809	
      2200	 0.0624181	
      2201	 0.0621199	
      2202	 0.0617996	
      2203	 0.0614797	
      2204	 0.0611603	
      2205	 0.0608789	
      2206	 0.0607934	
      2207	 0.0607456	
      2208	  0.060698	
      2209	 0.0606505	
      2210	 0.0605957	
      2211	  0.060511	
      2212	 0.0604191	
      2213	 0.0603273	
      2214	 0.0602358	
      2215	 0.0601444	
      2216	 0.0600532	
      2217	 0.0599622	
      2218	 0.0598714	
      2219	 0.0597807	
      2220	 0.0596753	
      2221	 0.0594807	
      2222	 0.0592714	
      2223	 0.0590624	
      2224	 0.0588537	
      2225	 0.0586602	
      2226	 0.0585562	
      2227	 0.0584672	
      2228	 0.0583785	
      2229	 0.0582899	
      2230	 0.0582015	
      2231	 0.0580984	
      2232	 0.0579954	
      2233	 0.0578927	
      2234	 0.0577901	
      2235	 0.0576729	
      2236	 0.0574522	
      2237	 0.0572171	
      2238	 0.0569822	
      2239	 0.0567476	
      2240	 0.0565355	
      2241	 0.0564566	
      2242	    0.0564	
      2243	 0.0563434	
      2244	  0.056287	
      2245	  0.056216	
      2246	 0.0560714	
      2247	 0.0559124	
      2248	 0.0557535	
      2249	 0.0555948	
      2250	 0.0554364	
      2251	 0.0552487	
      2252	 0.0550613	
      2253	 0.0548742	
      2254	 0.0546872	
      2255	 0.0545152	
      2256	  0.054446	
      2257	 0.0543916	
      2258	 0.0543373	
      2259	 0.0542831	
      2260	 0.0542217	
      2261	 0.0540873	
      2262	 0.0539457	
      2263	 0.0538043	
      2264	 0.0536631	
      2265	 0.0535366	
      2266	 0.0534688	
      2267	 0.0534156	
      2268	 0.0533625	
      2269	 0.0533095	
      2270	 0.0532493	
      2271	 0.0527951	
      2272	 0.0523499	
      2273	 0.0519197	
      2274	 0.0515031	
      2275	 0.0510848	
      2276	 0.0506083	
      2277	 0.0501295	
      2278	 0.0496617	
      2279	 0.0492042	
      2280	 0.0487769	
      2281	 0.0484807	
      2282	 0.0482118	
      2283	 0.0479492	
      2284	 0.0476927	
      2285	 0.0474419	
      2286	 0.0471701	
      2287	 0.0469037	
      2288	 0.0466424	
      2289	  0.046386	
      2290	 0.0461084	
      2291	 0.0456679	
      2292	 0.0452078	
      2293	 0.0447538	
      2294	 0.0443058	
      2295	 0.0439014	
      2296	 0.0437039	
      2297	 0.0435472	
      2298	 0.0433933	
      2299	  0.043242	
      2300	 0.0430871	
      2301	 0.0428854	
      2302	 0.0426804	
      2303	 0.0424782	
      2304	 0.0422787	
      2305	 0.0420758	
      2306	 0.0418514	
      2307	 0.0416237	
      2308	 0.0413986	
      2309	 0.0411762	
      2310	 0.0409563	
      2311	 0.0407152	
      2312	 0.0404768	
      2313	 0.0402408	
      2314	 0.0400073	
      2315	 0.0397763	
      2316	 0.0395592	
      2317	 0.0393443	
      2318	 0.0391316	
      2319	  0.038921	
      2320	 0.0386952	
      2321	 0.0383461	
      2322	 0.0379829	
      2323	 0.0376228	
      2324	 0.0372657	
      2325	 0.0369508	
      2326	 0.0368517	
      2327	 0.0367928	
      2328	 0.0367346	
      2329	 0.0366773	
      2330	 0.0366042	
      2331	 0.0364437	
      2332	 0.0362681	
      2333	 0.0360941	
      2334	 0.0359215	
      2335	 0.0357504	
      2336	 0.0355807	
      2337	 0.0354124	
      2338	 0.0352455	
      2339	 0.0350799	
      2340	 0.0349211	
      2341	 0.0347955	
      2342	 0.0346763	
      2343	 0.0345581	
      2344	 0.0344409	
      2345	 0.0343141	
      2346	 0.0341358	
      2347	 0.0339483	
      2348	 0.0337621	
      2349	 0.0335773	
      2350	 0.0333834	
      2351	 0.0331184	
      2352	 0.0328449	
      2353	 0.0325731	
      2354	 0.0323032	
      2355	 0.0320657	
      2356	  0.031993	
      2357	 0.0319515	
      2358	 0.0319103	
      2359	 0.0318696	
      2360	 0.0318242	
      2361	 0.0299198	
      2362	  0.028257	
      2363	 0.0267854	
      2364	 0.0254673	
      2365	 0.0242716	
      2366	 0.0231526	
      2367	 0.0221229	
      2368	 0.0211739	
      2369	 0.0202951	
      2370	 0.0194751	
      2371	 0.0186922	
      2372	  0.017957	
      2373	 0.0172675	
      2374	 0.0166193	
      2375	 0.0160191	
      2376	 0.0155028	
      2377	 0.0150237	
      2378	 0.0145692	
      2379	 0.0141373	
      2380	 0.0137086	
      2381	 0.0132011	
      2382	 0.0127017	
      2383	 0.0122263	
      2384	 0.0117732	
      2385	 0.0113603	
      2386	  0.011078	
      2387	 0.0108251	
      2388	 0.0105819	
      2389	 0.0103478	
      2390	 0.0101156	
      2391	0.00985269	
      2392	0.00959335	
      2393	0.00934376	
      2394	0.00910341	
      2395	0.00887181	
      2396	0.00864564	
      2397	0.00842749	
      2398	0.00821698	
      2399	0.00801373	
      2400	 0.0078174	
      2401	0.00763023	
      2402	0.00744923	
      2403	0.00727414	
      2404	0.00710467	
      2405	0.00694059	
      2406	0.00678396	
      2407	0.00663215	
      2408	0.00648499	
      2409	0.00634226	
      2410	0.00619855	
      2411	0.00602838	
      2412	 0.0058586	
      2413	0.00569423	
      2414	0.00553506	
      2415	0.00538843	
      2416	0.00528698	
      2417	0.00519547	
      2418	0.00510627	
      2419	0.00501928	
      2420	0.00493186	
      2421	0.00482988	
      2422	0.00472817	
      2423	0.00462921	
      2424	0.00453288	
      2425	0.00443989	
      2426	0.00435389	
      2427	0.00427082	
      2428	0.00418983	
      2429	0.00411086	
      2430	0.00403313	
      2431	0.00395039	
      2432	0.00386908	
      2433	0.00378982	
      2434	0.00371256	
      2435	0.00363788	
      2436	 0.0035701	
      2437	0.00350455	
      2438	0.00344054	
      2439	0.00337803	
      2440	0.00331638	
      2441	0.00325152	
      2442	0.00318764	
      2443	0.00312528	
      2444	0.00306439	
      2445	0.00300439	
      2446	0.00294367	
      2447	0.00288386	
      2448	0.00282547	
      2449	0.00276846	
      2450	0.00271377	
      2451	0.00247583	
      2452	0.00226449	
      2453	0.00207537	
      2454	0.00190561	
      2455	0.00175344	
      2456	0.00161904	
      2457	 0.0014978	
      2458	0.00138763	
      2459	0.00128732	
      2460	0.00119558	
      2461	 0.0011101	
      2462	0.00103174	
      2463	0.000959968	
      2464	0.000894126	
      2465	0.000833328	
      2466	0.000775972	
      2467	0.000722952	
      2468	0.000674139	
      2469	0.000629144	
      2470	0.000587841	
      2471	0.000551116	
      2472	0.000517266	
      2473	0.000485845	
      2474	0.00045665	
      2475	0.000429256	
      2476	0.000402253	
      2477	0.000376964	
      2478	0.00035347	
      2479	0.000331628	
      2480	0.000311483	
      2481	0.000293507	
      2482	0.000276876	
      2483	0.000261322	
      2484	0.000246766	
      2485	0.000233225	
      2486	0.000220958	
      2487	0.000209513	
      2488	0.000198751	
      2489	0.000188623	
      2490	0.00017878	
      2491	0.000167698	
      2492	0.000157071	
      2493	0.000147151	
      2494	0.000137886	
      2495	0.000129628	
      2496	0.000124056	
      2497	0.000119118	
      2498	0.000114406	
      2499	0.000109907	
      2500	0.000105447	
      2501	2.48722e-05	
      2502	7.14351e-06	
      2503	2.33801e-06	
      2504	8.41184e-07	
      2505	3.25435e-07	
      2506	1.33199e-07	
      2507	5.71924e-08	
      2508	2.55744e-08	
      2509	1.18418e-08	
      2510	5.65352e-09	
      2511	2.77584e-09	
      2512	1.39617e-09	
      2513	7.17481e-10	
      2514	3.75948e-10	
      2515	2.00512e-10	
      2516	1.08738e-10	
      2517	5.98565e-11	
      2518	3.34078e-11	
      2519	1.88868e-11	
      2520	1.08083e-11	
      2521	6.26004e-12	
      2522	3.66476e-12	
      2523	2.16671e-12	
      2524	1.29299e-12	
      2525	7.78579e-13	
      2526	4.73338e-13	
      2527	2.9011e-13	
      2528	1.7915e-13	
      2529	1.11423e-13	
      2530	6.97602e-14	
      2531	4.38689e-14	
      2532	2.77535e-14	
      2533	1.76632e-14	
      2534	1.13058e-14	
      2535	7.27801e-15	
      2536	4.71393e-15	
      2537	3.06939e-15	
      2538	2.00838e-15	
      2539	1.32035e-15	
      2540	8.71984e-16	
      2541	5.78658e-16	
      2542	3.8564e-16	
      2543	2.58063e-16	
      2544	1.7338e-16	
      2545	1.16935e-16	
      2546	7.91272e-17	
      2547	5.37379e-17	
      2548	3.66238e-17	
      2549	2.50454e-17	
      2550	1.71844e-17	
      2551	1.18238e-17	
      2552	8.1609e-18	
      2553	5.64998e-18	
      2554	3.92326e-18	
      2555	2.73215e-18	
      2556	1.90722e-18	
      2557	1.33503e-18	
      2558	9.37012e-19	
      2559	6.59383e-19	
      2560	4.65305e-19	
      2561	3.29462e-19	
      2562	 2.339e-19	
      2563	1.66453e-19	
      2564	1.18733e-19	
      2565	8.48868e-20	
      2566	6.07979e-20	
      2567	4.36402e-20	
      2568	3.13918e-20	
      2569	2.26285e-20	
      2570	1.63451e-20	
      2571	1.1825e-20	
      2572	8.57178e-21	
      2573	6.22559e-21	
      2574	4.53016e-21	
      2575	3.30259e-21	
      2576	2.41206e-21	
      2577	1.76482e-21	
      2578	1.29353e-21	
      2579	9.49737e-22	
      2580	6.98341e-22	
      2581	5.13644e-22	
      2582	3.78325e-22	
      2583	2.79102e-22	
      2584	2.06226e-22	
      2585	1.52684e-22	
      2586	1.13583e-22	
      2587	8.46614e-23	
      2588	6.31979e-23	
      2589	4.72447e-23	
      2590	3.53612e-23	
      2591	2.64553e-23	
      2592	1.98154e-23	
      2593	1.48623e-23	
      2594	1.11623e-23	
      2595	8.39644e-24	
      2596	6.3301e-24	
      2597	4.77955e-24	
      2598	3.61339e-24	
      2599	2.73518e-24	
      2600	2.07298e-24	
      2601	1.03739e-24	
      2602	6.98951e-25	
      2603	4.98075e-25	
      2604	3.65672e-25	
      2605	2.73736e-25	
      2606	2.07618e-25	
      2607	1.5918e-25	
      2608	1.23105e-25	
      2609	9.58918e-26	
      2610	7.51501e-26	
      2611	5.92329e-26	
      2612	4.69027e-26	
      2613	3.72912e-26	
      2614	2.97582e-26	
      2615	2.38258e-26	
      2616	1.91156e-26	
      2617	1.53791e-26	
      2618	1.24046e-26	
      2619	1.00292e-26	
      2620	8.12262e-27	
      2621	6.57001e-27	
      2622	5.32175e-27	
      2623	4.31837e-27	
      2624	3.5101e-27	
      2625	2.86118e-27	
      2626	2.35198e-27	
      2627	1.93863e-27	
      2628	1.60017e-27	
      2629	1.32258e-27	
      2630	1.09401e-27	
      2631	9.03437e-28	
      2632	7.46585e-28	
      2633	6.17674e-28	
      2634	5.11587e-28	
      2635	4.24069e-28	
      2636	3.51027e-28	
      2637	2.9078e-28	
      2638	2.41102e-28	
      2639	2.00096e-28	
      2640	1.66296e-28	
      2641	1.38739e-28	
      2642	1.15906e-28	
      2643	9.69117e-29	
      2644	8.10959e-29	
      2645	6.7915e-29	
      2646	5.68638e-29	
      2647	4.76467e-29	
      2648	3.99529e-29	
      2649	3.35256e-29	
      2650	2.81519e-29	
      2651	2.36321e-29	
      2652	1.98513e-29	
      2653	1.66862e-29	
      2654	1.40347e-29	
      2655	1.1815e-29	
      2656	9.96252e-30	
      2657	8.40772e-30	
      2658	7.09979e-30	
      2659	5.99884e-30	
      2660	5.07023e-30	
      2661	4.28127e-30	
      2662	3.61614e-30	
      2663	3.05598e-30	
      2664	2.58397e-30	
      2665	2.18711e-30	
      2666	1.85597e-30	
      2667	1.57657e-30	
      2668	1.33991e-30	
      2669	1.13933e-30	
      2670	9.69006e-31	
      2671	8.2243e-31	
      2672	6.98172e-31	
      2673	5.92961e-31	
      2674	5.03832e-31	
      2675	4.28403e-31	
      2676	3.64806e-31	
      2677	3.10867e-31	
      2678	2.65018e-31	
      2679	2.26028e-31	
      2680	1.92856e-31	
      2681	1.64621e-31	
      2682	1.40578e-31	
      2683	1.20095e-31	
      2684	1.02638e-31	
      2685	8.77536e-32	
      2686	7.49783e-32	
      2687	6.40876e-32	
      2688	5.47996e-32	
      2689	4.68753e-32	
      2690	4.01118e-32	
      2691	3.4355e-32	
      2692	2.94352e-32	
      2693	2.5229e-32	
      2694	2.16316e-32	
      2695	1.85538e-32	
      2696	1.59109e-32	
      2697	1.36492e-32	
      2698	1.1713e-32	
      2699	1.00548e-32	
      2700	8.63661e-33	
      2701	1.05584e-32	
      2702	1.29201e-32	
      2703	1.5821e-32	
      2704	1.93866e-32	
      2705	2.37725e-32	
      2706	2.91712e-32	
      2707	3.58214e-32	
      2708	4.40194e-32	
      2709	5.41327e-32	
      2710	6.66182e-32	
      2711	8.20887e-32	
      2712	1.01227e-31	
      2713	1.24922e-31	
      2714	1.5428e-31	
      2715	1.90683e-31	
      2716	2.35729e-31	
      2717	2.91644e-31	
      2718	3.61105e-31	
      2719	4.47466e-31	
      2720	5.54926e-31	
      2721	6.88372e-31	
      2722	8.54605e-31	
      2723	1.06186e-30	
      2724	1.32047e-30	
      2725	1.6439e-30	
      2726	2.04943e-30	
      2727	2.55792e-30	
      2728	3.19534e-30	
      2729	3.99511e-30	
      2730	4.99951e-30	
      2731	6.25507e-30	
      2732	7.83305e-30	
      2733	9.81808e-30	
      2734	1.23176e-29	
      2735	1.54678e-29	
      2736	1.9453e-29	
      2737	2.44885e-29	
      2738	3.08573e-29	
      2739	3.89207e-29	
      2740	4.91398e-29	
      2741	6.21393e-29	
      2742	7.86578e-29	
      2743	9.96699e-29	
      2744	1.26427e-28	
      2745	1.60535e-28	
      2746	2.03948e-28	
      2747	2.59382e-28	
      2748	3.30242e-28	
      2749	4.20927e-28	
      2750	5.37117e-28	
      2751	6.85767e-28	
      2752	8.76563e-28	
      2753	1.12175e-27	
      2754	1.43721e-27	
      2755	1.8436e-27	
      2756	2.36776e-27	
      2757	3.04469e-27	
      2758	3.92004e-27	
      2759	5.05343e-27	
      2760	6.52288e-27	
      2761	8.43547e-27	
      2762	1.09233e-26	
      2763	1.41638e-26	
      2764	1.83907e-26	
      2765	2.3912e-26	
      2766	3.11528e-26	
      2767	4.0644e-26	
      2768	5.31038e-26	
      2769	6.94855e-26	
      2770	9.10302e-26	
      2771	1.19297e-25	
      2772	1.56536e-25	
      2773	2.05722e-25	
      2774	2.70793e-25	
      2775	3.57024e-25	
      2776	4.71769e-25	
      2777	6.24439e-25	
      2778	8.27929e-25	
      2779	1.09964e-24	
      2780	1.46312e-24	
      2781	1.95141e-24	
      2782	2.60746e-24	
      2783	3.4906e-24	
      2784	4.68179e-24	
      2785	6.29173e-24	
      2786	8.4721e-24	
      2787	1.14312e-23	
      2788	1.54558e-23	
      2789	2.09414e-23	
      2790	2.84353e-23	
      2791	3.86726e-23	
      2792	5.27139e-23	
      2793	7.20184e-23	
      2794	9.86239e-23	
      2795	1.35424e-22	
      2796	1.86527e-22	
      2797	2.57639e-22	
      2798	3.56781e-22	
      2799	4.95381e-22	
      2800	6.89687e-22	
      2801	8.68993e-22	
      2802	 1.096e-21	
      2803	1.38369e-21	
      2804	1.74868e-21	
      2805	2.2129e-21	
      2806	2.80502e-21	
      2807	3.56046e-21	
      2808	4.52423e-21	
      2809	5.75518e-21	
      2810	7.32918e-21	
      2811	9.3442e-21	
      2812	1.19269e-20	
      2813	1.52411e-20	
      2814	1.94992e-20	
      2815	2.4977e-20	
      2816	3.20128e-20	
      2817	4.10813e-20	
      2818	5.2785e-20	
      2819	6.79097e-20	
      2820	8.74816e-20	
      2821	1.12773e-19	
      2822	1.45571e-19	
      2823	1.88164e-19	
      2824	2.43558e-19	
      2825	3.15804e-19	
      2826	4.10328e-19	
      2827	5.34095e-19	
      2828	6.96232e-19	
      2829	9.08972e-19	
      2830	1.18856e-18	
      2831	1.55561e-18	
      2832	2.0393e-18	
      2833	2.67777e-18	
      2834	3.52201e-18	
      2835	4.64034e-18	
      2836	6.12051e-18	
      2837	8.08718e-18	
      2838	1.07051e-17	
      2839	1.41968e-17	
      2840	1.88631e-17	
      2841	2.51275e-17	
      2842	3.35386e-17	
      2843	4.48559e-17	
      2844	6.01161e-17	
      2845	8.07385e-17	
      2846	 1.086e-16	
      2847	1.46401e-16	
      2848	1.97807e-16	
      2849	2.67886e-16	
      2850	3.63659e-16	
      2851	4.94883e-16	
      2852	6.75151e-16	
      2853	9.23462e-16	
      2854	1.26645e-15	
      2855	1.74157e-15	
      2856	2.40322e-15	
      2857	3.32584e-15	
      2858	4.61633e-15	
      2859	6.4272e-15	
      2860	8.97668e-15	
      2861	1.25783e-14	
      2862	1.76842e-14	
      2863	2.49492e-14	
      2864	3.53251e-14	
      2865	5.02021e-14	
      2866	7.15233e-14	
      2867	1.02306e-13	
      2868	1.46941e-13	
      2869	2.11955e-13	
      2870	3.07202e-13	
      2871	4.47622e-13	
      2872	6.55605e-13	
      2873	9.65076e-13	
      2874	1.42812e-12	
      2875	2.12572e-12	
      2876	3.18455e-12	
      2877	4.80134e-12	
      2878	7.28516e-12	
      2879	1.11281e-11	
      2880	1.71187e-11	
      2881	2.64955e-11	
      2882	4.13343e-11	
      2883	6.50279e-11	
      2884	1.03224e-10	
      2885	1.65435e-10	
      2886	2.68063e-10	
      2887	 4.392e-10	
      2888	7.28286e-10	
      2889	1.22354e-09	
      2890	2.08523e-09	
      2891	3.61042e-09	
      2892	6.36228e-09	
      2893	1.14365e-08	
      2894	2.10302e-08	
      2895	3.97115e-08	
      2896	7.7363e-08	
      2897	1.56869e-07	
      2898	3.3583e-07	
      2899	7.83991e-07	
      2900	2.37857e-06	
      2901	2.45588e-06	
      2902	2.53593e-06	
      2903	2.61885e-06	
      2904	2.70473e-06	
      2905	2.7937e-06	
      2906	2.88387e-06	
      2907	2.97724e-06	
      2908	3.07393e-06	
      2909	3.17408e-06	
      2910	3.27782e-06	
      2911	3.38291e-06	
      2912	3.49172e-06	
      2913	3.6044e-06	
      2914	3.72109e-06	
      2915	3.84195e-06	
      2916	3.96997e-06	
      2917	4.1027e-06	
      2918	4.24033e-06	
      2919	4.38306e-06	
      2920	4.5311e-06	
      2921	4.68467e-06	
      2922	4.84399e-06	
      2923	5.0093e-06	
      2924	5.18086e-06	
      2925	5.35892e-06	
      2926	5.54377e-06	
      2927	5.73568e-06	
      2928	5.93495e-06	
      2929	6.1419e-06	
      2930	6.35687e-06	
      2931	6.5754e-06	
      2932	6.80231e-06	
      2933	7.03793e-06	
      2934	7.28264e-06	
      2935	7.53684e-06	
      2936	7.80666e-06	
      2937	8.08724e-06	
      2938	8.37905e-06	
      2939	8.68259e-06	
      2940	8.9984e-06	
      2941	9.32013e-06	
      2942	9.65473e-06	
      2943	1.00028e-05	
      2944	1.03649e-05	
      2945	1.07457e-05	
      2946	1.11505e-05	
      2947	1.15767e-05	
      2948	1.2021e-05	
      2949	1.24844e-05	
      2950	1.29678e-05	
      2951	1.34722e-05	
      2952	1.39984e-05	
      2953	1.45478e-05	
      2954	1.51212e-05	
      2955	 1.572e-05	
      2956	1.63332e-05	
      2957	1.69732e-05	
      2958	1.76416e-05	
      2959	1.83396e-05	
      2960	1.90688e-05	
      2961	1.98458e-05	
      2962	2.06585e-05	
      2963	2.15088e-05	
      2964	2.23985e-05	
      2965	2.33297e-05	
      2966	2.42863e-05	
      2967	2.52874e-05	
      2968	2.63353e-05	
      2969	2.74326e-05	
      2970	2.8582e-05	
      2971	2.98091e-05	
      2972	3.1096e-05	
      2973	3.24461e-05	
      2974	3.3863e-05	
      2975	3.53504e-05	
      2976	3.68839e-05	
      2977	3.84937e-05	
      2978	4.0184e-05	
      2979	4.19597e-05	
      2980	4.38256e-05	
      2981	4.58226e-05	
      2982	4.79242e-05	
      2983	5.01367e-05	
      2984	5.24669e-05	
      2985	5.4922e-05	
      2986	5.74652e-05	
      2987	6.01453e-05	
      2988	6.29709e-05	
      2989	6.59514e-05	
      2990	6.90968e-05	
      2991	7.24749e-05	
      2992	7.60462e-05	
      2993	7.9824e-05	
      2994	8.38226e-05	
      2995	8.80576e-05	
      2996	9.25463e-05	
      2997	9.73073e-05	
      2998	0.000102361	
      2999	0.000107731	
      3000	0.000113443	
      3001	0.00011343	
      3002	0.000113417	
      3003	0.000113403	
      3004	0.00011339	
      3005	0.000113376	
      3006	0.000113452	
      3007	0.000113529	
      3008	0.000113606	
      3009	0.000113683	
      3010	0.00011376	
      3011	0.000113837	
      3012	0.000113914	
      3013	0.000113992	
      3014	0.000114069	
      3015	0.000114147	
      3016	0.000114133	
      3017	0.000114119	
      3018	0.000114105	
      3019	0.00011409	
      3020	0.000114076	
      3021	0.000114061	
      3022	0.000114046	
      3023	0.000114032	
      3024	0.000114016	
      3025	0.000114001	
      3026	0.000114079	
      3027	0.000114157	
      3028	0.000114235	
      3029	0.000114314	
      3030	0.000114392	
      3031	0.000114377	
      3032	0.000114362	
      3033	0.000114347	
      3034	0.000114331	
      3035	0.000114315	
      3036	0.000114205	
      3037	0.000114094	
      3038	0.000113983	
      3039	0.000113872	
      3040	0.000113808	
      3041	0.000114029	
      3042	0.000114299	
      3043	0.00011457	
      3044	0.000114841	
      3045	0.000115114	
      3046	0.000115291	
      3047	0.000115468	
      3048	0.000115646	
      3049	0.000115825	
      3050	0.000116004	
      3051	0.000116087	
      3052	0.000116171	
      3053	0.000116254	
      3054	0.000116338	
      3055	0.000116422	
      3056	0.000116507	
      3057	0.000116591	
      3058	0.000116676	
      3059	0.000116762	
      3060	0.000116847	
      3061	0.000116737	
      3062	0.000116626	
      3063	0.000116515	
      3064	0.000116403	
      3065	0.000116341	
      3066	0.000116378	
      3067	0.000116465	
      3068	0.000116552	
      3069	0.00011664	
      3070	0.000116728	
      3071	0.000116916	
      3072	0.000117106	
      3073	0.000117296	
      3074	0.000117487	
      3075	0.000117679	
      3076	0.00011767	
      3077	0.000117662	
      3078	0.000117653	
      3079	0.000117646	
      3080	0.000117638	
      3081	0.000117631	
      3082	0.000117624	
      3083	0.000117618	
      3084	0.000117612	
      3085	0.000117607	
      3086	0.000117602	
      3087	0.000117598	
      3088	0.000117594	
      3089	0.000117591	
      3090	0.000117589	
      3091	0.000117588	
      3092	0.000117588	
      3093	0.000117588	
      3094	0.00011759	
      3095	0.000117593	
      3096	0.000117597	
      3097	0.000117602	
      3098	0.000117609	
      3099	0.000117617	
      3100	0.000117628	
      3101	0.000115759	
      3102	0.000115415	
      3103	0.000115508	
      3104	0.000115839	
      3105	0.000116331	
      3106	0.000116836	
      3107	0.000117434	
      3108	0.000118109	
      3109	0.000118849	
      3110	0.000119648	
      3111	0.00012039	
      3112	0.000121178	
      3113	0.000122008	
      3114	0.000122878	
      3115	0.000123842	
      3116	0.000124958	
      3117	0.000126169	
      3118	0.000127419	
      3119	0.000128707	
      3120	0.000130031	
      3121	0.000131393	
      3122	0.00013279	
      3123	0.000134224	
      3124	0.000135695	
      3125	0.000137201	
      3126	0.000138744	
      3127	0.000140324	
      3128	0.000141941	
      3129	0.000143595	
      3130	0.000145286	
      3131	0.000147016	
      3132	0.000148784	
      3133	0.000150592	
      3134	0.000152439	
      3135	0.000154326	
      3136	0.000156108	
      3137	0.000157927	
      3138	0.000159785	
      3139	0.000161681	
      3140	0.000163617	
      3141	0.000165749	
      3142	0.000167927	
      3143	0.000170151	
      3144	0.000172422	
      3145	0.000174741	
      3146	0.000176941	
      3147	0.000179186	
      3148	0.000181477	
      3149	0.000183816	
      3150	0.000186202	
      3151	0.000188818	
      3152	0.00019149	
      3153	0.000194219	
      3154	0.000197007	
      3155	0.000199854	
      3156	0.000202762	
      3157	0.000205732	
      3158	0.000208767	
      3159	0.000211868	
      3160	0.000215036	
      3161	0.000218483	
      3162	0.000222009	
      3163	0.000225614	
      3164	0.000229301	
      3165	0.000233072	
      3166	0.000236472	
      3167	0.000239944	
      3168	0.000243492	
      3169	0.000247117	
      3170	0.000250944	
      3171	0.000255106	
      3172	0.00025949	
      3173	0.000263978	
      3174	0.000268572	
      3175	0.000273276	
      3176	0.00027755	
      3177	0.000281921	
      3178	0.000286392	
      3179	0.000290965	
      3180	0.000295644	
      3181	0.000300727	
      3182	0.000305933	
      3183	0.000311266	
      3184	0.000316728	
      3185	0.000322325	
      3186	0.000328385	
      3187	 0.0003346	
      3188	0.000340974	
      3189	0.000347514	
      3190	0.000354224	
      3191	0.000360753	
      3192	0.000367449	
      3193	0.000374319	
      3194	0.000381368	
      3195	0.000388602	
      3196	0.000395633	
      3197	0.000402845	
      3198	0.000410246	
      3199	0.000417842	
      3200	0.000425852	
      3201	0.000422526	
      3202	0.000419448	
      3203	0.000416403	
      3204	0.00041339	
      3205	0.00041041	
      3206	0.000407052	
      3207	0.00040373	
      3208	0.000400444	
      3209	0.000397195	
      3210	0.00039398	
      3211	0.000390404	
      3212	0.000386868	
      3213	0.000383371	
      3214	0.000379912	
      3215	0.000376491	
      3216	0.000373488	
      3217	0.000370516	
      3218	0.000367576	
      3219	0.000364665	
      3220	0.000361785	
      3221	0.000358933	
      3222	0.000356111	
      3223	0.000353317	
      3224	0.000350552	
      3225	0.000347814	
      3226	0.000345459	
      3227	0.000343127	
      3228	0.000340817	
      3229	0.000338528	
      3230	0.00033626	
      3231	0.000333669	
      3232	0.000331103	
      3233	0.000328562	
      3234	0.000326046	
      3235	0.000323553	
      3236	0.000321085	
      3237	0.00031864	
      3238	0.000316219	
      3239	0.00031382	
      3240	0.000311445	
      3241	0.000309091	
      3242	0.00030676	
      3243	0.00030445	
      3244	0.000302162	
      3245	0.000299896	
      3246	0.000297962	
      3247	0.000296045	
      3248	0.000294144	
      3249	0.00029226	
      3250	0.000290392	
      3251	0.000287936	
      3252	0.000285503	
      3253	0.000283093	
      3254	0.000280706	
      3255	0.000278341	
      3256	0.000276292	
      3257	0.000274261	
      3258	0.000272248	
      3259	0.000270253	
      3260	0.000268275	
      3261	0.000266316	
      3262	0.000264373	
      3263	0.000262448	
      3264	0.000260539	
      3265	0.000258647	
      3266	0.000256772	
      3267	0.000254913	
      3268	0.00025307	
      3269	0.000251243	
      3270	0.000249432	
      3271	0.000247637	
      3272	0.000245857	
      3273	0.000244092	
      3274	0.000242342	
      3275	0.000240607	
      3276	0.000238888	
      3277	0.000237182	
      3278	0.000235491	
      3279	0.000233815	
      3280	0.000232152	
      3281	0.000230504	
      3282	0.000228869	
      3283	0.000227248	
      3284	0.000225641	
      3285	0.000224047	
      3286	0.000222709	
      3287	0.000221382	
      3288	0.000220065	
      3289	0.000218758	
      3290	0.000217342	
      3291	0.000215465	
      3292	0.000213487	
      3293	0.000211527	
      3294	0.000209585	
      3295	0.000207776	
      3296	0.000206211	
      3297	0.000204775	
      3298	0.000203349	
      3299	0.000201936	
      3300	0.000200533	
      3301	0.000204186	
      3302	0.00020792	
      3303	0.000211735	
      3304	0.000215635	
      3305	0.000219622	
      3306	0.000223198	
      3307	0.000226847	
      3308	0.00023057	
      3309	0.00023437	
      3310	0.000238249	
      3311	0.000242482	
      3312	0.000246809	
      3313	0.000251232	
      3314	0.000255753	
      3315	0.000260374	
      3316	0.000264497	
      3317	0.000268703	
      3318	0.000272995	
      3319	0.000277374	
      3320	0.000282006	
      3321	0.000287402	
      3322	0.000293096	
      3323	0.000298928	
      3324	0.000304903	
      3325	0.000311024	
      3326	0.000316564	
      3327	0.00032223	
      3328	0.000328026	
      3329	0.000333956	
      3330	0.000340024	
      3331	0.00034664	
      3332	0.00035342	
      3333	0.000360367	
      3334	0.000367489	
      3335	0.000374789	
      3336	0.000382275	
      3337	0.000389951	
      3338	0.000397824	
      3339	0.000405901	
      3340	0.000414189	
      3341	0.000422694	
      3342	0.000431423	
      3343	0.000440385	
      3344	0.000449587	
      3345	0.000459038	
      3346	0.000468188	
      3347	0.000477579	
      3348	0.000487219	
      3349	0.000497118	
      3350	0.000507285	
      3351	0.000518354	
      3352	0.00052974	
      3353	0.000541454	
      3354	0.000553509	
      3355	0.000565918	
      3356	0.000578693	
      3357	0.000591851	
      3358	0.000605406	
      3359	0.000619373	
      3360	0.00063377	
      3361	0.000648614	
      3362	0.000663923	
      3363	0.000679717	
      3364	0.000696018	
      3365	0.000712845	
      3366	0.000730224	
      3367	0.000748177	
      3368	0.00076673	
      3369	0.000785912	
      3370	0.000805751	
      3371	0.000826277	
      3372	0.000847523	
      3373	0.000869525	
      3374	0.000892318	
      3375	0.000915944	
      3376	0.000940442	
      3377	0.00096586	
      3378	0.000992244	
      3379	0.00101965	
      3380	0.00104812	
      3381	0.00107908	
      3382	0.00111132	
      3383	0.00114491	
      3384	0.00117993	
      3385	0.00121646	
      3386	0.00125305	
      3387	0.00129124	
      3388	0.00133116	
      3389	 0.0013729	
      3390	0.00141661	
      3391	 0.0014624	
      3392	0.00151043	
      3393	0.00156087	
      3394	 0.0016139	
      3395	0.00166971	
      3396	0.00172635	
      3397	0.00178609	
      3398	0.00184921	
      3399	0.00191599	
      3400	0.00198807	
      3401	 0.0020081	
      3402	0.00202971	
      3403	0.00205162	
      3404	0.00207385	
      3405	0.00209505	
      3406	0.00211116	
      3407	0.00212611	
      3408	0.00214124	
      3409	0.00215654	
      3410	0.00217343	
      3411	0.00219337	
      3412	0.00221501	
      3413	0.00223696	
      3414	0.00225922	
      3415	 0.0022818	
      3416	0.00230174	
      3417	0.00232195	
      3418	0.00234245	
      3419	0.00236323	
      3420	 0.0023843	
      3421	0.00240567	
      3422	0.00242734	
      3423	0.00244933	
      3424	0.00247164	
      3425	0.00249427	
      3426	0.00251723	
      3427	0.00254054	
      3428	0.00256419	
      3429	 0.0025882	
      3430	0.00261257	
      3431	 0.0026408	
      3432	0.00266947	
      3433	0.00269862	
      3434	0.00272825	
      3435	0.00275836	
      3436	0.00278532	
      3437	 0.0028127	
      3438	0.00284053	
      3439	0.00286882	
      3440	0.00289757	
      3441	 0.0029268	
      3442	0.00295653	
      3443	0.00298676	
      3444	0.00301751	
      3445	 0.0030488	
      3446	0.00308063	
      3447	0.00311303	
      3448	0.00314601	
      3449	0.00317958	
      3450	0.00321376	
      3451	0.00325295	
      3452	0.00329289	
      3453	0.00333361	
      3454	0.00337513	
      3455	0.00341748	
      3456	0.00345604	
      3457	0.00349537	
      3458	0.00353548	
      3459	 0.0035764	
      3460	0.00361817	
      3461	0.00366576	
      3462	0.00371438	
      3463	0.00376407	
      3464	0.00381486	
      3465	 0.0038668	
      3466	0.00391463	
      3467	0.00396354	
      3468	0.00401357	
      3469	0.00406478	
      3470	 0.0041172	
      3471	0.00417089	
      3472	0.00422589	
      3473	0.00428227	
      3474	0.00434009	
      3475	0.00439941	
      3476	0.00446029	
      3477	0.00452281	
      3478	0.00458705	
      3479	 0.0046531	
      3480	0.00472104	
      3481	 0.0047976	
      3482	0.00487648	
      3483	 0.0049578	
      3484	0.00504172	
      3485	0.00512837	
      3486	0.00521072	
      3487	0.00529592	
      3488	0.00538413	
      3489	0.00547558	
      3490	 0.0055705	
      3491	0.00566917	
      3492	0.00577188	
      3493	0.00587898	
      3494	0.00599089	
      3495	0.00610808	
      3496	0.00623112	
      3497	0.00636069	
      3498	0.00649763	
      3499	0.00664304	
      3500	 0.0067983	
      3501	0.00680562	
      3502	0.00681297	
      3503	0.00682035	
      3504	0.00682775	
      3505	0.00683518	
      3506	0.00683301	
      3507	0.00683084	
      3508	0.00682868	
      3509	0.00682652	
      3510	0.00682438	
      3511	0.00682224	
      3512	0.00682012	
      3513	  0.006818	
      3514	0.00681589	
      3515	0.00681379	
      3516	 0.0068117	
      3517	0.00680962	
      3518	0.00680755	
      3519	0.00680549	
      3520	0.00680345	
      3521	0.00681121	
      3522	0.00681901	
      3523	0.00682684	
      3524	0.00683471	
      3525	0.00684261	
      3526	 0.0068407	
      3527	0.00683879	
      3528	 0.0068369	
      3529	0.00683503	
      3530	0.00683316	
      3531	0.00684123	
      3532	0.00684934	
      3533	0.00685749	
      3534	0.00686568	
      3535	0.00687391	
      3536	 0.0068722	
      3537	0.00687052	
      3538	0.00686885	
      3539	 0.0068672	
      3540	0.00686558	
      3541	  0.006874	
      3542	0.00688248	
      3543	  0.006891	
      3544	0.00689956	
      3545	0.00690818	
      3546	0.00690675	
      3547	0.00690534	
      3548	0.00690396	
      3549	 0.0069026	
      3550	0.00690127	
      3551	0.00689997	
      3552	 0.0068987	
      3553	0.00689746	
      3554	0.00689624	
      3555	0.00689506	
      3556	0.00689392	
      3557	 0.0068928	
      3558	0.00689172	
      3559	0.00689068	
      3560	0.00688968	
      3561	0.00689901	
      3562	 0.0069084	
      3563	0.00691787	
      3564	0.00692741	
      3565	0.00693703	
      3566	0.00693635	
      3567	0.00693571	
      3568	0.00693513	
      3569	 0.0069346	
      3570	0.00693413	
      3571	0.00693371	
      3572	0.00693335	
      3573	0.00693306	
      3574	0.00693282	
      3575	0.00693265	
      3576	0.00693255	
      3577	0.00693253	
      3578	0.00693258	
      3579	0.00693271	
      3580	0.00693292	
      3581	0.00694382	
      3582	0.00695485	
      3583	0.00696601	
      3584	 0.0069773	
      3585	0.00698874	
      3586	0.00698963	
      3587	0.00699065	
      3588	 0.0069918	
      3589	0.00699308	
      3590	 0.0069945	
      3591	0.00699608	
      3592	0.00699782	
      3593	0.00699974	
      3594	0.00700185	
      3595	0.00700416	
      3596	0.00701757	
      3597	0.00703125	
      3598	0.00704524	
      3599	0.00705956	
      3600	0.00707424	
      3601	0.00706849	
      3602	0.00706273	
      3603	0.00705698	
      3604	0.00705122	
      3605	0.00704545	
      3606	0.00703968	
      3607	0.00703391	
      3608	0.00702814	
      3609	0.00702236	
      3610	0.00701657	
      3611	0.00702185	
      3612	0.00702713	
      3613	0.00703243	
      3614	0.00703774	
      3615	0.00704307	
      3616	0.00703731	
      3617	0.00703155	
      3618	0.00702578	
      3619	0.00702002	
      3620	0.00701424	
      3621	0.00701961	
      3622	  0.007025	
      3623	0.00703039	
      3624	0.00703581	
      3625	0.00704123	
      3626	0.00703549	
      3627	0.00702975	
      3628	  0.007024	
      3629	0.00701825	
      3630	 0.0070125	
      3631	0.00701798	
      3632	0.00702347	
      3633	0.00702898	
      3634	0.00703451	
      3635	0.00704005	
      3636	0.00703433	
      3637	0.00702862	
      3638	 0.0070229	
      3639	0.00701718	
      3640	0.00701147	
      3641	0.00701707	
      3642	0.00702268	
      3643	0.00702832	
      3644	0.00703397	
      3645	0.00703964	
      3646	0.00703397	
      3647	 0.0070283	
      3648	0.00702263	
      3649	0.00701696	
      3650	0.00701129	
      3651	0.00700562	
      3652	0.00699995	
      3653	0.00699429	
      3654	0.00698863	
      3655	0.00698297	
      3656	0.00698876	
      3657	0.00699458	
      3658	0.00700043	
      3659	0.00700629	
      3660	0.00701218	
      3661	0.00701809	
      3662	0.00702402	
      3663	0.00702998	
      3664	0.00703596	
      3665	0.00704197	
      3666	0.00702489	
      3667	 0.0070078	
      3668	 0.0069907	
      3669	0.00697358	
      3670	0.00696225	
      3671	0.00696252	
      3672	0.00696861	
      3673	0.00697473	
      3674	0.00698089	
      3675	0.00698707	
      3676	0.00698162	
      3677	0.00697619	
      3678	0.00697077	
      3679	0.00696536	
      3680	0.00695996	
      3681	0.00695458	
      3682	0.00694921	
      3683	0.00694385	
      3684	0.00693851	
      3685	0.00693319	
      3686	0.00693965	
      3687	0.00694614	
      3688	0.00695268	
      3689	0.00695926	
      3690	0.00696589	
      3691	0.00696075	
      3692	0.00695563	
      3693	0.00695053	
      3694	0.00694547	
      3695	0.00694043	
      3696	0.00693543	
      3697	0.00693045	
      3698	0.00692552	
      3699	0.00692062	
      3700	0.00691577	
      3701	 0.0069223	
      3702	0.00692885	
      3703	0.00693543	
      3704	0.00694203	
      3705	0.00694866	
      3706	0.00694332	
      3707	0.00693798	
      3708	0.00693264	
      3709	 0.0069273	
      3710	0.00692197	
      3711	0.00692869	
      3712	0.00693543	
      3713	0.00694219	
      3714	0.00694898	
      3715	 0.0069558	
      3716	0.00695053	
      3717	0.00694527	
      3718	0.00694001	
      3719	0.00693474	
      3720	0.00692948	
      3721	0.00693639	
      3722	0.00694333	
      3723	0.00695029	
      3724	0.00695728	
      3725	 0.0069643	
      3726	0.00695911	
      3727	0.00695393	
      3728	0.00694874	
      3729	0.00694356	
      3730	0.00693838	
      3731	0.00694549	
      3732	0.00695264	
      3733	0.00695981	
      3734	  0.006967	
      3735	0.00697423	
      3736	0.00695677	
      3737	0.00693929	
      3738	0.00692178	
      3739	0.00690425	
      3740	 0.0068929	
      3741	0.00689397	
      3742	0.00690126	
      3743	0.00690859	
      3744	0.00691594	
      3745	0.00692332	
      3746	0.00691825	
      3747	0.00691317	
      3748	 0.0069081	
      3749	0.00690304	
      3750	0.00689797	
      3751	0.00690547	
      3752	0.00691299	
      3753	0.00692055	
      3754	0.00692814	
      3755	0.00693576	
      3756	0.00693078	
      3757	0.00692581	
      3758	0.00692085	
      3759	0.00691589	
      3760	0.00691093	
      3761	0.00691867	
      3762	0.00692644	
      3763	0.00693425	
      3764	0.00694209	
      3765	0.00694997	
      3766	0.00695787	
      3767	0.00696582	
      3768	0.00697379	
      3769	0.00698181	
      3770	0.00698985	
      3771	 0.0069851	
      3772	0.00698034	
      3773	 0.0069756	
      3774	0.00697086	
      3775	0.00696613	
      3776	 0.0069614	
      3777	0.00695668	
      3778	0.00695197	
      3779	0.00694726	
      3780	0.00694256	
      3781	0.00695086	
      3782	 0.0069592	
      3783	0.00696758	
      3784	  0.006976	
      3785	0.00698445	
      3786	0.00697988	
      3787	0.00697531	
      3788	0.00697076	
      3789	0.00696621	
      3790	0.00696167	
      3791	0.00697029	
      3792	0.00697896	
      3793	0.00698766	
      3794	0.00699641	
      3795	0.00700521	
      3796	0.00700081	
      3797	0.00699643	
      3798	0.00699205	
      3799	0.00698769	
      3800	0.00698334	
      3801	0.00692581	
      3802	 0.0068813	
      3803	0.00684431	
      3804	0.00681238	
      3805	0.00678415	
      3806	0.00674591	
      3807	0.00671007	
      3808	0.00667622	
      3809	0.00664406	
      3810	0.00661336	
      3811	0.00659663	
      3812	0.00658097	
      3813	0.00656627	
      3814	0.00655243	
      3815	0.00653939	
      3816	0.00651451	
      3817	0.00649034	
      3818	0.00646682	
      3819	0.00644392	
      3820	0.00642158	
      3821	0.00641223	
      3822	0.00640335	
      3823	 0.0063949	
      3824	0.00638688	
      3825	0.00637924	
      3826	0.00637199	
      3827	 0.0063651	
      3828	0.00635855	
      3829	0.00635234	
      3830	0.00634644	
      3831	0.00632854	
      3832	0.00631096	
      3833	0.00629368	
      3834	 0.0062767	
      3835	   0.00626	
      3836	0.00625584	
      3837	0.00625194	
      3838	0.00624828	
      3839	0.00624487	
      3840	0.00624169	
      3841	0.00622651	
      3842	0.00621157	
      3843	0.00619685	
      3844	0.00618237	
      3845	 0.0061681	
      3846	0.00616627	
      3847	0.00616464	
      3848	0.00616322	
      3849	0.00616201	
      3850	0.00616099	
      3851	0.00614798	
      3852	0.00613516	
      3853	0.00612255	
      3854	0.00611014	
      3855	0.00609792	
      3856	0.00609199	
      3857	0.00608625	
      3858	0.00607461	
      3859	0.00606926	
      3860	 0.0060641	
      3861	0.00605914	
      3862	0.00606047	
      3863	 0.0060559	
      3864	0.00605762	
      3865	0.00605344	
      3866	0.00604335	
      3867	0.00603956	
      3868	0.00602986	
      3869	0.00602648	
      3870	0.00601718	
      3871	0.00602033	
      3872	 0.0060237	
      3873	 0.0060273	
      3874	0.00603112	
      3875	0.00603517	
      3876	0.00602718	
      3877	0.00602556	
      3878	0.00601803	
      3879	0.00601689	
      3880	0.00600984	
      3881	0.00600921	
      3882	0.00600886	
      3883	0.00600878	
      3884	0.00600898	
      3885	0.00600949	
      3886	0.00601651	
      3887	0.00602387	
      3888	0.00603781	
      3889	0.00604591	
      3890	 0.0060544	
      3891	0.00605082	
      3892	0.00604763	
      3893	0.00605114	
      3894	0.00604884	
      3895	0.00604702	
      3896	0.00605832	
      3897	0.00606392	
      3898	0.00607647	
      3899	 0.0060834	
      3900	0.00609743	
      3901	0.00610958	
      3902	0.00612181	
      3903	0.00612772	
      3904	0.00614008	
      3905	0.00615253	
      3906	0.00615862	
      3907	0.00615833	
      3908	0.00616453	
      3909	0.00616431	
      3910	 0.0061706	
      3911	0.00618345	
      3912	0.00618988	
      3913	0.00620289	
      3914	0.00620945	
      3915	0.00622263	
      3916	0.00622277	
      3917	0.00622295	
      3918	0.00622976	
      3919	0.00623003	
      3920	0.00623034	
      3921	0.00624396	
      3922	0.00625769	
      3923	0.00626485	
      3924	0.00627877	
      3925	0.00629279	
      3926	 0.0062935	
      3927	0.00630099	
      3928	0.00630182	
      3929	0.00630946	
      3930	0.00631041	
      3931	0.00632499	
      3932	0.00633288	
      3933	0.00634769	
      3934	0.00635579	
      3935	0.00637083	
      3936	0.00637914	
      3937	0.00638066	
      3938	0.00638915	
      3939	0.00639083	
      3940	0.00639951	
      3941	0.00640831	
      3942	0.00642418	
      3943	0.00643322	
      3944	0.00644938	
      3945	0.00645867	
      3946	0.00646105	
      3947	0.00646353	
      3948	0.00647317	
      3949	0.00647585	
      3950	0.00647864	
      3951	0.00648865	
      3952	0.00650597	
      3953	 0.0065163	
      3954	0.00653398	
      3955	0.00654465	
      3956	0.00655549	
      3957	0.00656649	
      3958	 0.0065704	
      3959	0.00658175	
      3960	0.00659327	
      3961	0.00661233	
      3962	0.00663162	
      3963	 0.0066438	
      3964	0.00666358	
      3965	0.00668364	
      3966	0.00668909	
      3967	 0.0067022	
      3968	0.00670808	
      3969	0.00672168	
      3970	0.00672801	
      3971	0.00674971	
      3972	0.00676416	
      3973	0.00678653	
      3974	0.00680164	
      3975	0.00682476	
      3976	 0.0068406	
      3977	 0.0068491	
      3978	0.00686568	
      3979	0.00687492	
      3980	0.00689233	
      3981	0.00691021	
      3982	0.00692858	
      3983	0.00695537	
      3984	0.00697487	
      3985	0.00699496	
      3986	0.00702368	
      3987	0.00704515	
      3988	0.00707542	
      3989	0.00709849	
      3990	0.00713057	
      3991	0.00714738	
      3992	0.00717339	
      3993	0.00719236	
      3994	0.00722087	
      3995	0.00724257	
      3996	0.00728265	
      3997	0.00731644	
      3998	 0.0073611	
      3999	0.00740029	
      4000	0.00745178	
