       280	2.4327e-08	
       281	4.87994e-08	
       282	9.00926e-08	
       283	1.1768e-07	
       284	1.15813e-07	
       285	8.01806e-08	
       286	1.10116e-07	
       287	1.6894e-07	
       288	1.66041e-07	
       289	2.18488e-07	
       290	3.23786e-07	
       291	3.79883e-07	
       292	3.73821e-07	
       293	3.77776e-07	
       294	3.96775e-07	
       295	4.19604e-07	
       296	4.63051e-07	
       297	4.40813e-07	
       298	4.76108e-07	
       299	4.67742e-07	
       300	4.76465e-07	
       301	1.38931e-06	
       302	4.18032e-06	
       303	1.54667e-05	
       304	4.7889e-05	
       305	0.000140527	
       306	0.000204741	
       307	0.000338446	
       308	0.000568272	
       309	 0.0008075	
       310	0.00123057	
       311	0.00220724	
       312	0.00291451	
       313	0.00390358	
       314	0.00539468	
       315	 0.0069259	
       316	0.00736146	
       317	 0.0101764	
       318	 0.0117877	
       319	  0.013152	
       320	 0.0167395	
       321	 0.0186514	
       322	 0.0198108	
       323	 0.0206778	
       324	 0.0255006	
       325	 0.0326341	
       326	  0.041219	
       327	 0.0453593	
       328	 0.0468303	
       329	 0.0531116	
       330	 0.0618606	
       331	 0.0597601	
       332	 0.0617722	
       333	 0.0628447	
       334	 0.0656976	
       335	 0.0713902	
       336	   0.06654	
       337	 0.0642579	
       338	 0.0733458	
       339	 0.0800136	
       340	 0.0881705	
       341	 0.0867788	
       342	 0.0901165	
       343	  0.095453	
       344	 0.0841552	
       345	 0.0893779	
       346	 0.0968162	
       347	 0.0998611	
       348	 0.0995897	
       349	  0.100408	
       350	  0.113283	
       351	  0.120875	
       352	  0.115259	
       353	  0.119789	
       354	  0.138389	
       355	  0.142754	
       356	  0.132963	
       357	  0.115212	
       358	  0.106433	
       359	  0.119629	
       360	  0.148928	
       361	  0.137275	
       362	  0.141867	
       363	  0.157493	
       364	  0.160875	
       365	  0.172403	
       366	  0.199221	
       367	  0.201659	
       368	  0.191824	
       369	  0.199803	
       370	  0.212603	
       371	  0.204239	
       372	  0.200724	
       373	  0.182711	
       374	  0.168699	
       375	  0.183083	
       376	  0.206813	
       377	  0.226231	
       378	  0.265433	
       379	  0.241663	
       380	  0.229961	
       381	  0.244523	
       382	  0.197047	
       383	   0.15607	
       384	  0.175873	
       385	  0.223107	
       386	  0.218998	
       387	  0.226884	
       388	  0.224826	
       389	  0.245942	
       390	  0.283733	
       391	  0.305455	
       392	   0.28537	
       393	  0.185028	
       394	   0.19184	
       395	  0.297629	
       396	  0.276809	
       397	  0.194259	
       398	  0.322053	
       399	  0.412257	
       400	  0.438495	
       401	  0.458675	
       402	  0.475552	
       403	  0.469561	
       404	  0.475171	
       405	  0.471187	
       406	  0.463182	
       407	  0.460488	
       408	  0.482751	
       409	  0.504299	
       410	  0.461493	
       411	  0.499473	
       412	  0.530374	
       413	  0.520434	
       414	   0.51808	
       415	  0.537604	
       416	  0.554711	
       417	  0.547248	
       418	  0.534057	
       419	  0.544187	
       420	   0.52413	
       421	  0.572329	
       422	  0.576285	
       423	  0.565065	
       424	  0.567164	
       425	   0.58169	
       426	  0.571168	
       427	  0.558672	
       428	  0.557829	
       429	  0.515963	
       430	  0.429024	
       431	  0.421573	
       432	  0.605017	
       433	  0.601382	
       434	  0.572044	
       435	  0.618514	
       436	  0.675176	
       437	  0.684901	
       438	  0.622113	
       439	  0.609515	
       440	   0.67451	
       441	  0.687248	
       442	  0.726233	
       443	   0.74268	
       444	  0.735637	
       445	  0.750733	
       446	  0.709276	
       447	  0.772406	
       448	  0.794208	
       449	  0.800762	
       450	   0.82986	
       451	  0.855199	
       452	  0.828503	
       453	  0.786588	
       454	  0.822137	
       455	  0.830649	
       456	  0.854247	
       457	  0.866017	
       458	  0.855236	
       459	  0.850593	
       460	  0.854322	
       461	  0.878776	
       462	  0.893206	
       463	  0.895825	
       464	   0.87884	
       465	  0.869244	
       466	  0.879781	
       467	  0.861116	
       468	  0.887654	
       469	  0.895442	
       470	  0.875239	
       471	   0.89078	
       472	  0.926196	
       473	  0.910181	
       474	  0.920775	
       475	  0.946313	
       476	  0.931688	
       477	   0.94233	
       478	  0.965795	
       479	  0.957865	
       480	   0.96916	
       481	  0.971363	
       482	   0.97293	
       483	  0.963761	
       484	  0.950882	
       485	  0.925874	
       486	  0.803284	
       487	  0.861238	
       488	  0.923215	
       489	  0.904789	
       490	   0.97278	
       491	  0.954107	
       492	  0.926658	
       493	  0.965519	
       494	  0.965025	
       495	   1.00355	
       496	  0.978815	
       497	  0.983207	
       498	  0.965661	
       499	  0.964919	
       500	  0.964126	
       501	  0.944229	
       502	  0.948891	
       503	  0.978331	
       504	  0.948608	
       505	  0.994752	
       506	   1.03021	
       507	  0.999616	
       508	  0.979122	
       509	   1.00889	
       510	  0.996006	
       511	   1.00985	
       512	   1.02634	
       513	  0.982111	
       514	  0.961188	
       515	  0.984789	
       516	  0.972248	
       517	  0.851294	
       518	  0.913753	
       519	  0.917419	
       520	  0.980301	
       521	   1.00007	
       522	   1.01454	
       523	  0.980856	
       524	   1.03013	
       525	   1.03322	
       526	  0.994588	
       527	  0.915388	
       528	   1.00457	
       529	   1.05346	
       530	   1.03615	
       531	   1.07466	
       532	    1.0535	
       533	  0.975075	
       534	   1.01359	
       535	    1.0406	
       536	   1.06289	
       537	   1.01397	
       538	   1.03898	
       539	   1.02211	
       540	  0.990702	
       541	  0.970393	
       542	   1.03082	
       543	   1.03191	
       544	   1.05655	
       545	   1.04167	
       546	   1.03714	
       547	   1.04302	
       548	   1.02866	
       549	   1.04638	
       550	   1.04313	
       551	   1.04538	
       552	   1.05883	
       553	      1.04	
       554	   1.05413	
       555	   1.05982	
       556	    1.0451	
       557	   1.02542	
       558	   1.03315	
       559	    1.0007	
       560	   1.01473	
       561	   1.05346	
       562	   1.02797	
       563	   1.04975	
       564	   1.04327	
       565	   1.03889	
       566	   1.00617	
       567	   1.04986	
       568	    1.0525	
       569	   1.03953	
       570	   1.03291	
       571	   1.01029	
       572	    1.0526	
       573	   1.06405	
       574	     1.058	
       575	   1.04006	
       576	    1.0364	
       577	   1.04916	
       578	   1.02863	
       579	   1.03442	
       580	   1.04099	
       581	   1.04404	
       582	   1.05427	
       583	   1.06026	
       584	   1.05699	
       585	   1.04946	
       586	    1.0319	
       587	   1.04943	
       588	   1.03114	
       589	  0.951817	
       590	  0.988021	
       591	   1.03366	
       592	   1.03259	
       593	   1.03224	
       594	   1.03447	
       595	   1.03454	
       596	   1.04627	
       597	   1.05225	
       598	   1.03781	
       599	   1.03432	
       600	   1.03894	
       601	   1.02814	
       602	    1.0225	
       603	   1.03993	
       604	    1.0583	
       605	   1.05896	
       606	   1.05753	
       607	   1.06007	
       608	   1.05837	
       609	   1.05255	
       610	   1.05125	
       611	   1.05143	
       612	   1.06542	
       613	   1.05326	
       614	   1.03482	
       615	   1.05348	
       616	   1.03566	
       617	    1.0302	
       618	    1.0607	
       619	   1.07329	
       620	   1.07807	
       621	   1.08286	
       622	   1.06785	
       623	   1.06703	
       624	     1.063	
       625	   1.05093	
       626	   1.05561	
       627	    1.0828	
       628	   1.08997	
       629	   1.09151	
       630	   1.08412	
       631	   1.07446	
       632	   1.04846	
       633	   1.08192	
       634	   1.07706	
       635	   1.07872	
       636	   1.06639	
       637	   1.09108	
       638	     1.101	
       639	   1.09108	
       640	   1.07197	
       641	   1.07105	
       642	   1.07512	
       643	   1.08587	
       644	   1.08159	
       645	   1.08902	
       646	   1.07461	
       647	   1.08287	
       648	   1.07764	
       649	   1.05206	
       650	   1.04671	
       651	   1.08638	
       652	   1.08617	
       653	   1.09021	
       654	     1.078	
       655	   1.03057	
       656	  0.929661	
       657	  0.959415	
       658	   1.04973	
       659	   1.06776	
       660	   1.08154	
       661	   1.09101	
       662	   1.09355	
       663	   1.08997	
       664	   1.08811	
       665	   1.09939	
       666	   1.09663	
       667	    1.0868	
       668	   1.07575	
       669	   1.07679	
       670	   1.05669	
       671	   1.04697	
       672	   1.03313	
       673	   1.03191	
       674	   1.02352	
       675	   1.01637	
       676	   1.02133	
       677	   1.01137	
       678	   1.01087	
       679	  0.999657	
       680	  0.996151	
       681	  0.994451	
       682	  0.992036	
       683	  0.984739	
       684	  0.977553	
       685	  0.972127	
       686	  0.954362	
       687	  0.970633	
       688	  0.977838	
       689	  0.977654	
       690	  0.975875	
       691	  0.973566	
       692	  0.967951	
       693	  0.975711	
       694	  0.979399	
       695	  0.973902	
       696	  0.976902	
       697	  0.980011	
       698	  0.975536	
       699	  0.983173	
       700	  0.983225	
       701	  0.981684	
       702	   0.98205	
       703	    0.9932	
       704	   1.00653	
       705	    1.0177	
       706	   1.01423	
       707	   1.01501	
       708	   1.02237	
       709	   1.02922	
       710	   1.05322	
       711	   1.00191	
       712	  0.964955	
       713	  0.939662	
       714	   0.92534	
       715	  0.898943	
       716	  0.893979	
       717	   0.88349	
       718	  0.863511	
       719	  0.833943	
       720	   0.84899	
       721	  0.849848	
       722	  0.850007	
       723	  0.843235	
       724	  0.842808	
       725	  0.841096	
       726	  0.843008	
       727	  0.849854	
       728	   0.85299	
       729	  0.836986	
       730	  0.867391	
       731	  0.868175	
       732	  0.883455	
       733	  0.887658	
       734	  0.911203	
       735	  0.918675	
       736	   0.92016	
       737	  0.931735	
       738	  0.939127	
       739	  0.937965	
       740	  0.973934	
       741	  0.971294	
       742	  0.969645	
       743	   0.98917	
       744	  0.999222	
       745	  0.996853	
       746	  0.998433	
       747	   1.00013	
       748	  0.997119	
       749	  0.998175	
       750	   0.99557	
       751	  0.998219	
       752	   1.00244	
       753	   1.00639	
       754	   1.01333	
       755	   1.01333	
       756	   1.00241	
       757	    1.0024	
       758	    1.0073	
       759	  0.998207	
       760	   1.00204	
       761	   0.99791	
       762	  0.997755	
       763	  0.955848	
       764	  0.924546	
       765	  0.891037	
       766	  0.845263	
       767	  0.831666	
       768	  0.837123	
       769	  0.835655	
       770	  0.841316	
       771	  0.849074	
       772	  0.857267	
       773	  0.865976	
       774	  0.875311	
       775	  0.885433	
       776	  0.895656	
       777	   0.90259	
       778	  0.917286	
       779	   0.94009	
       780	  0.967455	
       781	  0.965492	
       782	  0.969751	
       783	  0.962989	
       784	  0.956326	
       785	  0.960858	
       786	  0.961407	
       787	  0.959989	
       788	  0.953571	
       789	   0.95123	
       790	  0.943882	
       791	  0.935559	
       792	  0.927266	
       793	     0.919	
       794	  0.911765	
       795	  0.911601	
       796	  0.919511	
       797	  0.931461	
       798	  0.926305	
       799	  0.917136	
       800	  0.905968	
       801	  0.895051	
       802	  0.881368	
       803	  0.859927	
       804	  0.851656	
       805	  0.830364	
       806	  0.836088	
       807	  0.826526	
       808	  0.817489	
       809	  0.801626	
       810	  0.799759	
       811	  0.796339	
       812	  0.796707	
       813	  0.792807	
       814	  0.787336	
       815	  0.777678	
       816	  0.772589	
       817	  0.765938	
       818	  0.749188	
       819	  0.732752	
       820	  0.727646	
       821	  0.726909	
       822	  0.715347	
       823	  0.719017	
       824	  0.715833	
       825	   0.72554	
       826	  0.741057	
       827	   0.75229	
       828	  0.758305	
       829	  0.765361	
       830	  0.779371	
       831	   0.79673	
       832	  0.805776	
       833	  0.794259	
       834	  0.806828	
       835	  0.813869	
       836	  0.823112	
       837	  0.822895	
       838	  0.825904	
       839	  0.826334	
       840	  0.837227	
       841	   0.83773	
       842	  0.827243	
       843	  0.824771	
       844	  0.817291	
       845	  0.834996	
       846	  0.836658	
       847	  0.820164	
       848	  0.818848	
       849	  0.810467	
       850	  0.760169	
       851	  0.804793	
       852	  0.809927	
       853	  0.794157	
       854	   0.73225	
       855	  0.765205	
       856	  0.814774	
       857	  0.836595	
       858	  0.841997	
       859	  0.844973	
       860	  0.843987	
       861	  0.843679	
       862	  0.850759	
       863	  0.850029	
       864	  0.835905	
       865	  0.811644	
       866	  0.743784	
       867	  0.778817	
       868	  0.812913	
       869	  0.813335	
       870	   0.82242	
       871	  0.817036	
       872	  0.822954	
       873	  0.816398	
       874	  0.803383	
       875	  0.796292	
       876	  0.811944	
       877	  0.816486	
       878	  0.813415	
       879	  0.803454	
       880	  0.800792	
       881	  0.737423	
       882	  0.725745	
       883	  0.708405	
       884	  0.697319	
       885	  0.688491	
       886	  0.662326	
       887	   0.64965	
       888	   0.64968	
       889	  0.643791	
       890	  0.634504	
       891	  0.624552	
       892	  0.612761	
       893	  0.598505	
       894	  0.593806	
       895	   0.58959	
       896	  0.586928	
       897	  0.578191	
       898	  0.569884	
       899	  0.559676	
       900	  0.552541	
       901	  0.538781	
       902	  0.526809	
       903	  0.540546	
       904	  0.538602	
       905	  0.532028	
       906	  0.531408	
       907	  0.536236	
       908	  0.533015	
       909	  0.529548	
       910	   0.53626	
       911	  0.541051	
       912	  0.542594	
       913	   0.55039	
       914	  0.553476	
       915	  0.553308	
       916	  0.555499	
       917	  0.553337	
       918	  0.552884	
       919	  0.554297	
       920	  0.550338	
       921	  0.542408	
       922	    0.5358	
       923	  0.524277	
       924	  0.539861	
       925	  0.543369	
       926	  0.465382	
       927	   0.42739	
       928	  0.388865	
       929	  0.357115	
       930	  0.330708	
       931	  0.310297	
       932	  0.290791	
       933	   0.27532	
       934	  0.259669	
       935	  0.243721	
       936	  0.230533	
       937	  0.219923	
       938	  0.223408	
       939	  0.225186	
       940	  0.224063	
       941	   0.22361	
       942	   0.22174	
       943	  0.229439	
       944	  0.229491	
       945	   0.23289	
       946	  0.237291	
       947	  0.239908	
       948	  0.243496	
       949	  0.251996	
       950	  0.259369	
       951	  0.266262	
       952	  0.276362	
       953	  0.285633	
       954	  0.292092	
       955	  0.292732	
       956	  0.312647	
       957	  0.329337	
       958	  0.346302	
       959	  0.363982	
       960	  0.379175	
       961	  0.397146	
       962	   0.42074	
       963	  0.445976	
       964	  0.474896	
       965	  0.519465	
       966	  0.519549	
       967	  0.526061	
       968	  0.525864	
       969	  0.530679	
       970	  0.535713	
       971	  0.536019	
       972	  0.541996	
       973	  0.542242	
       974	  0.540212	
       975	  0.546639	
       976	  0.555344	
       977	  0.556866	
       978	  0.563649	
       979	    0.5645	
       980	  0.573629	
       981	  0.577652	
       982	   0.58446	
       983	  0.586372	
       984	  0.587109	
       985	  0.591762	
       986	  0.593859	
       987	  0.598256	
       988	  0.601627	
       989	  0.602114	
       990	  0.609287	
       991	  0.619165	
       992	  0.624767	
       993	  0.634062	
       994	  0.641929	
       995	  0.639408	
       996	  0.637633	
       997	  0.631606	
       998	  0.630889	
       999	  0.630803	
      1000	  0.632216	
      1001	  0.635328	
      1002	  0.635261	
      1003	  0.629224	
      1004	   0.61924	
      1005	  0.592497	
      1006	  0.611095	
      1007	   0.62374	
      1008	  0.626458	
      1009	  0.624802	
      1010	  0.625615	
      1011	  0.622995	
      1012	  0.621775	
      1013	   0.61927	
      1014	  0.619887	
      1015	  0.613302	
      1016	  0.613704	
      1017	  0.610993	
      1018	  0.614435	
      1019	  0.603535	
      1020	  0.605367	
      1021	  0.606668	
      1022	    0.6016	
      1023	  0.605198	
      1024	  0.607513	
      1025	  0.607024	
      1026	  0.607095	
      1027	  0.605867	
      1028	  0.606073	
      1029	  0.602488	
      1030	  0.603489	
      1031	  0.603101	
      1032	  0.602301	
      1033	  0.595617	
      1034	  0.597942	
      1035	  0.600534	
      1036	  0.600881	
      1037	  0.596878	
      1038	  0.595702	
      1039	  0.599266	
      1040	  0.597887	
      1041	    0.5981	
      1042	  0.597638	
      1043	  0.594083	
      1044	  0.595065	
      1045	  0.590949	
      1046	  0.580506	
      1047	  0.586702	
      1048	  0.591675	
      1049	  0.589994	
      1050	  0.587203	
      1051	  0.587074	
      1052	  0.584502	
      1053	  0.583262	
      1054	  0.582243	
      1055	  0.583888	
      1056	  0.582868	
      1057	  0.581403	
      1058	  0.575272	
      1059	  0.564028	
      1060	  0.572443	
      1061	  0.566645	
      1062	  0.572733	
      1063	  0.568595	
      1064	  0.573457	
      1065	  0.572324	
      1066	  0.563398	
      1067	   0.56471	
      1068	  0.562008	
      1069	  0.541174	
      1070	  0.552052	
      1071	   0.53882	
      1072	  0.530184	
      1073	  0.516215	
      1074	  0.515291	
      1075	  0.503847	
      1076	   0.50171	
      1077	  0.497347	
      1078	  0.492324	
      1079	  0.481904	
      1080	  0.481827	
      1081	  0.469632	
      1082	  0.462611	
      1083	  0.463499	
      1084	  0.463805	
      1085	  0.460609	
      1086	  0.457529	
      1087	  0.442755	
      1088	  0.446942	
      1089	  0.446551	
      1090	  0.441916	
      1091	  0.440279	
      1092	  0.431921	
      1093	  0.423239	
      1094	  0.406008	
      1095	  0.413262	
      1096	  0.415245	
      1097	  0.415832	
      1098	  0.411786	
      1099	  0.408499	
      1100	  0.415518	
      1101	  0.343772	
      1102	  0.294008	
      1103	  0.265477	
      1104	   0.23997	
      1105	  0.218353	
      1106	  0.200231	
      1107	  0.184172	
      1108	  0.171079	
      1109	  0.159354	
      1110	  0.149074	
      1111	   0.13913	
      1112	   0.13056	
      1113	  0.122387	
      1114	  0.116266	
      1115	  0.109653	
      1116	  0.103066	
      1117	 0.0984078	
      1118	 0.0923113	
      1119	 0.0875276	
      1120	 0.0830671	
      1121	 0.0867675	
      1122	 0.0907371	
      1123	 0.0944663	
      1124	 0.0983013	
      1125	    0.1018	
      1126	  0.104112	
      1127	  0.109937	
      1128	  0.116254	
      1129	  0.121915	
      1130	  0.127397	
      1131	  0.127573	
      1132	  0.127356	
      1133	  0.125662	
      1134	  0.125173	
      1135	  0.124825	
      1136	   0.12437	
      1137	  0.121633	
      1138	  0.119792	
      1139	  0.120721	
      1140	  0.120691	
      1141	  0.118573	
      1142	  0.119631	
      1143	  0.118605	
      1144	  0.117399	
      1145	  0.117781	
      1146	  0.123828	
      1147	  0.129481	
      1148	  0.134763	
      1149	  0.140702	
      1150	  0.147222	
      1151	  0.154435	
      1152	  0.162042	
      1153	  0.171362	
      1154	  0.182399	
      1155	  0.193441	
      1156	  0.204167	
      1157	  0.219035	
      1158	  0.234711	
      1159	   0.25043	
      1160	  0.269455	
      1161	   0.29356	
      1162	  0.303511	
      1163	  0.310196	
      1164	  0.311559	
      1165	  0.318497	
      1166	  0.319131	
      1167	  0.327693	
      1168	  0.334711	
      1169	  0.333708	
      1170	  0.345348	
      1171	  0.348683	
      1172	  0.349829	
      1173	  0.349255	
      1174	  0.350007	
      1175	  0.346189	
      1176	  0.343354	
      1177	  0.350004	
      1178	  0.349283	
      1179	  0.349759	
      1180	  0.354241	
      1181	  0.354159	
      1182	  0.352282	
      1183	  0.340672	
      1184	  0.351979	
      1185	  0.358009	
      1186	  0.359485	
      1187	  0.360545	
      1188	  0.357229	
      1189	  0.346556	
      1190	  0.358274	
      1191	  0.366012	
      1192	  0.367301	
      1193	  0.368347	
      1194	  0.369605	
      1195	  0.368714	
      1196	  0.369848	
      1197	  0.369086	
      1198	  0.362992	
      1199	  0.356296	
      1200	  0.371695	
      1201	  0.377025	
      1202	  0.376185	
      1203	  0.365592	
      1204	  0.364834	
      1205	  0.373139	
      1206	  0.373419	
      1207	  0.373672	
      1208	  0.365931	
      1209	  0.354369	
      1210	  0.366122	
      1211	   0.36299	
      1212	  0.369314	
      1213	  0.371446	
      1214	  0.370692	
      1215	  0.371679	
      1216	  0.371944	
      1217	  0.371964	
      1218	  0.371248	
      1219	  0.369897	
      1220	  0.371557	
      1221	  0.372008	
      1222	  0.371343	
      1223	   0.36994	
      1224	  0.373819	
      1225	  0.373964	
      1226	  0.374364	
      1227	  0.369316	
      1228	  0.373364	
      1229	  0.377012	
      1230	  0.377585	
      1231	  0.377946	
      1232	  0.376815	
      1233	  0.379207	
      1234	  0.379953	
      1235	  0.380472	
      1236	  0.384419	
      1237	  0.386897	
      1238	  0.389108	
      1239	  0.390169	
      1240	  0.397208	
      1241	  0.397382	
      1242	  0.394158	
      1243	  0.388824	
      1244	  0.385519	
      1245	   0.38473	
      1246	  0.385163	
      1247	  0.383761	
      1248	  0.384082	
      1249	  0.382363	
      1250	   0.38007	
      1251	  0.376486	
      1252	  0.372739	
      1253	  0.372432	
      1254	  0.371439	
      1255	   0.36965	
      1256	   0.36759	
      1257	  0.364855	
      1258	  0.364476	
      1259	  0.362097	
      1260	  0.361959	
      1261	  0.360031	
      1262	  0.355923	
      1263	  0.356841	
      1264	  0.352985	
      1265	  0.352435	
      1266	  0.352794	
      1267	   0.34782	
      1268	  0.344955	
      1269	  0.346438	
      1270	   0.34734	
      1271	  0.348062	
      1272	  0.347377	
      1273	   0.34747	
      1274	  0.346702	
      1275	  0.349116	
      1276	  0.350948	
      1277	  0.351981	
      1278	  0.352203	
      1279	  0.351213	
      1280	  0.349201	
      1281	   0.33827	
      1282	  0.313547	
      1283	  0.333742	
      1284	  0.348514	
      1285	  0.353177	
      1286	  0.355591	
      1287	  0.358249	
      1288	  0.359254	
      1289	  0.361778	
      1290	  0.360408	
      1291	  0.353722	
      1292	  0.348993	
      1293	  0.343714	
      1294	  0.335755	
      1295	  0.333398	
      1296	  0.330756	
      1297	  0.325732	
      1298	  0.320754	
      1299	  0.319934	
      1300	  0.316669	
      1301	  0.313262	
      1302	  0.308574	
      1303	  0.304869	
      1304	  0.302022	
      1305	  0.302223	
      1306	  0.300829	
      1307	  0.299052	
      1308	  0.296887	
      1309	  0.295061	
      1310	  0.292409	
      1311	      0.29	
      1312	  0.285888	
      1313	  0.279018	
      1314	  0.282133	
      1315	  0.276401	
      1316	  0.276012	
      1317	  0.278296	
      1318	  0.275333	
      1319	  0.276888	
      1320	  0.275261	
      1321	  0.223154	
      1322	  0.192135	
      1323	  0.169695	
      1324	  0.152063	
      1325	  0.137363	
      1326	  0.124724	
      1327	  0.113859	
      1328	   0.10499	
      1329	  0.095429	
      1330	 0.0893637	
      1331	 0.0837173	
      1332	 0.0771931	
      1333	 0.0732751	
      1334	 0.0689806	
      1335	 0.0647039	
      1336	 0.0605201	
      1337	 0.0571409	
      1338	 0.0537465	
      1339	 0.0503193	
      1340	 0.0475586	
      1341	 0.0457985	
      1342	 0.0434562	
      1343	 0.0413025	
      1344	 0.0393187	
      1345	 0.0374144	
      1346	 0.0354207	
      1347	  0.033884	
      1348	 0.0323089	
      1349	 0.0307577	
      1350	 0.0291244	
      1351	 0.0259142	
      1352	 0.0232652	
      1353	 0.0208129	
      1354	  0.018633	
      1355	 0.0166315	
      1356	 0.0150181	
      1357	 0.0135089	
      1358	 0.0124021	
      1359	 0.0112799	
      1360	 0.0102246	
      1361	 0.0094289	
      1362	0.00861373	
      1363	0.00780175	
      1364	0.00722424	
      1365	  0.006647	
      1366	0.00611598	
      1367	0.00560602	
      1368	0.00520381	
      1369	0.00475194	
      1370	0.00439088	
      1371	0.00407733	
      1372	0.00381645	
      1373	0.00355114	
      1374	0.00329606	
      1375	0.00302722	
      1376	0.00280095	
      1377	0.00263046	
      1378	0.00245591	
      1379	 0.0023052	
      1380	0.00214434	
      1381	0.00200454	
      1382	 0.0018581	
      1383	0.00174247	
      1384	0.00163852	
      1385	0.00152665	
      1386	0.00143793	
      1387	0.00134133	
      1388	0.00126446	
      1389	0.00118927	
      1390	0.00110451	
      1391	0.00104819	
      1392	0.000988143	
      1393	0.000926393	
      1394	0.000868908	
      1395	0.000819196	
      1396	0.00086563	
      1397	0.000914468	
      1398	0.000967958	
      1399	0.00101808	
      1400	0.00105367	
      1401	0.00111367	
      1402	0.00119129	
      1403	0.00125475	
      1404	0.00133162	
      1405	0.00141205	
      1406	0.00150544	
      1407	0.00159722	
      1408	0.00169511	
      1409	0.00180682	
      1410	0.00191948	
      1411	0.00202928	
      1412	0.00212269	
      1413	  0.002282	
      1414	 0.0024633	
      1415	0.00263541	
      1416	 0.0028093	
      1417	0.00302077	
      1418	0.00324253	
      1419	0.00344767	
      1420	0.00369249	
      1421	0.00398396	
      1422	0.00422448	
      1423	0.00453681	
      1424	0.00489069	
      1425	0.00531879	
      1426	0.00563921	
      1427	 0.0061445	
      1428	0.00669882	
      1429	0.00716459	
      1430	0.00777207	
      1431	0.00850708	
      1432	 0.0094353	
      1433	 0.0103174	
      1434	 0.0111554	
      1435	 0.0122733	
      1436	 0.0135198	
      1437	 0.0149362	
      1438	 0.0164713	
      1439	 0.0182752	
      1440	 0.0196517	
      1441	 0.0220203	
      1442	 0.0247088	
      1443	 0.0268528	
      1444	 0.0279995	
      1445	 0.0291528	
      1446	 0.0304424	
      1447	 0.0315339	
      1448	 0.0330318	
      1449	 0.0343672	
      1450	  0.035611	
      1451	 0.0367932	
      1452	 0.0383908	
      1453	 0.0402005	
      1454	 0.0418631	
      1455	 0.0436674	
      1456	 0.0455729	
      1457	  0.048091	
      1458	  0.051066	
      1459	 0.0538559	
      1460	 0.0563115	
      1461	 0.0591002	
      1462	 0.0618975	
      1463	 0.0632857	
      1464	 0.0633759	
      1465	 0.0639047	
      1466	 0.0634311	
      1467	 0.0641411	
      1468	 0.0636684	
      1469	 0.0641481	
      1470	 0.0638312	
      1471	 0.0629473	
      1472	 0.0631473	
      1473	 0.0630139	
      1474	 0.0618203	
      1475	 0.0625926	
      1476	 0.0629263	
      1477	 0.0628225	
      1478	 0.0649942	
      1479	 0.0679019	
      1480	 0.0706155	
      1481	 0.0727458	
      1482	  0.075843	
      1483	 0.0777853	
      1484	 0.0817345	
      1485	 0.0860816	
      1486	 0.0890683	
      1487	 0.0911607	
      1488	 0.0882762	
      1489	 0.0998204	
      1490	  0.106987	
      1491	  0.112858	
      1492	   0.11821	
      1493	  0.126215	
      1494	  0.134284	
      1495	   0.14236	
      1496	  0.149265	
      1497	  0.163299	
      1498	  0.166356	
      1499	  0.167389	
      1500	  0.171833	
      1501	  0.173945	
      1502	  0.172908	
      1503	  0.163656	
      1504	  0.169377	
      1505	  0.168468	
      1506	  0.177003	
      1507	  0.185294	
      1508	  0.187065	
      1509	   0.18945	
      1510	  0.195663	
      1511	  0.199308	
      1512	  0.200004	
      1513	  0.202897	
      1514	  0.206453	
      1515	  0.212714	
      1516	   0.21772	
      1517	  0.223177	
      1518	  0.232852	
      1519	  0.239995	
      1520	  0.255455	
      1521	  0.251123	
      1522	  0.250273	
      1523	  0.253125	
      1524	  0.253656	
      1525	  0.250197	
      1526	  0.254693	
      1527	  0.254071	
      1528	   0.25515	
      1529	  0.252558	
      1530	  0.243693	
      1531	   0.25307	
      1532	  0.254961	
      1533	  0.252826	
      1534	  0.249945	
      1535	  0.252333	
      1536	  0.255391	
      1537	  0.255611	
      1538	  0.251682	
      1539	  0.254526	
      1540	  0.246927	
      1541	  0.247054	
      1542	  0.247355	
      1543	  0.246485	
      1544	  0.246752	
      1545	  0.246433	
      1546	  0.244535	
      1547	  0.240729	
      1548	  0.235577	
      1549	  0.237596	
      1550	  0.235602	
      1551	  0.235499	
      1552	  0.236505	
      1553	   0.23354	
      1554	  0.228884	
      1555	  0.228459	
      1556	  0.226239	
      1557	  0.229482	
      1558	  0.228355	
      1559	  0.228266	
      1560	   0.22732	
      1561	  0.230452	
      1562	   0.23006	
      1563	  0.229244	
      1564	  0.227459	
      1565	  0.229672	
      1566	  0.228122	
      1567	  0.228414	
      1568	  0.226762	
      1569	  0.228598	
      1570	  0.228813	
      1571	  0.233096	
      1572	  0.233904	
      1573	  0.231768	
      1574	   0.22963	
      1575	  0.221643	
      1576	  0.226721	
      1577	  0.215729	
      1578	  0.227795	
      1579	  0.233381	
      1580	  0.235172	
      1581	  0.234622	
      1582	  0.227635	
      1583	  0.228432	
      1584	  0.226904	
      1585	  0.231148	
      1586	  0.228854	
      1587	  0.225672	
      1588	   0.21985	
      1589	  0.208282	
      1590	  0.212651	
      1591	  0.214251	
      1592	  0.222467	
      1593	  0.226386	
      1594	  0.225354	
      1595	  0.224567	
      1596	  0.216242	
      1597	  0.217784	
      1598	  0.221726	
      1599	  0.218484	
      1600	  0.218518	
      1601	  0.213679	
      1602	  0.215034	
      1603	  0.215207	
      1604	  0.215161	
      1605	  0.212977	
      1606	  0.212086	
      1607	  0.210997	
      1608	  0.213549	
      1609	  0.211401	
      1610	  0.201568	
      1611	  0.205532	
      1612	  0.207494	
      1613	   0.21109	
      1614	  0.210938	
      1615	  0.210048	
      1616	  0.203304	
      1617	  0.206125	
      1618	  0.212264	
      1619	  0.211668	
      1620	  0.206914	
      1621	  0.207132	
      1622	  0.210486	
      1623	  0.215033	
      1624	  0.215981	
      1625	  0.213969	
      1626	  0.216558	
      1627	   0.21828	
      1628	  0.220456	
      1629	  0.222001	
      1630	  0.222452	
      1631	   0.22327	
      1632	  0.223045	
      1633	  0.220478	
      1634	  0.218394	
      1635	  0.220738	
      1636	  0.219939	
      1637	  0.212849	
      1638	  0.211015	
      1639	    0.2079	
      1640	   0.20979	
      1641	  0.208776	
      1642	  0.209048	
      1643	  0.212104	
      1644	  0.210398	
      1645	  0.209745	
      1646	  0.212337	
      1647	  0.212737	
      1648	  0.212099	
      1649	  0.209022	
      1650	  0.210702	
      1651	  0.208792	
      1652	  0.210717	
      1653	  0.209276	
      1654	  0.209924	
      1655	  0.208256	
      1656	  0.209251	
      1657	  0.209329	
      1658	  0.208242	
      1659	  0.206239	
      1660	  0.207361	
      1661	  0.208131	
      1662	  0.207402	
      1663	  0.206564	
      1664	  0.206181	
      1665	  0.204531	
      1666	  0.203004	
      1667	  0.202977	
      1668	  0.200518	
      1669	  0.201881	
      1670	  0.204752	
      1671	  0.203453	
      1672	  0.197541	
      1673	  0.199601	
      1674	  0.201773	
      1675	  0.199675	
      1676	  0.197467	
      1677	  0.198606	
      1678	  0.199164	
      1679	  0.195341	
      1680	   0.18839	
      1681	  0.181929	
      1682	  0.184435	
      1683	  0.188783	
      1684	  0.190995	
      1685	  0.191095	
      1686	  0.188757	
      1687	  0.188584	
      1688	  0.187869	
      1689	  0.185397	
      1690	  0.185056	
      1691	   0.18728	
      1692	  0.187192	
      1693	  0.186119	
      1694	  0.185607	
      1695	  0.185115	
      1696	  0.183968	
      1697	  0.182842	
      1698	  0.182269	
      1699	  0.180939	
      1700	  0.178542	
      1701	  0.177886	
      1702	  0.177533	
      1703	   0.17697	
      1704	  0.176371	
      1705	  0.175717	
      1706	  0.174632	
      1707	  0.173486	
      1708	  0.172347	
      1709	  0.171215	
      1710	  0.170262	
      1711	  0.170338	
      1712	  0.170588	
      1713	  0.170841	
      1714	  0.171095	
      1715	  0.171207	
      1716	  0.170424	
      1717	  0.169501	
      1718	  0.168584	
      1719	  0.167672	
      1720	  0.166832	
      1721	  0.166366	
      1722	  0.165971	
      1723	  0.165579	
      1724	   0.16519	
      1725	  0.164745	
      1726	  0.163919	
      1727	  0.163039	
      1728	  0.162162	
      1729	  0.161289	
      1730	  0.160279	
      1731	  0.158393	
      1732	  0.156372	
      1733	  0.154357	
      1734	  0.152349	
      1735	  0.150743	
      1736	  0.151486	
      1737	  0.152623	
      1738	  0.153759	
      1739	  0.154894	
      1740	  0.155781	
      1741	  0.138496	
      1742	  0.127002	
      1743	  0.118099	
      1744	  0.110742	
      1745	  0.104487	
      1746	 0.0992427	
      1747	 0.0946191	
      1748	 0.0904571	
      1749	 0.0866746	
      1750	 0.0832242	
      1751	 0.0801052	
      1752	 0.0772285	
      1753	 0.0745516	
      1754	 0.0720509	
      1755	 0.0696805	
      1756	 0.0672841	
      1757	 0.0650011	
      1758	 0.0628449	
      1759	  0.060804	
      1760	  0.058885	
      1761	 0.0571564	
      1762	 0.0555264	
      1763	 0.0539726	
      1764	 0.0524895	
      1765	 0.0510719	
      1766	 0.0497154	
      1767	  0.048416	
      1768	 0.0471699	
      1769	 0.0459739	
      1770	 0.0448074	
      1771	  0.043574	
      1772	 0.0423716	
      1773	  0.041215	
      1774	 0.0401015	
      1775	  0.039051	
      1776	 0.0381684	
      1777	 0.0373372	
      1778	 0.0365337	
      1779	 0.0357565	
      1780	 0.0349945	
      1781	 0.0341983	
      1782	 0.0334182	
      1783	 0.0326628	
      1784	 0.0319311	
      1785	 0.0312311	
      1786	 0.0306051	
      1787	  0.030006	
      1788	 0.0294242	
      1789	 0.0288589	
      1790	  0.028298	
      1791	 0.0276793	
      1792	 0.0270675	
      1793	 0.0264731	
      1794	 0.0258955	
      1795	 0.0253341	
      1796	 0.0247883	
      1797	 0.0242574	
      1798	  0.023741	
      1799	 0.0232384	
      1800	 0.0227629	
      1801	 0.0202724	
      1802	 0.0181585	
      1803	 0.0163381	
      1804	 0.0147584	
      1805	 0.0133767	
      1806	 0.0121512	
      1807	 0.0110682	
      1808	 0.0101079	
      1809	0.00925294	
      1810	0.00847127	
      1811	0.00767433	
      1812	0.00694903	
      1813	0.00630144	
      1814	0.00572181	
      1815	0.00521794	
      1816	0.00485257	
      1817	0.00453273	
      1818	0.00423923	
      1819	0.00396939	
      1820	 0.0037197	
      1821	 0.0034829	
      1822	0.00326351	
      1823	0.00306094	
      1824	0.00287362	
      1825	0.00269736	
      1826	0.00251764	
      1827	0.00234935	
      1828	  0.002194	
      1829	0.00205045	
      1830	0.00191862	
      1831	 0.0018015	
      1832	0.00169354	
      1833	0.00159311	
      1834	0.00149958	
      1835	0.00141224	
      1836	0.00132942	
      1837	0.00125202	
      1838	0.00117978	
      1839	 0.0011123	
      1840	 0.0010491	
      1841	0.00098896	
      1842	0.000932601	
      1843	0.000879865	
      1844	0.000830488	
      1845	0.000784637	
      1846	0.000743777	
      1847	0.000705718	
      1848	0.000669888	
      1849	0.000636139	
      1850	0.000604134	
      1851	0.000572837	
      1852	0.000543187	
      1853	0.000515259	
      1854	0.000488941	
      1855	0.00046413	
      1856	0.000440726	
      1857	0.000418642	
      1858	0.000397794	
      1859	0.000378104	
      1860	 0.0003595	
      1861	 0.0003685	
      1862	0.000377762	
      1863	0.000387296	
      1864	0.000397109	
      1865	0.000407295	
      1866	0.000418184	
      1867	0.000429499	
      1868	0.000441168	
      1869	0.000453206	
      1870	0.000464603	
      1871	0.000469906	
      1872	0.000474102	
      1873	0.000478202	
      1874	0.000482197	
      1875	0.000488764	
      1876	0.000511815	
      1877	0.000538719	
      1878	0.000566842	
      1879	0.000596241	
      1880	0.000625269	
      1881	0.000645046	
      1882	0.000663728	
      1883	0.000683043	
      1884	0.000703017	
      1885	0.000723082	
      1886	0.000739939	
      1887	0.000756627	
      1888	0.000773751	
      1889	0.000791327	
      1890	0.000809945	
      1891	0.000832659	
      1892	0.00085675	
      1893	0.000881673	
      1894	0.000907462	
      1895	0.00093483	
      1896	0.000967376	
      1897	0.00100194	
      1898	0.00103792	
      1899	0.00107537	
      1900	0.00111381	
      1901	0.00115005	
      1902	0.00118709	
      1903	0.00122556	
      1904	0.00126552	
      1905	0.00130686	
      1906	0.00134826	
      1907	0.00139104	
      1908	0.00143548	
      1909	0.00148164	
      1910	0.00152994	
      1911	0.00158178	
      1912	0.00163611	
      1913	0.00169269	
      1914	0.00175165	
      1915	 0.0018131	
      1916	0.00187717	
      1917	  0.001944	
      1918	0.00201372	
      1919	0.00208651	
      1920	0.00216251	
      1921	0.00208147	
      1922	0.00208984	
      1923	0.00211711	
      1924	0.00215538	
      1925	0.00220093	
      1926	0.00224815	
      1927	0.00230028	
      1928	0.00235776	
      1929	0.00242044	
      1930	0.00249016	
      1931	0.00257702	
      1932	0.00267224	
      1933	0.00277426	
      1934	0.00288347	
      1935	0.00299871	
      1936	0.00311112	
      1937	0.00322951	
      1938	0.00335603	
      1939	0.00349129	
      1940	 0.0036304	
      1941	0.00374411	
      1942	0.00385894	
      1943	0.00398096	
      1944	0.00411077	
      1945	0.00426316	
      1946	0.00451561	
      1947	0.00480502	
      1948	0.00511977	
      1949	0.00546282	
      1950	0.00583291	
      1951	0.00620861	
      1952	0.00661503	
      1953	0.00706152	
      1954	0.00755367	
      1955	0.00809183	
      1956	 0.0086488	
      1957	0.00926159	
      1958	0.00994717	
      1959	 0.0107189	
      1960	 0.0115918	
      1961	 0.0121271	
      1962	 0.0126962	
      1963	 0.0133044	
      1964	 0.0139555	
      1965	  0.014666	
      1966	 0.0155058	
      1967	 0.0164273	
      1968	 0.0174269	
      1969	  0.018514	
      1970	 0.0196888	
      1971	 0.0208962	
      1972	 0.0222067	
      1973	 0.0236483	
      1974	 0.0252417	
      1975	 0.0270122	
      1976	  0.028992	
      1977	  0.031222	
      1978	 0.0337558	
      1979	 0.0366656	
      1980	  0.040062	
      1981	  0.044135	
      1982	 0.0490842	
      1983	 0.0552882	
      1984	 0.0634977	
      1985	 0.0756171	
      1986	 0.0615389	
      1987	 0.0541718	
      1988	  0.048916	
      1989	  0.044803	
      1990	 0.0413914	
      1991	 0.0383119	
      1992	 0.0356204	
      1993	 0.0332593	
      1994	 0.0311643	
      1995	 0.0293082	
      1996	 0.0277378	
      1997	 0.0263288	
      1998	 0.0250413	
      1999	 0.0238593	
      2000	 0.0227598	
      2001	 0.0216869	
      2002	 0.0206829	
      2003	 0.0197492	
      2004	 0.0188787	
      2005	 0.0180731	
      2006	 0.0186463	
      2007	 0.0192553	
      2008	  0.019894	
      2009	 0.0205648	
      2010	 0.0212663	
      2011	 0.0219741	
      2012	 0.0227154	
      2013	 0.0234972	
      2014	 0.0243229	
      2015	  0.025192	
      2016	 0.0260763	
      2017	 0.0270099	
      2018	 0.0280026	
      2019	 0.0290608	
      2020	 0.0302052	
      2021	 0.0315166	
      2022	 0.0329432	
      2023	 0.0344851	
      2024	 0.0361586	
      2025	  0.037967	
      2026	 0.0398435	
      2027	 0.0418967	
      2028	 0.0441834	
      2029	 0.0467579	
      2030	 0.0497111	
      2031	  0.053216	
      2032	 0.0574231	
      2033	 0.0626815	
      2034	 0.0698457	
      2035	 0.0829195	
      2036	  0.081829	
      2037	 0.0808112	
      2038	 0.0798624	
      2039	 0.0789699	
      2040	 0.0781829	
      2041	 0.0777547	
      2042	 0.0774145	
      2043	 0.0771002	
      2044	  0.076809	
      2045	 0.0764888	
      2046	 0.0758635	
      2047	 0.0752097	
      2048	 0.0745753	
      2049	  0.073959	
      2050	 0.0733802	
      2051	 0.0729135	
      2052	 0.0724811	
      2053	 0.0720616	
      2054	 0.0716543	
      2055	  0.071245	
      2056	 0.0707388	
      2057	 0.0702304	
      2058	 0.0697332	
      2059	 0.0692466	
      2060	 0.0687904	
      2061	 0.0684374	
      2062	 0.0681134	
      2063	 0.0677982	
      2064	 0.0674918	
      2065	 0.0671941	
      2066	 0.0673902	
      2067	 0.0675905	
      2068	  0.067795	
      2069	 0.0680039	
      2070	 0.0682378	
      2071	 0.0685718	
      2072	 0.0689326	
      2073	 0.0693003	
      2074	 0.0696752	
      2075	 0.0700299	
      2076	 0.0702108	
      2077	 0.0703696	
      2078	 0.0705344	
      2079	 0.0707057	
      2080	 0.0708981	
      2081	 0.0711698	
      2082	  0.071465	
      2083	   0.07177	
      2084	 0.0720856	
      2085	 0.0724201	
      2086	 0.0727818	
      2087	 0.0731649	
      2088	 0.0735632	
      2089	 0.0739782	
      2090	 0.0743966	
      2091	 0.0747585	
      2092	 0.0751268	
      2093	 0.0755197	
      2094	 0.0759411	
      2095	 0.0764278	
      2096	 0.0771639	
      2097	 0.0779863	
      2098	 0.0788766	
      2099	 0.0798554	
      2100	 0.0809483	
      2101	 0.0809523	
      2102	 0.0809485	
      2103	 0.0809453	
      2104	 0.0809428	
      2105	 0.0809241	
      2106	 0.0808046	
      2107	 0.0806686	
      2108	 0.0805333	
      2109	 0.0803984	
      2110	 0.0802727	
      2111	 0.0802155	
      2112	 0.0801675	
      2113	 0.0801204	
      2114	 0.0800742	
      2115	 0.0800289	
      2116	 0.0799675	
      2117	  0.079907	
      2118	 0.0798476	
      2119	 0.0797892	
      2120	  0.079732	
      2121	 0.0796588	
      2122	 0.0795869	
      2123	 0.0795163	
      2124	 0.0794471	
      2125	 0.0794052	
      2126	 0.0795029	
      2127	 0.0796286	
      2128	 0.0797566	
      2129	 0.0798871	
      2130	 0.0799856	
      2131	 0.0798961	
      2132	 0.0797745	
      2133	 0.0796555	
      2134	 0.0795395	
      2135	  0.079453	
      2136	 0.0795449	
      2137	 0.0796679	
      2138	 0.0797964	
      2139	 0.0799313	
      2140	 0.0800472	
      2141	 0.0800131	
      2142	 0.0799622	
      2143	  0.079923	
      2144	 0.0798988	
      2145	  0.079921	
      2146	 0.0800959	
      2147	 0.0803407	
      2148	 0.0806598	
      2149	 0.0806112	
      2150	 0.0805537	
      2151	 0.0804065	
      2152	 0.0802504	
      2153	 0.0800944	
      2154	 0.0799385	
      2155	 0.0797827	
      2156	 0.0795911	
      2157	 0.0793996	
      2158	 0.0792082	
      2159	  0.079017	
      2160	 0.0787182	
      2161	 0.0777561	
      2162	 0.0766867	
      2163	 0.0756177	
      2164	 0.0745491	
      2165	 0.0736869	
      2166	 0.0740794	
      2167	 0.0746778	
      2168	 0.0752762	
      2169	 0.0758744	
      2170	 0.0764098	
      2171	 0.0765332	
      2172	  0.076594	
      2173	 0.0766549	
      2174	 0.0767157	
      2175	 0.0767408	
      2176	 0.0765512	
      2177	 0.0763259	
      2178	 0.0761007	
      2179	 0.0758756	
      2180	 0.0756775	
      2181	 0.0756583	
      2182	 0.0756659	
      2183	 0.0756736	
      2184	 0.0756813	
      2185	 0.0756533	
      2186	 0.0753931	
      2187	 0.0750972	
      2188	 0.0748015	
      2189	 0.0745059	
      2190	  0.074255	
      2191	 0.0742722	
      2192	  0.074334	
      2193	 0.0743958	
      2194	 0.0744577	
      2195	 0.0744928	
      2196	 0.0743851	
      2197	 0.0742508	
      2198	 0.0741165	
      2199	 0.0739698	
      2200	 0.0737965	
      2201	 0.0734629	
      2202	 0.0731029	
      2203	 0.0727431	
      2204	 0.0723836	
      2205	 0.0720688	
      2206	 0.0719858	
      2207	 0.0719473	
      2208	 0.0719089	
      2209	 0.0718706	
      2210	 0.0718234	
      2211	 0.0717408	
      2212	 0.0716495	
      2213	 0.0715582	
      2214	  0.071467	
      2215	  0.071376	
      2216	  0.071285	
      2217	 0.0711942	
      2218	 0.0711034	
      2219	 0.0710128	
      2220	 0.0709045	
      2221	   0.07069	
      2222	  0.070458	
      2223	 0.0702261	
      2224	 0.0699944	
      2225	 0.0697806	
      2226	 0.0696731	
      2227	 0.0695835	
      2228	 0.0694939	
      2229	 0.0694045	
      2230	 0.0693151	
      2231	 0.0692082	
      2232	 0.0691013	
      2233	 0.0689946	
      2234	 0.0688879	
      2235	 0.0687637	
      2236	 0.0685161	
      2237	 0.0682509	
      2238	  0.067986	
      2239	 0.0677212	
      2240	  0.067483	
      2241	 0.0674037	
      2242	  0.067351	
      2243	 0.0672983	
      2244	 0.0672456	
      2245	 0.0671754	
      2246	 0.0670173	
      2247	 0.0668416	
      2248	 0.0666661	
      2249	 0.0664907	
      2250	 0.0663155	
      2251	 0.0661052	
      2252	  0.065895	
      2253	  0.065685	
      2254	 0.0654751	
      2255	  0.065283	
      2256	 0.0652139	
      2257	 0.0651624	
      2258	  0.065111	
      2259	 0.0650597	
      2260	 0.0649997	
      2261	  0.064852	
      2262	 0.0646956	
      2263	 0.0645394	
      2264	 0.0643832	
      2265	 0.0642447	
      2266	 0.0641764	
      2267	 0.0641257	
      2268	  0.064075	
      2269	 0.0640243	
      2270	  0.063965	
      2271	 0.0636418	
      2272	 0.0633195	
      2273	 0.0630058	
      2274	 0.0627001	
      2275	 0.0623844	
      2276	 0.0619898	
      2277	  0.061585	
      2278	 0.0611867	
      2279	 0.0607945	
      2280	 0.0604334	
      2281	 0.0602294	
      2282	 0.0600547	
      2283	 0.0598838	
      2284	 0.0597163	
      2285	 0.0595521	
      2286	 0.0593578	
      2287	 0.0591666	
      2288	 0.0589784	
      2289	 0.0587931	
      2290	 0.0585777	
      2291	 0.0581515	
      2292	 0.0576963	
      2293	 0.0572448	
      2294	  0.056797	
      2295	 0.0564015	
      2296	 0.0562687	
      2297	 0.0561864	
      2298	 0.0561057	
      2299	 0.0560265	
      2300	 0.0559407	
      2301	 0.0557922	
      2302	 0.0556374	
      2303	 0.0554843	
      2304	 0.0553327	
      2305	 0.0551748	
      2306	 0.0549866	
      2307	 0.0547922	
      2308	 0.0545995	
      2309	 0.0544083	
      2310	 0.0542186	
      2311	 0.0539991	
      2312	 0.0537811	
      2313	 0.0535647	
      2314	 0.0533498	
      2315	 0.0531364	
      2316	   0.05294	
      2317	  0.052745	
      2318	 0.0525513	
      2319	 0.0523589	
      2320	 0.0521447	
      2321	 0.0517623	
      2322	 0.0513587	
      2323	 0.0509572	
      2324	 0.0505576	
      2325	 0.0502135	
      2326	 0.0501611	
      2327	 0.0501627	
      2328	 0.0501647	
      2329	 0.0501671	
      2330	 0.0501472	
      2331	 0.0500067	
      2332	 0.0498444	
      2333	 0.0496831	
      2334	 0.0495227	
      2335	 0.0493632	
      2336	 0.0492046	
      2337	 0.0490469	
      2338	 0.0488901	
      2339	 0.0487341	
      2340	 0.0485864	
      2341	 0.0484841	
      2342	 0.0483899	
      2343	 0.0482963	
      2344	 0.0482034	
      2345	 0.0480962	
      2346	 0.0479158	
      2347	 0.0477216	
      2348	 0.0475283	
      2349	 0.0473358	
      2350	 0.0471296	
      2351	 0.0468217	
      2352	 0.0465005	
      2353	 0.0461804	
      2354	 0.0458616	
      2355	 0.0455877	
      2356	 0.0455473	
      2357	 0.0455507	
      2358	 0.0455543	
      2359	 0.0455582	
      2360	  0.045555	
      2361	 0.0441199	
      2362	 0.0428269	
      2363	 0.0416516	
      2364	 0.0405719	
      2365	 0.0395657	
      2366	 0.0385785	
      2367	 0.0376463	
      2368	 0.0367678	
      2369	 0.0359368	
      2370	 0.0351427	
      2371	 0.0343538	
      2372	 0.0335956	
      2373	 0.0328704	
      2374	 0.0321757	
      2375	 0.0315293	
      2376	  0.031009	
      2377	 0.0305285	
      2378	 0.0300658	
      2379	 0.0296197	
      2380	 0.0291514	
      2381	 0.0284848	
      2382	 0.0278028	
      2383	  0.027142	
      2384	 0.0265013	
      2385	 0.0259233	
      2386	 0.0256211	
      2387	 0.0253701	
      2388	 0.0251262	
      2389	 0.0248889	
      2390	 0.0246415	
      2391	  0.024304	
      2392	 0.0239592	
      2393	 0.0236231	
      2394	 0.0232953	
      2395	 0.0229756	
      2396	 0.0226559	
      2397	 0.0223437	
      2398	 0.0220388	
      2399	 0.0217409	
      2400	 0.0214496	
      2401	 0.0211719	
      2402	 0.0209002	
      2403	 0.0206343	
      2404	 0.0203741	
      2405	 0.0201193	
      2406	 0.0198765	
      2407	 0.0196385	
      2408	 0.0194053	
      2409	 0.0191768	
      2410	 0.0189366	
      2411	 0.0186062	
      2412	 0.0182666	
      2413	 0.0179338	
      2414	 0.0176075	
      2415	 0.0173118	
      2416	 0.0171539	
      2417	 0.0170224	
      2418	 0.0168931	
      2419	 0.0167658	
      2420	  0.016632	
      2421	 0.0164434	
      2422	 0.0162495	
      2423	  0.016059	
      2424	 0.0158718	
      2425	 0.0156904	
      2426	 0.0155283	
      2427	 0.0153715	
      2428	 0.0152173	
      2429	 0.0150655	
      2430	 0.0149135	
      2431	 0.0147381	
      2432	 0.0145629	
      2433	 0.0143905	
      2434	 0.0142208	
      2435	 0.0140563	
      2436	 0.0139141	
      2437	 0.0137765	
      2438	 0.0136409	
      2439	 0.0135073	
      2440	 0.0133733	
      2441	 0.0132224	
      2442	 0.0130714	
      2443	 0.0129227	
      2444	 0.0127762	
      2445	 0.0126295	
      2446	  0.012476	
      2447	 0.0123226	
      2448	 0.0121713	
      2449	 0.0120223	
      2450	 0.0118798	
      2451	 0.0113194	
      2452	 0.0108014	
      2453	 0.0103179	
      2454	0.00986556	
      2455	0.00944503	
      2456	0.00906678	
      2457	0.00871379	
      2458	0.00838079	
      2459	0.00806618	
      2460	0.00776712	
      2461	0.00747289	
      2462	0.00719279	
      2463	0.00692712	
      2464	0.00667489	
      2465	 0.0064328	
      2466	0.00619112	
      2467	0.00595907	
      2468	0.00573826	
      2469	0.00552797	
      2470	0.00532955	
      2471	0.00515379	
      2472	0.00498761	
      2473	 0.0048286	
      2474	0.00467633	
      2475	0.00452789	
      2476	0.00436918	
      2477	0.00421493	
      2478	0.00406731	
      2479	0.00392595	
      2480	 0.0037927	
      2481	0.00367484	
      2482	0.00356366	
      2483	0.00345678	
      2484	0.00335397	
      2485	 0.0032563	
      2486	0.00316835	
      2487	 0.0030847	
      2488	0.00300395	
      2489	0.00292598	
      2490	0.00284574	
      2491	0.00273854	
      2492	0.00263095	
      2493	0.00252769	
      2494	0.00242855	
      2495	 0.0023405	
      2496	0.00229579	
      2497	0.00225904	
      2498	0.00222306	
      2499	0.00218782	
      2500	0.00214996	
      2501	0.00101873	
      2502	0.000534013	
      2503	0.000299481	
      2504	0.000176373	
      2505	0.000107831	
      2506	6.78089e-05	
      2507	4.37051e-05	
      2508	2.87663e-05	
      2509	1.92779e-05	
      2510	1.31262e-05	
      2511	9.0732e-06	
      2512	6.35086e-06	
      2513	4.49494e-06	
      2514	3.21349e-06	
      2515	2.31849e-06	
      2516	1.68753e-06	
      2517	1.23781e-06	
      2518	9.14439e-07	
      2519	6.80043e-07	
      2520	5.0897e-07	
      2521	3.8346e-07	
      2522	2.90531e-07	
      2523	2.21249e-07	
      2524	 1.693e-07	
      2525	1.30166e-07	
      2526	1.00635e-07	
      2527	7.81394e-08	
      2528	6.09082e-08	
      2529	4.76525e-08	
      2530	3.74056e-08	
      2531	2.93993e-08	
      2532	2.31763e-08	
      2533	1.83268e-08	
      2534	1.45349e-08	
      2535	1.15627e-08	
      2536	9.2312e-09	
      2537	7.39078e-09	
      2538	5.93226e-09	
      2539	4.77318e-09	
      2540	3.84961e-09	
      2541	3.11314e-09	
      2542	2.52309e-09	
      2543	2.04923e-09	
      2544	1.66779e-09	
      2545	1.36005e-09	
      2546	1.11076e-09	
      2547	9.08868e-10	
      2548	7.45022e-10	
      2549	6.11792e-10	
      2550	5.03248e-10	
      2551	4.14474e-10	
      2552	3.41913e-10	
      2553	 2.825e-10	
      2554	2.3377e-10	
      2555	1.93735e-10	
      2556	1.6072e-10	
      2557	1.33521e-10	
      2558	1.11079e-10	
      2559	9.25332e-11	
      2560	7.7203e-11	
      2561	6.45525e-11	
      2562	5.40551e-11	
      2563	4.53207e-11	
      2564	3.80435e-11	
      2565	3.19725e-11	
      2566	2.68895e-11	
      2567	2.26402e-11	
      2568	1.90834e-11	
      2569	1.61029e-11	
      2570	1.36023e-11	
      2571	1.14968e-11	
      2572	9.72715e-12	
      2573	8.2381e-12	
      2574	6.98383e-12	
      2575	5.92621e-12	
      2576	5.03349e-12	
      2577	4.2792e-12	
      2578	3.64125e-12	
      2579	3.10117e-12	
      2580	2.64291e-12	
      2581	2.25122e-12	
      2582	1.91875e-12	
      2583	1.63672e-12	
      2584	1.39728e-12	
      2585	1.19435e-12	
      2586	1.02501e-12	
      2587	8.80773e-13	
      2588	7.5741e-13	
      2589	6.51818e-13	
      2590	5.61233e-13	
      2591	4.82698e-13	
      2592	4.15355e-13	
      2593	3.57659e-13	
      2594	3.08191e-13	
      2595	2.65808e-13	
      2596	2.29622e-13	
      2597	1.98541e-13	
      2598	1.71779e-13	
      2599	1.48721e-13	
      2600	1.2884e-13	
      2601	8.99902e-14	
      2602	7.3355e-14	
      2603	6.15548e-14	
      2604	5.24557e-14	
      2605	4.51532e-14	
      2606	3.9114e-14	
      2607	3.40723e-14	
      2608	2.98137e-14	
      2609	2.61843e-14	
      2610	2.30692e-14	
      2611	2.03895e-14	
      2612	1.8064e-14	
      2613	1.60376e-14	
      2614	1.42656e-14	
      2615	1.2711e-14	
      2616	1.13329e-14	
      2617	1.01186e-14	
      2618	9.0463e-15	
      2619	8.09755e-15	
      2620	7.2531e-15	
      2621	6.48184e-15	
      2622	5.7954e-15	
      2623	5.18636e-15	
      2624	4.64529e-15	
      2625	4.16914e-15	
      2626	3.77064e-15	
      2627	3.41701e-15	
      2628	3.09878e-15	
      2629	2.81213e-15	
      2630	2.55245e-15	
      2631	2.31147e-15	
      2632	2.09352e-15	
      2633	1.89725e-15	
      2634	1.72036e-15	
      2635	1.56044e-15	
      2636	1.41268e-15	
      2637	1.27924e-15	
      2638	1.15896e-15	
      2639	1.05049e-15	
      2640	9.53075e-16	
      2641	8.67668e-16	
      2642	7.90659e-16	
      2643	7.20795e-16	
      2644	6.57381e-16	
      2645	5.99792e-16	
      2646	5.46921e-16	
      2647	4.98905e-16	
      2648	4.55276e-16	
      2649	4.15617e-16	
      2650	3.7955e-16	
      2651	3.46389e-16	
      2652	3.16233e-16	
      2653	 2.888e-16	
      2654	2.63833e-16	
      2655	2.41163e-16	
      2656	2.20734e-16	
      2657	2.0215e-16	
      2658	1.85188e-16	
      2659	 1.697e-16	
      2660	1.55514e-16	
      2661	1.42339e-16	
      2662	1.30283e-16	
      2663	1.19281e-16	
      2664	1.09238e-16	
      2665	1.00118e-16	
      2666	9.19729e-17	
      2667	8.45557e-17	
      2668	7.77568e-17	
      2669	7.15228e-17	
      2670	6.57884e-17	
      2671	6.03739e-17	
      2672	5.5404e-17	
      2673	5.08552e-17	
      2674	4.66906e-17	
      2675	4.28879e-17	
      2676	3.94448e-17	
      2677	3.62957e-17	
      2678	3.34055e-17	
      2679	3.07522e-17	
      2680	2.83158e-17	
      2681	2.60781e-17	
      2682	2.40223e-17	
      2683	2.21333e-17	
      2684	2.0397e-17	
      2685	1.88008e-17	
      2686	1.73148e-17	
      2687	1.59494e-17	
      2688	1.46946e-17	
      2689	1.3541e-17	
      2690	1.24804e-17	
      2691	1.15112e-17	
      2692	1.06192e-17	
      2693	9.79812e-18	
      2694	9.0422e-18	
      2695	8.34612e-18	
      2696	7.70089e-18	
      2697	7.10679e-18	
      2698	6.55967e-18	
      2699	6.05571e-18	
      2700	5.59293e-18	
      2701	6.20078e-18	
      2702	6.87896e-18	
      2703	7.63404e-18	
      2704	8.47502e-18	
      2705	9.41206e-18	
      2706	1.04565e-17	
      2707	1.16211e-17	
      2708	1.29202e-17	
      2709	 1.437e-17	
      2710	1.59884e-17	
      2711	1.78056e-17	
      2712	1.98369e-17	
      2713	2.21086e-17	
      2714	2.46501e-17	
      2715	2.74946e-17	
      2716	3.06629e-17	
      2717	 3.421e-17	
      2718	3.81829e-17	
      2719	4.26347e-17	
      2720	4.76253e-17	
      2721	5.3193e-17	
      2722	5.94365e-17	
      2723	6.64412e-17	
      2724	7.43032e-17	
      2725	8.31546e-17	
      2726	9.3153e-17	
      2727	1.04429e-16	
      2728	1.17122e-16	
      2729	1.31418e-16	
      2730	1.47527e-16	
      2731	1.65503e-16	
      2732	1.85756e-16	
      2733	2.08585e-16	
      2734	2.34333e-16	
      2735	2.63385e-16	
      2736	2.9635e-16	
      2737	3.33605e-16	
      2738	3.75732e-16	
      2739	4.23394e-16	
      2740	4.77345e-16	
      2741	5.38754e-16	
      2742	6.08382e-16	
      2743	6.87375e-16	
      2744	7.77042e-16	
      2745	8.78884e-16	
      2746	9.9406e-16	
      2747	1.12496e-15	
      2748	1.27381e-15	
      2749	1.44318e-15	
      2750	1.63602e-15	
      2751	1.85466e-15	
      2752	2.10376e-15	
      2753	2.38776e-15	
      2754	2.71175e-15	
      2755	3.08159e-15	
      2756	3.50407e-15	
      2757	3.98699e-15	
      2758	4.53939e-15	
      2759	5.17169e-15	
      2760	5.89597e-15	
      2761	6.73008e-15	
      2762	7.68745e-15	
      2763	8.78709e-15	
      2764	1.00511e-14	
      2765	1.15051e-14	
      2766	1.31867e-14	
      2767	1.51252e-14	
      2768	1.73617e-14	
      2769	1.99441e-14	
      2770	2.29215e-14	
      2771	2.63334e-14	
      2772	3.02683e-14	
      2773	3.48193e-14	
      2774	4.00873e-14	
      2775	4.6191e-14	
      2776	5.33006e-14	
      2777	6.15578e-14	
      2778	7.11569e-14	
      2779	8.23267e-14	
      2780	9.53369e-14	
      2781	1.10572e-13	
      2782	1.28363e-13	
      2783	1.49162e-13	
      2784	1.73501e-13	
      2785	2.02015e-13	
      2786	2.35457e-13	
      2787	2.74722e-13	
      2788	3.20878e-13	
      2789	3.75196e-13	
      2790	4.39199e-13	
      2791	5.14394e-13	
      2792	6.03161e-13	
      2793	7.08087e-13	
      2794	8.32272e-13	
      2795	9.79749e-13	
      2796	1.15553e-12	
      2797	1.36503e-12	
      2798	1.61467e-12	
      2799	1.91256e-12	
      2800	2.26859e-12	
      2801	2.5541e-12	
      2802	 2.877e-12	
      2803	3.24241e-12	
      2804	3.65613e-12	
      2805	4.12611e-12	
      2806	4.66188e-12	
      2807	5.27174e-12	
      2808	5.96471e-12	
      2809	6.75259e-12	
      2810	7.64892e-12	
      2811	8.6693e-12	
      2812	9.8316e-12	
      2813	1.11564e-11	
      2814	1.26675e-11	
      2815	1.43922e-11	
      2816	1.63519e-11	
      2817	1.85902e-11	
      2818	2.11487e-11	
      2819	2.40751e-11	
      2820	2.74249e-11	
      2821	3.12426e-11	
      2822	3.56163e-11	
      2823	4.06308e-11	
      2824	4.63846e-11	
      2825	5.30084e-11	
      2826	6.06613e-11	
      2827	6.94935e-11	
      2828	7.96731e-11	
      2829	9.14157e-11	
      2830	1.04973e-10	
      2831	1.20563e-10	
      2832	1.38584e-10	
      2833	1.59433e-10	
      2834	1.83577e-10	
      2835	2.11563e-10	
      2836	2.43881e-10	
      2837	2.81392e-10	
      2838	3.24977e-10	
      2839	3.7567e-10	
      2840	4.34695e-10	
      2841	5.03819e-10	
      2842	5.84531e-10	
      2843	6.78881e-10	
      2844	7.89303e-10	
      2845	9.18688e-10	
      2846	1.06979e-09	
      2847	1.24716e-09	
      2848	1.45565e-09	
      2849	1.70104e-09	
      2850	1.99024e-09	
      2851	2.33155e-09	
      2852	2.73493e-09	
      2853	3.21238e-09	
      2854	3.77834e-09	
      2855	4.45027e-09	
      2856	5.25273e-09	
      2857	6.20912e-09	
      2858	7.35092e-09	
      2859	8.71645e-09	
      2860	1.03525e-08	
      2861	1.23163e-08	
      2862	1.4678e-08	
      2863	1.7524e-08	
      2864	2.09606e-08	
      2865	2.51192e-08	
      2866	3.01224e-08	
      2867	3.61962e-08	
      2868	4.35874e-08	
      2869	5.2604e-08	
      2870	6.36533e-08	
      2871	 7.726e-08	
      2872	9.40415e-08	
      2873	1.14766e-07	
      2874	1.4044e-07	
      2875	1.72404e-07	
      2876	2.1242e-07	
      2877	2.62632e-07	
      2878	3.25781e-07	
      2879	4.05516e-07	
      2880	5.06611e-07	
      2881	6.34492e-07	
      2882	7.97908e-07	
      2883	1.00778e-06	
      2884	1.27877e-06	
      2885	1.63068e-06	
      2886	2.09195e-06	
      2887	2.69913e-06	
      2888	3.50421e-06	
      2889	4.58026e-06	
      2890	6.03122e-06	
      2891	8.00698e-06	
      2892	1.07272e-05	
      2893	1.45199e-05	
      2894	1.98857e-05	
      2895	2.76106e-05	
      2896	3.89462e-05	
      2897	5.60845e-05	
      2898	8.30634e-05	
      2899	0.000128655	
      2900	0.000228261	
      2901	0.000231986	
      2902	0.000235784	
      2903	0.000239655	
      2904	0.000243602	
      2905	0.000247626	
      2906	0.000251554	
      2907	0.000255556	
      2908	0.000259636	
      2909	0.000263794	
      2910	0.000268032	
      2911	0.00027216	
      2912	0.000276366	
      2913	0.000280651	
      2914	0.000285017	
      2915	0.000289466	
      2916	0.000294208	
      2917	0.000299044	
      2918	0.000303977	
      2919	0.000309008	
      2920	0.00031414	
      2921	0.000319376	
      2922	0.000324718	
      2923	0.000330168	
      2924	0.00033573	
      2925	0.000341406	
      2926	0.000347199	
      2927	0.000353112	
      2928	0.000359148	
      2929	0.000365309	
      2930	0.000371601	
      2931	0.00037775	
      2932	0.000384025	
      2933	0.000390429	
      2934	0.000396965	
      2935	0.000403637	
      2936	0.000410749	
      2937	0.000418015	
      2938	0.00042544	
      2939	0.000433027	
      2940	0.000440781	
      2941	0.000448375	
      2942	0.000456132	
      2943	0.000464056	
      2944	0.000472153	
      2945	0.000480606	
      2946	0.000489613	
      2947	0.000499015	
      2948	0.000508639	
      2949	0.000518492	
      2950	0.00052858	
      2951	0.00053891	
      2952	0.000549489	
      2953	0.000560325	
      2954	0.000571426	
      2955	0.000582799	
      2956	0.000594005	
      2957	0.000605482	
      2958	0.000617238	
      2959	0.000629281	
      2960	0.000641621	
      2961	0.000654763	
      2962	0.000668241	
      2963	0.000682066	
      2964	0.000696249	
      2965	0.000710803	
      2966	0.000725186	
      2967	0.000739939	
      2968	0.000755076	
      2969	0.000770608	
      2970	0.000786548	
      2971	0.000803527	
      2972	0.000820971	
      2973	0.000838895	
      2974	0.000857318	
      2975	0.000876255	
      2976	0.000895037	
      2977	0.000914341	
      2978	0.000934185	
      2979	0.000954588	
      2980	0.000975573	
      2981	0.000997934	
      2982	0.00102096	
      2983	0.00104467	
      2984	 0.0010691	
      2985	0.00109427	
      2986	0.00111934	
      2987	0.00114517	
      2988	 0.0011718	
      2989	0.00119925	
      2990	0.00122757	
      2991	0.00125778	
      2992	0.00128897	
      2993	 0.0013212	
      2994	0.00135452	
      2995	0.00138898	
      2996	0.00142463	
      2997	0.00146153	
      2998	0.00149976	
      2999	0.00153939	
      3000	 0.0015805	
      3001	0.00157919	
      3002	0.00157787	
      3003	0.00157656	
      3004	0.00157525	
      3005	0.00157393	
      3006	0.00157387	
      3007	 0.0015738	
      3008	0.00157374	
      3009	0.00157367	
      3010	0.00157361	
      3011	0.00157355	
      3012	0.00157348	
      3013	0.00157342	
      3014	0.00157336	
      3015	0.00157329	
      3016	0.00157197	
      3017	0.00157064	
      3018	 0.0015693	
      3019	0.00156797	
      3020	0.00156664	
      3021	 0.0015653	
      3022	0.00156396	
      3023	0.00156262	
      3024	0.00156128	
      3025	0.00155993	
      3026	0.00155986	
      3027	0.00155979	
      3028	0.00155972	
      3029	0.00155965	
      3030	0.00155958	
      3031	0.00155823	
      3032	0.00155688	
      3033	0.00155553	
      3034	0.00155417	
      3035	0.00155282	
      3036	0.00155017	
      3037	0.00154753	
      3038	0.00154488	
      3039	0.00154223	
      3040	0.00154021	
      3041	0.00154207	
      3042	0.00154457	
      3043	0.00154708	
      3044	0.00154959	
      3045	 0.0015521	
      3046	0.00155333	
      3047	0.00155456	
      3048	0.00155579	
      3049	0.00155703	
      3050	0.00155826	
      3051	 0.0015582	
      3052	0.00155815	
      3053	0.00155809	
      3054	0.00155803	
      3055	0.00155797	
      3056	0.00155792	
      3057	0.00155787	
      3058	0.00155781	
      3059	0.00155776	
      3060	0.00155771	
      3061	0.00155504	
      3062	0.00155237	
      3063	0.00154969	
      3064	0.00154701	
      3065	0.00154499	
      3066	0.00154428	
      3067	0.00154423	
      3068	0.00154417	
      3069	0.00154413	
      3070	0.00154408	
      3071	0.00154535	
      3072	0.00154663	
      3073	0.00154791	
      3074	 0.0015492	
      3075	0.00155049	
      3076	0.00154913	
      3077	0.00154778	
      3078	0.00154642	
      3079	0.00154506	
      3080	0.00154371	
      3081	0.00154235	
      3082	0.00154099	
      3083	0.00153964	
      3084	0.00153828	
      3085	0.00153693	
      3086	0.00153557	
      3087	0.00153422	
      3088	0.00153287	
      3089	0.00153152	
      3090	0.00153017	
      3091	0.00152882	
      3092	0.00152748	
      3093	0.00152613	
      3094	0.00152479	
      3095	0.00152345	
      3096	0.00152211	
      3097	0.00152078	
      3098	0.00151945	
      3099	0.00151812	
      3100	0.00151679	
      3101	0.00150411	
      3102	0.00150075	
      3103	0.00150045	
      3104	0.00150184	
      3105	0.00150433	
      3106	0.00150627	
      3107	0.00150884	
      3108	0.00151192	
      3109	0.00151541	
      3110	0.00151928	
      3111	0.00152208	
      3112	0.00152516	
      3113	0.00152848	
      3114	0.00153203	
      3115	0.00153648	
      3116	0.00154256	
      3117	0.00154955	
      3118	0.00155673	
      3119	0.00156411	
      3120	0.00157168	
      3121	0.00157943	
      3122	0.00158735	
      3123	0.00159545	
      3124	0.00160371	
      3125	0.00161214	
      3126	0.00162073	
      3127	0.00162949	
      3128	0.00163841	
      3129	0.00164748	
      3130	0.00165672	
      3131	0.00166611	
      3132	0.00167566	
      3133	0.00168537	
      3134	0.00169523	
      3135	0.00170525	
      3136	0.00171383	
      3137	0.00172254	
      3138	0.00173139	
      3139	0.00174038	
      3140	 0.0017495	
      3141	0.00176043	
      3142	0.00177151	
      3143	0.00178276	
      3144	0.00179418	
      3145	0.00180577	
      3146	0.00181579	
      3147	0.00182597	
      3148	0.00183629	
      3149	0.00184676	
      3150	0.00185737	
      3151	0.00186993	
      3152	0.00188267	
      3153	0.00189559	
      3154	 0.0019087	
      3155	0.00192199	
      3156	0.00193548	
      3157	0.00194916	
      3158	0.00196303	
      3159	 0.0019771	
      3160	0.00199138	
      3161	 0.0020078	
      3162	0.00202446	
      3163	0.00204137	
      3164	0.00205852	
      3165	0.00207593	
      3166	0.00208955	
      3167	0.00210337	
      3168	0.00211738	
      3169	0.00213159	
      3170	0.00214705	
      3171	0.00216485	
      3172	0.00218398	
      3173	 0.0022034	
      3174	0.00222312	
      3175	0.00224314	
      3176	0.00225905	
      3177	 0.0022752	
      3178	0.00229158	
      3179	0.00230821	
      3180	0.00232509	
      3181	0.00234453	
      3182	0.00236427	
      3183	0.00238432	
      3184	0.00240469	
      3185	0.00242538	
      3186	0.00244882	
      3187	0.00247264	
      3188	0.00249686	
      3189	0.00252148	
      3190	 0.0025465	
      3191	 0.0025694	
      3192	0.00259268	
      3193	0.00261634	
      3194	 0.0026404	
      3195	0.00266487	
      3196	0.00268707	
      3197	0.00270964	
      3198	 0.0027326	
      3199	0.00275594	
      3200	0.00278107	
      3201	0.00276913	
      3202	0.00275866	
      3203	0.00274827	
      3204	0.00273796	
      3205	0.00272772	
      3206	0.00271482	
      3207	0.00270201	
      3208	0.00268929	
      3209	0.00267666	
      3210	0.00266412	
      3211	0.00264899	
      3212	0.00263396	
      3213	0.00261904	
      3214	0.00260422	
      3215	 0.0025895	
      3216	0.00257751	
      3217	0.00256561	
      3218	0.00255378	
      3219	0.00254203	
      3220	0.00253036	
      3221	0.00251877	
      3222	0.00250725	
      3223	0.00249581	
      3224	0.00248444	
      3225	0.00247314	
      3226	0.00246446	
      3227	0.00245582	
      3228	0.00244725	
      3229	0.00243872	
      3230	0.00243025	
      3231	0.00241933	
      3232	0.00240847	
      3233	0.00239769	
      3234	0.00238697	
      3235	0.00237632	
      3236	0.00236573	
      3237	 0.0023552	
      3238	0.00234474	
      3239	0.00233434	
      3240	0.00232401	
      3241	0.00231373	
      3242	0.00230352	
      3243	0.00229337	
      3244	0.00228327	
      3245	0.00227324	
      3246	0.00226564	
      3247	0.00225807	
      3248	0.00225056	
      3249	0.00224308	
      3250	0.00223564	
      3251	0.00222358	
      3252	0.00221159	
      3253	0.00219967	
      3254	0.00218781	
      3255	0.00217603	
      3256	0.00216661	
      3257	0.00215725	
      3258	0.00214793	
      3259	0.00213867	
      3260	0.00212946	
      3261	 0.0021203	
      3262	0.00211119	
      3263	0.00210214	
      3264	0.00209313	
      3265	0.00208417	
      3266	0.00207526	
      3267	0.00206639	
      3268	0.00205758	
      3269	0.00204881	
      3270	 0.0020401	
      3271	0.00203142	
      3272	 0.0020228	
      3273	0.00201422	
      3274	0.00200568	
      3275	0.00199719	
      3276	0.00198875	
      3277	0.00198035	
      3278	  0.001972	
      3279	0.00196368	
      3280	0.00195542	
      3281	0.00194719	
      3282	0.00193901	
      3283	0.00193087	
      3284	0.00192277	
      3285	0.00191472	
      3286	0.00190879	
      3287	0.00190289	
      3288	0.00189702	
      3289	0.00189118	
      3290	0.00188433	
      3291	0.00187341	
      3292	0.00186153	
      3293	0.00184971	
      3294	0.00183795	
      3295	0.00182727	
      3296	0.00181867	
      3297	0.00181112	
      3298	0.00180362	
      3299	0.00179615	
      3300	0.00178871	
      3301	0.00180547	
      3302	0.00182245	
      3303	0.00183965	
      3304	0.00185707	
      3305	0.00187473	
      3306	0.00188839	
      3307	0.00190221	
      3308	0.00191619	
      3309	0.00193033	
      3310	0.00194465	
      3311	0.00196135	
      3312	0.00197827	
      3313	 0.0019954	
      3314	0.00201277	
      3315	0.00203036	
      3316	0.00204353	
      3317	0.00205684	
      3318	 0.0020703	
      3319	0.00208391	
      3320	0.00209889	
      3321	0.00211894	
      3322	0.00214052	
      3323	0.00216242	
      3324	0.00218464	
      3325	0.00220719	
      3326	0.00222492	
      3327	0.00224289	
      3328	0.00226109	
      3329	0.00227955	
      3330	0.00229825	
      3331	0.00231993	
      3332	0.00234193	
      3333	0.00236426	
      3334	0.00238693	
      3335	0.00240994	
      3336	 0.0024333	
      3337	0.00245702	
      3338	0.00248111	
      3339	0.00250557	
      3340	0.00253042	
      3341	0.00255567	
      3342	0.00258132	
      3343	0.00260739	
      3344	0.00263388	
      3345	0.00266081	
      3346	0.00268498	
      3347	0.00270954	
      3348	0.00273449	
      3349	0.00275985	
      3350	0.00278562	
      3351	0.00281522	
      3352	0.00284533	
      3353	0.00287599	
      3354	0.00290719	
      3355	0.00293896	
      3356	0.00297131	
      3357	0.00300426	
      3358	0.00303782	
      3359	0.00307202	
      3360	0.00310688	
      3361	0.00314241	
      3362	0.00317863	
      3363	0.00321558	
      3364	0.00325326	
      3365	0.00329171	
      3366	0.00333095	
      3367	0.00337101	
      3368	0.00341191	
      3369	0.00345369	
      3370	0.00349638	
      3371	   0.00354	
      3372	 0.0035846	
      3373	0.00363021	
      3374	0.00367686	
      3375	0.00372461	
      3376	0.00377348	
      3377	0.00382354	
      3378	0.00387482	
      3379	0.00392737	
      3380	0.00398126	
      3381	0.00404159	
      3382	0.00410353	
      3383	0.00416716	
      3384	0.00423254	
      3385	0.00429976	
      3386	0.00436346	
      3387	  0.004429	
      3388	 0.0044965	
      3389	0.00456605	
      3390	0.00463776	
      3391	0.00471177	
      3392	 0.0047882	
      3393	0.00486719	
      3394	0.00494892	
      3395	0.00503356	
      3396	0.00511481	
      3397	0.00519914	
      3398	0.00528677	
      3399	0.00537795	
      3400	0.00547648	
      3401	0.00550661	
      3402	0.00554056	
      3403	0.00557482	
      3404	0.00560938	
      3405	0.00564067	
      3406	0.00565779	
      3407	0.00567143	
      3408	0.00568518	
      3409	0.00569904	
      3410	0.00571671	
      3411	0.00574194	
      3412	0.00577113	
      3413	0.00580059	
      3414	0.00583034	
      3415	0.00586036	
      3416	0.00588308	
      3417	0.00590602	
      3418	0.00592917	
      3419	0.00595255	
      3420	0.00597615	
      3421	0.00599999	
      3422	0.00602406	
      3423	0.00604837	
      3424	0.00607293	
      3425	0.00609774	
      3426	 0.0061228	
      3427	0.00614812	
      3428	0.00617371	
      3429	0.00619957	
      3430	 0.0062257	
      3431	0.00626035	
      3432	0.00629537	
      3433	0.00633079	
      3434	 0.0063666	
      3435	0.00640281	
      3436	0.00643096	
      3437	0.00645943	
      3438	0.00648822	
      3439	0.00651736	
      3440	0.00654683	
      3441	0.00657666	
      3442	0.00660685	
      3443	 0.0066374	
      3444	0.00666833	
      3445	0.00669965	
      3446	0.00673135	
      3447	0.00676347	
      3448	  0.006796	
      3449	0.00682895	
      3450	0.00686234	
      3451	0.00690544	
      3452	0.00694912	
      3453	 0.0069934	
      3454	0.00703827	
      3455	0.00708377	
      3456	0.00712034	
      3457	0.00715744	
      3458	0.00719509	
      3459	 0.0072333	
      3460	0.00727208	
      3461	0.00732136	
      3462	0.00737138	
      3463	0.00742218	
      3464	0.00747378	
      3465	 0.0075262	
      3466	0.00756922	
      3467	0.00761298	
      3468	0.00765748	
      3469	0.00770277	
      3470	0.00774888	
      3471	0.00779582	
      3472	0.00784363	
      3473	0.00789235	
      3474	0.00794202	
      3475	0.00799266	
      3476	0.00804433	
      3477	0.00809707	
      3478	0.00815092	
      3479	0.00820595	
      3480	0.00826219	
      3481	0.00833121	
      3482	0.00840177	
      3483	0.00847395	
      3484	0.00854783	
      3485	0.00862351	
      3486	0.00868909	
      3487	0.00875645	
      3488	0.00882572	
      3489	0.00889702	
      3490	 0.0089705	
      3491	0.00904632	
      3492	0.00912466	
      3493	0.00920575	
      3494	0.00928982	
      3495	0.00937718	
      3496	0.00946817	
      3497	0.00956323	
      3498	0.00966289	
      3499	0.00976782	
      3500	0.00987894	
      3501	0.00988443	
      3502	0.00988993	
      3503	0.00989545	
      3504	0.00990099	
      3505	0.00990654	
      3506	0.00989816	
      3507	0.00988977	
      3508	0.00988139	
      3509	0.00987302	
      3510	0.00986465	
      3511	0.00985628	
      3512	0.00984791	
      3513	0.00983955	
      3514	 0.0098312	
      3515	0.00982285	
      3516	 0.0098145	
      3517	0.00980616	
      3518	0.00979782	
      3519	0.00978949	
      3520	0.00978117	
      3521	0.00978693	
      3522	0.00979272	
      3523	0.00979852	
      3524	0.00980436	
      3525	0.00981021	
      3526	0.00980197	
      3527	0.00979373	
      3528	 0.0097855	
      3529	0.00977728	
      3530	0.00976906	
      3531	0.00977503	
      3532	0.00978101	
      3533	0.00978703	
      3534	0.00979307	
      3535	0.00979914	
      3536	0.00979103	
      3537	0.00978292	
      3538	0.00977483	
      3539	0.00976675	
      3540	0.00975868	
      3541	0.00976488	
      3542	0.00977111	
      3543	0.00977737	
      3544	0.00978366	
      3545	0.00978999	
      3546	0.00978205	
      3547	0.00977412	
      3548	0.00976621	
      3549	0.00975832	
      3550	0.00975044	
      3551	0.00974258	
      3552	0.00973474	
      3553	0.00972691	
      3554	0.00971911	
      3555	0.00971133	
      3556	0.00970356	
      3557	0.00969582	
      3558	 0.0096881	
      3559	0.00968041	
      3560	0.00967274	
      3561	0.00967954	
      3562	0.00968639	
      3563	0.00969329	
      3564	0.00970023	
      3565	0.00970723	
      3566	0.00969978	
      3567	0.00969236	
      3568	0.00968497	
      3569	0.00967762	
      3570	0.00967031	
      3571	0.00966303	
      3572	 0.0096558	
      3573	 0.0096486	
      3574	0.00964145	
      3575	0.00963435	
      3576	0.00962729	
      3577	0.00962028	
      3578	0.00961332	
      3579	0.00960642	
      3580	0.00959957	
      3581	0.00960745	
      3582	0.00961542	
      3583	0.00962349	
      3584	0.00963164	
      3585	 0.0096399	
      3586	0.00963353	
      3587	0.00962725	
      3588	0.00962105	
      3589	0.00961495	
      3590	0.00960895	
      3591	0.00960305	
      3592	0.00959727	
      3593	0.00959162	
      3594	0.00958609	
      3595	0.00958071	
      3596	0.00959035	
      3597	0.00960019	
      3598	0.00961023	
      3599	0.00962051	
      3600	0.00963103	
      3601	0.00961976	
      3602	0.00960849	
      3603	0.00959721	
      3604	0.00958593	
      3605	0.00957465	
      3606	0.00956336	
      3607	0.00955207	
      3608	0.00954077	
      3609	0.00952947	
      3610	0.00951817	
      3611	0.00952186	
      3612	0.00952555	
      3613	0.00952926	
      3614	0.00953297	
      3615	0.00953669	
      3616	 0.0095254	
      3617	 0.0095141	
      3618	 0.0095028	
      3619	 0.0094915	
      3620	0.00948019	
      3621	0.00948393	
      3622	0.00948768	
      3623	0.00949144	
      3624	0.00949521	
      3625	0.00949899	
      3626	 0.0094877	
      3627	 0.0094764	
      3628	 0.0094651	
      3629	0.00945379	
      3630	0.00944249	
      3631	0.00944629	
      3632	0.00945011	
      3633	0.00945393	
      3634	0.00945777	
      3635	0.00946161	
      3636	0.00945032	
      3637	0.00943903	
      3638	0.00942773	
      3639	0.00941643	
      3640	0.00940514	
      3641	0.00940901	
      3642	 0.0094129	
      3643	0.00941679	
      3644	 0.0094207	
      3645	0.00942462	
      3646	0.00941334	
      3647	0.00940206	
      3648	0.00939078	
      3649	 0.0093795	
      3650	0.00936822	
      3651	0.00935694	
      3652	0.00934565	
      3653	0.00933437	
      3654	0.00932308	
      3655	0.00931179	
      3656	0.00931578	
      3657	0.00931978	
      3658	0.00932379	
      3659	0.00932781	
      3660	0.00933185	
      3661	 0.0093359	
      3662	0.00933997	
      3663	0.00934404	
      3664	0.00934814	
      3665	0.00935224	
      3666	0.00932569	
      3667	0.00929912	
      3668	0.00927254	
      3669	0.00924595	
      3670	0.00922703	
      3671	0.00922348	
      3672	0.00922762	
      3673	0.00923179	
      3674	0.00923596	
      3675	0.00924016	
      3676	0.00922896	
      3677	0.00921777	
      3678	0.00920658	
      3679	 0.0091954	
      3680	0.00918422	
      3681	0.00917304	
      3682	0.00916187	
      3683	0.00915071	
      3684	0.00913955	
      3685	0.00912839	
      3686	0.00913272	
      3687	0.00913707	
      3688	0.00914145	
      3689	0.00914584	
      3690	0.00915026	
      3691	0.00913918	
      3692	0.00912812	
      3693	0.00911706	
      3694	0.00910601	
      3695	0.00909497	
      3696	0.00908394	
      3697	0.00907293	
      3698	0.00906192	
      3699	0.00905093	
      3700	0.00903995	
      3701	0.00904437	
      3702	 0.0090488	
      3703	0.00905325	
      3704	0.00905771	
      3705	0.00906218	
      3706	0.00905103	
      3707	0.00903989	
      3708	0.00902874	
      3709	0.00901758	
      3710	0.00900643	
      3711	0.00901095	
      3712	0.00901548	
      3713	0.00902002	
      3714	0.00902458	
      3715	0.00902915	
      3716	0.00901803	
      3717	 0.0090069	
      3718	0.00899578	
      3719	0.00898465	
      3720	0.00897352	
      3721	0.00897814	
      3722	0.00898277	
      3723	0.00898742	
      3724	0.00899208	
      3725	0.00899676	
      3726	0.00898566	
      3727	0.00897456	
      3728	0.00896346	
      3729	0.00895236	
      3730	0.00894126	
      3731	0.00894599	
      3732	0.00895073	
      3733	0.00895549	
      3734	0.00896026	
      3735	0.00896506	
      3736	0.00893811	
      3737	0.00891115	
      3738	0.00888417	
      3739	0.00885717	
      3740	0.00883811	
      3741	0.00883495	
      3742	0.00883977	
      3743	0.00884461	
      3744	0.00884946	
      3745	0.00885433	
      3746	0.00884325	
      3747	0.00883217	
      3748	0.00882109	
      3749	0.00881001	
      3750	0.00879893	
      3751	0.00880385	
      3752	 0.0088088	
      3753	0.00881376	
      3754	0.00881874	
      3755	0.00882373	
      3756	0.00881269	
      3757	0.00880165	
      3758	0.00879062	
      3759	0.00877958	
      3760	0.00876854	
      3761	 0.0087736	
      3762	0.00877867	
      3763	0.00878377	
      3764	0.00878889	
      3765	0.00879402	
      3766	0.00879917	
      3767	0.00880435	
      3768	0.00880954	
      3769	0.00881475	
      3770	0.00881999	
      3771	0.00880904	
      3772	 0.0087981	
      3773	0.00878717	
      3774	0.00877623	
      3775	0.00876529	
      3776	0.00875436	
      3777	0.00874342	
      3778	0.00873249	
      3779	0.00872156	
      3780	0.00871063	
      3781	0.00871599	
      3782	0.00872138	
      3783	0.00872678	
      3784	0.00873221	
      3785	0.00873766	
      3786	 0.0087268	
      3787	0.00871593	
      3788	0.00870507	
      3789	0.00869421	
      3790	0.00868335	
      3791	0.00868889	
      3792	0.00869445	
      3793	0.00870004	
      3794	0.00870565	
      3795	0.00871128	
      3796	 0.0087005	
      3797	0.00868971	
      3798	0.00867894	
      3799	0.00866816	
      3800	0.00865739	
      3801	0.00861976	
      3802	0.00859011	
      3803	0.00856532	
      3804	0.00854388	
      3805	 0.0085249	
      3806	0.00849164	
      3807	0.00845999	
      3808	0.00842967	
      3809	0.00840049	
      3810	0.00837229	
      3811	0.00836102	
      3812	0.00835047	
      3813	0.00834056	
      3814	0.00833124	
      3815	0.00832244	
      3816	0.00829813	
      3817	 0.0082743	
      3818	0.00825091	
      3819	0.00822793	
      3820	0.00820533	
      3821	  0.008199	
      3822	0.00819299	
      3823	0.00818728	
      3824	0.00818184	
      3825	0.00817667	
      3826	0.00817175	
      3827	0.00816708	
      3828	0.00816263	
      3829	0.00815841	
      3830	0.00815441	
      3831	0.00813478	
      3832	0.00811537	
      3833	0.00809616	
      3834	0.00807715	
      3835	0.00805833	
      3836	 0.0080555	
      3837	0.00805283	
      3838	0.00805033	
      3839	  0.008048	
      3840	0.00804582	
      3841	0.00802803	
      3842	0.00801039	
      3843	0.00799292	
      3844	0.00797559	
      3845	0.00795842	
      3846	0.00795715	
      3847	0.00795602	
      3848	0.00795503	
      3849	0.00795418	
      3850	0.00795346	
      3851	0.00793714	
      3852	0.00792094	
      3853	0.00790489	
      3854	0.00788896	
      3855	0.00787317	
      3856	0.00786538	
      3857	0.00785773	
      3858	0.00784233	
      3859	0.00783493	
      3860	0.00782767	
      3861	0.00782053	
      3862	 0.0078214	
      3863	0.00781453	
      3864	0.00781567	
      3865	0.00780906	
      3866	0.00779471	
      3867	0.00778837	
      3868	0.00777428	
      3869	0.00776821	
      3870	 0.0077544	
      3871	 0.0077565	
      3872	0.00775874	
      3873	0.00776114	
      3874	0.00776369	
      3875	 0.0077664	
      3876	0.00775346	
      3877	0.00774858	
      3878	0.00773595	
      3879	 0.0077314	
      3880	0.00771909	
      3881	0.00771488	
      3882	0.00771084	
      3883	0.00770699	
      3884	0.00770334	
      3885	0.00769988	
      3886	0.00770458	
      3887	 0.0077095	
      3888	0.00772261	
      3889	0.00772803	
      3890	0.00773371	
      3891	0.00772372	
      3892	  0.007714	
      3893	0.00771254	
      3894	0.00770341	
      3895	 0.0076946	
      3896	0.00770214	
      3897	0.00770208	
      3898	0.00771046	
      3899	0.00771129	
      3900	0.00772066	
      3901	0.00772863	
      3902	0.00773664	
      3903	0.00773663	
      3904	0.00774471	
      3905	0.00775285	
      3906	0.00775293	
      3907	0.00774494	
      3908	0.00774508	
      3909	0.00773712	
      3910	0.00773731	
      3911	0.00774566	
      3912	0.00774591	
      3913	0.00775435	
      3914	0.00775468	
      3915	0.00776321	
      3916	0.00775543	
      3917	0.00774767	
      3918	0.00774812	
      3919	 0.0077404	
      3920	 0.0077327	
      3921	0.00774147	
      3922	 0.0077503	
      3923	0.00775094	
      3924	0.00775987	
      3925	0.00776887	
      3926	0.00776137	
      3927	0.00776218	
      3928	0.00775474	
      3929	0.00775563	
      3930	0.00774825	
      3931	0.00775755	
      3932	0.00775857	
      3933	0.00776799	
      3934	0.00776913	
      3935	0.00777868	
      3936	0.00777993	
      3937	0.00777284	
      3938	0.00777419	
      3939	0.00776718	
      3940	0.00776863	
      3941	0.00777013	
      3942	0.00778014	
      3943	0.00778177	
      3944	0.00779193	
      3945	0.00779371	
      3946	0.00778707	
      3947	0.00778048	
      3948	0.00778244	
      3949	0.00777596	
      3950	0.00776953	
      3951	0.00777169	
      3952	0.00778248	
      3953	0.00778481	
      3954	0.00779581	
      3955	0.00779832	
      3956	0.00780093	
      3957	0.00780363	
      3958	 0.0077978	
      3959	0.00780068	
      3960	0.00780366	
      3961	0.00781541	
      3962	 0.0078273	
      3963	0.00783063	
      3964	0.00784279	
      3965	 0.0078551	
      3966	 0.0078501	
      3967	0.00785395	
      3968	0.00784918	
      3969	0.00785329	
      3970	0.00784877	
      3971	0.00786198	
      3972	0.00786656	
      3973	0.00788015	
      3974	 0.0078851	
      3975	0.00789909	
      3976	0.00790444	
      3977	 0.0079011	
      3978	0.00790685	
      3979	 0.0079039	
      3980	0.00791011	
      3981	0.00791657	
      3982	 0.0079233	
      3983	0.00793933	
      3984	0.00794667	
      3985	0.00795435	
      3986	0.00797143	
      3987	0.00797985	
      3988	0.00799778	
      3989	0.00800707	
      3990	0.00802597	
      3991	0.00802711	
      3992	0.00803796	
      3993	0.00804023	
      3994	0.00805237	
      3995	0.00805602	
      3996	0.00807906	
      3997	0.00809381	
      3998	0.00811902	
      3999	 0.0081362	
      4000	0.00816432	
