       280	9.89915e-14	
       281	2.11096e-13	
       282	4.13809e-13	
       283	5.73272e-13	
       284	5.97691e-13	
       285	 4.379e-13	
       286	6.3574e-13	
       287	1.02999e-12	
       288	1.06792e-12	
       289	1.48097e-12	
       290	2.31073e-12	
       291	2.85167e-12	
       292	2.94896e-12	
       293	3.12896e-12	
       294	3.44735e-12	
       295	3.82101e-12	
       296	4.41569e-12	
       297	4.39838e-12	
       298	4.96662e-12	
       299	5.09724e-12	
       300	5.41995e-12	
       301	3.84671e-11	
       302	2.81517e-10	
       303	2.53152e-09	
       304	1.9037e-08	
       305	1.35582e-07	
       306	2.89089e-07	
       307	6.98899e-07	
       308	1.71512e-06	
       309	3.55973e-06	
       310	7.91858e-06	
       311	1.83362e-05	
       312	3.12381e-05	
       313	5.39495e-05	
       314	9.60828e-05	
       315	0.00015888	
       316	0.000190814	
       317	0.000297894	
       318	0.000389481	
       319	0.000490248	
       320	0.000703575	
       321	0.000864984	
       322	0.00101325	
       323	0.00116582	
       324	0.00158411	
       325	0.00223262	
       326	0.00300469	
       327	0.00352156	
       328	0.00387059	
       329	0.00467128	
       330	0.00578731	
       331	0.00581513	
       332	0.00624962	
       333	0.00660802	
       334	0.00717676	
       335	0.00809896	
       336	0.00777297	
       337	0.00772656	
       338	 0.0090748	
       339	  0.010183	
       340	 0.0115382	
       341	 0.0116464	
       342	 0.0123996	
       343	 0.0134609	
       344	 0.0121593	
       345	 0.0132272	
       346	 0.0146496	
       347	 0.0154448	
       348	 0.0157392	
       349	 0.0162103	
       350	 0.0186777	
       351	 0.0203191	
       352	 0.0197484	
       353	 0.0209146	
       354	 0.0246148	
       355	   0.02586	
       356	  0.024525	
       357	 0.0216323	
       358	 0.0203379	
       359	 0.0232585	
       360	 0.0294534	
       361	 0.0275942	
       362	 0.0289783	
       363	 0.0326829	
       364	 0.0339094	
       365	 0.0369024	
       366	 0.0432944	
       367	 0.0444845	
       368	 0.0429438	
       369	 0.0453854	
       370	 0.0489909	
       371	 0.0477342	
       372	 0.0475721	
       373	 0.0439034	
       374	 0.0410911	
       375	 0.0451963	
       376	 0.0517338	
       377	 0.0573344	
       378	 0.0681408	
       379	 0.0628316	
       380	 0.0605432	
       381	  0.065178	
       382	 0.0531682	
       383	 0.0426219	
       384	 0.0486042	
       385	 0.0623855	
       386	 0.0619496	
       387	 0.0649184	
       388	 0.0650594	
       389	  0.071967	
       390	 0.0839431	
       391	 0.0913559	
       392	 0.0862684	
       393	 0.0565295	
       394	 0.0592264	
       395	 0.0928388	
       396	 0.0872285	
       397	  0.061834	
       398	  0.103535	
       399	   0.13384	
       400	  0.143744	
       401	  0.151805	
       402	  0.158884	
       403	  0.158354	
       404	  0.161729	
       405	   0.16184	
       406	  0.160528	
       407	  0.161019	
       408	  0.170291	
       409	  0.179442	
       410	  0.165623	
       411	  0.180777	
       412	  0.193573	
       413	  0.191521	
       414	  0.192218	
       415	  0.201078	
       416	  0.209137	
       417	  0.207955	
       418	  0.204529	
       419	  0.210018	
       420	  0.203821	
       421	  0.224244	
       422	  0.227477	
       423	  0.224693	
       424	   0.22717	
       425	  0.234666	
       426	  0.232061	
       427	  0.228581	
       428	  0.229824	
       429	  0.214037	
       430	  0.179181	
       431	  0.177253	
       432	  0.256073	
       433	  0.256207	
       434	  0.245291	
       435	  0.266921	
       436	  0.293224	
       437	  0.299316	
       438	  0.273565	
       439	  0.269671	
       440	   0.30024	
       441	  0.307672	
       442	  0.326977	
       443	  0.336264	
       444	  0.334929	
       445	  0.343683	
       446	  0.326471	
       447	  0.357441	
       448	  0.369485	
       449	  0.374493	
       450	  0.390119	
       451	  0.404098	
       452	  0.393473	
       453	  0.375445	
       454	  0.394363	
       455	  0.400405	
       456	  0.413782	
       457	    0.4215	
       458	  0.418231	
       459	  0.417916	
       460	  0.421701	
       461	  0.435731	
       462	  0.444865	
       463	   0.44814	
       464	  0.441564	
       465	   0.43863	
       466	  0.445844	
       467	  0.438229	
       468	  0.453622	
       469	  0.459494	
       470	  0.450962	
       471	  0.460826	
       472	  0.481064	
       473	  0.474616	
       474	  0.482019	
       475	  0.497305	
       476	  0.491494	
       477	  0.498991	
       478	  0.513332	
       479	  0.511004	
       480	  0.518925	
       481	  0.521864	
       482	  0.524453	
       483	  0.521227	
       484	  0.515942	
       485	  0.503995	
       486	   0.43866	
       487	  0.471791	
       488	  0.507321	
       489	  0.498729	
       490	  0.537841	
       491	  0.529021	
       492	  0.515248	
       493	   0.53835	
       494	  0.539554	
       495	   0.56262	
       496	  0.550223	
       497	  0.554158	
       498	  0.545694	
       499	  0.546686	
       500	  0.547634	
       501	  0.537643	
       502	  0.541602	
       503	  0.559736	
       504	  0.544009	
       505	  0.571798	
       506	  0.593542	
       507	  0.577219	
       508	  0.566652	
       509	   0.58517	
       510	  0.578959	
       511	  0.588369	
       512	  0.599347	
       513	  0.574818	
       514	  0.563832	
       515	  0.578955	
       516	  0.572833	
       517	  0.502654	
       518	  0.540686	
       519	  0.544002	
       520	  0.582503	
       521	  0.595139	
       522	  0.604635	
       523	  0.585404	
       524	  0.615686	
       525	  0.618393	
       526	  0.596092	
       527	  0.549367	
       528	  0.603689	
       529	  0.633898	
       530	  0.624284	
       531	   0.64846	
       532	  0.636638	
       533	  0.590111	
       534	  0.614306	
       535	  0.631575	
       536	  0.646008	
       537	  0.617129	
       538	  0.633211	
       539	  0.623767	
       540	    0.6054	
       541	  0.593859	
       542	  0.631754	
       543	  0.633327	
       544	  0.649365	
       545	  0.641107	
       546	  0.639197	
       547	  0.643693	
       548	  0.635679	
       549	  0.647482	
       550	  0.646311	
       551	  0.648141	
       552	  0.656911	
       553	   0.64564	
       554	  0.654816	
       555	  0.658749	
       556	  0.649983	
       557	  0.638104	
       558	  0.643273	
       559	  0.623407	
       560	   0.63248	
       561	  0.656951	
       562	  0.641368	
       563	  0.655274	
       564	  0.651529	
       565	   0.64908	
       566	  0.628913	
       567	  0.656497	
       568	   0.65841	
       569	   0.65055	
       570	   0.64665	
       571	  0.632382	
       572	  0.659201	
       573	  0.666909	
       574	  0.663764	
       575	  0.653206	
       576	  0.651648	
       577	  0.660446	
       578	  0.648299	
       579	  0.652752	
       580	  0.657711	
       581	  0.660468	
       582	  0.667775	
       583	  0.672417	
       584	  0.671197	
       585	  0.667256	
       586	  0.656925	
       587	  0.668926	
       588	  0.658102	
       589	  0.608239	
       590	  0.632167	
       591	  0.662194	
       592	  0.662334	
       593	  0.662933	
       594	    0.6656	
       595	  0.666889	
       596	  0.675705	
       597	  0.680837	
       598	  0.672753	
       599	  0.671752	
       600	  0.676029	
       601	  0.670274	
       602	  0.667885	
       603	  0.680594	
       604	  0.693997	
       605	  0.695851	
       606	  0.696381	
       607	  0.699605	
       608	  0.700181	
       609	  0.698282	
       610	  0.700057	
       611	  0.701959	
       612	  0.713105	
       613	  0.706749	
       614	  0.696123	
       615	  0.710454	
       616	  0.700184	
       617	  0.698228	
       618	   0.72068	
       619	  0.731045	
       620	  0.736109	
       621	  0.741193	
       622	  0.732708	
       623	  0.733931	
       624	  0.732935	
       625	   0.72637	
       626	  0.731362	
       627	  0.752005	
       628	  0.758803	
       629	  0.761687	
       630	  0.758329	
       631	   0.75303	
       632	  0.736217	
       633	  0.761172	
       634	  0.759197	
       635	  0.761814	
       636	  0.754537	
       637	  0.773461	
       638	  0.781958	
       639	  0.776362	
       640	  0.764188	
       641	  0.764954	
       642	  0.769279	
       643	  0.778405	
       644	  0.776758	
       645	  0.783524	
       646	  0.774562	
       647	  0.781934	
       648	  0.779564	
       649	  0.762431	
       650	  0.759917	
       651	  0.790128	
       652	  0.791381	
       653	  0.795736	
       654	  0.788216	
       655	  0.754865	
       656	  0.682144	
       657	  0.705349	
       658	  0.773244	
       659	  0.788055	
       660	   0.79976	
       661	   0.80832	
       662	  0.811753	
       663	  0.810643	
       664	  0.810803	
       665	  0.820764	
       666	   0.82026	
       667	  0.814442	
       668	  0.803721	
       669	  0.801764	
       670	  0.785416	
       671	  0.777288	
       672	  0.766391	
       673	  0.765046	
       674	  0.758523	
       675	  0.753029	
       676	  0.756593	
       677	  0.749169	
       678	  0.748815	
       679	  0.740573	
       680	  0.738082	
       681	  0.736967	
       682	  0.735355	
       683	  0.730151	
       684	  0.725053	
       685	   0.72128	
       686	  0.708367	
       687	  0.720735	
       688	  0.726397	
       689	  0.726588	
       690	  0.725608	
       691	   0.72559	
       692	  0.723115	
       693	  0.730657	
       694	  0.735195	
       695	  0.732859	
       696	  0.736943	
       697	  0.741153	
       698	   0.73966	
       699	  0.747397	
       700	   0.74943	
       701	  0.750298	
       702	  0.752683	
       703	  0.763431	
       704	  0.775998	
       705	  0.787077	
       706	  0.787002	
       707	  0.790427	
       708	  0.799327	
       709	  0.808534	
       710	  0.835179	
       711	  0.780258	
       712	  0.744416	
       713	  0.719622	
       714	  0.704299	
       715	  0.680514	
       716	  0.673469	
       717	  0.662608	
       718	   0.64496	
       719	  0.622037	
       720	  0.632444	
       721	  0.632299	
       722	  0.631665	
       723	  0.625916	
       724	  0.624908	
       725	  0.624775	
       726	  0.628593	
       727	  0.636184	
       728	  0.641104	
       729	  0.631684	
       730	  0.657434	
       731	  0.660947	
       732	  0.675684	
       733	  0.682174	
       734	  0.703827	
       735	  0.713428	
       736	  0.718728	
       737	  0.732395	
       738	  0.743494	
       739	   0.74892	
       740	  0.787007	
       741	  0.785822	
       742	   0.78545	
       743	  0.802264	
       744	  0.811447	
       745	  0.810577	
       746	  0.812949	
       747	  0.815463	
       748	  0.814188	
       749	  0.816311	
       750	   0.81556	
       751	  0.819321	
       752	  0.824836	
       753	  0.829837	
       754	  0.836226	
       755	  0.836902	
       756	  0.828551	
       757	  0.829206	
       758	  0.833887	
       759	  0.826944	
       760	  0.830707	
       761	  0.827858	
       762	  0.828307	
       763	  0.779456	
       764	  0.743215	
       765	  0.709089	
       766	   0.66712	
       767	   0.65169	
       768	  0.655003	
       769	  0.656302	
       770	  0.663301	
       771	  0.672097	
       772	  0.681408	
       773	  0.691331	
       774	  0.701994	
       775	  0.713583	
       776	   0.72563	
       777	  0.735498	
       778	  0.752436	
       779	  0.777465	
       780	  0.814019	
       781	  0.811867	
       782	  0.815142	
       783	  0.809276	
       784	  0.803576	
       785	  0.807339	
       786	  0.807797	
       787	  0.806633	
       788	  0.801292	
       789	  0.799396	
       790	  0.793307	
       791	   0.78641	
       792	  0.779546	
       793	  0.772712	
       794	   0.76675	
       795	   0.76674	
       796	  0.773528	
       797	  0.783722	
       798	  0.779529	
       799	   0.77196	
       800	  0.762707	
       801	   0.74719	
       802	  0.731635	
       803	   0.71059	
       804	  0.700992	
       805	  0.681072	
       806	  0.683577	
       807	  0.673767	
       808	  0.664566	
       809	  0.649983	
       810	  0.646879	
       811	   0.64261	
       812	  0.641474	
       813	   0.63697	
       814	  0.631274	
       815	  0.622295	
       816	  0.617038	
       817	  0.610327	
       818	  0.595661	
       819	  0.581348	
       820	    0.5761	
       821	  0.574359	
       822	  0.564117	
       823	   0.56593	
       824	  0.563585	
       825	   0.57436	
       826	  0.590025	
       827	  0.602621	
       828	  0.611394	
       829	  0.621429	
       830	  0.637713	
       831	  0.657653	
       832	  0.669088	
       833	  0.660858	
       834	  0.672719	
       835	  0.680062	
       836	   0.68934	
       837	  0.690793	
       838	  0.695057	
       839	   0.69728	
       840	  0.708521	
       841	  0.709564	
       842	  0.701299	
       843	  0.699827	
       844	  0.694108	
       845	  0.709797	
       846	  0.711875	
       847	  0.698506	
       848	  0.698064	
       849	  0.691608	
       850	   0.64935	
       851	  0.688193	
       852	  0.693338	
       853	  0.680608	
       854	  0.628298	
       855	  0.657402	
       856	  0.700937	
       857	   0.72079	
       858	  0.726708	
       859	  0.730918	
       860	  0.732993	
       861	  0.732886	
       862	  0.739199	
       863	  0.738729	
       864	  0.726616	
       865	  0.705685	
       866	  0.646828	
       867	  0.677447	
       868	  0.707265	
       869	  0.707792	
       870	   0.71586	
       871	  0.711335	
       872	  0.716651	
       873	  0.711103	
       874	  0.699926	
       875	  0.693907	
       876	  0.707708	
       877	  0.711829	
       878	  0.709313	
       879	  0.700787	
       880	  0.698624	
       881	  0.627753	
       882	  0.610626	
       883	  0.590583	
       884	  0.576794	
       885	  0.565528	
       886	  0.540588	
       887	  0.527134	
       888	  0.524269	
       889	  0.516832	
       890	  0.506879	
       891	  0.496596	
       892	  0.485037	
       893	  0.471712	
       894	  0.466065	
       895	  0.460899	
       896	  0.457034	
       897	  0.448531	
       898	  0.440463	
       899	  0.431028	
       900	   0.42405	
       901	  0.412082	
       902	  0.401585	
       903	  0.410715	
       904	  0.407933	
       905	  0.401695	
       906	  0.402305	
       907	  0.407065	
       908	  0.405734	
       909	  0.404218	
       910	  0.410498	
       911	   0.41535	
       912	  0.417743	
       913	  0.424991	
       914	  0.428651	
       915	   0.42982	
       916	  0.431632	
       917	  0.430061	
       918	  0.429818	
       919	  0.431024	
       920	  0.428053	
       921	   0.42199	
       922	  0.416953	
       923	  0.408087	
       924	   0.42032	
       925	  0.423155	
       926	  0.343869	
       927	  0.302783	
       928	  0.265665	
       929	  0.236172	
       930	    0.2123	
       931	  0.194249	
       932	  0.177771	
       933	  0.164566	
       934	  0.151912	
       935	  0.139675	
       936	  0.129525	
       937	  0.121224	
       938	   0.12371	
       939	   0.12527	
       940	  0.125225	
       941	  0.125557	
       942	  0.125095	
       943	  0.130053	
       944	  0.130706	
       945	  0.133282	
       946	  0.136462	
       947	  0.138644	
       948	  0.141414	
       949	  0.148256	
       950	  0.154631	
       951	  0.160918	
       952	  0.169378	
       953	  0.177606	
       954	  0.184352	
       955	  0.187632	
       956	  0.203638	
       957	  0.218127	
       958	  0.233417	
       959	  0.249901	
       960	  0.265471	
       961	  0.283927	
       962	  0.307678	
       963	  0.334362	
       964	  0.366231	
       965	  0.414265	
       966	  0.415506	
       967	   0.42193	
       968	  0.423013	
       969	  0.428168	
       970	  0.433554	
       971	  0.435161	
       972	  0.441426	
       973	  0.443079	
       974	   0.44291	
       975	  0.449737	
       976	  0.458536	
       977	  0.461495	
       978	  0.468908	
       979	  0.471491	
       980	  0.481114	
       981	  0.485801	
       982	  0.492901	
       983	  0.495943	
       984	  0.498055	
       985	  0.503568	
       986	     0.507	
       987	  0.512504	
       988	  0.517261	
       989	  0.519684	
       990	  0.528076	
       991	  0.539111	
       992	  0.546832	
       993	  0.558438	
       994	  0.567635	
       995	  0.565612	
       996	  0.564247	
       997	  0.559118	
       998	  0.558688	
       999	  0.558817	
      1000	  0.560276	
      1001	  0.563242	
      1002	  0.563394	
      1003	  0.558248	
      1004	  0.549596	
      1005	   0.52606	
      1006	  0.542778	
      1007	   0.55422	
      1008	  0.556849	
      1009	  0.555591	
      1010	   0.55653	
      1011	  0.554417	
      1012	  0.553549	
      1013	  0.551538	
      1014	  0.552309	
      1015	  0.546662	
      1016	  0.547243	
      1017	   0.54505	
      1018	  0.548349	
      1019	  0.538847	
      1020	  0.540714	
      1021	  0.542109	
      1022	  0.537817	
      1023	  0.541274	
      1024	   0.54359	
      1025	  0.543403	
      1026	  0.543722	
      1027	  0.542884	
      1028	  0.543337	
      1029	  0.540398	
      1030	   0.54158	
      1031	  0.541527	
      1032	  0.541116	
      1033	  0.535432	
      1034	  0.537864	
      1035	  0.540566	
      1036	  0.541283	
      1037	  0.538129	
      1038	  0.537592	
      1039	  0.541452	
      1040	  0.541061	
      1041	  0.541326	
      1042	  0.540981	
      1043	  0.537834	
      1044	  0.538796	
      1045	   0.53514	
      1046	  0.525754	
      1047	  0.531436	
      1048	  0.536011	
      1049	  0.534559	
      1050	    0.5321	
      1051	  0.532052	
      1052	  0.529791	
      1053	  0.528736	
      1054	  0.527881	
      1055	  0.529441	
      1056	  0.528584	
      1057	  0.527324	
      1058	   0.52183	
      1059	  0.511697	
      1060	  0.519398	
      1061	  0.514203	
      1062	  0.519793	
      1063	  0.516104	
      1064	  0.520583	
      1065	   0.51962	
      1066	   0.51158	
      1067	  0.512835	
      1068	  0.510446	
      1069	  0.491585	
      1070	  0.501529	
      1071	  0.482255	
      1072	  0.471276	
      1073	  0.456384	
      1074	  0.453463	
      1075	  0.441569	
      1076	  0.438048	
      1077	  0.432732	
      1078	  0.426971	
      1079	  0.416655	
      1080	  0.415377	
      1081	  0.403741	
      1082	  0.396648	
      1083	  0.396393	
      1084	  0.395678	
      1085	  0.392014	
      1086	  0.388494	
      1087	  0.375106	
      1088	  0.377827	
      1089	  0.376695	
      1090	  0.372013	
      1091	  0.369885	
      1092	  0.362145	
      1093	  0.354179	
      1094	  0.339115	
      1095	  0.344532	
      1096	  0.345554	
      1097	  0.345423	
      1098	   0.34146	
      1099	  0.338148	
      1100	  0.343373	
      1101	   0.26387	
      1102	   0.21385	
      1103	  0.184622	
      1104	  0.160423	
      1105	  0.140847	
      1106	  0.124973	
      1107	   0.11147	
      1108	  0.100591	
      1109	 0.0911592	
      1110	 0.0830737	
      1111	  0.075611	
      1112	 0.0692619	
      1113	 0.0634324	
      1114	 0.0589186	
      1115	 0.0543679	
      1116	 0.0500299	
      1117	 0.0467936	
      1118	 0.0430211	
      1119	 0.0399992	
      1120	   0.03724	
      1121	 0.0395115	
      1122	 0.0419818	
      1123	 0.0444218	
      1124	  0.046996	
      1125	 0.0494972	
      1126	 0.0515025	
      1127	 0.0553529	
      1128	 0.0596019	
      1129	 0.0636744	
      1130	 0.0678178	
      1131	 0.0678234	
      1132	 0.0676201	
      1133	 0.0666345	
      1134	 0.0662897	
      1135	 0.0660201	
      1136	  0.065695	
      1137	 0.0641669	
      1138	 0.0631146	
      1139	 0.0635229	
      1140	 0.0634263	
      1141	 0.0622336	
      1142	 0.0627095	
      1143	  0.062093	
      1144	 0.0613836	
      1145	 0.0615056	
      1146	 0.0657811	
      1147	 0.0700039	
      1148	 0.0741878	
      1149	 0.0789111	
      1150	 0.0841664	
      1151	 0.0900585	
      1152	 0.0964563	
      1153	  0.104208	
      1154	  0.113422	
      1155	  0.123134	
      1156	  0.133207	
      1157	  0.146701	
      1158	  0.161679	
      1159	   0.17785	
      1160	  0.197933	
      1161	  0.224109	
      1162	  0.233071	
      1163	  0.239645	
      1164	  0.242194	
      1165	  0.249173	
      1166	  0.251319	
      1167	  0.259827	
      1168	  0.267275	
      1169	  0.268443	
      1170	  0.279953	
      1171	  0.283085	
      1172	  0.284449	
      1173	  0.284421	
      1174	  0.285476	
      1175	  0.282805	
      1176	  0.280933	
      1177	  0.286831	
      1178	  0.286703	
      1179	  0.287561	
      1180	  0.291725	
      1181	  0.292142	
      1182	  0.291082	
      1183	  0.281968	
      1184	  0.291827	
      1185	  0.297343	
      1186	  0.299093	
      1187	   0.30051	
      1188	  0.298283	
      1189	    0.2899	
      1190	  0.300257	
      1191	  0.307319	
      1192	  0.308988	
      1193	  0.310468	
      1194	   0.31214	
      1195	   0.31201	
      1196	  0.313606	
      1197	  0.313606	
      1198	  0.309078	
      1199	  0.304028	
      1200	  0.317863	
      1201	  0.321888	
      1202	  0.321026	
      1203	  0.311983	
      1204	  0.311404	
      1205	  0.318608	
      1206	  0.318995	
      1207	  0.319384	
      1208	  0.312956	
      1209	  0.303268	
      1210	  0.313549	
      1211	  0.311101	
      1212	  0.316773	
      1213	  0.318868	
      1214	  0.318499	
      1215	  0.319638	
      1216	   0.32017	
      1217	  0.320503	
      1218	  0.320213	
      1219	  0.319388	
      1220	  0.321175	
      1221	  0.321933	
      1222	  0.321738	
      1223	  0.320918	
      1224	  0.324698	
      1225	  0.325257	
      1226	  0.326056	
      1227	  0.322125	
      1228	  0.326149	
      1229	  0.329857	
      1230	  0.330909	
      1231	  0.331808	
      1232	  0.331432	
      1233	    0.3342	
      1234	  0.335574	
      1235	  0.336814	
      1236	  0.341182	
      1237	  0.344378	
      1238	  0.347529	
      1239	  0.350002	
      1240	  0.359614	
      1241	  0.359107	
      1242	  0.355576	
      1243	  0.350192	
      1244	  0.346678	
      1245	  0.345456	
      1246	  0.345356	
      1247	  0.343631	
      1248	  0.343467	
      1249	  0.341496	
      1250	   0.33903	
      1251	  0.335432	
      1252	  0.331709	
      1253	  0.331061	
      1254	  0.329815	
      1255	  0.327873	
      1256	  0.325704	
      1257	  0.322948	
      1258	  0.322287	
      1259	  0.319867	
      1260	  0.319436	
      1261	  0.317432	
      1262	  0.313517	
      1263	  0.314038	
      1264	  0.310364	
      1265	  0.309605	
      1266	  0.309649	
      1267	  0.305021	
      1268	  0.302252	
      1269	  0.303296	
      1270	  0.303836	
      1271	  0.304328	
      1272	  0.303816	
      1273	  0.304087	
      1274	  0.303668	
      1275	  0.306083	
      1276	   0.30803	
      1277	  0.309311	
      1278	  0.309913	
      1279	  0.309478	
      1280	  0.308169	
      1281	  0.299004	
      1282	  0.277629	
      1283	  0.296057	
      1284	  0.309775	
      1285	  0.314594	
      1286	  0.317487	
      1287	  0.320688	
      1288	  0.322525	
      1289	   0.32589	
      1290	  0.326011	
      1291	  0.317355	
      1292	  0.311188	
      1293	  0.304901	
      1294	   0.29649	
      1295	  0.293205	
      1296	  0.289789	
      1297	  0.284391	
      1298	   0.27913	
      1299	  0.277558	
      1300	  0.273923	
      1301	  0.270223	
      1302	  0.265472	
      1303	  0.261618	
      1304	  0.258542	
      1305	  0.258107	
      1306	  0.256336	
      1307	  0.254267	
      1308	  0.251897	
      1309	  0.249841	
      1310	  0.247113	
      1311	  0.244617	
      1312	  0.240713	
      1313	  0.234522	
      1314	  0.236749	
      1315	  0.231577	
      1316	  0.230914	
      1317	  0.232516	
      1318	  0.229774	
      1319	  0.230865	
      1320	  0.229411	
      1321	  0.171851	
      1322	  0.139602	
      1323	  0.117439	
      1324	  0.100818	
      1325	 0.0876011	
      1326	 0.0767406	
      1327	 0.0677501	
      1328	 0.0605333	
      1329	 0.0533991	
      1330	  0.048598	
      1331	 0.0442989	
      1332	  0.039786	
      1333	   0.03682	
      1334	 0.0338213	
      1335	 0.0309781	
      1336	 0.0283126	
      1337	 0.0261368	
      1338	 0.0240507	
      1339	 0.0220401	
      1340	 0.0203996	
      1341	 0.0192466	
      1342	 0.0178998	
      1343	 0.0166817	
      1344	 0.0155773	
      1345	 0.0145449	
      1346	 0.0135162	
      1347	 0.0126955	
      1348	 0.0118896	
      1349	 0.0111202	
      1350	 0.0103476	
      1351	 0.0087903	
      1352	0.00754714	
      1353	0.00646647	
      1354	0.00555214	
      1355	0.00475863	
      1356	0.00413067	
      1357	0.00357537	
      1358	0.00316156	
      1359	0.00277203	
      1360	0.00242422	
      1361	0.00215847	
      1362	0.00190521	
      1363	0.00166838	
      1364	0.00149458	
      1365	0.00133116	
      1366	0.00118629	
      1367	0.00105372	
      1368	0.000948316	
      1369	0.000839984	
      1370	0.000753209	
      1371	0.000679032	
      1372	0.00061731	
      1373	0.000558099	
      1374	0.000503504	
      1375	0.000449647	
      1376	0.000404673	
      1377	0.000369783	
      1378	0.000336033	
      1379	0.000307092	
      1380	0.00027821	
      1381	0.000253359	
      1382	0.000228853	
      1383	0.000209186	
      1384	0.000191784	
      1385	0.000174262	
      1386	0.000160107	
      1387	0.00014572	
      1388	0.000134061	
      1389	0.000123078	
      1390	0.000111603	
      1391	0.000103428	
      1392	9.52349e-05	
      1393	8.72245e-05	
      1394	7.99407e-05	
      1395	7.36571e-05	
      1396	7.93895e-05	
      1397	8.56449e-05	
      1398	9.26271e-05	
      1399	9.95813e-05	
      1400	0.000105379	
      1401	0.000113914	
      1402	0.000124659	
      1403	0.000134356	
      1404	0.000145942	
      1405	0.00015844	
      1406	0.00017298	
      1407	0.000187985	
      1408	0.000204407	
      1409	0.000223289	
      1410	0.000243169	
      1411	0.000263607	
      1412	0.000282825	
      1413	0.000311952	
      1414	0.000345591	
      1415	0.000379577	
      1416	0.000415526	
      1417	0.000458999	
      1418	0.000506315	
      1419	0.000553432	
      1420	0.000609566	
      1421	0.000676628	
      1422	0.000738448	
      1423	0.00081657	
      1424	0.000906782	
      1425	0.00101634	
      1426	 0.0011111	
      1427	0.00124897	
      1428	0.00140551	
      1429	0.00155256	
      1430	0.00174052	
      1431	0.00197012	
      1432	0.00226119	
      1433	0.00256062	
      1434	0.00286941	
      1435	0.00327475	
      1436	0.00374534	
      1437	0.00430035	
      1438	0.00493406	
      1439	 0.0057026	
      1440	 0.0063961	
      1441	0.00748651	
      1442	0.00878942	
      1443	0.00985115	
      1444	 0.0104291	
      1445	 0.0110272	
      1446	 0.0116963	
      1447	 0.0123092	
      1448	 0.0131029	
      1449	  0.013857	
      1450	 0.0145987	
      1451	 0.0153398	
      1452	 0.0162828	
      1453	 0.0173507	
      1454	 0.0183925	
      1455	 0.0195363	
      1456	 0.0207696	
      1457	 0.0223355	
      1458	   0.02418	
      1459	 0.0260107	
      1460	 0.0277541	
      1461	 0.0297418	
      1462	 0.0318243	
      1463	 0.0329009	
      1464	 0.0329564	
      1465	 0.0332402	
      1466	 0.0330027	
      1467	 0.0333812	
      1468	 0.0331444	
      1469	 0.0334036	
      1470	 0.0332481	
      1471	 0.0327974	
      1472	 0.0329115	
      1473	 0.0328521	
      1474	 0.0322401	
      1475	 0.0326536	
      1476	 0.0328387	
      1477	  0.032796	
      1478	 0.0344086	
      1479	 0.0364656	
      1480	 0.0384807	
      1481	 0.0402376	
      1482	 0.0425964	
      1483	 0.0443762	
      1484	 0.0473839	
      1485	 0.0507342	
      1486	 0.0533937	
      1487	 0.0556139	
      1488	 0.0548386	
      1489	 0.0631856	
      1490	 0.0690576	
      1491	 0.0743473	
      1492	 0.0795554	
      1493	 0.0868789	
      1494	 0.0946728	
      1495	  0.102975	
      1496	  0.111018	
      1497	  0.125253	
      1498	   0.12824	
      1499	  0.129698	
      1500	  0.133839	
      1501	  0.136209	
      1502	  0.136139	
      1503	  0.129578	
      1504	   0.13488	
      1505	   0.13495	
      1506	  0.142651	
      1507	  0.150272	
      1508	  0.152695	
      1509	  0.155684	
      1510	  0.161918	
      1511	  0.166141	
      1512	  0.168002	
      1513	  0.171814	
      1514	  0.176331	
      1515	  0.183359	
      1516	  0.189563	
      1517	  0.196487	
      1518	  0.207634	
      1519	   0.21736	
      1520	  0.236774	
      1521	  0.232713	
      1522	  0.231917	
      1523	  0.234576	
      1524	  0.235105	
      1525	  0.231953	
      1526	   0.23619	
      1527	  0.235695	
      1528	  0.236791	
      1529	  0.234491	
      1530	  0.226374	
      1531	  0.235214	
      1532	  0.237118	
      1533	  0.235293	
      1534	  0.232788	
      1535	  0.235216	
      1536	  0.238306	
      1537	  0.238805	
      1538	  0.235525	
      1539	  0.238886	
      1540	  0.230912	
      1541	  0.230415	
      1542	  0.230182	
      1543	  0.228923	
      1544	  0.228764	
      1545	  0.228095	
      1546	  0.225994	
      1547	  0.222157	
      1548	  0.217108	
      1549	  0.218686	
      1550	  0.216583	
      1551	  0.216233	
      1552	  0.216909	
      1553	  0.213955	
      1554	  0.209466	
      1555	  0.208862	
      1556	  0.206626	
      1557	  0.209384	
      1558	  0.208159	
      1559	   0.20824	
      1560	  0.207541	
      1561	  0.210569	
      1562	  0.210383	
      1563	  0.209811	
      1564	  0.208352	
      1565	   0.21056	
      1566	  0.209323	
      1567	  0.209778	
      1568	   0.20845	
      1569	  0.210334	
      1570	  0.210732	
      1571	  0.214887	
      1572	  0.215848	
      1573	  0.214098	
      1574	  0.212348	
      1575	  0.205188	
      1576	  0.210128	
      1577	  0.200176	
      1578	  0.211634	
      1579	  0.216753	
      1580	  0.218347	
      1581	  0.217767	
      1582	  0.211217	
      1583	  0.211892	
      1584	  0.210411	
      1585	  0.214284	
      1586	  0.212095	
      1587	  0.209085	
      1588	  0.203634	
      1589	  0.192866	
      1590	  0.196857	
      1591	  0.198284	
      1592	  0.205833	
      1593	  0.209288	
      1594	   0.20817	
      1595	  0.207283	
      1596	   0.19945	
      1597	  0.200725	
      1598	  0.204212	
      1599	  0.201086	
      1600	   0.20098	
      1601	  0.196398	
      1602	  0.197513	
      1603	  0.197544	
      1604	  0.197376	
      1605	  0.195251	
      1606	  0.194315	
      1607	    0.1932	
      1608	  0.195421	
      1609	  0.193342	
      1610	  0.184243	
      1611	  0.188062	
      1612	  0.190059	
      1613	  0.193563	
      1614	  0.193641	
      1615	  0.193045	
      1616	  0.187069	
      1617	  0.189896	
      1618	  0.195799	
      1619	  0.195506	
      1620	  0.191376	
      1621	  0.191851	
      1622	  0.195249	
      1623	  0.199782	
      1624	     0.201	
      1625	  0.199488	
      1626	    0.2023	
      1627	  0.204356	
      1628	   0.20692	
      1629	  0.209038	
      1630	  0.210686	
      1631	  0.211385	
      1632	  0.211103	
      1633	  0.208612	
      1634	  0.206582	
      1635	  0.208746	
      1636	  0.207941	
      1637	  0.201192	
      1638	  0.199416	
      1639	  0.196432	
      1640	   0.19818	
      1641	  0.197186	
      1642	   0.19741	
      1643	  0.200262	
      1644	  0.198619	
      1645	  0.197972	
      1646	  0.200389	
      1647	  0.200745	
      1648	  0.200123	
      1649	  0.197203	
      1650	  0.198772	
      1651	  0.196956	
      1652	  0.198759	
      1653	  0.197388	
      1654	  0.197988	
      1655	  0.196406	
      1656	  0.197336	
      1657	  0.197403	
      1658	  0.196371	
      1659	  0.194477	
      1660	   0.19553	
      1661	  0.196253	
      1662	  0.195563	
      1663	  0.194771	
      1664	  0.194409	
      1665	  0.192854	
      1666	  0.191414	
      1667	   0.19139	
      1668	  0.189074	
      1669	  0.190362	
      1670	  0.193073	
      1671	  0.191853	
      1672	  0.186283	
      1673	  0.188233	
      1674	  0.190288	
      1675	  0.188317	
      1676	  0.186244	
      1677	  0.187328	
      1678	  0.187865	
      1679	  0.183894	
      1680	  0.177053	
      1681	  0.170726	
      1682	  0.172842	
      1683	  0.176693	
      1684	  0.178553	
      1685	  0.178448	
      1686	  0.176077	
      1687	  0.175737	
      1688	  0.174902	
      1689	  0.172439	
      1690	  0.171966	
      1691	  0.173882	
      1692	  0.173653	
      1693	  0.172516	
      1694	  0.171904	
      1695	  0.171315	
      1696	  0.170124	
      1697	  0.168957	
      1698	  0.168306	
      1699	  0.166958	
      1700	  0.164632	
      1701	  0.163915	
      1702	   0.16348	
      1703	  0.162855	
      1704	  0.162198	
      1705	  0.161495	
      1706	  0.160397	
      1707	  0.159246	
      1708	  0.158104	
      1709	  0.156973	
      1710	  0.156006	
      1711	  0.155986	
      1712	  0.156125	
      1713	  0.156268	
      1714	  0.156413	
      1715	   0.15643	
      1716	  0.155629	
      1717	  0.154703	
      1718	  0.153784	
      1719	  0.152872	
      1720	  0.152027	
      1721	  0.151524	
      1722	  0.151088	
      1723	  0.150655	
      1724	  0.150226	
      1725	  0.149748	
      1726	  0.148924	
      1727	  0.148052	
      1728	  0.147186	
      1729	  0.146324	
      1730	  0.145339	
      1731	  0.143561	
      1732	  0.141664	
      1733	  0.139775	
      1734	  0.137893	
      1735	  0.136379	
      1736	  0.136989	
      1737	  0.137957	
      1738	  0.138922	
      1739	  0.139886	
      1740	  0.140626	
      1741	  0.119529	
      1742	  0.106129	
      1743	 0.0960786	
      1744	 0.0879984	
      1745	 0.0812804	
      1746	  0.075703	
      1747	 0.0708691	
      1748	  0.066596	
      1749	 0.0627785	
      1750	 0.0593487	
      1751	 0.0562793	
      1752	 0.0534861	
      1753	 0.0509234	
      1754	 0.0485616	
      1755	 0.0463593	
      1756	  0.044205	
      1757	 0.0421852	
      1758	 0.0403018	
      1759	 0.0385415	
      1760	 0.0369026	
      1761	 0.0354227	
      1762	 0.0340393	
      1763	 0.0327351	
      1764	 0.0315035	
      1765	 0.0303388	
      1766	 0.0292359	
      1767	 0.0281901	
      1768	 0.0271973	
      1769	 0.0262538	
      1770	 0.0253462	
      1771	 0.0244194	
      1772	 0.0235279	
      1773	 0.0226788	
      1774	 0.0218693	
      1775	 0.0211089	
      1776	 0.0204525	
      1777	 0.0198353	
      1778	 0.0192438	
      1779	 0.0186765	
      1780	 0.0181269	
      1781	 0.0175693	
      1782	 0.0170292	
      1783	 0.0165108	
      1784	 0.0160127	
      1785	 0.0155385	
      1786	 0.0151085	
      1787	 0.0146986	
      1788	 0.0143035	
      1789	 0.0139225	
      1790	 0.0135495	
      1791	 0.0131548	
      1792	 0.0127692	
      1793	 0.0123976	
      1794	 0.0120393	
      1795	 0.0116937	
      1796	 0.0113602	
      1797	 0.0110383	
      1798	 0.0107275	
      1799	 0.0104274	
      1800	 0.0101434	
      1801	0.00863013	
      1802	0.00739989	
      1803	0.00638475	
      1804	0.00553925	
      1805	0.00482872	
      1806	0.00422386	
      1807	0.00370903	
      1808	0.00326876	
      1809	 0.0028903	
      1810	0.00255815	
      1811	0.00224222	
      1812	0.00196581	
      1813	0.00172717	
      1814	 0.0015205	
      1815	0.00134514	
      1816	0.00121424	
      1817	0.00110151	
      1818	0.00100099	
      1819	0.000911139	
      1820	0.000830395	
      1821	0.000756521	
      1822	0.000689994	
      1823	0.000630179	
      1824	0.000576302	
      1825	0.00052714	
      1826	0.000479617	
      1827	0.000436419	
      1828	0.000397543	
      1829	0.00036251	
      1830	0.000331062	
      1831	0.000303477	
      1832	0.000278595	
      1833	0.000255989	
      1834	0.000235427	
      1835	0.000216674	
      1836	0.000199379	
      1837	0.000183587	
      1838	0.000169177	
      1839	0.000156014	
      1840	0.000143962	
      1841	0.000132798	
      1842	0.000122567	
      1843	0.000113198	
      1844	0.000104612	
      1845	9.67878e-05	
      1846	8.98615e-05	
      1847	8.35247e-05	
      1848	7.76802e-05	
      1849	7.2286e-05	
      1850	6.72819e-05	
      1851	6.25353e-05	
      1852	5.81349e-05	
      1853	5.40718e-05	
      1854	5.03178e-05	
      1855	4.68472e-05	
      1856	4.36367e-05	
      1857	4.06652e-05	
      1858	3.79132e-05	
      1859	3.53632e-05	
      1860	3.29991e-05	
      1861	3.4191e-05	
      1862	3.54308e-05	
      1863	3.67208e-05	
      1864	3.80631e-05	
      1865	3.94682e-05	
      1866	4.09702e-05	
      1867	4.25446e-05	
      1868	4.41863e-05	
      1869	4.58985e-05	
      1870	4.75802e-05	
      1871	4.86648e-05	
      1872	4.96542e-05	
      1873	5.06521e-05	
      1874	5.16573e-05	
      1875	5.29602e-05	
      1876	5.60954e-05	
      1877	5.9726e-05	
      1878	6.35728e-05	
      1879	6.7649e-05	
      1880	7.17728e-05	
      1881	7.49134e-05	
      1882	7.79934e-05	
      1883	8.12154e-05	
      1884	8.45869e-05	
      1885	8.80433e-05	
      1886	9.11802e-05	
      1887	9.43642e-05	
      1888	9.76727e-05	
      1889	0.000101111	
      1890	0.000104761	
      1891	0.000109027	
      1892	0.000113573	
      1893	0.000118333	
      1894	0.000123321	
      1895	0.00012864	
      1896	0.000134805	
      1897	 0.0001414	
      1898	0.000148352	
      1899	0.000155684	
      1900	0.000163337	
      1901	0.000170846	
      1902	0.000178659	
      1903	0.000186878	
      1904	0.000195528	
      1905	0.000204605	
      1906	0.000213917	
      1907	0.000223683	
      1908	0.000233962	
      1909	0.000244785	
      1910	0.000256241	
      1911	0.00026859	
      1912	0.000281685	
      1913	0.000295514	
      1914	0.000310124	
      1915	0.000325568	
      1916	0.000341898	
      1917	0.000359175	
      1918	0.000377461	
      1919	0.000396825	
      1920	0.000417342	
      1921	0.000396105	
      1922	0.000398626	
      1923	0.000406165	
      1924	0.000416693	
      1925	0.00042934	
      1926	0.000442954	
      1927	0.000458147	
      1928	0.000475026	
      1929	0.000493594	
      1930	0.000514286	
      1931	0.000539287	
      1932	0.000566911	
      1933	0.00059693	
      1934	0.000629539	
      1935	0.000664606	
      1936	0.000700251	
      1937	0.00073853	
      1938	0.000780076	
      1939	0.000825207	
      1940	0.000872942	
      1941	0.000916275	
      1942	0.000961581	
      1943	0.00101053	
      1944	0.00106349	
      1945	0.00112461	
      1946	0.00121527	
      1947	0.00131999	
      1948	0.00143643	
      1949	0.00156627	
      1950	0.00171009	
      1951	0.00186252	
      1952	0.00203196	
      1953	0.00222272	
      1954	0.00243838	
      1955	0.00268119	
      1956	0.00294435	
      1957	0.00324287	
      1958	0.00358642	
      1959	0.00398466	
      1960	0.00444952	
      1961	0.00474684	
      1962	0.00506945	
      1963	0.00542107	
      1964	0.00580514	
      1965	0.00623072	
      1966	0.00673096	
      1967	0.00728986	
      1968	0.00790988	
      1969	0.00859992	
      1970	0.00936533	
      1971	 0.0101853	
      1972	 0.0110999	
      1973	 0.0121314	
      1974	 0.0133016	
      1975	 0.0146373	
      1976	 0.0161732	
      1977	 0.0179545	
      1978	 0.0200413	
      1979	 0.0225162	
      1980	  0.025503	
      1981	 0.0292056	
      1982	 0.0338857	
      1983	 0.0400187	
      1984	 0.0485559	
      1985	 0.0619476	
      1986	 0.0464885	
      1987	 0.0389024	
      1988	 0.0337279	
      1989	 0.0298264	
      1990	 0.0267037	
      1991	  0.024018	
      1992	 0.0217446	
      1993	 0.0198037	
      1994	 0.0181248	
      1995	 0.0166687	
      1996	 0.0154426	
      1997	 0.0143615	
      1998	 0.0133932	
      1999	 0.0125213	
      2000	 0.0117273	
      2001	 0.0109777	
      2002	 0.0102905	
      2003	 0.0096626	
      2004	0.00908716	
      2005	0.00856204	
      2006	0.00894416	
      2007	0.00935358	
      2008	0.00978856	
      2009	 0.0102513	
      2010	 0.0107423	
      2011	 0.0112504	
      2012	 0.0117905	
      2013	  0.012368	
      2014	 0.0129864	
      2015	 0.0136475	
      2016	  0.014338	
      2017	 0.0150788	
      2018	 0.0158782	
      2019	 0.0167433	
      2020	 0.0176902	
      2021	 0.0187722	
      2022	  0.019966	
      2023	 0.0212792	
      2024	 0.0227309	
      2025	 0.0243336	
      2026	 0.0260565	
      2027	 0.0279844	
      2028	 0.0301765	
      2029	  0.032699	
      2030	 0.0356568	
      2031	 0.0392371	
      2032	 0.0436532	
      2033	 0.0493519	
      2034	 0.0574165	
      2035	 0.0729463	
      2036	 0.0717163	
      2037	 0.0705827	
      2038	 0.0695351	
      2039	 0.0685577	
      2040	 0.0676895	
      2041	  0.067146	
      2042	 0.0666901	
      2043	 0.0662665	
      2044	 0.0658716	
      2045	 0.0654598	
      2046	 0.0647948	
      2047	 0.0641132	
      2048	 0.0634555	
      2049	 0.0628198	
      2050	 0.0622222	
      2051	 0.0617252	
      2052	 0.0612623	
      2053	 0.0608151	
      2054	 0.0603826	
      2055	 0.0599528	
      2056	 0.0594455	
      2057	 0.0589406	
      2058	 0.0584489	
      2059	   0.05797	
      2060	 0.0575202	
      2061	   0.05716	
      2062	 0.0568272	
      2063	 0.0565049	
      2064	 0.0561929	
      2065	 0.0558911	
      2066	  0.056162	
      2067	 0.0564384	
      2068	 0.0567205	
      2069	 0.0570086	
      2070	 0.0573199	
      2071	  0.057718	
      2072	 0.0581417	
      2073	 0.0585743	
      2074	 0.0590162	
      2075	 0.0594444	
      2076	 0.0597283	
      2077	 0.0599964	
      2078	 0.0602726	
      2079	 0.0605576	
      2080	 0.0608641	
      2081	 0.0612426	
      2082	 0.0616455	
      2083	 0.0620615	
      2084	 0.0624916	
      2085	 0.0629433	
      2086	 0.0634245	
      2087	 0.0639306	
      2088	 0.0644568	
      2089	 0.0650053	
      2090	 0.0655648	
      2091	 0.0660835	
      2092	 0.0666174	
      2093	  0.067184	
      2094	 0.0677883	
      2095	 0.0684653	
      2096	 0.0693837	
      2097	  0.070402	
      2098	 0.0715093	
      2099	 0.0727322	
      2100	 0.0741073	
      2101	 0.0741341	
      2102	  0.074154	
      2103	 0.0741747	
      2104	 0.0741962	
      2105	 0.0742032	
      2106	 0.0741179	
      2107	 0.0740178	
      2108	 0.0739184	
      2109	 0.0738197	
      2110	 0.0737295	
      2111	 0.0737026	
      2112	 0.0736845	
      2113	 0.0736675	
      2114	 0.0736516	
      2115	 0.0736368	
      2116	 0.0736076	
      2117	 0.0735796	
      2118	 0.0735529	
      2119	 0.0735277	
      2120	 0.0735039	
      2121	 0.0734658	
      2122	 0.0734293	
      2123	 0.0733945	
      2124	 0.0733615	
      2125	 0.0733543	
      2126	 0.0734767	
      2127	 0.0736257	
      2128	 0.0737777	
      2129	 0.0739329	
      2130	 0.0740594	
      2131	 0.0740127	
      2132	 0.0739371	
      2133	 0.0738649	
      2134	 0.0737966	
      2135	 0.0737568	
      2136	  0.073884	
      2137	 0.0740418	
      2138	 0.0742067	
      2139	 0.0743798	
      2140	 0.0745378	
      2141	 0.0745591	
      2142	 0.0745681	
      2143	 0.0745926	
      2144	 0.0746367	
      2145	 0.0747325	
      2146	 0.0749839	
      2147	 0.0753241	
      2148	 0.0757889	
      2149	 0.0757402	
      2150	 0.0756831	
      2151	 0.0755417	
      2152	  0.075392	
      2153	 0.0752425	
      2154	  0.075093	
      2155	 0.0749438	
      2156	 0.0747609	
      2157	 0.0745782	
      2158	 0.0743956	
      2159	 0.0742132	
      2160	 0.0739298	
      2161	 0.0730235	
      2162	 0.0720166	
      2163	 0.0710101	
      2164	  0.070004	
      2165	  0.069192	
      2166	 0.0695581	
      2167	 0.0701175	
      2168	 0.0706769	
      2169	 0.0712361	
      2170	 0.0717363	
      2171	 0.0718498	
      2172	 0.0719045	
      2173	 0.0719592	
      2174	  0.072014	
      2175	 0.0720352	
      2176	  0.071855	
      2177	 0.0716413	
      2178	 0.0714277	
      2179	 0.0712142	
      2180	 0.0710261	
      2181	 0.0710059	
      2182	  0.071011	
      2183	 0.0710161	
      2184	 0.0710213	
      2185	  0.070993	
      2186	 0.0707468	
      2187	 0.0704672	
      2188	 0.0701877	
      2189	 0.0699085	
      2190	 0.0696712	
      2191	 0.0696855	
      2192	 0.0697416	
      2193	 0.0697978	
      2194	 0.0698541	
      2195	 0.0698853	
      2196	 0.0697826	
      2197	 0.0696549	
      2198	 0.0695273	
      2199	 0.0693819	
      2200	 0.0692116	
      2201	 0.0688911	
      2202	 0.0685459	
      2203	  0.068201	
      2204	 0.0678565	
      2205	 0.0675541	
      2206	 0.0674689	
      2207	 0.0674255	
      2208	 0.0673822	
      2209	 0.0673391	
      2210	 0.0672877	
      2211	 0.0672032	
      2212	 0.0671104	
      2213	 0.0670178	
      2214	 0.0669254	
      2215	 0.0668331	
      2216	 0.0667409	
      2217	 0.0666489	
      2218	  0.066557	
      2219	 0.0664653	
      2220	 0.0663571	
      2221	 0.0661495	
      2222	 0.0659256	
      2223	 0.0657019	
      2224	 0.0654785	
      2225	 0.0652718	
      2226	 0.0651647	
      2227	 0.0650743	
      2228	  0.064984	
      2229	 0.0648939	
      2230	 0.0648038	
      2231	 0.0646974	
      2232	 0.0645911	
      2233	  0.064485	
      2234	  0.064379	
      2235	 0.0642566	
      2236	 0.0640189	
      2237	 0.0637649	
      2238	 0.0635112	
      2239	 0.0632577	
      2240	 0.0630291	
      2241	  0.062949	
      2242	 0.0628937	
      2243	 0.0628384	
      2244	 0.0627833	
      2245	 0.0627118	
      2246	 0.0625582	
      2247	 0.0623883	
      2248	 0.0622186	
      2249	 0.0620491	
      2250	 0.0618798	
      2251	 0.0616778	
      2252	 0.0614759	
      2253	 0.0612743	
      2254	 0.0610729	
      2255	  0.060888	
      2256	 0.0608179	
      2257	 0.0607644	
      2258	 0.0607109	
      2259	 0.0606575	
      2260	 0.0605959	
      2261	 0.0604528	
      2262	 0.0603015	
      2263	 0.0601505	
      2264	 0.0599995	
      2265	 0.0598651	
      2266	 0.0597961	
      2267	 0.0597434	
      2268	 0.0596909	
      2269	 0.0596384	
      2270	 0.0595779	
      2271	 0.0591897	
      2272	 0.0588061	
      2273	  0.058434	
      2274	 0.0580724	
      2275	 0.0577046	
      2276	 0.0572666	
      2277	  0.056822	
      2278	  0.056386	
      2279	 0.0559581	
      2280	 0.0555611	
      2281	 0.0553104	
      2282	 0.0550884	
      2283	 0.0548712	
      2284	 0.0546588	
      2285	 0.0544508	
      2286	 0.0542165	
      2287	 0.0539865	
      2288	 0.0537604	
      2289	 0.0535382	
      2290	 0.0532897	
      2291	 0.0528508	
      2292	  0.052387	
      2293	 0.0519282	
      2294	 0.0514741	
      2295	 0.0510687	
      2296	 0.0509023	
      2297	 0.0507823	
      2298	 0.0506645	
      2299	 0.0505487	
      2300	 0.0504276	
      2301	 0.0502506	
      2302	 0.0500687	
      2303	  0.049889	
      2304	 0.0497114	
      2305	 0.0495288	
      2306	 0.0493197	
      2307	 0.0491057	
      2308	 0.0488939	
      2309	 0.0486841	
      2310	 0.0484763	
      2311	 0.0482425	
      2312	 0.0480107	
      2313	  0.047781	
      2314	 0.0475532	
      2315	 0.0473274	
      2316	 0.0471173	
      2317	  0.046909	
      2318	 0.0467024	
      2319	 0.0464975	
      2320	 0.0462738	
      2321	 0.0459015	
      2322	 0.0455112	
      2323	 0.0451234	
      2324	 0.0447382	
      2325	 0.0444027	
      2326	 0.0443256	
      2327	 0.0442965	
      2328	  0.044268	
      2329	 0.0442401	
      2330	 0.0441927	
      2331	 0.0440394	
      2332	 0.0438672	
      2333	 0.0436963	
      2334	 0.0435266	
      2335	 0.0433581	
      2336	 0.0431907	
      2337	 0.0430245	
      2338	 0.0428594	
      2339	 0.0426954	
      2340	  0.042539	
      2341	 0.0424227	
      2342	 0.0423137	
      2343	 0.0422055	
      2344	 0.0420982	
      2345	 0.0419786	
      2346	 0.0417956	
      2347	 0.0416008	
      2348	 0.0414071	
      2349	 0.0412145	
      2350	 0.0410103	
      2351	  0.040718	
      2352	 0.0404146	
      2353	 0.0401127	
      2354	 0.0398123	
      2355	 0.0395513	
      2356	 0.0394932	
      2357	 0.0394733	
      2358	 0.0394536	
      2359	 0.0394343	
      2360	 0.0394089	
      2361	 0.0376945	
      2362	 0.0361707	
      2363	 0.0348011	
      2364	 0.0335563	
      2365	 0.0324099	
      2366	 0.0313115	
      2367	 0.0302862	
      2368	 0.0293292	
      2369	 0.0284322	
      2370	 0.0275841	
      2371	 0.0267581	
      2372	 0.0259726	
      2373	 0.0252277	
      2374	 0.0245198	
      2375	 0.0238614	
      2376	 0.0233093	
      2377	 0.0227965	
      2378	 0.0223058	
      2379	 0.0218355	
      2380	 0.0213565	
      2381	 0.0207407	
      2382	 0.0201226	
      2383	 0.0195284	
      2384	 0.0189566	
      2385	 0.0184372	
      2386	 0.0181197	
      2387	 0.0178426	
      2388	 0.0175743	
      2389	 0.0173144	
      2390	 0.0170511	
      2391	 0.0167291	
      2392	 0.0164062	
      2393	 0.0160931	
      2394	 0.0157895	
      2395	 0.0154948	
      2396	 0.0152035	
      2397	 0.0149206	
      2398	 0.0146458	
      2399	 0.0143785	
      2400	 0.0141186	
      2401	 0.0138704	
      2402	 0.0136287	
      2403	 0.0133934	
      2404	 0.0131642	
      2405	 0.0129408	
      2406	 0.0127273	
      2407	 0.0125192	
      2408	 0.0123161	
      2409	 0.0121179	
      2410	 0.0119144	
      2411	 0.0116563	
      2412	 0.0113949	
      2413	   0.01114	
      2414	 0.0108915	
      2415	 0.0106641	
      2416	 0.0105232	
      2417	 0.0103998	
      2418	 0.0102788	
      2419	 0.0101602	
      2420	 0.0100388	
      2421	 0.0098854	
      2422	0.00973025	
      2423	0.00957842	
      2424	0.00942981	
      2425	0.00928594	
      2426	0.00915465	
      2427	0.00902758	
      2428	0.00890303	
      2429	0.00878094	
      2430	0.00865972	
      2431	0.00852592	
      2432	0.00839333	
      2433	0.00826339	
      2434	0.00813604	
      2435	0.00801261	
      2436	 0.0079028	
      2437	0.00779643	
      2438	0.00769203	
      2439	0.00758955	
      2440	0.00748762	
      2441	0.00737704	
      2442	0.00726724	
      2443	0.00715949	
      2444	0.00705374	
      2445	0.00694871	
      2446	0.00684067	
      2447	0.00673342	
      2448	0.00662816	
      2449	0.00652485	
      2450	0.00642579	
      2451	0.00601198	
      2452	0.00563569	
      2453	0.00529061	
      2454	0.00497335	
      2455	0.00468272	
      2456	0.00442241	
      2457	0.00418273	
      2458	0.00396015	
      2459	0.00375309	
      2460	0.00355949	
      2461	0.00337389	
      2462	0.00320005	
      2463	0.00303758	
      2464	0.00288553	
      2465	0.00274206	
      2466	 0.0026027	
      2467	0.00247112	
      2468	0.00234765	
      2469	0.00223167	
      2470	0.00212343	
      2471	0.00202686	
      2472	0.00193646	
      2473	0.00185104	
      2474	0.00177028	
      2475	0.00169291	
      2476	 0.0016136	
      2477	 0.0015378	
      2478	0.00146616	
      2479	0.00139842	
      2480	0.00133509	
      2481	0.00127855	
      2482	0.00122558	
      2483	0.00117523	
      2484	0.00112737	
      2485	0.00108225	
      2486	 0.0010413	
      2487	0.00100262	
      2488	0.000965688	
      2489	0.000930408	
      2490	0.000895145	
      2491	0.000852217	
      2492	0.000810054	
      2493	0.000770068	
      2494	0.000732133	
      2495	0.000698269	
      2496	0.000677877	
      2497	0.000660204	
      2498	0.000643091	
      2499	0.000626515	
      2500	0.000609506	
      2501	0.000215487	
      2502	8.77439e-05	
      2503	3.92504e-05	
      2504	1.87956e-05	
      2505	9.48274e-06	
      2506	4.97939e-06	
      2507	2.70621e-06	
      2508	1.51437e-06	
      2509	8.68955e-07	
      2510	5.09741e-07	
      2511	3.05216e-07	
      2512	1.85961e-07	
      2513	1.15067e-07	
      2514	7.22027e-08	
      2515	4.58874e-08	
      2516	2.95178e-08	
      2517	1.91931e-08	
      2518	1.26045e-08	
      2519	8.35447e-09	
      2520	5.58651e-09	
      2521	3.76895e-09	
      2522	2.56254e-09	
      2523	1.75471e-09	
      2524	1.20962e-09	
      2525	8.39325e-10	
      2526	5.86625e-10	
      2527	4.12431e-10	
      2528	2.91535e-10	
      2529	2.0714e-10	
      2530	1.4787e-10	
      2531	1.05833e-10	
      2532	7.60699e-11	
      2533	5.49122e-11	
      2534	3.98026e-11	
      2535	2.89708e-11	
      2536	2.11849e-11	
      2537	1.55516e-11	
      2538	1.14564e-11	
      2539	8.46837e-12	
      2540	6.28017e-12	
      2541	4.67415e-12	
      2542	3.48949e-12	
      2543	2.6128e-12	
      2544	1.96197e-12	
      2545	1.47736e-12	
      2546	1.11496e-12	
      2547	8.4365e-13	
      2548	6.39979e-13	
      2549	4.86672e-13	
      2550	3.70975e-13	
      2551	2.83317e-13	
      2552	2.1686e-13	
      2553	1.66358e-13	
      2554	1.27889e-13	
      2555	9.85212e-14	
      2556	7.60183e-14	
      2557	5.87714e-14	
      2558	4.55253e-14	
      2559	3.53311e-14	
      2560	2.74761e-14	
      2561	2.14249e-14	
      2562	1.67394e-14	
      2563	1.31011e-14	
      2564	1.02709e-14	
      2565	8.06529e-15	
      2566	6.34073e-15	
      2567	4.99278e-15	
      2568	3.93744e-15	
      2569	3.10987e-15	
      2570	2.45986e-15	
      2571	1.94767e-15	
      2572	1.54432e-15	
      2573	1.2262e-15	
      2574	9.74942e-16	
      2575	7.76206e-16	
      2576	6.18793e-16	
      2577	4.93939e-16	
      2578	3.94776e-16	
      2579	3.15913e-16	
      2580	2.53056e-16	
      2581	2.02671e-16	
      2582	1.62471e-16	
      2583	1.30394e-16	
      2584	1.04768e-16	
      2585	8.43105e-17	
      2586	6.8142e-17	
      2587	5.51594e-17	
      2588	4.4698e-17	
      2589	3.62587e-17	
      2590	2.94364e-17	
      2591	2.3878e-17	
      2592	1.9384e-17	
      2593	1.57513e-17	
      2594	1.28118e-17	
      2595	1.04332e-17	
      2596	8.51213e-18	
      2597	6.95285e-18	
      2598	5.68439e-18	
      2599	4.65154e-18	
      2600	3.80974e-18	
      2601	2.31303e-18	
      2602	1.74054e-18	
      2603	1.36369e-18	
      2604	1.09162e-18	
      2605	8.86138e-19	
      2606	7.25965e-19	
      2607	5.99385e-19	
      2608	4.97974e-19	
      2609	4.15862e-19	
      2610	3.48815e-19	
      2611	2.93823e-19	
      2612	2.48323e-19	
      2613	2.10487e-19	
      2614	1.78887e-19	
      2615	1.52394e-19	
      2616	1.29984e-19	
      2617	1.11091e-19	
      2618	9.51181e-20	
      2619	8.15808e-20	
      2620	7.00479e-20	
      2621	6.00327e-20	
      2622	5.14948e-20	
      2623	4.42276e-20	
      2624	3.80317e-20	
      2625	3.27814e-20	
      2626	2.84827e-20	
      2627	2.48043e-20	
      2628	2.16228e-20	
      2629	1.88675e-20	
      2630	1.64705e-20	
      2631	1.4349e-20	
      2632	1.25054e-20	
      2633	1.09077e-20	
      2634	9.52164e-21	
      2635	8.31609e-21	
      2636	7.25081e-21	
      2637	6.3249e-21	
      2638	5.52097e-21	
      2639	4.82241e-21	
      2640	4.21702e-21	
      2641	3.70098e-21	
      2642	3.25171e-21	
      2643	2.8587e-21	
      2644	2.51466e-21	
      2645	2.21328e-21	
      2646	1.94717e-21	
      2647	1.71398e-21	
      2648	1.50951e-21	
      2649	1.33013e-21	
      2650	1.17265e-21	
      2651	1.03329e-21	
      2652	9.10928e-22	
      2653	8.03434e-22	
      2654	7.08951e-22	
      2655	6.26019e-22	
      2656	5.53592e-22	
      2657	4.89882e-22	
      2658	4.3369e-22	
      2659	3.84105e-22	
      2660	3.40243e-22	
      2661	3.01054e-22	
      2662	2.66416e-22	
      2663	2.35854e-22	
      2664	2.08877e-22	
      2665	1.85149e-22	
      2666	1.64515e-22	
      2667	1.46309e-22	
      2668	1.30164e-22	
      2669	1.15843e-22	
      2670	1.03107e-22	
      2671	9.15677e-23	
      2672	8.13264e-23	
      2673	7.22543e-23	
      2674	6.4215e-23	
      2675	5.71032e-23	
      2676	5.08479e-23	
      2677	4.53039e-23	
      2678	4.03769e-23	
      2679	3.59968e-23	
      2680	3.21017e-23	
      2681	2.86366e-23	
      2682	2.55532e-23	
      2683	2.28084e-23	
      2684	2.03643e-23	
      2685	1.81874e-23	
      2686	1.62307e-23	
      2687	1.44885e-23	
      2688	1.29369e-23	
      2689	1.15545e-23	
      2690	1.03226e-23	
      2691	9.22934e-24	
      2692	8.25405e-24	
      2693	7.38373e-24	
      2694	6.60688e-24	
      2695	5.91326e-24	
      2696	5.29096e-24	
      2697	4.73532e-24	
      2698	4.23907e-24	
      2699	3.79574e-24	
      2700	3.4005e-24	
      2701	3.92798e-24	
      2702	4.54073e-24	
      2703	5.25167e-24	
      2704	6.07696e-24	
      2705	7.03548e-24	
      2706	8.14933e-24	
      2707	9.44435e-24	
      2708	1.09508e-23	
      2709	1.27042e-23	
      2710	1.47461e-23	
      2711	1.71346e-23	
      2712	1.99207e-23	
      2713	2.31723e-23	
      2714	2.69694e-23	
      2715	3.1406e-23	
      2716	3.65728e-23	
      2717	4.26135e-23	
      2718	 4.968e-23	
      2719	5.79515e-23	
      2720	6.76391e-23	
      2721	7.89488e-23	
      2722	9.22036e-23	
      2723	1.07748e-22	
      2724	1.25988e-22	
      2725	1.47445e-22	
      2726	1.72758e-22	
      2727	2.02599e-22	
      2728	2.37743e-22	
      2729	2.7916e-22	
      2730	3.28002e-22	
      2731	3.8521e-22	
      2732	4.5269e-22	
      2733	5.32341e-22	
      2734	6.26423e-22	
      2735	7.37629e-22	
      2736	8.69655e-22	
      2737	1.02602e-21	
      2738	1.21134e-21	
      2739	1.43115e-21	
      2740	1.69205e-21	
      2741	2.00308e-21	
      2742	2.37302e-21	
      2743	2.81337e-21	
      2744	3.33794e-21	
      2745	3.96331e-21	
      2746	4.70681e-21	
      2747	5.59412e-21	
      2748	6.65394e-21	
      2749	7.92085e-21	
      2750	9.43659e-21	
      2751	1.12452e-20	
      2752	1.34115e-20	
      2753	1.60085e-20	
      2754	1.91246e-20	
      2755	2.28669e-20	
      2756	2.73654e-20	
      2757	3.27778e-20	
      2758	3.92959e-20	
      2759	4.7153e-20	
      2760	5.66334e-20	
      2761	6.8123e-20	
      2762	8.20214e-20	
      2763	9.88508e-20	
      2764	1.1925e-19	
      2765	1.44002e-19	
      2766	1.74169e-19	
      2767	2.10871e-19	
      2768	2.55575e-19	
      2769	3.10083e-19	
      2770	3.76511e-19	
      2771	4.57137e-19	
      2772	5.5548e-19	
      2773	6.75739e-19	
      2774	8.22974e-19	
      2775	1.00346e-18	
      2776	1.2257e-18	
      2777	1.49896e-18	
      2778	1.83541e-18	
      2779	2.25018e-18	
      2780	2.7622e-18	
      2781	3.39715e-18	
      2782	4.18359e-18	
      2783	5.15905e-18	
      2784	6.3707e-18	
      2785	7.87795e-18	
      2786	9.75574e-18	
      2787	1.20987e-17	
      2788	1.50268e-17	
      2789	1.86918e-17	
      2790	2.32868e-17	
      2791	2.90399e-17	
      2792	3.62728e-17	
      2793	4.53822e-17	
      2794	5.68752e-17	
      2795	7.14237e-17	
      2796	8.99072e-17	
      2797	1.13414e-16	
      2798	1.43331e-16	
      2799	1.81486e-16	
      2800	2.30245e-16	
      2801	2.71765e-16	
      2802	  3.21e-16	
      2803	3.79428e-16	
      2804	4.48819e-16	
      2805	5.31457e-16	
      2806	6.30173e-16	
      2807	7.48027e-16	
      2808	8.88612e-16	
      2809	1.05645e-15	
      2810	1.25699e-15	
      2811	1.49682e-15	
      2812	1.78388e-15	
      2813	2.12776e-15	
      2814	2.5401e-15	
      2815	3.03496e-15	
      2816	3.62716e-15	
      2817	4.33877e-15	
      2818	5.19469e-15	
      2819	6.22518e-15	
      2820	7.46706e-15	
      2821	8.95961e-15	
      2822	1.07609e-14	
      2823	1.29369e-14	
      2824	1.55686e-14	
      2825	1.87605e-14	
      2826	2.26444e-14	
      2827	 2.737e-14	
      2828	3.31172e-14	
      2829	4.01152e-14	
      2830	4.86461e-14	
      2831	5.9021e-14	
      2832	7.16915e-14	
      2833	8.71849e-14	
      2834	1.06154e-13	
      2835	1.29409e-13	
      2836	1.57856e-13	
      2837	1.92802e-13	
      2838	2.35792e-13	
      2839	2.8875e-13	
      2840	3.54085e-13	
      2841	4.35084e-13	
      2842	5.35374e-13	
      2843	6.59739e-13	
      2844	8.14204e-13	
      2845	1.00637e-12	
      2846	1.24501e-12	
      2847	1.54271e-12	
      2848	1.91471e-12	
      2849	2.3804e-12	
      2850	2.96443e-12	
      2851	3.69825e-12	
      2852	4.62207e-12	
      2853	5.78738e-12	
      2854	7.26032e-12	
      2855	9.12598e-12	
      2856	1.15018e-11	
      2857	1.45262e-11	
      2858	1.83851e-11	
      2859	2.33203e-11	
      2860	2.96476e-11	
      2861	3.77799e-11	
      2862	4.82594e-11	
      2863	6.17996e-11	
      2864	7.93432e-11	
      2865	1.02139e-10	
      2866	1.31673e-10	
      2867	1.70232e-10	
      2868	2.20736e-10	
      2869	2.87106e-10	
      2870	3.74756e-10	
      2871	4.9113e-10	
      2872	 6.461e-10	
      2873	8.53056e-10	
      2874	1.13058e-09	
      2875	1.50484e-09	
      2876	2.01268e-09	
      2877	2.70458e-09	
      2878	 3.651e-09	
      2879	4.95239e-09	
      2880	6.7519e-09	
      2881	9.24228e-09	
      2882	1.27235e-08	
      2883	1.76222e-08	
      2884	2.45648e-08	
      2885	3.44798e-08	
      2886	4.87897e-08	
      2887	6.95917e-08	
      2888	1.00124e-07	
      2889	1.45414e-07	
      2890	2.13377e-07	
      2891	3.16689e-07	
      2892	4.7602e-07	
      2893	7.25813e-07	
      2894	1.12493e-06	
      2895	1.77714e-06	
      2896	2.87066e-06	
      2897	4.77259e-06	
      2898	8.25083e-06	
      2899	1.51814e-05	
      2900	3.37381e-05	
      2901	3.45167e-05	
      2902	3.53158e-05	
      2903	3.61357e-05	
      2904	3.69773e-05	
      2905	3.78411e-05	
      2906	3.87008e-05	
      2907	3.95828e-05	
      2908	4.04877e-05	
      2909	4.14162e-05	
      2910	4.23691e-05	
      2911	4.33166e-05	
      2912	4.42883e-05	
      2913	4.52852e-05	
      2914	4.63078e-05	
      2915	4.73569e-05	
      2916	4.84678e-05	
      2917	4.96086e-05	
      2918	5.07802e-05	
      2919	5.19835e-05	
      2920	5.32196e-05	
      2921	5.44895e-05	
      2922	5.57942e-05	
      2923	5.71348e-05	
      2924	5.85125e-05	
      2925	5.99285e-05	
      2926	6.13839e-05	
      2927	6.28802e-05	
      2928	6.44185e-05	
      2929	6.60002e-05	
      2930	6.76268e-05	
      2931	6.92494e-05	
      2932	7.09173e-05	
      2933	7.26318e-05	
      2934	7.43946e-05	
      2935	7.62071e-05	
      2936	7.81284e-05	
      2937	8.01058e-05	
      2938	8.21414e-05	
      2939	8.42371e-05	
      2940	8.6395e-05	
      2941	8.85516e-05	
      2942	9.07713e-05	
      2943	9.30561e-05	
      2944	9.54082e-05	
      2945	9.78665e-05	
      2946	0.000100474	
      2947	0.000103201	
      2948	0.000106014	
      2949	0.000108917	
      2950	0.000111912	
      2951	0.000115002	
      2952	0.000118193	
      2953	0.000121487	
      2954	0.000124888	
      2955	 0.0001284	
      2956	0.000131929	
      2957	0.000135572	
      2958	0.000139334	
      2959	0.000143218	
      2960	0.000147231	
      2961	0.000151492	
      2962	0.000155898	
      2963	0.000160455	
      2964	0.000165169	
      2965	0.000170046	
      2966	0.00017496	
      2967	0.000180044	
      2968	0.000185303	
      2969	0.000190746	
      2970	0.00019638	
      2971	0.000202368	
      2972	0.000208573	
      2973	0.000215005	
      2974	0.000221674	
      2975	0.000228589	
      2976	0.000235582	
      2977	0.000242832	
      2978	0.000250351	
      2979	0.000258153	
      2980	0.000266249	
      2981	0.000274866	
      2982	0.00028382	
      2983	0.000293127	
      2984	0.000302804	
      2985	0.000312869	
      2986	0.000323089	
      2987	0.00033372	
      2988	0.000344781	
      2989	0.000356295	
      2990	0.000368285	
      2991	0.000381075	
      2992	0.000394415	
      2993	0.000408334	
      2994	0.000422865	
      2995	0.000438043	
      2996	0.000453907	
      2997	0.000470498	
      2998	0.00048786	
      2999	0.000506046	
      3000	0.000525111	
      3001	0.000524832	
      3002	0.000524553	
      3003	0.000524273	
      3004	0.000523992	
      3005	0.000523711	
      3006	0.000523846	
      3007	0.000523982	
      3008	0.000524118	
      3009	0.000524254	
      3010	0.00052439	
      3011	0.000524527	
      3012	0.000524664	
      3013	 0.0005248	
      3014	0.000524937	
      3015	0.000525075	
      3016	0.00052479	
      3017	0.000524505	
      3018	0.000524219	
      3019	0.000523932	
      3020	0.000523645	
      3021	0.000523357	
      3022	0.000523068	
      3023	0.000522779	
      3024	0.000522489	
      3025	0.000522198	
      3026	0.000522334	
      3027	0.000522469	
      3028	0.000522605	
      3029	0.000522742	
      3030	0.000522879	
      3031	0.000522587	
      3032	0.000522294	
      3033	0.000522001	
      3034	0.000521707	
      3035	0.000521413	
      3036	0.000520686	
      3037	0.000519959	
      3038	0.000519229	
      3039	0.000518499	
      3040	0.000517983	
      3041	0.000518768	
      3042	0.000519772	
      3043	0.000520778	
      3044	0.000521786	
      3045	0.000522797	
      3046	0.000523374	
      3047	0.000523953	
      3048	0.000524533	
      3049	0.000525115	
      3050	0.000525698	
      3051	0.000525844	
      3052	0.000525991	
      3053	0.000526138	
      3054	0.000526287	
      3055	0.000526435	
      3056	0.000526585	
      3057	0.000526735	
      3058	0.000526886	
      3059	0.000527038	
      3060	0.000527191	
      3061	0.000526457	
      3062	0.000525723	
      3063	0.000524987	
      3064	0.00052425	
      3065	0.000523735	
      3066	0.000523665	
      3067	0.00052382	
      3068	0.000523975	
      3069	0.000524131	
      3070	0.000524289	
      3071	0.000524896	
      3072	0.000525505	
      3073	0.000526117	
      3074	0.000526732	
      3075	0.000527348	
      3076	0.000527065	
      3077	0.000526782	
      3078	 0.0005265	
      3079	0.000526218	
      3080	0.000525937	
      3081	0.000525657	
      3082	0.000525377	
      3083	0.000525099	
      3084	0.000524821	
      3085	0.000524545	
      3086	0.000524269	
      3087	0.000523995	
      3088	0.000523722	
      3089	0.000523451	
      3090	0.000523181	
      3091	0.000522913	
      3092	0.000522647	
      3093	0.000522383	
      3094	0.000522121	
      3095	0.000521862	
      3096	0.000521605	
      3097	0.000521352	
      3098	0.000521101	
      3099	0.000520854	
      3100	0.000520611	
      3101	0.000514503	
      3102	0.000513184	
      3103	 0.0005133	
      3104	0.000514194	
      3105	0.000515606	
      3106	0.000516933	
      3107	0.000518556	
      3108	0.000520419	
      3109	0.000522488	
      3110	0.000524734	
      3111	0.000526661	
      3112	0.000528724	
      3113	0.000530912	
      3114	0.000533215	
      3115	0.00053587	
      3116	0.000539124	
      3117	0.000542734	
      3118	0.00054645	
      3119	0.000550269	
      3120	0.000554189	
      3121	0.000558207	
      3122	0.000562322	
      3123	0.000566533	
      3124	0.000570838	
      3125	0.000575237	
      3126	0.000579729	
      3127	0.000584315	
      3128	0.000588993	
      3129	0.000593764	
      3130	0.000598628	
      3131	0.000603586	
      3132	0.000608638	
      3133	0.000613784	
      3134	0.000619025	
      3135	0.000624362	
      3136	0.000629206	
      3137	0.000634137	
      3138	0.000639155	
      3139	0.00064426	
      3140	0.000649454	
      3141	0.000655356	
      3142	0.000661361	
      3143	0.00066747	
      3144	0.000673686	
      3145	0.000680008	
      3146	0.000685789	
      3147	0.000691667	
      3148	0.000697643	
      3149	0.000703719	
      3150	0.000709896	
      3151	0.000716864	
      3152	0.000723951	
      3153	0.000731159	
      3154	0.000738492	
      3155	0.000745951	
      3156	0.000753538	
      3157	0.000761257	
      3158	0.000769109	
      3159	0.000777096	
      3160	0.000785223	
      3161	0.000794259	
      3162	0.000803457	
      3163	0.00081282	
      3164	0.000822353	
      3165	0.000832058	
      3166	0.000840313	
      3167	0.000848709	
      3168	0.00085725	
      3169	0.000865938	
      3170	0.000875204	
      3171	0.000885498	
      3172	0.000896418	
      3173	0.000907543	
      3174	0.000918877	
      3175	0.000930426	
      3176	0.000940355	
      3177	0.000950462	
      3178	0.000960751	
      3179	0.000971227	
      3180	0.000981893	
      3181	0.000993734	
      3182	 0.0010058	
      3183	 0.0010181	
      3184	0.00103063	
      3185	0.00104341	
      3186	0.00105749	
      3187	0.00107185	
      3188	 0.0010865	
      3189	0.00110145	
      3190	0.00111671	
      3191	0.00113116	
      3192	0.00114591	
      3193	0.00116095	
      3194	0.00117631	
      3195	0.00119199	
      3196	0.00120679	
      3197	0.00122189	
      3198	0.00123731	
      3199	0.00125304	
      3200	0.00126974	
      3201	0.00126241	
      3202	0.00125577	
      3203	 0.0012492	
      3204	0.00124268	
      3205	0.00123622	
      3206	0.00122858	
      3207	  0.001221	
      3208	0.00121349	
      3209	0.00120605	
      3210	0.00119867	
      3211	0.00119015	
      3212	 0.0011817	
      3213	0.00117333	
      3214	0.00116503	
      3215	 0.0011568	
      3216	0.00114982	
      3217	 0.0011429	
      3218	0.00113603	
      3219	0.00112922	
      3220	0.00112246	
      3221	0.00111576	
      3222	0.00110912	
      3223	0.00110252	
      3224	0.00109598	
      3225	 0.0010895	
      3226	0.00108418	
      3227	 0.0010789	
      3228	0.00107366	
      3229	0.00106846	
      3230	 0.0010633	
      3231	0.00105708	
      3232	0.00105092	
      3233	 0.0010448	
      3234	0.00103873	
      3235	 0.0010327	
      3236	0.00102672	
      3237	0.00102079	
      3238	 0.0010149	
      3239	0.00100905	
      3240	0.00100325	
      3241	0.000997492	
      3242	0.000991777	
      3243	0.000986103	
      3244	0.000980472	
      3245	0.000974882	
      3246	0.000970349	
      3247	0.000965847	
      3248	0.000961376	
      3249	0.000956935	
      3250	0.000952524	
      3251	0.000946157	
      3252	0.000939838	
      3253	0.000933567	
      3254	0.000927341	
      3255	0.000921162	
      3256	  0.000916	
      3257	0.000910873	
      3258	0.000905783	
      3259	0.000900728	
      3260	0.000895709	
      3261	0.000890725	
      3262	0.000885775	
      3263	0.00088086	
      3264	0.000875978	
      3265	0.000871131	
      3266	0.000866316	
      3267	0.000861535	
      3268	0.000856786	
      3269	0.00085207	
      3270	0.000847385	
      3271	0.000842733	
      3272	0.000838112	
      3273	0.000833522	
      3274	0.000828963	
      3275	0.000824434	
      3276	0.000819936	
      3277	0.000815468	
      3278	0.000811029	
      3279	0.00080662	
      3280	0.00080224	
      3281	0.000797889	
      3282	0.000793567	
      3283	0.000789273	
      3284	0.000785007	
      3285	0.000780769	
      3286	0.000777409	
      3287	0.000774069	
      3288	0.000770748	
      3289	0.000767447	
      3290	0.000763748	
      3291	0.000758409	
      3292	0.000752693	
      3293	0.000747018	
      3294	0.000741381	
      3295	0.000736194	
      3296	0.000731856	
      3297	0.000727951	
      3298	0.000724072	
      3299	0.000720217	
      3300	0.000716386	
      3301	0.000725752	
      3302	0.000735274	
      3303	0.000744956	
      3304	0.000754803	
      3305	0.000764817	
      3306	0.00077327	
      3307	0.000781852	
      3308	0.000790565	
      3309	0.000799412	
      3310	0.000808396	
      3311	0.000818445	
      3312	0.000828663	
      3313	0.000839052	
      3314	0.000849617	
      3315	0.000860361	
      3316	0.000869307	
      3317	0.000878386	
      3318	 0.0008876	
      3319	0.000896953	
      3320	0.000906971	
      3321	0.000919274	
      3322	0.00093234	
      3323	0.00094565	
      3324	0.000959211	
      3325	0.000973028	
      3326	0.000984826	
      3327	0.000996827	
      3328	0.00100904	
      3329	0.00102146	
      3330	 0.0010341	
      3331	0.00104819	
      3332	0.00106255	
      3333	0.00107719	
      3334	 0.0010921	
      3335	 0.0011073	
      3336	 0.0011228	
      3337	 0.0011386	
      3338	0.00115471	
      3339	0.00117114	
      3340	 0.0011879	
      3341	  0.001205	
      3342	0.00122245	
      3343	0.00124025	
      3344	0.00125843	
      3345	0.00127698	
      3346	0.00129437	
      3347	0.00131212	
      3348	0.00133023	
      3349	0.00134871	
      3350	0.00136758	
      3351	0.00138851	
      3352	0.00140991	
      3353	0.00143179	
      3354	0.00145416	
      3355	0.00147704	
      3356	0.00150045	
      3357	 0.0015244	
      3358	0.00154891	
      3359	  0.001574	
      3360	0.00159969	
      3361	0.00162601	
      3362	0.00165297	
      3363	0.00168059	
      3364	 0.0017089	
      3365	0.00173793	
      3366	0.00176771	
      3367	0.00179825	
      3368	 0.0018296	
      3369	0.00186177	
      3370	0.00189481	
      3371	0.00192875	
      3372	0.00196363	
      3373	0.00199948	
      3374	0.00203635	
      3375	0.00207428	
      3376	0.00211331	
      3377	0.00215351	
      3378	0.00219491	
      3379	0.00223757	
      3380	0.00228157	
      3381	0.00232986	
      3382	0.00237973	
      3383	0.00243127	
      3384	0.00248455	
      3385	0.00253968	
      3386	 0.0025935	
      3387	0.00264921	
      3388	0.00270694	
      3389	0.00276678	
      3390	0.00282888	
      3391	0.00289337	
      3392	0.00296039	
      3393	0.00303013	
      3394	0.00310276	
      3395	0.00317848	
      3396	0.00325338	
      3397	0.00333164	
      3398	 0.0034135	
      3399	0.00349926	
      3400	0.00359157	
      3401	0.00361821	
      3402	0.00364749	
      3403	0.00367709	
      3404	0.00370702	
      3405	0.00373492	
      3406	0.00375354	
      3407	0.00376993	
      3408	0.00378648	
      3409	0.00380319	
      3410	0.00382252	
      3411	0.00384701	
      3412	0.00387427	
      3413	0.00390185	
      3414	0.00392974	
      3415	0.00395796	
      3416	0.00398137	
      3417	0.00400503	
      3418	0.00402897	
      3419	0.00405317	
      3420	0.00407765	
      3421	0.00410241	
      3422	0.00412746	
      3423	0.00415281	
      3424	0.00417845	
      3425	 0.0042044	
      3426	0.00423065	
      3427	0.00425723	
      3428	0.00428413	
      3429	0.00431136	
      3430	0.00433893	
      3431	 0.0043726	
      3432	0.00440671	
      3433	0.00444127	
      3434	0.00447629	
      3435	0.00451179	
      3436	0.00454178	
      3437	0.00457217	
      3438	0.00460297	
      3439	0.00463418	
      3440	0.00466582	
      3441	0.00469789	
      3442	0.00473041	
      3443	0.00476338	
      3444	0.00479683	
      3445	0.00483075	
      3446	0.00486516	
      3447	0.00490008	
      3448	0.00493552	
      3449	0.00497149	
      3450	0.00500801	
      3451	0.00505186	
      3452	0.00509642	
      3453	0.00514168	
      3454	0.00518768	
      3455	0.00523444	
      3456	0.00527488	
      3457	0.00531599	
      3458	0.00535779	
      3459	0.00540031	
      3460	0.00544355	
      3461	0.00549497	
      3462	0.00554732	
      3463	0.00560062	
      3464	 0.0056549	
      3465	0.00571019	
      3466	0.00575874	
      3467	0.00580822	
      3468	0.00585866	
      3469	0.00591011	
      3470	0.00596258	
      3471	0.00601614	
      3472	0.00607081	
      3473	0.00612664	
      3474	0.00618369	
      3475	  0.006242	
      3476	0.00630162	
      3477	0.00636262	
      3478	0.00642506	
      3479	0.00648901	
      3480	0.00655453	
      3481	0.00663086	
      3482	0.00670915	
      3483	0.00678949	
      3484	0.00687201	
      3485	0.00695682	
      3486	0.00703435	
      3487	0.00711419	
      3488	0.00719651	
      3489	0.00728147	
      3490	0.00736926	
      3491	 0.0074601	
      3492	0.00755423	
      3493	0.00765192	
      3494	 0.0077535	
      3495	0.00785936	
      3496	0.00796994	
      3497	 0.0080858	
      3498	0.00820762	
      3499	0.00833627	
      3500	 0.0084729	
      3501	0.00847945	
      3502	0.00848602	
      3503	0.00849261	
      3504	0.00849923	
      3505	0.00850587	
      3506	0.00850055	
      3507	0.00849523	
      3508	0.00848991	
      3509	 0.0084846	
      3510	 0.0084793	
      3511	  0.008474	
      3512	0.00846871	
      3513	0.00846343	
      3514	0.00845815	
      3515	0.00845287	
      3516	0.00844761	
      3517	0.00844235	
      3518	 0.0084371	
      3519	0.00843186	
      3520	0.00842662	
      3521	0.00843353	
      3522	0.00844046	
      3523	0.00844743	
      3524	0.00845442	
      3525	0.00846144	
      3526	0.00845631	
      3527	0.00845119	
      3528	0.00844608	
      3529	0.00844098	
      3530	0.00843589	
      3531	0.00844305	
      3532	0.00845024	
      3533	0.00845746	
      3534	0.00846472	
      3535	0.00847201	
      3536	0.00846705	
      3537	 0.0084621	
      3538	0.00845717	
      3539	0.00845225	
      3540	0.00844735	
      3541	 0.0084548	
      3542	 0.0084623	
      3543	0.00846983	
      3544	 0.0084774	
      3545	0.00848502	
      3546	0.00848027	
      3547	0.00847555	
      3548	0.00847085	
      3549	0.00846616	
      3550	 0.0084615	
      3551	0.00845686	
      3552	0.00845225	
      3553	0.00844766	
      3554	0.00844309	
      3555	0.00843855	
      3556	0.00843404	
      3557	0.00842955	
      3558	0.00842509	
      3559	0.00842066	
      3560	0.00841627	
      3561	0.00842447	
      3562	0.00843274	
      3563	0.00844106	
      3564	0.00844945	
      3565	0.00845789	
      3566	0.00845377	
      3567	0.00844968	
      3568	0.00844564	
      3569	0.00844164	
      3570	0.00843769	
      3571	0.00843378	
      3572	0.00842992	
      3573	0.00842611	
      3574	0.00842236	
      3575	0.00841866	
      3576	0.00841502	
      3577	0.00841144	
      3578	0.00840793	
      3579	0.00840448	
      3580	0.00840111	
      3581	0.00841064	
      3582	0.00842029	
      3583	0.00843005	
      3584	0.00843992	
      3585	0.00844992	
      3586	0.00844712	
      3587	0.00844443	
      3588	0.00844185	
      3589	0.00843939	
      3590	0.00843705	
      3591	0.00843484	
      3592	0.00843277	
      3593	0.00843086	
      3594	 0.0084291	
      3595	0.00842752	
      3596	0.00843922	
      3597	0.00845115	
      3598	0.00846335	
      3599	0.00847583	
      3600	0.00848861	
      3601	0.00847995	
      3602	0.00847128	
      3603	0.00846261	
      3604	0.00845393	
      3605	0.00844525	
      3606	0.00843657	
      3607	0.00842788	
      3608	0.00841919	
      3609	0.00841049	
      3610	0.00840179	
      3611	0.00840633	
      3612	0.00841088	
      3613	0.00841543	
      3614	   0.00842	
      3615	0.00842458	
      3616	0.00841589	
      3617	0.00840721	
      3618	0.00839852	
      3619	0.00838982	
      3620	0.00838112	
      3621	0.00838573	
      3622	0.00839035	
      3623	0.00839499	
      3624	0.00839963	
      3625	0.00840429	
      3626	0.00839561	
      3627	0.00838693	
      3628	0.00837825	
      3629	0.00836956	
      3630	0.00836087	
      3631	0.00836557	
      3632	0.00837028	
      3633	0.00837499	
      3634	0.00837973	
      3635	0.00838447	
      3636	0.00837581	
      3637	0.00836715	
      3638	0.00835848	
      3639	0.00834981	
      3640	0.00834114	
      3641	0.00834593	
      3642	0.00835074	
      3643	0.00835556	
      3644	0.00836039	
      3645	0.00836524	
      3646	 0.0083566	
      3647	0.00834797	
      3648	0.00833933	
      3649	0.00833069	
      3650	0.00832205	
      3651	0.00831342	
      3652	0.00830478	
      3653	0.00829614	
      3654	0.00828751	
      3655	0.00827887	
      3656	0.00828382	
      3657	0.00828878	
      3658	0.00829376	
      3659	0.00829876	
      3660	0.00830377	
      3661	0.00830881	
      3662	0.00831386	
      3663	0.00831894	
      3664	0.00832403	
      3665	0.00832914	
      3666	0.00830695	
      3667	0.00828474	
      3668	0.00826252	
      3669	0.00824029	
      3670	0.00822489	
      3671	 0.0082232	
      3672	0.00822837	
      3673	0.00823357	
      3674	0.00823879	
      3675	0.00824404	
      3676	0.00823556	
      3677	0.00822709	
      3678	0.00821862	
      3679	0.00821017	
      3680	0.00820172	
      3681	0.00819328	
      3682	0.00818485	
      3683	0.00817643	
      3684	0.00816802	
      3685	0.00815962	
      3686	0.00816508	
      3687	0.00817056	
      3688	0.00817608	
      3689	0.00818163	
      3690	0.00818722	
      3691	0.00817895	
      3692	 0.0081707	
      3693	0.00816247	
      3694	0.00815426	
      3695	0.00814607	
      3696	 0.0081379	
      3697	0.00812975	
      3698	0.00812163	
      3699	0.00811353	
      3700	0.00810546	
      3701	0.00811096	
      3702	0.00811647	
      3703	  0.008122	
      3704	0.00812755	
      3705	0.00813312	
      3706	0.00812468	
      3707	0.00811623	
      3708	0.00810779	
      3709	0.00809934	
      3710	0.00809089	
      3711	0.00809653	
      3712	0.00810218	
      3713	0.00810785	
      3714	0.00811354	
      3715	0.00811926	
      3716	0.00811086	
      3717	0.00810246	
      3718	0.00809405	
      3719	0.00808565	
      3720	0.00807725	
      3721	0.00808303	
      3722	0.00808883	
      3723	0.00809465	
      3724	0.00810049	
      3725	0.00810635	
      3726	  0.008098	
      3727	0.00808964	
      3728	0.00808129	
      3729	0.00807294	
      3730	0.00806459	
      3731	0.00807052	
      3732	0.00807647	
      3733	0.00808244	
      3734	0.00808844	
      3735	0.00809446	
      3736	0.00807182	
      3737	0.00804916	
      3738	0.00802648	
      3739	0.00800378	
      3740	0.00798825	
      3741	 0.0079871	
      3742	0.00799316	
      3743	0.00799925	
      3744	0.00800535	
      3745	0.00801148	
      3746	0.00800319	
      3747	0.00799489	
      3748	 0.0079866	
      3749	0.00797831	
      3750	0.00797001	
      3751	0.00797622	
      3752	0.00798246	
      3753	0.00798872	
      3754	  0.007995	
      3755	 0.0080013	
      3756	0.00799307	
      3757	0.00798485	
      3758	0.00797662	
      3759	0.00796839	
      3760	0.00796017	
      3761	0.00796656	
      3762	0.00797298	
      3763	0.00797943	
      3764	 0.0079859	
      3765	 0.0079924	
      3766	0.00799892	
      3767	0.00800547	
      3768	0.00801204	
      3769	0.00801865	
      3770	0.00802527	
      3771	0.00801719	
      3772	0.00800911	
      3773	0.00800104	
      3774	0.00799297	
      3775	 0.0079849	
      3776	0.00797683	
      3777	0.00796877	
      3778	0.00796071	
      3779	0.00795265	
      3780	 0.0079446	
      3781	0.00795141	
      3782	0.00795825	
      3783	0.00796513	
      3784	0.00797203	
      3785	0.00797896	
      3786	  0.007971	
      3787	0.00796304	
      3788	0.00795509	
      3789	0.00794714	
      3790	0.00793919	
      3791	0.00794625	
      3792	0.00795333	
      3793	0.00796045	
      3794	 0.0079676	
      3795	0.00797479	
      3796	0.00796695	
      3797	0.00795911	
      3798	0.00795128	
      3799	0.00794346	
      3800	0.00793565	
      3801	0.00788777	
      3802	0.00785058	
      3803	0.00781964	
      3804	0.00779293	
      3805	0.00776931	
      3806	0.00773333	
      3807	0.00769936	
      3808	0.00766705	
      3809	0.00763614	
      3810	0.00760646	
      3811	0.00759244	
      3812	0.00757932	
      3813	  0.007567	
      3814	 0.0075554	
      3815	0.00754446	
      3816	0.00751963	
      3817	0.00749539	
      3818	 0.0074717	
      3819	0.00744851	
      3820	0.00742581	
      3821	0.00741795	
      3822	0.00741048	
      3823	0.00740338	
      3824	0.00739662	
      3825	 0.0073902	
      3826	0.00738409	
      3827	0.00737829	
      3828	0.00737277	
      3829	0.00736754	
      3830	0.00736256	
      3831	0.00734356	
      3832	0.00732483	
      3833	0.00730635	
      3834	0.00728812	
      3835	0.00727012	
      3836	0.00726661	
      3837	0.00726331	
      3838	0.00726022	
      3839	0.00725733	
      3840	0.00725463	
      3841	0.00723791	
      3842	0.00722139	
      3843	0.00720507	
      3844	0.00718893	
      3845	0.00717299	
      3846	0.00717143	
      3847	0.00717004	
      3848	0.00716882	
      3849	0.00716778	
      3850	 0.0071669	
      3851	0.00715201	
      3852	0.00713728	
      3853	0.00712272	
      3854	0.00710833	
      3855	 0.0070941	
      3856	0.00708713	
      3857	0.00708032	
      3858	0.00706658	
      3859	 0.0070601	
      3860	0.00705378	
      3861	0.00704762	
      3862	0.00704872	
      3863	0.00704288	
      3864	0.00704432	
      3865	0.00703881	
      3866	0.00702637	
      3867	0.00702121	
      3868	 0.0070091	
      3869	0.00700426	
      3870	0.00699249	
      3871	0.00699512	
      3872	0.00699794	
      3873	0.00700094	
      3874	0.00700413	
      3875	0.00700752	
      3876	0.00699684	
      3877	0.00699349	
      3878	 0.0069832	
      3879	0.00698025	
      3880	0.00697037	
      3881	0.00696784	
      3882	0.00696555	
      3883	0.00696348	
      3884	0.00696166	
      3885	0.00696008	
      3886	0.00696595	
      3887	 0.0069721	
      3888	0.00698574	
      3889	0.00699251	
      3890	 0.0069996	
      3891	0.00699261	
      3892	0.00698595	
      3893	0.00698687	
      3894	0.00698094	
      3895	0.00697542	
      3896	0.00698485	
      3897	0.00698751	
      3898	0.00699798	
      3899	0.00700175	
      3900	0.00701346	
      3901	0.00702351	
      3902	0.00703363	
      3903	0.00703646	
      3904	0.00704669	
      3905	0.00705697	
      3906	0.00705994	
      3907	0.00705557	
      3908	0.00705861	
      3909	0.00705429	
      3910	0.00705741	
      3911	0.00706799	
      3912	 0.0070712	
      3913	 0.0070819	
      3914	0.00708521	
      3915	0.00709604	
      3916	0.00709197	
      3917	0.00708793	
      3918	0.00709142	
      3919	0.00708744	
      3920	0.00708349	
      3921	0.00709464	
      3922	0.00710588	
      3923	0.00710962	
      3924	  0.007121	
      3925	0.00713246	
      3926	0.00712879	
      3927	0.00713278	
      3928	 0.0071292	
      3929	0.00713329	
      3930	 0.0071298	
      3931	0.00714167	
      3932	0.00714595	
      3933	0.00715799	
      3934	0.00716242	
      3935	0.00717463	
      3936	0.00717922	
      3937	0.00717614	
      3938	0.00718086	
      3939	0.00717789	
      3940	0.00718275	
      3941	0.00718769	
      3942	0.00720052	
      3943	0.00720565	
      3944	 0.0072187	
      3945	0.00722401	
      3946	0.00722155	
      3947	0.00721915	
      3948	0.00722472	
      3949	0.00722248	
      3950	0.00722031	
      3951	0.00722615	
      3952	0.00724006	
      3953	0.00724614	
      3954	0.00726032	
      3955	0.00726665	
      3956	 0.0072731	
      3957	0.00727968	
      3958	0.00727833	
      3959	0.00728516	
      3960	0.00729212	
      3961	0.00730733	
      3962	0.00732272	
      3963	0.00733017	
      3964	0.00734593	
      3965	0.00736189	
      3966	0.00736169	
      3967	0.00736983	
      3968	0.00736994	
      3969	0.00737845	
      3970	 0.0073789	
      3971	0.00739608	
      3972	0.00740523	
      3973	0.00742293	
      3974	0.00743257	
      3975	0.00745082	
      3976	  0.007461	
      3977	0.00746306	
      3978	 0.0074738	
      3979	0.00747641	
      3980	0.00748776	
      3981	0.00749947	
      3982	0.00751155	
      3983	0.00753256	
      3984	0.00754548	
      3985	0.00755885	
      3986	0.00758131	
      3987	0.00759571	
      3988	0.00761934	
      3989	0.00763493	
      3990	0.00765991	
      3991	0.00766817	
      3992	0.00768595	
      3993	0.00769581	
      3994	0.00771543	
      3995	0.00772729	
      3996	0.00775817	
      3997	0.00778162	
      3998	0.00781577	
      3999	  0.007843	
      4000	0.00788177	
