       280	7.67254e-10	
       281	1.56553e-09	
       282	2.93893e-09	
       283	3.90226e-09	
       284	3.90256e-09	
       285	2.74479e-09	
       286	3.82832e-09	
       287	5.96323e-09	
       288	5.94884e-09	
       289	7.94315e-09	
       290	1.19413e-08	
       291	1.42089e-08	
       292	1.41767e-08	
       293	1.45224e-08	
       294	1.54574e-08	
       295	1.65619e-08	
       296	1.85131e-08	
       297	1.78477e-08	
       298	1.95169e-08	
       299	1.94087e-08	
       300	2.00083e-08	
       301	7.47417e-08	
       302	2.88051e-07	
       303	1.36479e-06	
       304	5.41032e-06	
       305	2.03229e-05	
       306	3.29219e-05	
       307	6.04989e-05	
       308	0.000112904	
       309	0.000178286	
       310	0.000301875	
       311	0.000581378	
       312	0.000824122	
       313	0.00118477	
       314	0.00175717	
       315	0.00242065	
       316	0.00266192	
       317	0.00380658	
       318	0.00456052	
       319	0.00526213	
       320	 0.0069252	
       321	0.00793049	
       322	0.00865627	
       323	0.00928361	
       324	 0.0117622	
       325	 0.0154625	
       326	 0.0198784	
       327	 0.0222624	
       328	 0.0233885	
       329	 0.0269887	
       330	 0.0319797	
       331	 0.0312342	
       332	 0.0326378	
       333	 0.0335629	
       334	 0.0354614	
       335	 0.0389418	
       336	 0.0365932	
       337	 0.0356238	
       338	 0.0409867	
       339	 0.0450654	
       340	 0.0500464	
       341	  0.049604	
       342	 0.0518706	
       343	 0.0553199	
       344	 0.0491031	
       345	 0.0524997	
       346	 0.0572215	
       347	 0.0593821	
       348	 0.0595781	
       349	 0.0604251	
       350	 0.0685739	
       351	 0.0735653	
       352	  0.070521	
       353	 0.0736779	
       354	 0.0855594	
       355	 0.0887086	
       356	  0.083041	
       357	  0.072312	
       358	 0.0671296	
       359	 0.0758168	
       360	 0.0948353	
       361	 0.0878119	
       362	 0.0911555	
       363	  0.101642	
       364	  0.104277	
       365	  0.112229	
       366	  0.130235	
       367	  0.132379	
       368	  0.126442	
       369	  0.132235	
       370	   0.14127	
       371	  0.136248	
       372	  0.134425	
       373	  0.122832	
       374	  0.113842	
       375	  0.124011	
       376	    0.1406	
       377	  0.154362	
       378	   0.18176	
       379	  0.166069	
       380	  0.158581	
       381	  0.169204	
       382	  0.136816	
       383	  0.108729	
       384	  0.122931	
       385	  0.156456	
       386	  0.154071	
       387	  0.160128	
       388	  0.159175	
       389	  0.174666	
       390	  0.202122	
       391	  0.218255	
       392	  0.204513	
       393	  0.132993	
       394	  0.138292	
       395	  0.215169	
       396	  0.200685	
       397	  0.141232	
       398	   0.23479	
       399	  0.301375	
       400	  0.321422	
       401	  0.337111	
       402	  0.350436	
       403	  0.346922	
       404	  0.351968	
       405	  0.349903	
       406	  0.344822	
       407	  0.343666	
       408	  0.361162	
       409	  0.378195	
       410	   0.34692	
       411	  0.376356	
       412	  0.400573	
       413	   0.39397	
       414	  0.393081	
       415	  0.408812	
       416	  0.422759	
       417	  0.417987	
       418	  0.408797	
       419	  0.417444	
       420	  0.402911	
       421	  0.440885	
       422	  0.444851	
       423	  0.437083	
       424	  0.439594	
       425	  0.451755	
       426	   0.44446	
       427	  0.435586	
       428	  0.435769	
       429	  0.403833	
       430	  0.336422	
       431	  0.331197	
       432	  0.476192	
       433	  0.474195	
       434	  0.451876	
       435	  0.489455	
       436	  0.535237	
       437	  0.543894	
       438	  0.494886	
       439	  0.485691	
       440	  0.538389	
       441	  0.549435	
       442	  0.581522	
       443	  0.595622	
       444	  0.590886	
       445	  0.603934	
       446	  0.571446	
       447	  0.623239	
       448	  0.641777	
       449	  0.648019	
       450	  0.672538	
       451	  0.694063	
       452	  0.673347	
       453	  0.640176	
       454	  0.670031	
       455	  0.677894	
       456	  0.698095	
       457	  0.708659	
       458	  0.700762	
       459	  0.697868	
       460	  0.701834	
       461	   0.72283	
       462	  0.735612	
       463	  0.738675	
       464	   0.72555	
       465	   0.71849	
       466	  0.728064	
       467	  0.713455	
       468	  0.736296	
       469	  0.743611	
       470	  0.727659	
       471	  0.741413	
       472	  0.771747	
       473	  0.759237	
       474	   0.76891	
       475	  0.791086	
       476	   0.77969	
       477	  0.789426	
       478	  0.809926	
       479	  0.804105	
       480	  0.814416	
       481	  0.817035	
       482	  0.819114	
       483	   0.81214	
       484	  0.802016	
       485	  0.781624	
       486	  0.678736	
       487	  0.728342	
       488	  0.781434	
       489	  0.766495	
       490	  0.824792	
       491	  0.809602	
       492	  0.786926	
       493	  0.820562	
       494	  0.820769	
       495	  0.854184	
       496	  0.833749	
       497	  0.838108	
       498	  0.823751	
       499	  0.823711	
       500	   0.82362	
       501	  0.807171	
       502	  0.811701	
       503	   0.83744	
       504	  0.812529	
       505	  0.852605	
       506	  0.883564	
       507	  0.857862	
       508	  0.840799	
       509	  0.866894	
       510	  0.856344	
       511	  0.868808	
       512	  0.883558	
       513	  0.846014	
       514	  0.828507	
       515	  0.849372	
       516	  0.839067	
       517	  0.735124	
       518	  0.789528	
       519	  0.793161	
       520	  0.848019	
       521	  0.865483	
       522	  0.878363	
       523	   0.84954	
       524	   0.89257	
       525	  0.895593	
       526	   0.86244	
       527	  0.794061	
       528	  0.871744	
       529	  0.914503	
       530	  0.899799	
       531	  0.933629	
       532	  0.915626	
       533	  0.847813	
       534	  0.881655	
       535	   0.90551	
       536	  0.925266	
       537	  0.883022	
       538	  0.905142	
       539	   0.89078	
       540	  0.863726	
       541	  0.846365	
       542	  0.899432	
       543	  0.900743	
       544	  0.922614	
       545	  0.909968	
       546	  0.906359	
       547	  0.911843	
       548	  0.899622	
       549	  0.915456	
       550	  0.912942	
       551	  0.915083	
       552	  0.927027	
       553	  0.910702	
       554	  0.923232	
       555	  0.928373	
       556	   0.91563	
       557	  0.898526	
       558	  0.905441	
       559	  0.877137	
       560	  0.889566	
       561	  0.923647	
       562	  0.901417	
       563	  0.920644	
       564	  0.915078	
       565	  0.911344	
       566	  0.882754	
       567	  0.921193	
       568	  0.923611	
       569	  0.912328	
       570	  0.906614	
       571	  0.886694	
       572	  0.923923	
       573	  0.934147	
       574	  0.929062	
       575	  0.913554	
       576	  0.910609	
       577	  0.922102	
       578	   0.90434	
       579	  0.909731	
       580	  0.915807	
       581	  0.918803	
       582	  0.928112	
       583	  0.933701	
       584	  0.931146	
       585	  0.924822	
       586	  0.909662	
       587	  0.925426	
       588	  0.909613	
       589	  0.839922	
       590	  0.872166	
       591	   0.91276	
       592	  0.912124	
       593	  0.912124	
       594	  0.914577	
       595	  0.915131	
       596	  0.925996	
       597	  0.931786	
       598	  0.919493	
       599	  0.916895	
       600	  0.921489	
       601	  0.912404	
       602	  0.907906	
       603	  0.923898	
       604	  0.940763	
       605	  0.941912	
       606	  0.941221	
       607	  0.944093	
       608	   0.94326	
       609	  0.938853	
       610	  0.938714	
       611	  0.939538	
       612	  0.952714	
       613	  0.942504	
       614	   0.92665	
       615	  0.944018	
       616	  0.928697	
       617	  0.924441	
       618	  0.952463	
       619	   0.96444	
       620	  0.969398	
       621	  0.974368	
       622	  0.961516	
       623	   0.96143	
       624	  0.958446	
       625	  0.948205	
       626	  0.953062	
       627	  0.978266	
       628	  0.985405	
       629	   0.98745	
       630	  0.981411	
       631	  0.973196	
       632	  0.950148	
       633	  0.980997	
       634	  0.977106	
       635	  0.979131	
       636	  0.968454	
       637	  0.991395	
       638	   1.00093	
       639	  0.992426	
       640	  0.975552	
       641	  0.975223	
       642	   0.97943	
       643	  0.989733	
       644	  0.986333	
       645	  0.993614	
       646	   0.98096	
       647	  0.989001	
       648	   0.98472	
       649	  0.961828	
       650	  0.957417	
       651	  0.994197	
       652	  0.994496	
       653	   0.99869	
       654	  0.987991	
       655	  0.944987	
       656	  0.852871	
       657	  0.880645	
       658	  0.964062	
       659	  0.981157	
       660	  0.994346	
       661	   1.00359	
       662	   1.00646	
       663	    1.0037	
       664	   1.00252	
       665	   1.01345	
       666	   1.01144	
       667	    1.0029	
       668	  0.991752	
       669	  0.991608	
       670	  0.972524	
       671	  0.963187	
       672	  0.950174	
       673	  0.948839	
       674	  0.940964	
       675	  0.934271	
       676	  0.938744	
       677	  0.929524	
       678	  0.929026	
       679	  0.918699	
       680	  0.915472	
       681	  0.913921	
       682	  0.911724	
       683	  0.905052	
       684	  0.898491	
       685	  0.893556	
       686	  0.877287	
       687	  0.892312	
       688	   0.89901	
       689	  0.898923	
       690	  0.897375	
       691	  0.895866	
       692	  0.891317	
       693	  0.899093	
       694	  0.903131	
       695	  0.898707	
       696	  0.902133	
       697	  0.905675	
       698	  0.902218	
       699	   0.90998	
       700	  0.910743	
       701	  0.910047	
       702	   0.91114	
       703	  0.922273	
       704	  0.935478	
       705	  0.946744	
       706	   0.94445	
       707	  0.946185	
       708	  0.954178	
       709	  0.961961	
       710	  0.987208	
       711	  0.933859	
       712	  0.896785	
       713	  0.871296	
       714	   0.85637	
       715	  0.830536	
       716	  0.824692	
       717	  0.813879	
       718	  0.794446	
       719	  0.766903	
       720	  0.780408	
       721	  0.780876	
       722	  0.780714	
       723	  0.774199	
       724	  0.773522	
       725	  0.772363	
       726	  0.775012	
       727	   0.78223	
       728	   0.78607	
       729	  0.772286	
       730	  0.801375	
       731	  0.803174	
       732	  0.818449	
       733	  0.823542	
       734	  0.846686	
       735	  0.855023	
       736	  0.857911	
       737	  0.870377	
       738	  0.879189	
       739	  0.880379	
       740	   0.91749	
       741	  0.915325	
       742	  0.914097	
       743	  0.932842	
       744	  0.942672	
       745	  0.940796	
       746	  0.942658	
       747	   0.94465	
       748	   0.94221	
       749	  0.943643	
       750	   0.94166	
       751	  0.944721	
       752	   0.94943	
       753	  0.953756	
       754	  0.960543	
       755	  0.960762	
       756	  0.950625	
       757	  0.950825	
       758	  0.955671	
       759	  0.947232	
       760	   0.95106	
       761	   0.94732	
       762	  0.947357	
       763	   0.90256	
       764	  0.869159	
       765	  0.835052	
       766	  0.790129	
       767	  0.775692	
       768	  0.780413	
       769	  0.779921	
       770	  0.786117	
       771	  0.794322	
       772	  0.802993	
       773	  0.812216	
       774	  0.822109	
       775	  0.832843	
       776	  0.843802	
       777	   0.85183	
       778	   0.86744	
       779	  0.891215	
       780	   0.92203	
       781	  0.919987	
       782	   0.92393	
       783	   0.91741	
       784	  0.911012	
       785	  0.915297	
       786	  0.915803	
       787	  0.914447	
       788	  0.908336	
       789	  0.906116	
       790	  0.899133	
       791	  0.891225	
       792	  0.883349	
       793	  0.875501	
       794	  0.868638	
       795	  0.868514	
       796	  0.876085	
       797	  0.887508	
       798	  0.882634	
       799	  0.873937	
       800	  0.863334	
       801	  0.850707	
       802	  0.836245	
       803	  0.814752	
       804	  0.805933	
       805	  0.784928	
       806	  0.789554	
       807	  0.779808	
       808	   0.77062	
       809	  0.755056	
       810	  0.752722	
       811	  0.748957	
       812	  0.748781	
       813	  0.744618	
       814	  0.739004	
       815	  0.729486	
       816	  0.724277	
       817	   0.71753	
       818	  0.701353	
       819	  0.685509	
       820	  0.680291	
       821	  0.679174	
       822	  0.667962	
       823	  0.670988	
       824	  0.668068	
       825	  0.678259	
       826	   0.69398	
       827	  0.705808	
       828	  0.712864	
       829	  0.721041	
       830	  0.735977	
       831	  0.754387	
       832	  0.764339	
       833	  0.753873	
       834	  0.766286	
       835	   0.77348	
       836	  0.782798	
       837	  0.783153	
       838	  0.786612	
       839	   0.78766	
       840	  0.798745	
       841	   0.79943	
       842	  0.789628	
       843	  0.787476	
       844	  0.780544	
       845	  0.797669	
       846	  0.799479	
       847	   0.78394	
       848	  0.782908	
       849	  0.775125	
       850	  0.727242	
       851	  0.770175	
       852	  0.775341	
       853	  0.760502	
       854	  0.701469	
       855	  0.733317	
       856	  0.781142	
       857	   0.80243	
       858	  0.808044	
       859	  0.811467	
       860	  0.811489	
       861	  0.811242	
       862	    0.8181	
       863	  0.817448	
       864	  0.803916	
       865	  0.780631	
       866	  0.715408	
       867	   0.74915	
       868	  0.781996	
       869	  0.782451	
       870	   0.79124	
       871	  0.786108	
       872	  0.791852	
       873	  0.785593	
       874	  0.773116	
       875	  0.766341	
       876	  0.781453	
       877	  0.785873	
       878	  0.782965	
       879	  0.773425	
       880	  0.770911	
       881	  0.704539	
       882	  0.690891	
       883	  0.672478	
       884	  0.660355	
       885	  0.650592	
       886	  0.624642	
       887	  0.611577	
       888	  0.610569	
       889	  0.604067	
       890	  0.594451	
       891	  0.584281	
       892	  0.572455	
       893	  0.558391	
       894	  0.553295	
       895	  0.548684	
       896	   0.54555	
       897	    0.5368	
       898	  0.528486	
       899	  0.518445	
       900	  0.511284	
       901	  0.498025	
       902	  0.486457	
       903	  0.498638	
       904	  0.496354	
       905	  0.489821	
       906	  0.489649	
       907	  0.494507	
       908	  0.491948	
       909	  0.489163	
       910	  0.495789	
       911	  0.500654	
       912	  0.502524	
       913	    0.5102	
       914	  0.513528	
       915	  0.513846	
       916	  0.515918	
       917	  0.513946	
       918	  0.513561	
       919	   0.51491	
       920	  0.511267	
       921	  0.503936	
       922	  0.497831	
       923	  0.487158	
       924	  0.501672	
       925	  0.504967	
       926	  0.425564	
       927	    0.3858	
       928	  0.347127	
       929	  0.315616	
       930	  0.289618	
       931	   0.26965	
       932	  0.250863	
       933	  0.235878	
       934	  0.221004	
       935	  0.206121	
       936	  0.193783	
       937	  0.183781	
       938	  0.186954	
       939	  0.188707	
       940	  0.188033	
       941	  0.187921	
       942	  0.186618	
       943	  0.193378	
       944	  0.193704	
       945	  0.196863	
       946	  0.200882	
       947	  0.203401	
       948	  0.206755	
       949	  0.214823	
       950	   0.22201	
       951	  0.228865	
       952	  0.238569	
       953	  0.247667	
       954	  0.254428	
       955	  0.256197	
       956	  0.274977	
       957	  0.291146	
       958	  0.307794	
       959	  0.325344	
       960	  0.340964	
       961	  0.359422	
       962	  0.383428	
       963	  0.409547	
       964	  0.439897	
       965	  0.486162	
       966	   0.48666	
       967	  0.493194	
       968	  0.493451	
       969	  0.498425	
       970	  0.503623	
       971	  0.504392	
       972	  0.510516	
       973	   0.51126	
       974	   0.50987	
       975	  0.516484	
       976	  0.525282	
       977	  0.527317	
       978	  0.534365	
       979	  0.535824	
       980	  0.545182	
       981	  0.549459	
       982	  0.556409	
       983	   0.55872	
       984	  0.559934	
       985	  0.564908	
       986	  0.567473	
       987	  0.572273	
       988	  0.576135	
       989	  0.577282	
       990	  0.584905	
       991	  0.595224	
       992	  0.601568	
       993	  0.611683	
       994	  0.620031	
       995	  0.617662	
       996	  0.616013	
       997	  0.610255	
       998	  0.609628	
       999	  0.609611	
      1000	  0.611042	
      1001	  0.614117	
      1002	   0.61412	
      1003	   0.60835	
      1004	  0.598763	
      1005	  0.572968	
      1006	  0.591018	
      1007	  0.603316	
      1008	  0.606014	
      1009	   0.60448	
      1010	  0.605335	
      1011	   0.60287	
      1012	   0.60176	
      1013	  0.599406	
      1014	  0.600074	
      1015	   0.59377	
      1016	  0.594231	
      1017	  0.591678	
      1018	  0.595085	
      1019	    0.5846	
      1020	   0.58645	
      1021	  0.587785	
      1022	  0.582951	
      1023	  0.586516	
      1024	  0.588839	
      1025	  0.588446	
      1026	  0.588597	
      1027	  0.587492	
      1028	  0.587779	
      1029	  0.584392	
      1030	  0.585457	
      1031	  0.585177	
      1032	  0.584502	
      1033	  0.578121	
      1034	  0.580491	
      1035	   0.58313	
      1036	  0.583602	
      1037	  0.579863	
      1038	  0.578893	
      1039	  0.582564	
      1040	  0.581488	
      1041	  0.581716	
      1042	  0.581289	
      1043	  0.577852	
      1044	   0.57883	
      1045	  0.574847	
      1046	   0.56471	
      1047	  0.570758	
      1048	  0.575617	
      1049	  0.574003	
      1050	  0.571308	
      1051	  0.571203	
      1052	  0.568722	
      1053	  0.567536	
      1054	  0.566564	
      1055	  0.568185	
      1056	  0.567213	
      1057	  0.565808	
      1058	  0.559861	
      1059	  0.548939	
      1060	  0.557148	
      1061	  0.551524	
      1062	  0.557469	
      1063	  0.553462	
      1064	  0.558214	
      1065	  0.557131	
      1066	   0.54846	
      1067	  0.549756	
      1068	  0.547145	
      1069	   0.52688	
      1070	   0.53749	
      1071	  0.522185	
      1072	  0.512731	
      1073	  0.498391	
      1074	  0.496792	
      1075	  0.485142	
      1076	  0.482526	
      1077	  0.477818	
      1078	  0.472518	
      1079	   0.46208	
      1080	  0.461592	
      1081	  0.449524	
      1082	  0.442439	
      1083	  0.442938	
      1084	  0.442894	
      1085	  0.439517	
      1086	  0.436267	
      1087	  0.421887	
      1088	   0.42559	
      1089	  0.424938	
      1090	  0.420258	
      1091	   0.41844	
      1092	  0.410245	
      1093	  0.401758	
      1094	  0.385175	
      1095	  0.391831	
      1096	  0.393489	
      1097	  0.393827	
      1098	  0.389783	
      1099	  0.386465	
      1100	  0.392898	
      1101	  0.317769	
      1102	  0.267313	
      1103	  0.238067	
      1104	  0.212598	
      1105	  0.191334	
      1106	  0.173687	
      1107	  0.158255	
      1108	  0.145703	
      1109	  0.134577	
      1110	  0.124885	
      1111	  0.115659	
      1112	  0.107733	
      1113	  0.100269	
      1114	 0.0945979	
      1115	 0.0886209	
      1116	 0.0827561	
      1117	 0.0785166	
      1118	 0.0731987	
      1119	 0.0689882	
      1120	 0.0650878	
      1121	 0.0683142	
      1122	 0.0717892	
      1123	 0.0751127	
      1124	 0.0785599	
      1125	 0.0817784	
      1126	   0.08408	
      1127	  0.089267	
      1128	 0.0949221	
      1129	  0.100113	
      1130	  0.105228	
      1131	  0.105331	
      1132	  0.105109	
      1133	   0.10367	
      1134	  0.103226	
      1135	  0.102897	
      1136	  0.102481	
      1137	  0.100186	
      1138	 0.0986303	
      1139	 0.0993561	
      1140	 0.0992924	
      1141	 0.0975109	
      1142	 0.0983427	
      1143	 0.0974612	
      1144	  0.096432	
      1145	 0.0967078	
      1146	  0.102209	
      1147	  0.107454	
      1148	  0.112459	
      1149	  0.118087	
      1150	  0.124289	
      1151	  0.131175	
      1152	  0.138507	
      1153	  0.147438	
      1154	  0.158012	
      1155	  0.168786	
      1156	  0.179499	
      1157	  0.194126	
      1158	  0.209822	
      1159	  0.225981	
      1160	  0.245683	
      1161	  0.270846	
      1162	  0.280533	
      1163	  0.287242	
      1164	  0.289052	
      1165	  0.296068	
      1166	  0.297258	
      1167	  0.305871	
      1168	    0.3131	
      1169	  0.312868	
      1170	  0.324546	
      1171	  0.327833	
      1172	  0.329063	
      1173	  0.328678	
      1174	  0.329541	
      1175	  0.326103	
      1176	  0.323588	
      1177	  0.330016	
      1178	  0.329499	
      1179	  0.330111	
      1180	   0.33451	
      1181	  0.334602	
      1182	  0.332999	
      1183	  0.322192	
      1184	   0.33306	
      1185	  0.338946	
      1186	  0.340526	
      1187	  0.341716	
      1188	  0.338759	
      1189	  0.328821	
      1190	  0.340131	
      1191	  0.347678	
      1192	  0.349105	
      1193	  0.350306	
      1194	  0.351713	
      1195	  0.351079	
      1196	  0.352378	
      1197	  0.351874	
      1198	  0.346286	
      1199	  0.340122	
      1200	  0.355059	
      1201	  0.359978	
      1202	  0.359121	
      1203	  0.349002	
      1204	  0.348298	
      1205	  0.356263	
      1206	  0.356579	
      1207	  0.356878	
      1208	  0.349547	
      1209	   0.33857	
      1210	  0.349874	
      1211	   0.34696	
      1212	   0.35309	
      1213	  0.355218	
      1214	  0.354591	
      1215	  0.355633	
      1216	   0.35599	
      1217	  0.356116	
      1218	  0.355541	
      1219	  0.354362	
      1220	  0.356072	
      1221	  0.356628	
      1222	  0.356119	
      1223	  0.354907	
      1224	  0.358768	
      1225	  0.359053	
      1226	  0.359589	
      1227	  0.354897	
      1228	  0.358953	
      1229	  0.362635	
      1230	  0.363371	
      1231	  0.363914	
      1232	  0.363031	
      1233	  0.365557	
      1234	  0.366516	
      1235	  0.367278	
      1236	  0.371378	
      1237	  0.374104	
      1238	  0.376636	
      1239	   0.37817	
      1240	  0.386099	
      1241	  0.386048	
      1242	  0.382711	
      1243	  0.377342	
      1244	  0.373956	
      1245	   0.37302	
      1246	  0.373277	
      1247	  0.371762	
      1248	  0.371922	
      1249	  0.370112	
      1250	  0.367753	
      1251	   0.36415	
      1252	  0.360397	
      1253	  0.359974	
      1254	  0.358892	
      1255	  0.357044	
      1256	   0.35494	
      1257	  0.352187	
      1258	   0.35171	
      1259	  0.349308	
      1260	  0.349071	
      1261	  0.347108	
      1262	  0.343049	
      1263	  0.343836	
      1264	  0.340026	
      1265	  0.339402	
      1266	  0.339656	
      1267	  0.334778	
      1268	  0.331933	
      1269	  0.333273	
      1270	  0.334056	
      1271	  0.334702	
      1272	  0.334068	
      1273	  0.334218	
      1274	  0.333562	
      1275	  0.335983	
      1276	  0.337859	
      1277	  0.338977	
      1278	  0.339326	
      1279	  0.338518	
      1280	  0.336732	
      1281	  0.326352	
      1282	  0.302659	
      1283	  0.322335	
      1284	  0.336806	
      1285	  0.341536	
      1286	  0.344117	
      1287	  0.346963	
      1288	  0.348246	
      1289	  0.351056	
      1290	  0.350174	
      1291	  0.342814	
      1292	  0.337591	
      1293	  0.331957	
      1294	  0.323817	
      1295	   0.32114	
      1296	  0.318227	
      1297	  0.313056	
      1298	  0.307961	
      1299	  0.306882	
      1300	  0.303477	
      1301	  0.299955	
      1302	  0.295225	
      1303	  0.291452	
      1304	  0.288513	
      1305	  0.288497	
      1306	  0.286966	
      1307	  0.285079	
      1308	  0.282833	
      1309	  0.280919	
      1310	  0.278227	
      1311	  0.275776	
      1312	  0.271714	
      1313	  0.265045	
      1314	  0.267868	
      1315	  0.262301	
      1316	  0.261815	
      1317	  0.263875	
      1318	  0.260974	
      1319	  0.262375	
      1320	  0.260795	
      1321	  0.206356	
      1322	  0.174525	
      1323	  0.151853	
      1324	  0.134293	
      1325	  0.119872	
      1326	   0.10765	
      1327	 0.0972673	
      1328	 0.0888256	
      1329	  0.079998	
      1330	 0.0742593	
      1331	  0.068985	
      1332	 0.0630967	
      1333	 0.0594289	
      1334	 0.0555253	
      1335	 0.0517032	
      1336	 0.0480176	
      1337	  0.045024	
      1338	 0.0420648	
      1339	 0.0391242	
      1340	 0.0367408	
      1341	 0.0351591	
      1342	 0.0331561	
      1343	 0.0313232	
      1344	 0.0296426	
      1345	 0.0280433	
      1346	 0.0263977	
      1347	 0.0251109	
      1348	 0.0238117	
      1349	 0.0225455	
      1350	 0.0212341	
      1351	 0.0186267	
      1352	 0.0164948	
      1353	 0.0145618	
      1354	 0.0128702	
      1355	 0.0113454	
      1356	 0.0101213	
      1357	0.00899718	
      1358	0.00816535	
      1359	 0.0073434	
      1360	0.00658347	
      1361	0.00600601	
      1362	 0.0054291	
      1363	0.00486663	
      1364	0.00446078	
      1365	0.00406354	
      1366	0.00370237	
      1367	0.00336104	
      1368	0.00309037	
      1369	0.00279573	
      1370	0.00255959	
      1371	 0.0023553	
      1372	0.00218493	
      1373	0.00201513	
      1374	0.00185414	
      1375	0.00168829	
      1376	0.00154886	
      1377	0.00144241	
      1378	0.00133555	
      1379	0.00124334	
      1380	0.00114722	
      1381	0.00106384	
      1382	0.000978317	
      1383	0.000910244	
      1384	0.000849304	
      1385	0.000785239	
      1386	0.000733982	
      1387	0.000679512	
      1388	0.000635792	
      1389	0.000593558	
      1390	0.000547217	
      1391	0.00051554	
      1392	0.000482504	
      1393	0.000449121	
      1394	0.000418267	
      1395	0.000391566	
      1396	0.000416298	
      1397	0.000442621	
      1398	0.000471614	
      1399	0.000499379	
      1400	0.000520376	
      1401	0.00055382	
      1402	0.000596571	
      1403	0.000632802	
      1404	0.000676384	
      1405	0.000722438	
      1406	0.000775858	
      1407	0.000829249	
      1408	0.000886652	
      1409	0.000952233	
      1410	0.00101934	
      1411	0.00108598	
      1412	0.00114486	
      1413	0.00124051	
      1414	0.00134979	
      1415	0.00145579	
      1416	0.00156457	
      1417	0.00169632	
      1418	0.00183616	
      1419	0.00196897	
      1420	  0.002127	
      1421	  0.002315	
      1422	0.00247658	
      1423	0.00268367	
      1424	0.00291949	
      1425	0.00320458	
      1426	0.00342976	
      1427	0.00377302	
      1428	0.00415365	
      1429	0.00448672	
      1430	0.00491657	
      1431	0.00543727	
      1432	0.00609429	
      1433	0.00673606	
      1434	0.00736358	
      1435	0.00819321	
      1436	0.00912996	
      1437	 0.0102066	
      1438	 0.0113935	
      1439	 0.0128008	
      1440	 0.0139443	
      1441	 0.0158358	
      1442	 0.0180179	
      1443	 0.0197676	
      1444	 0.0207082	
      1445	 0.0216633	
      1446	 0.0227304	
      1447	 0.0236602	
      1448	 0.0249068	
      1449	  0.026044	
      1450	 0.0271244	
      1451	 0.0281703	
      1452	 0.0295488	
      1453	  0.031108	
      1454	  0.032572	
      1455	 0.0341655	
      1456	 0.0358596	
      1457	 0.0380614	
      1458	 0.0406565	
      1459	 0.0431391	
      1460	  0.045388	
      1461	 0.0479415	
      1462	 0.0505424	
      1463	 0.0518522	
      1464	 0.0519303	
      1465	 0.0523678	
      1466	 0.0519839	
      1467	 0.0525701	
      1468	 0.0521871	
      1469	 0.0525848	
      1470	 0.0523297	
      1471	 0.0516096	
      1472	 0.0517784	
      1473	 0.0516739	
      1474	    0.0507	
      1475	 0.0513386	
      1476	 0.0516176	
      1477	  0.051538	
      1478	 0.0535497	
      1479	 0.0561916	
      1480	 0.0586999	
      1481	 0.0607487	
      1482	 0.0636329	
      1483	 0.0655769	
      1484	  0.069247	
      1485	 0.0733005	
      1486	 0.0762406	
      1487	 0.0784528	
      1488	 0.0763943	
      1489	 0.0868845	
      1490	 0.0936828	
      1491	 0.0994444	
      1492	  0.104846	
      1493	  0.112724	
      1494	  0.120816	
      1495	  0.129096	
      1496	   0.13652	
      1497	  0.150774	
      1498	  0.153833	
      1499	  0.155031	
      1500	  0.159402	
      1501	  0.161626	
      1502	  0.160932	
      1503	  0.152583	
      1504	  0.158196	
      1505	  0.157631	
      1506	  0.165926	
      1507	  0.174033	
      1508	  0.176046	
      1509	  0.178658	
      1510	  0.184914	
      1511	   0.18878	
      1512	  0.189885	
      1513	  0.193109	
      1514	  0.197011	
      1515	   0.20356	
      1516	  0.208992	
      1517	  0.214962	
      1518	   0.22516	
      1519	  0.233177	
      1520	  0.249964	
      1521	  0.245715	
      1522	  0.244882	
      1523	  0.247678	
      1524	  0.248209	
      1525	  0.244842	
      1526	  0.249263	
      1527	   0.24868	
      1528	  0.249765	
      1529	  0.247261	
      1530	  0.238618	
      1531	  0.247841	
      1532	   0.24974	
      1533	    0.2477	
      1534	  0.244934	
      1535	   0.24734	
      1536	  0.250415	
      1537	  0.250727	
      1538	  0.247003	
      1539	   0.25002	
      1540	   0.24228	
      1541	  0.242204	
      1542	  0.242333	
      1543	  0.241334	
      1544	  0.241464	
      1545	   0.24103	
      1546	  0.239062	
      1547	  0.235236	
      1548	  0.230106	
      1549	  0.231985	
      1550	  0.229951	
      1551	  0.229767	
      1552	  0.230667	
      1553	  0.227698	
      1554	  0.223085	
      1555	    0.2226	
      1556	  0.220368	
      1557	   0.22346	
      1558	  0.222298	
      1559	  0.222264	
      1560	  0.221396	
      1561	  0.224501	
      1562	  0.224175	
      1563	  0.223436	
      1564	  0.221753	
      1565	   0.22397	
      1566	  0.222518	
      1567	  0.222863	
      1568	  0.221312	
      1569	  0.223168	
      1570	  0.223443	
      1571	  0.227693	
      1572	  0.228553	
      1573	  0.226537	
      1574	   0.22452	
      1575	  0.216783	
      1576	  0.221827	
      1577	  0.211148	
      1578	  0.223042	
      1579	  0.228488	
      1580	  0.230219	
      1581	  0.229658	
      1582	  0.222798	
      1583	  0.223556	
      1584	   0.22204	
      1585	  0.226172	
      1586	  0.223907	
      1587	  0.220774	
      1588	  0.215059	
      1589	  0.203726	
      1590	  0.207981	
      1591	  0.209528	
      1592	  0.217545	
      1593	  0.221322	
      1594	   0.22026	
      1595	  0.219438	
      1596	  0.211254	
      1597	  0.212713	
      1598	  0.216515	
      1599	  0.213304	
      1600	  0.213292	
      1601	  0.208526	
      1602	  0.209805	
      1603	  0.209932	
      1604	  0.209846	
      1605	  0.207676	
      1606	  0.206768	
      1607	  0.205668	
      1608	  0.208117	
      1609	  0.205986	
      1610	  0.196371	
      1611	  0.200296	
      1612	  0.202274	
      1613	  0.205848	
      1614	  0.205771	
      1615	  0.204974	
      1616	  0.198466	
      1617	  0.201295	
      1618	   0.20737	
      1619	  0.206871	
      1620	  0.202309	
      1621	  0.202611	
      1622	  0.205986	
      1623	  0.210538	
      1624	  0.211575	
      1625	   0.20972	
      1626	  0.212386	
      1627	  0.214219	
      1628	  0.216524	
      1629	  0.218258	
      1630	  0.219101	
      1631	  0.219884	
      1632	  0.219641	
      1633	  0.217094	
      1634	  0.215023	
      1635	  0.217314	
      1636	  0.216511	
      1637	  0.209517	
      1638	  0.207698	
      1639	  0.204618	
      1640	  0.206466	
      1641	  0.205455	
      1642	  0.205712	
      1643	  0.208708	
      1644	  0.207018	
      1645	  0.206366	
      1646	  0.208906	
      1647	  0.209292	
      1648	  0.208657	
      1649	  0.205625	
      1650	  0.207272	
      1651	  0.205388	
      1652	  0.207276	
      1653	  0.205855	
      1654	  0.206488	
      1655	  0.204844	
      1656	  0.205819	
      1657	  0.205893	
      1658	  0.204821	
      1659	   0.20285	
      1660	   0.20395	
      1661	  0.204706	
      1662	  0.203988	
      1663	  0.203163	
      1664	  0.202785	
      1665	  0.201163	
      1666	   0.19966	
      1667	  0.199633	
      1668	  0.197215	
      1669	  0.198556	
      1670	   0.20138	
      1671	  0.200104	
      1672	   0.19429	
      1673	  0.196318	
      1674	  0.198456	
      1675	  0.196394	
      1676	  0.194224	
      1677	  0.195347	
      1678	  0.195898	
      1679	   0.19202	
      1680	  0.185091	
      1681	  0.178661	
      1682	  0.181046	
      1683	  0.185241	
      1684	  0.187344	
      1685	  0.187378	
      1686	  0.185025	
      1687	  0.184797	
      1688	  0.184042	
      1689	  0.181568	
      1690	  0.181183	
      1691	  0.183312	
      1692	  0.183178	
      1693	  0.182082	
      1694	  0.181536	
      1695	  0.181012	
      1696	  0.179848	
      1697	  0.178706	
      1698	  0.178106	
      1699	  0.176768	
      1700	  0.174388	
      1701	  0.173711	
      1702	  0.173331	
      1703	  0.172746	
      1704	  0.172126	
      1705	  0.171455	
      1706	  0.170363	
      1707	  0.169213	
      1708	   0.16807	
      1709	  0.166936	
      1710	  0.165976	
      1711	  0.166021	
      1712	  0.166235	
      1713	  0.166452	
      1714	  0.166671	
      1715	  0.166752	
      1716	  0.165961	
      1717	  0.165035	
      1718	  0.164115	
      1719	    0.1632	
      1720	  0.162357	
      1721	  0.161878	
      1722	  0.161468	
      1723	  0.161061	
      1724	  0.160658	
      1725	  0.160201	
      1726	  0.159374	
      1727	  0.158494	
      1728	  0.157618	
      1729	  0.156747	
      1730	  0.155742	
      1731	  0.153887	
      1732	  0.151902	
      1733	  0.149924	
      1734	  0.147952	
      1735	  0.146372	
      1736	  0.147073	
      1737	  0.148157	
      1738	   0.14924	
      1739	  0.150321	
      1740	  0.151161	
      1741	  0.132546	
      1742	  0.120347	
      1743	  0.110993	
      1744	  0.103329	
      1745	  0.096858	
      1746	 0.0914444	
      1747	  0.086696	
      1748	 0.0824455	
      1749	 0.0786029	
      1750	 0.0751139	
      1751	 0.0719685	
      1752	 0.0690791	
      1753	  0.066402	
      1754	 0.0639116	
      1755	 0.0615633	
      1756	 0.0592166	
      1757	 0.0569925	
      1758	 0.0549001	
      1759	 0.0529275	
      1760	 0.0510781	
      1761	 0.0494093	
      1762	 0.0478397	
      1763	 0.0463486	
      1764	 0.0449299	
      1765	 0.0435785	
      1766	 0.0422894	
      1767	 0.0410585	
      1768	 0.0398817	
      1769	 0.0387557	
      1770	 0.0376625	
      1771	 0.0365208	
      1772	 0.0354127	
      1773	   0.03435	
      1774	 0.0333301	
      1775	 0.0323689	
      1776	 0.0315526	
      1777	 0.0307838	
      1778	 0.0300425	
      1779	 0.0293274	
      1780	 0.0286291	
      1781	  0.027907	
      1782	 0.0272023	
      1783	 0.0265217	
      1784	 0.0258641	
      1785	 0.0252358	
      1786	 0.0246706	
      1787	 0.0241302	
      1788	 0.0236067	
      1789	 0.0230991	
      1790	 0.0225978	
      1791	 0.0220532	
      1792	 0.0215167	
      1793	 0.0209969	
      1794	  0.020493	
      1795	 0.0200043	
      1796	 0.0195303	
      1797	 0.0190704	
      1798	 0.0186241	
      1799	 0.0181908	
      1800	 0.0177806	
      1801	 0.0156145	
      1802	 0.0137999	
      1803	 0.0122576	
      1804	 0.0109359	
      1805	0.00979413	
      1806	0.00879427	
      1807	0.00792083	
      1808	0.00715493	
      1809	0.00648034	
      1810	0.00587158	
      1811	0.00526552	
      1812	0.00472082	
      1813	0.00423953	
      1814	0.00381313	
      1815	0.00344506	
      1816	0.00317465	
      1817	0.00293887	
      1818	 0.0027244	
      1819	0.00252892	
      1820	0.00234967	
      1821	0.00218165	
      1822	0.00202735	
      1823	0.00188603	
      1824	0.00175641	
      1825	0.00163562	
      1826	0.00151472	
      1827	0.00140257	
      1828	0.00129985	
      1829	0.00120566	
      1830	0.00111975	
      1831	0.00104367	
      1832	0.000973997	
      1833	0.000909645	
      1834	0.000850152	
      1835	0.000794998	
      1836	0.000743164	
      1837	0.000695068	
      1838	0.000650488	
      1839	0.000609134	
      1840	0.000570668	
      1841	0.000534384	
      1842	0.000500613	
      1843	0.000469223	
      1844	0.000440025	
      1845	0.000413065	
      1846	0.000389063	
      1847	0.000366826	
      1848	0.000346023	
      1849	0.000326549	
      1850	0.000308209	
      1851	0.000290455	
      1852	0.000273749	
      1853	0.00025811	
      1854	0.000243462	
      1855	0.000229734	
      1856	0.000216864	
      1857	0.000204791	
      1858	0.00019346	
      1859	0.000182822	
      1860	0.000172828	
      1861	0.000177742	
      1862	0.000182814	
      1863	0.000188053	
      1864	0.000193463	
      1865	0.000199093	
      1866	0.000205105	
      1867	0.000211368	
      1868	0.00021785	
      1869	0.000224558	
      1870	0.000230995	
      1871	0.000234436	
      1872	0.000237347	
      1873	0.000240231	
      1874	0.000243083	
      1875	0.000247256	
      1876	0.000259828	
      1877	0.000274452	
      1878	0.000289804	
      1879	0.000305921	
      1880	0.000321964	
      1881	0.000333342	
      1882	0.000344235	
      1883	0.000355539	
      1884	0.00036727	
      1885	0.000379137	
      1886	0.000389404	
      1887	0.000399659	
      1888	0.000410224	
      1889	0.000421109	
      1890	0.000432635	
      1891	0.000446446	
      1892	0.000461105	
      1893	0.000476327	
      1894	0.000492139	
      1895	0.000508934	
      1896	0.000528692	
      1897	0.000549716	
      1898	0.000571685	
      1899	0.000594645	
      1900	0.000618339	
      1901	0.000640998	
      1902	0.000664294	
      1903	0.000688583	
      1904	0.000713915	
      1905	0.000740236	
      1906	0.000766816	
      1907	0.000794413	
      1908	0.000823192	
      1909	0.000853212	
      1910	0.000884731	
      1911	0.000918578	
      1912	0.000954173	
      1913	0.000991404	
      1914	0.00103036	
      1915	0.00107114	
      1916	0.00111385	
      1917	0.00115858	
      1918	0.00120547	
      1919	0.00125462	
      1920	0.00130618	
      1921	0.00125176	
      1922	 0.0012577	
      1923	0.00127637	
      1924	0.00130251	
      1925	0.00133372	
      1926	0.00136652	
      1927	0.00140285	
      1928	0.00144299	
      1929	0.00148687	
      1930	0.00153567	
      1931	0.00159568	
      1932	 0.0016616	
      1933	0.00173254	
      1934	0.00180882	
      1935	0.00188981	
      1936	0.00196998	
      1937	0.00205494	
      1938	0.00214616	
      1939	0.00224416	
      1940	0.00234591	
      1941	0.00243251	
      1942	0.00252105	
      1943	0.00261561	
      1944	 0.0027167	
      1945	0.00283432	
      1946	0.00302066	
      1947	0.00323459	
      1948	0.00346887	
      1949	0.00372603	
      1950	0.00400581	
      1951	  0.004294	
      1952	0.00460846	
      1953	0.00495655	
      1954	0.00534324	
      1955	   0.00577	
      1956	0.00621864	
      1957	  0.006717	
      1958	 0.0072794	
      1959	0.00791817	
      1960	0.00864774	
      1961	0.00910152	
      1962	0.00958704	
      1963	  0.010109	
      1964	 0.0106713	
      1965	 0.0112875	
      1966	  0.012013	
      1967	 0.0128134	
      1968	 0.0136876	
      1969	 0.0146452	
      1970	 0.0156884	
      1971	 0.0167758	
      1972	 0.0179662	
      1973	 0.0192858	
      1974	 0.0207559	
      1975	 0.0224029	
      1976	 0.0242604	
      1977	 0.0263714	
      1978	 0.0287925	
      1979	 0.0316004	
      1980	 0.0349112	
      1981	 0.0389209	
      1982	 0.0438521	
      1983	 0.0501181	
      1984	 0.0585392	
      1985	 0.0712029	
      1986	 0.0565216	
      1987	 0.0489871	
      1988	 0.0436851	
      1989	 0.0395828	
      1990	 0.0362177	
      1991	  0.033229	
      1992	 0.0306432	
      1993	 0.0283939	
      1994	 0.0264137	
      1995	 0.0246706	
      1996	 0.0231962	
      1997	   0.02188	
      1998	 0.0206847	
      1999	 0.0195938	
      2000	 0.0185859	
      2001	 0.0176133	
      2002	 0.0167092	
      2003	 0.0158729	
      2004	 0.0150974	
      2005	 0.0143826	
      2006	 0.0148956	
      2007	 0.0154418	
      2008	  0.016017	
      2009	 0.0166235	
      2010	 0.0172606	
      2011	  0.017909	
      2012	 0.0185913	
      2013	 0.0193139	
      2014	 0.0200803	
      2015	 0.0208909	
      2016	 0.0217232	
      2017	 0.0226062	
      2018	 0.0235494	
      2019	 0.0245593	
      2020	 0.0256553	
      2021	 0.0269081	
      2022	 0.0282767	
      2023	 0.0297639	
      2024	 0.0313872	
      2025	 0.0331532	
      2026	  0.035008	
      2027	 0.0370517	
      2028	 0.0393422	
      2029	 0.0419381	
      2030	 0.0449355	
      2031	 0.0485124	
      2032	 0.0528415	
      2033	 0.0583051	
      2034	 0.0658355	
      2035	 0.0798032	
      2036	 0.0786626	
      2037	 0.0776027	
      2038	 0.0766176	
      2039	 0.0756934	
      2040	 0.0748763	
      2041	 0.0744074	
      2042	 0.0740265	
      2043	 0.0736739	
      2044	 0.0733461	
      2045	 0.0729934	
      2046	  0.072352	
      2047	 0.0716862	
      2048	 0.0710413	
      2049	 0.0704158	
      2050	 0.0698282	
      2051	 0.0693491	
      2052	 0.0689044	
      2053	 0.0684735	
      2054	 0.0680557	
      2055	 0.0676375	
      2056	 0.0671286	
      2057	 0.0666192	
      2058	 0.0661217	
      2059	 0.0656356	
      2060	 0.0651795	
      2061	 0.0648223	
      2062	 0.0644937	
      2063	 0.0641745	
      2064	 0.0638647	
      2065	  0.063564	
      2066	 0.0637871	
      2067	 0.0640148	
      2068	 0.0642472	
      2069	 0.0644845	
      2070	 0.0647463	
      2071	 0.0651039	
      2072	  0.065488	
      2073	 0.0658796	
      2074	 0.0662791	
      2075	 0.0666604	
      2076	 0.0668775	
      2077	 0.0670744	
      2078	  0.067278	
      2079	 0.0674888	
      2080	 0.0677208	
      2081	 0.0680299	
      2082	 0.0683628	
      2083	 0.0687066	
      2084	  0.069062	
      2085	 0.0694372	
      2086	 0.0698405	
      2087	 0.0702662	
      2088	 0.0707088	
      2089	 0.0711699	
      2090	 0.0716368	
      2091	 0.0720522	
      2092	 0.0724767	
      2093	 0.0729285	
      2094	 0.0734118	
      2095	 0.0739627	
      2096	 0.0747608	
      2097	 0.0756497	
      2098	 0.0766132	
      2099	  0.077674	
      2100	 0.0788613	
      2101	 0.0788727	
      2102	 0.0788765	
      2103	 0.0788811	
      2104	 0.0788864	
      2105	 0.0788759	
      2106	 0.0787673	
      2107	 0.0786428	
      2108	 0.0785188	
      2109	 0.0783955	
      2110	  0.078281	
      2111	 0.0782335	
      2112	 0.0781952	
      2113	 0.0781578	
      2114	 0.0781213	
      2115	 0.0780858	
      2116	 0.0780346	
      2117	 0.0779846	
      2118	 0.0779357	
      2119	 0.0778879	
      2120	 0.0778414	
      2121	 0.0777795	
      2122	 0.0777189	
      2123	 0.0776597	
      2124	 0.0776021	
      2125	 0.0775714	
      2126	 0.0776772	
      2127	 0.0778107	
      2128	 0.0779466	
      2129	 0.0780852	
      2130	 0.0781929	
      2131	 0.0781171	
      2132	 0.0780101	
      2133	 0.0779061	
      2134	 0.0778053	
      2135	 0.0777337	
      2136	 0.0778372	
      2137	 0.0779716	
      2138	 0.0781121	
      2139	 0.0782595	
      2140	 0.0783892	
      2141	  0.078373	
      2142	 0.0783414	
      2143	 0.0783229	
      2144	 0.0783209	
      2145	 0.0783672	
      2146	 0.0785677	
      2147	 0.0788445	
      2148	 0.0792118	
      2149	 0.0791631	
      2150	 0.0791056	
      2151	   0.07896	
      2152	 0.0788056	
      2153	 0.0786514	
      2154	 0.0784974	
      2155	 0.0783434	
      2156	 0.0781543	
      2157	 0.0779653	
      2158	 0.0777764	
      2159	 0.0775877	
      2160	 0.0772934	
      2161	 0.0763477	
      2162	 0.0752968	
      2163	 0.0742463	
      2164	 0.0731962	
      2165	 0.0723488	
      2166	 0.0727334	
      2167	 0.0733201	
      2168	 0.0739067	
      2169	 0.0744932	
      2170	  0.075018	
      2171	 0.0751384	
      2172	 0.0751973	
      2173	 0.0752562	
      2174	 0.0753151	
      2175	 0.0753389	
      2176	  0.075152	
      2177	   0.07493	
      2178	 0.0747082	
      2179	 0.0744865	
      2180	 0.0742912	
      2181	 0.0742716	
      2182	 0.0742784	
      2183	 0.0742852	
      2184	  0.074292	
      2185	 0.0742639	
      2186	 0.0740077	
      2187	 0.0737166	
      2188	 0.0734256	
      2189	 0.0731347	
      2190	 0.0728878	
      2191	  0.072904	
      2192	  0.072964	
      2193	 0.0730241	
      2194	 0.0730841	
      2195	  0.073118	
      2196	 0.0730117	
      2197	 0.0728792	
      2198	 0.0727469	
      2199	 0.0726003	
      2200	 0.0724277	
      2201	 0.0720979	
      2202	  0.071742	
      2203	 0.0713865	
      2204	 0.0710313	
      2205	   0.07072	
      2206	 0.0706361	
      2207	  0.070596	
      2208	 0.0705559	
      2209	  0.070516	
      2210	 0.0704674	
      2211	  0.070384	
      2212	 0.0702921	
      2213	 0.0702002	
      2214	 0.0701085	
      2215	 0.0700169	
      2216	 0.0699254	
      2217	  0.069834	
      2218	 0.0697427	
      2219	 0.0696516	
      2220	 0.0695432	
      2221	 0.0693306	
      2222	 0.0691007	
      2223	 0.0688711	
      2224	 0.0686417	
      2225	 0.0684299	
      2226	 0.0683223	
      2227	 0.0682323	
      2228	 0.0681423	
      2229	 0.0680525	
      2230	 0.0679628	
      2231	 0.0678558	
      2232	  0.067749	
      2233	 0.0676422	
      2234	 0.0675356	
      2235	 0.0674118	
      2236	 0.0671669	
      2237	  0.066905	
      2238	 0.0666432	
      2239	 0.0663816	
      2240	 0.0661462	
      2241	 0.0660665	
      2242	 0.0660128	
      2243	 0.0659591	
      2244	 0.0659056	
      2245	 0.0658348	
      2246	 0.0656779	
      2247	 0.0655038	
      2248	 0.0653299	
      2249	 0.0651561	
      2250	 0.0649825	
      2251	 0.0647745	
      2252	 0.0645667	
      2253	  0.064359	
      2254	 0.0641516	
      2255	 0.0639614	
      2256	 0.0638919	
      2257	 0.0638396	
      2258	 0.0637875	
      2259	 0.0637353	
      2260	 0.0636747	
      2261	 0.0635282	
      2262	 0.0633732	
      2263	 0.0632184	
      2264	 0.0630637	
      2265	 0.0629262	
      2266	 0.0628576	
      2267	 0.0628061	
      2268	 0.0627547	
      2269	 0.0627034	
      2270	 0.0626435	
      2271	 0.0622989	
      2272	 0.0619562	
      2273	 0.0616231	
      2274	 0.0612987	
      2275	 0.0609656	
      2276	 0.0605563	
      2277	 0.0601379	
      2278	 0.0597267	
      2279	 0.0593222	
      2280	 0.0589487	
      2281	 0.0587291	
      2282	 0.0585387	
      2283	 0.0583523	
      2284	 0.0581698	
      2285	  0.057991	
      2286	 0.0577832	
      2287	 0.0575789	
      2288	  0.057378	
      2289	 0.0571802	
      2290	 0.0569534	
      2291	 0.0565222	
      2292	 0.0560633	
      2293	 0.0556085	
      2294	 0.0551577	
      2295	 0.0547581	
      2296	  0.054614	
      2297	 0.0545191	
      2298	 0.0544259	
      2299	 0.0543345	
      2300	 0.0542368	
      2301	 0.0540786	
      2302	 0.0539144	
      2303	 0.0537521	
      2304	 0.0535916	
      2305	 0.0534251	
      2306	 0.0532296	
      2307	 0.0530283	
      2308	 0.0528287	
      2309	 0.0526309	
      2310	 0.0524348	
      2311	 0.0522099	
      2312	 0.0519868	
      2313	 0.0517655	
      2314	 0.0515458	
      2315	 0.0513277	
      2316	 0.0511262	
      2317	 0.0509263	
      2318	 0.0507278	
      2319	 0.0505307	
      2320	 0.0503127	
      2321	 0.0499327	
      2322	 0.0495326	
      2323	 0.0491347	
      2324	 0.0487388	
      2325	 0.0483967	
      2326	 0.0483359	
      2327	 0.0483271	
      2328	 0.0483189	
      2329	 0.0483111	
      2330	 0.0482819	
      2331	 0.0481367	
      2332	 0.0479707	
      2333	 0.0478057	
      2334	 0.0476417	
      2335	 0.0474787	
      2336	 0.0473167	
      2337	 0.0471556	
      2338	 0.0469955	
      2339	 0.0468364	
      2340	 0.0466853	
      2341	  0.046578	
      2342	 0.0464785	
      2343	 0.0463797	
      2344	 0.0462816	
      2345	 0.0461699	
      2346	 0.0459881	
      2347	  0.045793	
      2348	  0.045599	
      2349	 0.0454059	
      2350	 0.0451997	
      2351	 0.0448962	
      2352	 0.0445799	
      2353	  0.044265	
      2354	 0.0439515	
      2355	 0.0436811	
      2356	 0.0436345	
      2357	   0.04363	
      2358	 0.0436257	
      2359	 0.0436216	
      2360	 0.0436109	
      2361	 0.0420755	
      2362	 0.0406982	
      2363	 0.0394505	
      2364	 0.0383081	
      2365	 0.0372474	
      2366	 0.0362154	
      2367	 0.0352446	
      2368	 0.0343324	
      2369	  0.033472	
      2370	 0.0326526	
      2371	 0.0318442	
      2372	 0.0310699	
      2373	 0.0303314	
      2374	 0.0296256	
      2375	 0.0289688	
      2376	 0.0284315	
      2377	  0.027934	
      2378	 0.0274558	
      2379	 0.0269957	
      2380	 0.0265179	
      2381	 0.0258628	
      2382	 0.0251969	
      2383	 0.0245533	
      2384	 0.0239308	
      2385	 0.0233677	
      2386	 0.0230553	
      2387	 0.0227904	
      2388	 0.0225332	
      2389	 0.0222833	
      2390	 0.0220257	
      2391	 0.0216889	
      2392	  0.021347	
      2393	 0.0210144	
      2394	 0.0206905	
      2395	  0.020375	
      2396	 0.0200609	
      2397	 0.0197547	
      2398	  0.019456	
      2399	 0.0191647	
      2400	 0.0188803	
      2401	 0.0186089	
      2402	 0.0183439	
      2403	 0.0180849	
      2404	 0.0178317	
      2405	 0.0175842	
      2406	  0.017348	
      2407	 0.0171169	
      2408	 0.0168908	
      2409	 0.0166694	
      2410	 0.0164387	
      2411	 0.0161305	
      2412	 0.0158154	
      2413	 0.0155071	
      2414	 0.0152053	
      2415	 0.0149309	
      2416	 0.0147758	
      2417	 0.0146441	
      2418	 0.0145147	
      2419	 0.0143875	
      2420	  0.014255	
      2421	 0.0140761	
      2422	 0.0138932	
      2423	 0.0137138	
      2424	 0.0135376	
      2425	 0.0133669	
      2426	 0.0132132	
      2427	 0.0130644	
      2428	 0.0129182	
      2429	 0.0127744	
      2430	 0.0126309	
      2431	  0.012468	
      2432	 0.0123058	
      2433	 0.0121463	
      2434	 0.0119895	
      2435	 0.0118376	
      2436	 0.0117047	
      2437	 0.0115761	
      2438	 0.0114495	
      2439	 0.0113249	
      2440	 0.0112003	
      2441	  0.011062	
      2442	 0.0109239	
      2443	  0.010788	
      2444	 0.0106543	
      2445	 0.0105208	
      2446	 0.0103819	
      2447	 0.0102434	
      2448	 0.0101071	
      2449	0.00997299	
      2450	0.00984456	
      2451	0.00932771	
      2452	0.00885236	
      2453	0.00841104	
      2454	0.00800038	
      2455	0.00762027	
      2456	 0.0072785	
      2457	0.00696081	
      2458	0.00666255	
      2459	0.00638209	
      2460	0.00611688	
      2461	0.00585823	
      2462	0.00561324	
      2463	0.00538194	
      2464	 0.0051633	
      2465	0.00495459	
      2466	0.00474817	
      2467	0.00455104	
      2468	0.00436427	
      2469	0.00418715	
      2470	0.00402057	
      2471	0.00387247	
      2472	0.00373283	
      2473	0.00359974	
      2474	0.00347279	
      2475	0.00334973	
      2476	0.00322013	
      2477	0.00309485	
      2478	0.00297542	
      2479	 0.0028615	
      2480	0.00275436	
      2481	0.00265919	
      2482	0.00256957	
      2483	0.00248372	
      2484	0.00240143	
      2485	0.00232342	
      2486	0.00225291	
      2487	0.00218596	
      2488	0.00212156	
      2489	0.00205957	
      2490	0.00199643	
      2491	0.00191489	
      2492	0.00183365	
      2493	0.00175596	
      2494	0.00168165	
      2495	 0.0016155	
      2496	0.00157961	
      2497	0.00154942	
      2498	0.00151997	
      2499	0.00149122	
      2500	0.00146089	
      2501	0.000632667	
      2502	0.000306882	
      2503	0.000160555	
      2504	8.87331e-05	
      2505	5.11409e-05	
      2506	3.04268e-05	
      2507	1.86102e-05	
      2508	1.16534e-05	
      2509	7.44593e-06	
      2510	 4.843e-06	
      2511	3.20316e-06	
      2512	2.14852e-06	
      2513	1.45916e-06	
      2514	1.0022e-06	
      2515	6.95438e-07	
      2516	4.87329e-07	
      2517	3.44465e-07	
      2518	2.45439e-07	
      2519	1.76185e-07	
      2520	1.27377e-07	
      2521	9.27662e-08	
      2522	6.79857e-08	
      2523	5.01104e-08	
      2524	3.71345e-08	
      2525	2.76649e-08	
      2526	2.07358e-08	
      2527	1.56168e-08	
      2528	1.18128e-08	
      2529	8.97243e-09	
      2530	6.84059e-09	
      2531	 5.224e-09	
      2532	4.00301e-09	
      2533	 3.078e-09	
      2534	2.37459e-09	
      2535	1.83814e-09	
      2536	1.42844e-09	
      2537	1.11357e-09	
      2538	8.70571e-10	
      2539	6.82458e-10	
      2540	5.36404e-10	
      2541	4.22862e-10	
      2542	3.34175e-10	
      2543	2.64718e-10	
      2544	2.10181e-10	
      2545	1.67252e-10	
      2546	1.33322e-10	
      2547	1.06499e-10	
      2548	8.52456e-11	
      2549	6.83686e-11	
      2550	5.49384e-11	
      2551	4.42099e-11	
      2552	3.5641e-11	
      2553	2.87839e-11	
      2554	2.3286e-11	
      2555	1.88699e-11	
      2556	1.53096e-11	
      2557	1.24408e-11	
      2558	1.01253e-11	
      2559	8.25324e-12	
      2560	6.73876e-12	
      2561	5.51501e-12	
      2562	4.52087e-12	
      2563	3.71107e-12	
      2564	3.05045e-12	
      2565	2.51075e-12	
      2566	2.0683e-12	
      2567	1.70597e-12	
      2568	1.40886e-12	
      2569	1.16491e-12	
      2570	9.6435e-13	
      2571	7.98892e-13	
      2572	6.62578e-13	
      2573	5.50139e-13	
      2574	4.57281e-13	
      2575	3.80506e-13	
      2576	3.16956e-13	
      2577	2.64293e-13	
      2578	2.20605e-13	
      2579	1.84322e-13	
      2580	1.54123e-13	
      2581	1.2882e-13	
      2582	1.07747e-13	
      2583	9.0205e-14	
      2584	7.5587e-14	
      2585	6.34235e-14	
      2586	5.34367e-14	
      2587	4.50826e-14	
      2588	3.80672e-14	
      2589	3.21706e-14	
      2590	2.72038e-14	
      2591	2.29802e-14	
      2592	1.94234e-14	
      2593	1.64301e-14	
      2594	1.39089e-14	
      2595	1.17864e-14	
      2596	1.00046e-14	
      2597	8.5005e-15	
      2598	7.22784e-15	
      2599	6.15018e-15	
      2600	5.23693e-15	
      2601	3.50356e-15	
      2602	2.78661e-15	
      2603	2.28957e-15	
      2604	1.91397e-15	
      2605	1.61812e-15	
      2606	1.37788e-15	
      2607	1.18067e-15	
      2608	1.01678e-15	
      2609	8.79283e-16	
      2610	7.63066e-16	
      2611	6.64541e-16	
      2612	5.80282e-16	
      2613	5.07908e-16	
      2614	4.45505e-16	
      2615	3.91519e-16	
      2616	3.44352e-16	
      2617	3.03352e-16	
      2618	2.6763e-16	
      2619	2.36437e-16	
      2620	2.09048e-16	
      2621	1.84431e-16	
      2622	1.62812e-16	
      2623	1.43874e-16	
      2624	1.27261e-16	
      2625	1.12807e-16	
      2626	1.00776e-16	
      2627	9.02147e-17	
      2628	8.08259e-17	
      2629	7.24703e-17	
      2630	6.4995e-17	
      2631	5.81629e-17	
      2632	5.20596e-17	
      2633	4.66277e-17	
      2634	4.17893e-17	
      2635	3.74669e-17	
      2636	3.35296e-17	
      2637	3.00156e-17	
      2638	2.68845e-17	
      2639	2.40928e-17	
      2640	2.16127e-17	
      2641	1.94557e-17	
      2642	1.75314e-17	
      2643	1.5805e-17	
      2644	1.42554e-17	
      2645	1.28636e-17	
      2646	1.16013e-17	
      2647	1.04674e-17	
      2648	9.44842e-18	
      2649	8.53214e-18	
      2650	7.70785e-18	
      2651	6.95898e-18	
      2652	6.28529e-18	
      2653	5.67897e-18	
      2654	5.13302e-18	
      2655	4.64241e-18	
      2656	4.20444e-18	
      2657	3.81008e-18	
      2658	3.4539e-18	
      2659	3.13208e-18	
      2660	2.84047e-18	
      2661	2.57293e-18	
      2662	2.33073e-18	
      2663	2.11199e-18	
      2664	1.91435e-18	
      2665	1.73662e-18	
      2666	1.5791e-18	
      2667	1.43702e-18	
      2668	1.3081e-18	
      2669	1.19109e-18	
      2670	1.08458e-18	
      2671	9.85339e-19	
      2672	8.95189e-19	
      2673	8.13501e-19	
      2674	7.39459e-19	
      2675	6.72503e-19	
      2676	6.12399e-19	
      2677	5.57954e-19	
      2678	5.08476e-19	
      2679	4.63501e-19	
      2680	4.22607e-19	
      2681	3.85415e-19	
      2682	3.51579e-19	
      2683	3.20789e-19	
      2684	2.92764e-19	
      2685	2.67249e-19	
      2686	2.43757e-19	
      2687	2.22379e-19	
      2688	2.0292e-19	
      2689	1.85204e-19	
      2690	1.69071e-19	
      2691	1.54458e-19	
      2692	1.41137e-19	
      2693	1.28992e-19	
      2694	1.17916e-19	
      2695	1.07814e-19	
      2696	9.8544e-20	
      2697	9.0089e-20	
      2698	8.23755e-20	
      2699	7.5337e-20	
      2700	6.89317e-20	
      2701	7.73926e-20	
      2702	8.69499e-20	
      2703	9.77262e-20	
      2704	1.09882e-19	
      2705	1.23601e-19	
      2706	1.39088e-19	
      2707	1.56581e-19	
      2708	1.76347e-19	
      2709	1.98692e-19	
      2710	2.23963e-19	
      2711	2.52693e-19	
      2712	2.85232e-19	
      2713	 3.221e-19	
      2714	3.63895e-19	
      2715	4.11295e-19	
      2716	4.64823e-19	
      2717	5.25554e-19	
      2718	5.94491e-19	
      2719	6.72779e-19	
      2720	7.61731e-19	
      2721	8.62373e-19	
      2722	9.76772e-19	
      2723	1.10687e-18	
      2724	1.25491e-18	
      2725	1.42383e-18	
      2726	1.61718e-18	
      2727	1.83821e-18	
      2728	2.0905e-18	
      2729	2.37863e-18	
      2730	2.70787e-18	
      2731	3.08085e-18	
      2732	3.50704e-18	
      2733	3.9943e-18	
      2734	4.55169e-18	
      2735	5.18967e-18	
      2736	5.92363e-18	
      2737	6.76514e-18	
      2738	7.73053e-18	
      2739	8.8387e-18	
      2740	1.01115e-17	
      2741	1.15809e-17	
      2742	1.32716e-17	
      2743	1.52182e-17	
      2744	1.74608e-17	
      2745	2.00462e-17	
      2746	2.30155e-17	
      2747	2.64412e-17	
      2748	3.03961e-17	
      2749	3.49648e-17	
      2750	4.02464e-17	
      2751	4.63298e-17	
      2752	5.33683e-17	
      2753	6.15174e-17	
      2754	7.09593e-17	
      2755	8.19069e-17	
      2756	9.46099e-17	
      2757	1.09361e-16	
      2758	1.26503e-16	
      2759	1.46438e-16	
      2760	1.69641e-16	
      2761	1.96783e-16	
      2762	2.28442e-16	
      2763	 2.654e-16	
      2764	3.0858e-16	
      2765	3.59073e-16	
      2766	4.1841e-16	
      2767	4.87957e-16	
      2768	5.6954e-16	
      2769	6.65331e-16	
      2770	7.77679e-16	
      2771	9.08736e-16	
      2772	1.06251e-15	
      2773	1.24344e-15	
      2774	1.45651e-15	
      2775	1.70769e-15	
      2776	2.00527e-15	
      2777	2.35701e-15	
      2778	2.77317e-15	
      2779	3.2661e-15	
      2780	3.85059e-15	
      2781	4.54712e-15	
      2782	5.37537e-15	
      2783	6.36139e-15	
      2784	7.5366e-15	
      2785	8.93899e-15	
      2786	1.06145e-14	
      2787	1.26189e-14	
      2788	1.50198e-14	
      2789	1.78993e-14	
      2790	2.13575e-14	
      2791	2.55009e-14	
      2792	3.04878e-14	
      2793	3.64983e-14	
      2794	4.37532e-14	
      2795	5.2539e-14	
      2796	6.32173e-14	
      2797	7.62001e-14	
      2798	9.19864e-14	
      2799	1.11213e-13	
      2800	1.34669e-13	
      2801	1.53834e-13	
      2802	1.75828e-13	
      2803	2.01081e-13	
      2804	2.30097e-13	
      2805	2.63539e-13	
      2806	3.02209e-13	
      2807	3.46873e-13	
      2808	3.98387e-13	
      2809	4.57842e-13	
      2810	5.26509e-13	
      2811	6.0587e-13	
      2812	6.97656e-13	
      2813	8.03887e-13	
      2814	9.26928e-13	
      2815	1.06954e-12	
      2816	1.23421e-12	
      2817	1.42524e-12	
      2818	1.64705e-12	
      2819	1.90478e-12	
      2820	2.20449e-12	
      2821	2.55172e-12	
      2822	2.95593e-12	
      2823	3.42688e-12	
      2824	3.97604e-12	
      2825	4.61843e-12	
      2826	5.37246e-12	
      2827	6.25687e-12	
      2828	7.29317e-12	
      2829	8.50861e-12	
      2830	9.93551e-12	
      2831	1.1605e-11	
      2832	1.35676e-11	
      2833	1.58772e-11	
      2834	1.8598e-11	
      2835	2.18065e-11	
      2836	2.5578e-11	
      2837	3.00327e-11	
      2838	3.53001e-11	
      2839	4.15358e-11	
      2840	4.89265e-11	
      2841	5.77336e-11	
      2842	6.82041e-11	
      2843	8.06679e-11	
      2844	9.55235e-11	
      2845	1.13253e-10	
      2846	1.34356e-10	
      2847	1.59595e-10	
      2848	1.89824e-10	
      2849	2.26082e-10	
      2850	2.69639e-10	
      2851	3.22042e-10	
      2852	3.85189e-10	
      2853	4.61407e-10	
      2854	5.53553e-10	
      2855	6.65148e-10	
      2856	8.01065e-10	
      2857	9.66367e-10	
      2858	1.16779e-09	
      2859	1.41369e-09	
      2860	1.71449e-09	
      2861	2.08322e-09	
      2862	2.53618e-09	
      2863	3.09383e-09	
      2864	3.78193e-09	
      2865	4.63301e-09	
      2866	5.68066e-09	
      2867	6.98124e-09	
      2868	8.60007e-09	
      2869	1.06205e-08	
      2870	1.3154e-08	
      2871	1.63465e-08	
      2872	2.03776e-08	
      2873	2.5477e-08	
      2874	3.19497e-08	
      2875	4.02084e-08	
      2876	5.08056e-08	
      2877	6.4443e-08	
      2878	8.20425e-08	
      2879	1.04854e-07	
      2880	1.34558e-07	
      2881	1.73188e-07	
      2882	2.23932e-07	
      2883	2.90958e-07	
      2884	3.80013e-07	
      2885	4.99088e-07	
      2886	6.59842e-07	
      2887	8.77995e-07	
      2888	1.17642e-06	
      2889	1.58827e-06	
      2890	2.16214e-06	
      2891	2.97045e-06	
      2892	4.1228e-06	
      2893	5.78839e-06	
      2894	8.23454e-06	
      2895	1.18958e-05	
      2896	1.74932e-05	
      2897	2.63277e-05	
      2898	4.08899e-05	
      2899	6.67743e-05	
      2900	0.000126957	
      2901	0.000129291	
      2902	0.000131676	
      2903	0.000134113	
      2904	0.000136602	
      2905	0.000139145	
      2906	0.000141644	
      2907	0.000144196	
      2908	0.000146803	
      2909	0.000149465	
      2910	0.000152184	
      2911	0.000154853	
      2912	0.000157577	
      2913	0.000160359	
      2914	0.000163198	
      2915	0.000166098	
      2916	0.000169179	
      2917	0.000172328	
      2918	0.000175547	
      2919	0.000178837	
      2920	 0.0001822	
      2921	0.000185638	
      2922	0.000189154	
      2923	0.000192748	
      2924	0.000196424	
      2925	0.000200184	
      2926	0.00020403	
      2927	0.000207964	
      2928	0.000211988	
      2929	0.000216105	
      2930	0.000220319	
      2931	0.000224467	
      2932	0.00022871	
      2933	0.000233049	
      2934	0.000237488	
      2935	0.000242029	
      2936	0.000246857	
      2937	 0.0002518	
      2938	0.000256863	
      2939	0.000262048	
      2940	0.000267359	
      2941	0.000272599	
      2942	0.000277963	
      2943	0.000283456	
      2944	0.000289082	
      2945	0.000294953	
      2946	0.000301195	
      2947	0.000307711	
      2948	0.000314398	
      2949	0.000321259	
      2950	 0.0003283	
      2951	0.000335529	
      2952	0.000342949	
      2953	0.000350568	
      2954	0.000358392	
      2955	0.000366427	
      2956	 0.0003744	
      2957	0.000382584	
      2958	0.000390989	
      2959	0.00039962	
      2960	0.000408486	
      2961	0.00041791	
      2962	 0.0004276	
      2963	0.000437566	
      2964	0.000447815	
      2965	0.000458358	
      2966	0.00046885	
      2967	0.000479639	
      2968	0.000490737	
      2969	0.000502154	
      2970	0.000513902	
      2971	0.000526397	
      2972	0.000539268	
      2973	0.000552529	
      2974	0.000566195	
      2975	0.000580281	
      2976	0.000594345	
      2977	0.000608839	
      2978	0.00062378	
      2979	0.000639184	
      2980	0.00065507	
      2981	0.00067198	
      2982	0.000689439	
      2983	0.00070747	
      2984	0.000726099	
      2985	0.000745349	
      2986	0.000764652	
      2987	0.000784599	
      2988	0.000805219	
      2989	0.000826542	
      2990	0.000848599	
      2991	0.000872109	
      2992	0.000896463	
      2993	0.000921703	
      2994	0.000947871	
      2995	0.000975017	
      2996	0.00100319	
      2997	0.00103245	
      2998	0.00106285	
      2999	0.00109446	
      3000	0.00112737	
      3001	0.00112654	
      3002	 0.0011257	
      3003	0.00112487	
      3004	0.00112404	
      3005	 0.0011232	
      3006	0.00112326	
      3007	0.00112331	
      3008	0.00112337	
      3009	0.00112343	
      3010	0.00112349	
      3011	0.00112355	
      3012	 0.0011236	
      3013	0.00112366	
      3014	0.00112372	
      3015	0.00112378	
      3016	0.00112294	
      3017	0.00112209	
      3018	0.00112124	
      3019	 0.0011204	
      3020	0.00111955	
      3021	0.00111869	
      3022	0.00111784	
      3023	0.00111699	
      3024	0.00111613	
      3025	0.00111528	
      3026	0.00111533	
      3027	0.00111538	
      3028	0.00111544	
      3029	0.00111549	
      3030	0.00111555	
      3031	0.00111469	
      3032	0.00111383	
      3033	0.00111296	
      3034	 0.0011121	
      3035	0.00111124	
      3036	0.00110945	
      3037	0.00110766	
      3038	0.00110587	
      3039	0.00110408	
      3040	0.00110274	
      3041	0.00110418	
      3042	0.00110607	
      3043	0.00110797	
      3044	0.00110988	
      3045	0.00111179	
      3046	0.00111277	
      3047	0.00111376	
      3048	0.00111475	
      3049	0.00111575	
      3050	0.00111674	
      3051	0.00111681	
      3052	0.00111687	
      3053	0.00111694	
      3054	0.00111701	
      3055	0.00111708	
      3056	0.00111715	
      3057	0.00111722	
      3058	0.00111729	
      3059	0.00111737	
      3060	0.00111744	
      3061	0.00111564	
      3062	0.00111383	
      3063	0.00111202	
      3064	0.00111021	
      3065	0.00110887	
      3066	0.00110847	
      3067	0.00110855	
      3068	0.00110862	
      3069	 0.0011087	
      3070	0.00110878	
      3071	0.00110981	
      3072	0.00111084	
      3073	0.00111188	
      3074	0.00111292	
      3075	0.00111396	
      3076	 0.0011131	
      3077	0.00111224	
      3078	0.00111139	
      3079	0.00111053	
      3080	0.00110967	
      3081	0.00110881	
      3082	0.00110796	
      3083	 0.0011071	
      3084	0.00110625	
      3085	0.00110539	
      3086	0.00110454	
      3087	0.00110369	
      3088	0.00110284	
      3089	0.00110199	
      3090	0.00110115	
      3091	 0.0011003	
      3092	0.00109946	
      3093	0.00109862	
      3094	0.00109778	
      3095	0.00109695	
      3096	0.00109611	
      3097	0.00109529	
      3098	0.00109446	
      3099	0.00109364	
      3100	0.00109282	
      3101	 0.0010825	
      3102	0.00107996	
      3103	0.00107989	
      3104	0.00108116	
      3105	0.00108331	
      3106	0.00108514	
      3107	0.00108747	
      3108	 0.0010902	
      3109	0.00109328	
      3110	0.00109666	
      3111	 0.0010993	
      3112	0.00110216	
      3113	0.00110522	
      3114	0.00110847	
      3115	 0.0011124	
      3116	0.00111752	
      3117	0.00112333	
      3118	 0.0011293	
      3119	0.00113543	
      3120	0.00114172	
      3121	0.00114817	
      3122	0.00115476	
      3123	0.00116149	
      3124	0.00116837	
      3125	0.00117539	
      3126	0.00118255	
      3127	0.00118985	
      3128	0.00119728	
      3129	0.00120486	
      3130	0.00121257	
      3131	0.00122041	
      3132	 0.0012284	
      3133	0.00123652	
      3134	0.00124477	
      3135	0.00125317	
      3136	0.00126052	
      3137	0.00126799	
      3138	0.00127559	
      3139	 0.0012833	
      3140	0.00129114	
      3141	0.00130033	
      3142	0.00130966	
      3143	0.00131914	
      3144	0.00132876	
      3145	0.00133854	
      3146	0.00134718	
      3147	0.00135596	
      3148	0.00136486	
      3149	 0.0013739	
      3150	0.00138308	
      3151	0.00139373	
      3152	0.00140454	
      3153	0.00141551	
      3154	0.00142665	
      3155	0.00143796	
      3156	0.00144944	
      3157	 0.0014611	
      3158	0.00147293	
      3159	0.00148494	
      3160	0.00149714	
      3161	0.00151098	
      3162	0.00152504	
      3163	0.00153932	
      3164	0.00155383	
      3165	0.00156856	
      3166	0.00158047	
      3167	0.00159256	
      3168	0.00160483	
      3169	0.00161729	
      3170	0.00163073	
      3171	0.00164598	
      3172	0.00166229	
      3173	0.00167887	
      3174	0.00169572	
      3175	0.00171284	
      3176	0.00172687	
      3177	0.00174112	
      3178	 0.0017556	
      3179	 0.0017703	
      3180	0.00178524	
      3181	0.00180219	
      3182	0.00181942	
      3183	0.00183694	
      3184	0.00185476	
      3185	0.00187288	
      3186	0.00189317	
      3187	0.00191383	
      3188	0.00193485	
      3189	0.00195624	
      3190	0.00197801	
      3191	0.00199819	
      3192	0.00201873	
      3193	0.00203964	
      3194	0.00206092	
      3195	0.00208258	
      3196	0.00210254	
      3197	0.00212286	
      3198	0.00214354	
      3199	0.00216459	
      3200	0.00218712	
      3201	0.00217674	
      3202	0.00216752	
      3203	0.00215838	
      3204	0.00214931	
      3205	 0.0021403	
      3206	0.00212923	
      3207	0.00211823	
      3208	0.00210732	
      3209	 0.0020965	
      3210	0.00208575	
      3211	0.00207299	
      3212	0.00206032	
      3213	0.00204775	
      3214	0.00203527	
      3215	0.00202288	
      3216	0.00201264	
      3217	0.00200248	
      3218	0.00199239	
      3219	0.00198237	
      3220	0.00197242	
      3221	0.00196254	
      3222	0.00195273	
      3223	0.00194299	
      3224	0.00193331	
      3225	0.00192371	
      3226	0.00191614	
      3227	0.00190863	
      3228	0.00190116	
      3229	0.00189374	
      3230	0.00188637	
      3231	0.00187711	
      3232	0.00186791	
      3233	0.00185878	
      3234	 0.0018497	
      3235	0.00184068	
      3236	0.00183173	
      3237	0.00182283	
      3238	0.00181399	
      3239	 0.0018052	
      3240	0.00179648	
      3241	0.00178781	
      3242	0.00177919	
      3243	0.00177063	
      3244	0.00176213	
      3245	0.00175367	
      3246	0.00174711	
      3247	0.00174058	
      3248	0.00173408	
      3249	0.00172763	
      3250	0.00172122	
      3251	0.00171125	
      3252	0.00170134	
      3253	 0.0016915	
      3254	0.00168172	
      3255	  0.001672	
      3256	0.00166411	
      3257	0.00165626	
      3258	0.00164847	
      3259	0.00164072	
      3260	0.00163301	
      3261	0.00162535	
      3262	0.00161774	
      3263	0.00161017	
      3264	0.00160265	
      3265	0.00159517	
      3266	0.00158774	
      3267	0.00158035	
      3268	  0.001573	
      3269	 0.0015657	
      3270	0.00155844	
      3271	0.00155122	
      3272	0.00154404	
      3273	0.00153691	
      3274	0.00152981	
      3275	0.00152276	
      3276	0.00151575	
      3277	0.00150877	
      3278	0.00150184	
      3279	0.00149495	
      3280	0.00148809	
      3281	0.00148128	
      3282	 0.0014745	
      3283	0.00146776	
      3284	0.00146106	
      3285	0.00145439	
      3286	0.00144935	
      3287	0.00144433	
      3288	0.00143934	
      3289	0.00143438	
      3290	0.00142866	
      3291	0.00141985	
      3292	0.00141032	
      3293	0.00140085	
      3294	0.00139143	
      3295	0.00138284	
      3296	0.00137583	
      3297	0.00136962	
      3298	0.00136344	
      3299	 0.0013573	
      3300	0.00135119	
      3301	0.00136538	
      3302	0.00137978	
      3303	0.00139438	
      3304	0.00140919	
      3305	0.00142421	
      3306	0.00143624	
      3307	0.00144841	
      3308	0.00146074	
      3309	0.00147323	
      3310	0.00148588	
      3311	 0.0015004	
      3312	0.00151512	
      3313	0.00153004	
      3314	0.00154518	
      3315	0.00156054	
      3316	0.00157253	
      3317	0.00158467	
      3318	0.00159696	
      3319	 0.0016094	
      3320	0.00162293	
      3321	0.00164044	
      3322	0.00165917	
      3323	 0.0016782	
      3324	0.00169754	
      3325	0.00171718	
      3326	0.00173313	
      3327	0.00174931	
      3328	0.00176573	
      3329	0.00178239	
      3330	 0.0017993	
      3331	0.00181858	
      3332	0.00183818	
      3333	 0.0018581	
      3334	0.00187834	
      3335	0.00189891	
      3336	0.00191982	
      3337	0.00194108	
      3338	 0.0019627	
      3339	0.00198468	
      3340	0.00200704	
      3341	0.00202978	
      3342	0.00205292	
      3343	0.00207646	
      3344	0.00210042	
      3345	0.00212481	
      3346	0.00214707	
      3347	0.00216971	
      3348	0.00219275	
      3349	0.00221619	
      3350	0.00224004	
      3351	0.00226706	
      3352	0.00229459	
      3353	0.00232265	
      3354	0.00235125	
      3355	0.00238041	
      3356	0.00241014	
      3357	0.00244047	
      3358	0.00247141	
      3359	0.00250298	
      3360	 0.0025352	
      3361	0.00256809	
      3362	0.00260167	
      3363	0.00263596	
      3364	  0.002671	
      3365	 0.0027068	
      3366	 0.0027434	
      3367	0.00278081	
      3368	0.00281906	
      3369	 0.0028582	
      3370	0.00289825	
      3371	0.00293924	
      3372	0.00298121	
      3373	 0.0030242	
      3374	0.00306825	
      3375	0.00311339	
      3376	0.00315968	
      3377	0.00320717	
      3378	 0.0032559	
      3379	0.00330592	
      3380	 0.0033573	
      3381	0.00341437	
      3382	0.00347306	
      3383	0.00353346	
      3384	0.00359564	
      3385	0.00365969	
      3386	0.00372106	
      3387	0.00378433	
      3388	0.00384959	
      3389	0.00391697	
      3390	0.00398658	
      3391	0.00405855	
      3392	0.00413302	
      3393	0.00421015	
      3394	 0.0042901	
      3395	0.00437307	
      3396	0.00445361	
      3397	0.00453736	
      3398	0.00462456	
      3399	0.00471548	
      3400	0.00481351	
      3401	0.00484283	
      3402	0.00487554	
      3403	0.00490858	
      3404	0.00494194	
      3405	0.00497246	
      3406	0.00499053	
      3407	0.00500555	
      3408	0.00502071	
      3409	0.00503599	
      3410	0.00505466	
      3411	0.00508007	
      3412	0.00510901	
      3413	0.00513825	
      3414	0.00516779	
      3415	0.00519762	
      3416	0.00522102	
      3417	0.00524465	
      3418	0.00526852	
      3419	0.00529263	
      3420	0.00531699	
      3421	 0.0053416	
      3422	0.00536646	
      3423	0.00539158	
      3424	0.00541697	
      3425	0.00544263	
      3426	0.00546857	
      3427	0.00549479	
      3428	0.00552129	
      3429	0.00554809	
      3430	0.00557518	
      3431	0.00560997	
      3432	0.00564515	
      3433	0.00568075	
      3434	0.00571677	
      3435	0.00575322	
      3436	0.00578249	
      3437	 0.0058121	
      3438	0.00584207	
      3439	0.00587241	
      3440	0.00590312	
      3441	0.00593422	
      3442	 0.0059657	
      3443	0.00599758	
      3444	0.00602988	
      3445	0.00606259	
      3446	0.00609573	
      3447	0.00612932	
      3448	0.00616335	
      3449	0.00619785	
      3450	0.00623282	
      3451	0.00627671	
      3452	0.00632121	
      3453	0.00636636	
      3454	0.00641215	
      3455	0.00645862	
      3456	0.00649704	
      3457	0.00653604	
      3458	0.00657564	
      3459	0.00661585	
      3460	 0.0066567	
      3461	0.00670726	
      3462	0.00675863	
      3463	0.00681084	
      3464	0.00686391	
      3465	0.00691788	
      3466	0.00696333	
      3467	0.00700959	
      3468	0.00705668	
      3469	0.00710462	
      3470	0.00715345	
      3471	 0.0072032	
      3472	 0.0072539	
      3473	0.00730561	
      3474	0.00735834	
      3475	0.00741216	
      3476	0.00746709	
      3477	 0.0075232	
      3478	0.00758054	
      3479	0.00763916	
      3480	0.00769912	
      3481	 0.0077712	
      3482	0.00784498	
      3483	0.00792052	
      3484	0.00799792	
      3485	0.00807729	
      3486	0.00814748	
      3487	0.00821963	
      3488	0.00829388	
      3489	0.00837037	
      3490	0.00844924	
      3491	0.00853069	
      3492	0.00861492	
      3493	0.00870216	
      3494	0.00879269	
      3495	0.00888683	
      3496	0.00898496	
      3497	0.00908756	
      3498	0.00919519	
      3499	0.00930862	
      3500	0.00942882	
      3501	0.00943468	
      3502	0.00944056	
      3503	0.00944646	
      3504	0.00945239	
      3505	0.00945833	
      3506	0.00945096	
      3507	 0.0094436	
      3508	0.00943624	
      3509	0.00942888	
      3510	0.00942153	
      3511	0.00941418	
      3512	0.00940684	
      3513	 0.0093995	
      3514	0.00939217	
      3515	0.00938484	
      3516	0.00937752	
      3517	 0.0093702	
      3518	0.00936289	
      3519	0.00935558	
      3520	0.00934829	
      3521	0.00935445	
      3522	0.00936065	
      3523	0.00936686	
      3524	0.00937311	
      3525	0.00937937	
      3526	0.00937216	
      3527	0.00936496	
      3528	0.00935777	
      3529	0.00935058	
      3530	0.00934341	
      3531	0.00934979	
      3532	 0.0093562	
      3533	0.00936264	
      3534	0.00936911	
      3535	0.00937561	
      3536	0.00936855	
      3537	0.00936149	
      3538	0.00935445	
      3539	0.00934742	
      3540	 0.0093404	
      3541	0.00934704	
      3542	0.00935371	
      3543	0.00936042	
      3544	0.00936717	
      3545	0.00937394	
      3546	0.00936706	
      3547	 0.0093602	
      3548	0.00935335	
      3549	0.00934652	
      3550	0.00933971	
      3551	0.00933292	
      3552	0.00932615	
      3553	 0.0093194	
      3554	0.00931267	
      3555	0.00930597	
      3556	0.00929928	
      3557	0.00929262	
      3558	0.00928598	
      3559	0.00927937	
      3560	0.00927279	
      3561	0.00928008	
      3562	0.00928743	
      3563	0.00929482	
      3564	0.00930227	
      3565	0.00930977	
      3566	0.00930342	
      3567	0.00929711	
      3568	0.00929084	
      3569	 0.0092846	
      3570	 0.0092784	
      3571	0.00927224	
      3572	0.00926612	
      3573	0.00926005	
      3574	0.00925403	
      3575	0.00924806	
      3576	0.00924213	
      3577	0.00923626	
      3578	0.00923045	
      3579	0.00922469	
      3580	  0.009219	
      3581	0.00922746	
      3582	0.00923601	
      3583	0.00924466	
      3584	0.00925341	
      3585	0.00926228	
      3586	0.00925709	
      3587	0.00925201	
      3588	0.00924701	
      3589	0.00924212	
      3590	0.00923734	
      3591	0.00923267	
      3592	0.00922813	
      3593	0.00922372	
      3594	0.00921945	
      3595	0.00921533	
      3596	0.00922569	
      3597	0.00923625	
      3598	0.00924705	
      3599	0.00925809	
      3600	0.00926941	
      3601	0.00925899	
      3602	0.00924856	
      3603	0.00923813	
      3604	 0.0092277	
      3605	0.00921726	
      3606	0.00920682	
      3607	0.00919638	
      3608	0.00918593	
      3609	0.00917548	
      3610	0.00916502	
      3611	  0.009169	
      3612	0.00917299	
      3613	0.00917699	
      3614	  0.009181	
      3615	0.00918502	
      3616	0.00917457	
      3617	0.00916412	
      3618	0.00915367	
      3619	0.00914322	
      3620	0.00913276	
      3621	 0.0091368	
      3622	0.00914085	
      3623	0.00914491	
      3624	0.00914899	
      3625	0.00915307	
      3626	0.00914262	
      3627	0.00913218	
      3628	0.00912173	
      3629	0.00911128	
      3630	0.00910082	
      3631	0.00910493	
      3632	0.00910905	
      3633	0.00911319	
      3634	0.00911733	
      3635	0.00912148	
      3636	0.00911105	
      3637	0.00910061	
      3638	0.00909017	
      3639	0.00907973	
      3640	0.00906929	
      3641	0.00907348	
      3642	0.00907768	
      3643	 0.0090819	
      3644	0.00908612	
      3645	0.00909036	
      3646	0.00907994	
      3647	0.00906952	
      3648	 0.0090591	
      3649	0.00904868	
      3650	0.00903826	
      3651	0.00902784	
      3652	0.00901742	
      3653	  0.009007	
      3654	0.00899657	
      3655	0.00898615	
      3656	0.00899047	
      3657	0.00899479	
      3658	0.00899914	
      3659	 0.0090035	
      3660	0.00900787	
      3661	0.00901226	
      3662	0.00901667	
      3663	0.00902109	
      3664	0.00902552	
      3665	0.00902998	
      3666	0.00900482	
      3667	0.00897966	
      3668	0.00895448	
      3669	0.00892929	
      3670	0.00891151	
      3671	0.00890858	
      3672	0.00891308	
      3673	0.00891759	
      3674	0.00892213	
      3675	0.00892669	
      3676	0.00891638	
      3677	0.00890607	
      3678	0.00889577	
      3679	0.00888548	
      3680	0.00887519	
      3681	0.00886491	
      3682	0.00885463	
      3683	0.00884436	
      3684	 0.0088341	
      3685	0.00882384	
      3686	0.00882856	
      3687	 0.0088333	
      3688	0.00883807	
      3689	0.00884286	
      3690	0.00884768	
      3691	0.00883752	
      3692	0.00882737	
      3693	0.00881724	
      3694	0.00880712	
      3695	0.00879701	
      3696	0.00878692	
      3697	0.00877684	
      3698	0.00876677	
      3699	0.00875673	
      3700	 0.0087467	
      3701	0.00875148	
      3702	0.00875627	
      3703	0.00876108	
      3704	0.00876591	
      3705	0.00877075	
      3706	0.00876048	
      3707	 0.0087502	
      3708	0.00873992	
      3709	0.00872964	
      3710	0.00871936	
      3711	0.00872426	
      3712	0.00872916	
      3713	0.00873408	
      3714	0.00873902	
      3715	0.00874398	
      3716	0.00873373	
      3717	0.00872349	
      3718	0.00871324	
      3719	0.00870299	
      3720	0.00869274	
      3721	0.00869775	
      3722	0.00870277	
      3723	0.00870781	
      3724	0.00871287	
      3725	0.00871794	
      3726	0.00870773	
      3727	0.00869752	
      3728	 0.0086873	
      3729	0.00867708	
      3730	0.00866687	
      3731	  0.008672	
      3732	0.00867715	
      3733	0.00868231	
      3734	0.00868749	
      3735	 0.0086927	
      3736	0.00866712	
      3737	0.00864153	
      3738	0.00861593	
      3739	 0.0085903	
      3740	0.00857236	
      3741	0.00856986	
      3742	 0.0085751	
      3743	0.00858035	
      3744	0.00858562	
      3745	0.00859091	
      3746	0.00858072	
      3747	0.00857054	
      3748	0.00856036	
      3749	0.00855018	
      3750	0.00853999	
      3751	0.00854535	
      3752	0.00855072	
      3753	0.00855611	
      3754	0.00856152	
      3755	0.00856696	
      3756	0.00855682	
      3757	0.00854669	
      3758	0.00853655	
      3759	0.00852642	
      3760	0.00851628	
      3761	0.00852179	
      3762	0.00852731	
      3763	0.00853286	
      3764	0.00853842	
      3765	0.00854401	
      3766	0.00854962	
      3767	0.00855525	
      3768	 0.0085609	
      3769	0.00856657	
      3770	0.00857227	
      3771	0.00856225	
      3772	0.00855223	
      3773	0.00854221	
      3774	0.00853219	
      3775	0.00852218	
      3776	0.00851216	
      3777	0.00850215	
      3778	0.00849214	
      3779	0.00848213	
      3780	0.00847213	
      3781	0.00847797	
      3782	0.00848384	
      3783	0.00848973	
      3784	0.00849565	
      3785	0.00850159	
      3786	0.00849166	
      3787	0.00848172	
      3788	0.00847179	
      3789	0.00846187	
      3790	0.00845195	
      3791	0.00845799	
      3792	0.00846405	
      3793	0.00847014	
      3794	0.00847626	
      3795	0.00848241	
      3796	0.00847257	
      3797	0.00846273	
      3798	 0.0084529	
      3799	0.00844307	
      3800	0.00843325	
      3801	 0.0083921	
      3802	0.00835989	
      3803	0.00833303	
      3804	0.00830981	
      3805	0.00828928	
      3806	0.00825508	
      3807	0.00822262	
      3808	 0.0081916	
      3809	0.00816181	
      3810	0.00813308	
      3811	0.00812089	
      3812	0.00810948	
      3813	0.00809877	
      3814	0.00808868	
      3815	0.00807917	
      3816	0.00805465	
      3817	0.00803065	
      3818	0.00800713	
      3819	0.00798404	
      3820	0.00796137	
      3821	0.00795453	
      3822	0.00794803	
      3823	0.00794185	
      3824	0.00793597	
      3825	0.00793038	
      3826	0.00792506	
      3827	0.00792001	
      3828	 0.0079152	
      3829	0.00791064	
      3830	0.00790631	
      3831	0.00788686	
      3832	0.00786764	
      3833	0.00784864	
      3834	0.00782985	
      3835	0.00781128	
      3836	0.00780822	
      3837	0.00780534	
      3838	0.00780264	
      3839	0.00780011	
      3840	0.00779776	
      3841	0.00778029	
      3842	  0.007763	
      3843	0.00774587	
      3844	0.00772891	
      3845	0.00771212	
      3846	0.00771075	
      3847	0.00770953	
      3848	0.00770846	
      3849	0.00770755	
      3850	0.00770678	
      3851	0.00769089	
      3852	0.00767516	
      3853	0.00765957	
      3854	0.00764412	
      3855	0.00762882	
      3856	0.00762129	
      3857	 0.0076139	
      3858	0.00759902	
      3859	0.00759192	
      3860	0.00758495	
      3861	0.00757812	
      3862	0.00757907	
      3863	0.00757253	
      3864	0.00757377	
      3865	0.00756751	
      3866	0.00755377	
      3867	 0.0075478	
      3868	0.00753434	
      3869	0.00752867	
      3870	0.00751551	
      3871	0.00751778	
      3872	0.00752022	
      3873	0.00752282	
      3874	0.00752559	
      3875	0.00752852	
      3876	0.00751631	
      3877	0.00751192	
      3878	0.00750004	
      3879	0.00749601	
      3880	0.00748448	
      3881	0.00748081	
      3882	0.00747734	
      3883	0.00747408	
      3884	0.00747102	
      3885	0.00746817	
      3886	0.00747326	
      3887	 0.0074786	
      3888	 0.0074919	
      3889	0.00749777	
      3890	0.00750392	
      3891	 0.0074949	
      3892	0.00748617	
      3893	0.00748549	
      3894	 0.0074774	
      3895	0.00746965	
      3896	0.00747783	
      3897	0.00747866	
      3898	0.00748773	
      3899	0.00748953	
      3900	0.00749968	
      3901	0.00750834	
      3902	0.00751705	
      3903	0.00751798	
      3904	0.00752677	
      3905	0.00753562	
      3906	0.00753665	
      3907	0.00752984	
      3908	0.00753092	
      3909	0.00752415	
      3910	0.00752529	
      3911	0.00753438	
      3912	 0.0075356	
      3913	0.00754479	
      3914	0.00754609	
      3915	0.00755539	
      3916	0.00754881	
      3917	0.00754225	
      3918	 0.0075437	
      3919	0.00753719	
      3920	 0.0075307	
      3921	0.00754026	
      3922	0.00754988	
      3923	0.00755154	
      3924	0.00756128	
      3925	0.00757108	
      3926	0.00756483	
      3927	0.00756667	
      3928	0.00756048	
      3929	0.00756241	
      3930	0.00755629	
      3931	0.00756643	
      3932	0.00756852	
      3933	 0.0075788	
      3934	0.00758101	
      3935	0.00759143	
      3936	0.00759377	
      3937	0.00758797	
      3938	0.00759041	
      3939	0.00758471	
      3940	0.00758726	
      3941	0.00758988	
      3942	0.00760082	
      3943	0.00760358	
      3944	0.00761469	
      3945	0.00761761	
      3946	0.00761232	
      3947	0.00760708	
      3948	0.00761021	
      3949	0.00760509	
      3950	0.00760003	
      3951	0.00760338	
      3952	0.00761519	
      3953	0.00761873	
      3954	0.00763077	
      3955	0.00763452	
      3956	0.00763836	
      3957	0.00764232	
      3958	0.00763792	
      3959	0.00764208	
      3960	0.00764634	
      3961	0.00765922	
      3962	0.00767225	
      3963	0.00767691	
      3964	0.00769024	
      3965	0.00770373	
      3966	0.00770027	
      3967	 0.0077055	
      3968	0.00770229	
      3969	0.00770782	
      3970	0.00770489	
      3971	0.00771938	
      3972	0.00772543	
      3973	0.00774035	
      3974	0.00774681	
      3975	0.00776218	
      3976	0.00776908	
      3977	0.00776746	
      3978	0.00777482	
      3979	0.00777364	
      3980	0.00778151	
      3981	0.00778965	
      3982	 0.0077981	
      3983	0.00781573	
      3984	0.00782486	
      3985	0.00783436	
      3986	0.00785318	
      3987	0.00786352	
      3988	0.00788328	
      3989	0.00789459	
      3990	0.00791545	
      3991	0.00791887	
      3992	0.00793194	
      3993	0.00793663	
      3994	0.00795117	
      3995	0.00795745	
      3996	  0.007983	
      3997	0.00800054	
      3998	0.00802862	
      3999	0.00804901	
      4000	0.00808052	
