280	8.43007e-16
281	1.84039e-15
282	3.69174e-15
283	5.23119e-15
284	5.57621e-15
285	4.17521e-15
286	6.1922e-15
287	1.02444e-14
288	1.08421e-14
289	1.53416e-14
290	2.44153e-14
291	3.07217e-14
292	3.2381e-14
293	3.50063e-14
294	3.92834e-14
295	4.43338e-14
296	5.21489e-14
297	5.28558e-14
298	6.07125e-14
299	6.33632e-14
300	6.8494e-14
301	6.84042e-13
302	7.04224e-12
303	8.90594e-11
304	9.41608e-10
305	9.42608e-09
306	2.32628e-08
307	6.50783e-08
308	1.84756e-07
309	4.43504e-07
310	1.14078e-06
311	2.91375e-06
312	5.47416e-06
313	1.04234e-05
314	2.04629e-05
315	3.72899e-05
316	4.69358e-05
317	7.67779e-05
318	0.000105161
319	0.000138641
320	0.000208357
321	0.000266018
322	0.000323553
323	0.00038646
324	0.000545039
325	0.000797164
326	0.0010993
327	0.00131996
328	0.00148606
329	0.0018368
330	0.00233024
331	0.00237707
332	0.00259317
333	0.00278276
334	0.00306689
335	0.00351157
336	0.00340832
337	0.00342579
338	0.00406793
339	0.00461441
340	0.00528474
341	0.00538629
342	0.00578973
343	0.00634494
344	0.00578511
345	0.00635136
346	0.00709456
347	0.00754283
348	0.00775061
349	0.00804821
350	0.00934839
351	0.0102459
352	0.0100314
353	0.0107008
354	0.012684
355	0.0134196
356	0.0128154
357	0.0113813
358	0.0107726
359	0.0124018
360	0.0158083
361	0.0149032
362	0.0157474
363	0.0178688
364	0.0186507
365	0.0204171
366	0.0240935
367	0.0248983
368	0.0241725
369	0.0256899
370	0.0278839
371	0.0273167
372	0.0273703
373	0.0253934
374	0.0238911
375	0.0264135
376	0.030388
377	0.0338468
378	0.0404256
379	0.037458
380	0.0362679
381	0.0392302
382	0.0321519
383	0.0258938
384	0.0296633
385	0.0382459
386	0.0381479
387	0.0401519
388	0.0404138
389	0.0448963
390	0.0525891
391	0.0574721
392	0.0544954
393	0.0358548
394	0.0377163
395	0.0593559
396	0.0559875
397	0.0398416
398	0.0669656
399	0.0868936
400	0.0936713
401	0.099288
402	0.104296
403	0.104321
404	0.106923
405	0.10737
406	0.106868
407	0.107561
408	0.11414
409	0.120674
410	0.111748
411	0.122369
412	0.131453
413	0.130473
414	0.131358
415	0.137839
416	0.143803
417	0.143424
418	0.141483
419	0.14571
420	0.141824
421	0.156486
422	0.159196
423	0.157691
424	0.159875
425	0.165605
426	0.164214
427	0.162187
428	0.163503
429	0.152673
430	0.128144
431	0.127091
432	0.184073
433	0.184633
434	0.177207
435	0.193307
436	0.212873
437	0.217818
438	0.199553
439	0.197175
440	0.220037
441	0.225982
442	0.240686
443	0.248056
444	0.247599
445	0.254606
446	0.242359
447	0.265897
448	0.275417
449	0.279712
450	0.291964
451	0.303022
452	0.29563
453	0.282628
454	0.297435
455	0.302561
456	0.313252
457	0.319683
458	0.317783
459	0.318116
460	0.321569
461	0.332843
462	0.340402
463	0.343489
464	0.339016
465	0.337321
466	0.343431
467	0.338112
468	0.350549
469	0.35565
470	0.349594
471	0.357794
472	0.37408
473	0.369626
474	0.375955
475	0.388453
476	0.384478
477	0.390909
478	0.402722
479	0.401465
480	0.408262
481	0.411106
482	0.413676
483	0.411652
484	0.407988
485	0.399035
486	0.347731
487	0.374448
488	0.403129
489	0.39677
490	0.428387
491	0.421822
492	0.411285
493	0.430184
494	0.431601
495	0.450521
496	0.441048
497	0.444653
498	0.438302
499	0.439535
500	0.440729
501	0.433094
502	0.436687
503	0.451722
504	0.439426
505	0.462285
506	0.480287
507	0.467485
508	0.459321
509	0.474734
510	0.470089
511	0.478155
512	0.487505
513	0.46796
514	0.459411
515	0.472133
516	0.467533
517	0.410595
518	0.442024
519	0.445095
520	0.476978
521	0.487604
522	0.495663
523	0.480164
524	0.505277
525	0.507772
526	0.489718
527	0.451565
528	0.49647
529	0.521575
530	0.513918
531	0.53413
532	0.524691
533	0.486619
534	0.506852
535	0.521385
536	0.533587
537	0.510004
538	0.523568
539	0.516025
540	0.501085
541	0.49181
542	0.523483
543	0.525075
544	0.538663
545	0.532097
546	0.530791
547	0.534803
548	0.528415
549	0.5385
550	0.537794
551	0.539456
552	0.546893
553	0.537641
554	0.545412
555	0.548816
556	0.541635
557	0.531853
558	0.536275
559	0.519821
560	0.527492
561	0.548009
562	0.535111
563	0.546813
564	0.543784
565	0.541833
566	0.525085
567	0.548203
568	0.549886
569	0.543402
570	0.540222
571	0.528303
572	0.550861
573	0.557515
574	0.555126
575	0.546547
576	0.545505
577	0.553141
578	0.543238
579	0.547244
580	0.551681
581	0.554274
582	0.560692
583	0.564877
584	0.56414
585	0.561112
586	0.552705
587	0.563087
588	0.554255
589	0.512518
590	0.532947
591	0.55854
592	0.558935
593	0.559718
594	0.562357
595	0.563835
596	0.571683
597	0.576422
598	0.569972
599	0.569518
600	0.573543
601	0.569058
602	0.567429
603	0.578638
604	0.59046
605	0.592473
606	0.593373
607	0.596591
608	0.597588
609	0.596546
610	0.598875
611	0.601088
612	0.611227
613	0.606367
614	0.597827
615	0.610722
616	0.602471
617	0.601362
618	0.621291
619	0.630824
620	0.635794
621	0.640789
622	0.634047
623	0.635701
624	0.63543
625	0.630323
626	0.635243
627	0.653776
628	0.660291
629	0.663409
630	0.661088
631	0.656955
632	0.642762
633	0.665037
634	0.663798
635	0.666572
636	0.660685
637	0.677746
638	0.685685
639	0.681267
640	0.671064
641	0.672216
642	0.676496
643	0.685006
644	0.684038
645	0.690481
646	0.68306
647	0.690041
648	0.688428
649	0.673763
650	0.672004
651	0.699199
652	0.700786
653	0.705123
654	0.698933
655	0.669812
656	0.605693
657	0.626766
658	0.687609
659	0.7013
660	0.712244
661	0.720399
662	0.723991
663	0.723532
664	0.724204
665	0.733636
666	0.733719
667	0.729043
668	0.718786
669	0.716329
670	0.701387
671	0.693931
672	0.684086
673	0.682824
674	0.67698
675	0.672085
676	0.6753
677	0.668727
678	0.668482
679	0.661208
680	0.65908
681	0.658191
682	0.656867
683	0.652342
684	0.647917
685	0.644681
686	0.633278
687	0.644483
688	0.649698
689	0.650027
690	0.649311
691	0.649837
692	0.648164
693	0.655481
694	0.660117
695	0.658591
696	0.662842
697	0.667222
698	0.666478
699	0.674069
700	0.676535
701	0.677966
702	0.680788
703	0.691207
704	0.703319
705	0.714139
706	0.714892
707	0.718888
708	0.727971
709	0.737542
710	0.764216
711	0.70983
712	0.675173
713	0.651162
714	0.63605
715	0.613518
716	0.606234
717	0.595623
718	0.57901
719	0.558219
720	0.567352
721	0.567027
722	0.566271
723	0.56094
724	0.559868
725	0.560109
726	0.564259
727	0.571829
728	0.577033
729	0.569347
730	0.593409
731	0.597468
732	0.611734
733	0.618608
734	0.639327
735	0.649216
736	0.655304
737	0.669175
738	0.680932
739	0.687841
740	0.725685
741	0.724907
742	0.724883
743	0.740731
744	0.749549
745	0.749091
746	0.751639
747	0.754332
748	0.753535
749	0.755904
750	0.755644
751	0.759626
752	0.765378
753	0.770598
754	0.77677
755	0.777637
756	0.770114
757	0.77096
758	0.775537
759	0.769288
760	0.772997
761	0.770553
762	0.771177
763	0.721523
764	0.684786
765	0.651216
766	0.611041
767	0.595532
768	0.598297
769	0.600242
770	0.607436
771	0.616323
772	0.62574
773	0.635783
774	0.646587
775	0.65834
776	0.670637
777	0.681077
778	0.698303
779	0.723494
780	0.761799
781	0.759632
782	0.762623
783	0.757104
784	0.751766
785	0.755299
786	0.755752
787	0.754696
788	0.749739
789	0.74801
790	0.742361
791	0.735958
792	0.729589
793	0.723248
794	0.717725
795	0.717775
796	0.72419
797	0.733797
798	0.729934
799	0.72291
800	0.71431
801	0.697875
802	0.682105
803	0.661513
804	0.651754
805	0.632521
806	0.6342
807	0.624509
808	0.61544
809	0.601439
810	0.598102
811	0.593715
812	0.592247
813	0.587691
814	0.582057
815	0.573419
816	0.568232
817	0.561644
818	0.547764
819	0.53424
820	0.529071
821	0.527136
822	0.517416
823	0.518767
824	0.516677
825	0.527509
826	0.542925
827	0.55563
828	0.564929
829	0.575531
830	0.592119
831	0.612398
832	0.624272
833	0.617014
834	0.62853
835	0.635854
836	0.645019
837	0.646893
838	0.651432
839	0.6541
840	0.66529
841	0.666472
842	0.658911
843	0.657733
844	0.652565
845	0.667528
846	0.669701
847	0.657342
848	0.657147
849	0.651294
850	0.611715
851	0.648542
852	0.653635
853	0.641883
854	0.592789
855	0.620513
856	0.661908
857	0.680994
858	0.686977
859	0.691457
860	0.694364
861	0.694321
862	0.700362
863	0.699977
864	0.688559
865	0.668782
866	0.613058
867	0.642134
868	0.670457
869	0.671017
870	0.678727
871	0.674497
872	0.679598
873	0.674399
874	0.663858
875	0.658209
876	0.671361
877	0.675331
878	0.673006
879	0.664977
880	0.662985
881	0.591031
882	0.57272
883	0.552268
884	0.537999
885	0.526297
886	0.502051
887	0.488625
888	0.485105
889	0.477423
890	0.467485
891	0.457307
892	0.446015
893	0.433158
894	0.427398
895	0.422112
896	0.418046
897	0.409769
898	0.401922
899	0.392858
900	0.386064
901	0.374756
902	0.364818
903	0.372721
904	0.369816
905	0.363794
906	0.364672
907	0.36932
908	0.368448
909	0.367411
910	0.373468
911	0.378241
912	0.380786
913	0.387771
914	0.391497
915	0.392959
916	0.394655
917	0.393256
918	0.393072
919	0.394213
920	0.391533
921	0.386025
922	0.381453
923	0.373377
924	0.384606
925	0.387237
926	0.309329
927	0.268655
928	0.232945
929	0.2049
930	0.182411
931	0.165538
932	0.150329
933	0.138145
934	0.126632
935	0.115652
936	0.106558
937	0.0991093
938	0.101294
939	0.102727
940	0.102847
941	0.103279
942	0.103058
943	0.107311
944	0.108019
945	0.110324
946	0.113136
947	0.115131
948	0.117622
949	0.123836
950	0.129724
951	0.135602
952	0.143387
953	0.151066
954	0.157571
955	0.161188
956	0.17586
957	0.189407
958	0.203849
959	0.219566
960	0.234743
961	0.252786
962	0.275968
963	0.302357
964	0.334245
965	0.382253
966	0.383759
967	0.390063
968	0.391445
969	0.396608
970	0.402004
971	0.403912
972	0.41016
973	0.412143
974	0.412445
975	0.419282
976	0.427989
977	0.431277
978	0.438759
979	0.441755
980	0.451389
981	0.456196
982	0.463291
983	0.466595
984	0.469046
985	0.474726
986	0.478475
987	0.484216
988	0.489295
989	0.492214
990	0.500852
991	0.512094
992	0.52032
993	0.532455
994	0.541939
995	0.540077
996	0.538844
997	0.534015
998	0.533674
999	0.533867
1000	0.535331
1001	0.538236
1002	0.538452
1003	0.533604
1004	0.525405
1005	0.502972
1006	0.519025
1007	0.530039
1008	0.532625
1009	0.531494
1010	0.532466
1011	0.530516
1012	0.52976
1013	0.527909
1014	0.528721
1015	0.523389
1016	0.52402
1017	0.521995
1018	0.525231
1019	0.516205
1020	0.51807
1021	0.519485
1022	0.51545
1023	0.518843
1024	0.521145
1025	0.521048
1026	0.521438
1027	0.52072
1028	0.521242
1029	0.518512
1030	0.519739
1031	0.519783
1032	0.519488
1033	0.514133
1034	0.516576
1035	0.519288
1036	0.520104
1037	0.517215
1038	0.516864
1039	0.520785
1040	0.520705
1041	0.520988
1042	0.520683
1043	0.517681
1044	0.518633
1045	0.51514
1046	0.506131
1047	0.511627
1048	0.516058
1049	0.514686
1050	0.512344
1051	0.512324
1052	0.510173
1053	0.509182
1054	0.508384
1055	0.509912
1056	0.509113
1057	0.507924
1058	0.502658
1059	0.492921
1060	0.500364
1061	0.495384
1062	0.500795
1063	0.497265
1064	0.501605
1065	0.500702
1066	0.492978
1067	0.494212
1068	0.491934
1069	0.47378
1070	0.483387
1071	0.462585
1072	0.451042
1073	0.43602
1074	0.432578
1075	0.420667
1076	0.416804
1077	0.411281
1078	0.405378
1079	0.395191
1080	0.393607
1081	0.382237
1082	0.375198
1083	0.374647
1084	0.373672
1085	0.369926
1086	0.36633
1087	0.35345
1088	0.355763
1089	0.354453
1090	0.349813
1091	0.347585
1092	0.340094
1093	0.332405
1094	0.318073
1095	0.322959
1096	0.323727
1097	0.323417
1098	0.319525
1099	0.31625
1100	0.32096
1101	0.240772
1102	0.191732
1103	0.163119
1104	0.139923
1105	0.121424
1106	0.106587
1107	0.0941219
1108	0.0841373
1109	0.0755677
1110	0.068279
1111	0.0616385
1112	0.0560198
1113	0.0509167
1114	0.0469474
1115	0.0430138
1116	0.039309
1117	0.0365196
1118	0.0333558
1119	0.030815
1120	0.0285105
1121	0.0304045
1122	0.032474
1123	0.0345441
1124	0.0367441
1125	0.038914
1126	0.0407197
1127	0.0440174
1128	0.0476773
1129	0.051245
1130	0.0549208
1131	0.0549025
1132	0.0547151
1133	0.0538951
1134	0.0535941
1135	0.053354
1136	0.0530693
1137	0.0518135
1138	0.0509428
1139	0.0512514
1140	0.0511525
1141	0.0501701
1142	0.0505331
1143	0.0500159
1144	0.0494244
1145	0.0495025
1146	0.0532411
1147	0.0569856
1148	0.0607492
1149	0.065011
1150	0.0697768
1151	0.0751472
1152	0.0810283
1153	0.0881538
1154	0.0966503
1155	0.105732
1156	0.115308
1157	0.128081
1158	0.142459
1159	0.158278
1160	0.178106
1161	0.204214
1162	0.21279
1163	0.219225
1164	0.222007
1165	0.228883
1166	0.231353
1167	0.239719
1168	0.247163
1169	0.248843
1170	0.260167
1171	0.26321
1172	0.264612
1173	0.26472
1174	0.265838
1175	0.263488
1176	0.261881
1177	0.26752
1178	0.267543
1179	0.268488
1180	0.272524
1181	0.273064
1182	0.272224
1183	0.263848
1184	0.273228
1185	0.278552
1186	0.280355
1187	0.281848
1188	0.279925
1189	0.272222
1190	0.28212
1191	0.288934
1192	0.290686
1193	0.292265
1194	0.294029
1195	0.2941
1196	0.295802
1197	0.296004
1198	0.291932
1199	0.287365
1200	0.300659
1201	0.304289
1202	0.303438
1203	0.294897
1204	0.294376
1205	0.301226
1206	0.30164
1207	0.302064
1208	0.296046
1209	0.286946
1210	0.296745
1211	0.294502
1212	0.299952
1213	0.302019
1214	0.301758
1215	0.302929
1216	0.303529
1217	0.303945
1218	0.303773
1219	0.303097
1220	0.304905
1221	0.30574
1222	0.305676
1223	0.305021
1224	0.308744
1225	0.309412
1226	0.310315
1227	0.30672
1228	0.310706
1229	0.314403
1230	0.31558
1231	0.316621
1232	0.316456
1233	0.319308
1234	0.320847
1235	0.32228
1236	0.326735
1237	0.33011
1238	0.333504
1239	0.336358
1240	0.346612
1241	0.345915
1242	0.342322
1243	0.336959
1244	0.333411
1245	0.332077
1246	0.331828
1247	0.330025
1248	0.329728
1249	0.327701
1250	0.325206
1251	0.321631
1252	0.317942
1253	0.317205
1254	0.315899
1255	0.31393
1256	0.311747
1257	0.309007
1258	0.308274
1259	0.305863
1260	0.305355
1261	0.303347
1262	0.299515
1263	0.299924
1264	0.296329
1265	0.29552
1266	0.29548
1267	0.290983
1268	0.288262
1269	0.289181
1270	0.289619
1271	0.290048
1272	0.289594
1273	0.289918
1274	0.289602
1275	0.292003
1276	0.29397
1277	0.295312
1278	0.296015
1279	0.295738
1280	0.294635
1281	0.286025
1282	0.265729
1283	0.28354
1284	0.296871
1285	0.301704
1286	0.304713
1287	0.308047
1288	0.310108
1289	0.313692
1290	0.314238
1291	0.305077
1292	0.298548
1293	0.292023
1294	0.283547
1295	0.28003
1296	0.276429
1297	0.270971
1298	0.265675
1299	0.263914
1300	0.26021
1301	0.256462
1302	0.251736
1303	0.247875
1304	0.244766
1305	0.244168
1306	0.242314
1307	0.240188
1308	0.237786
1309	0.23569
1310	0.232968
1311	0.230474
1312	0.226662
1313	0.220708
1314	0.222683
1315	0.217706
1316	0.216979
1317	0.218387
1318	0.215729
1319	0.216688
1320	0.215299
1321	0.157171
1322	0.125274
1323	0.103723
1324	0.0878051
1325	0.0753324
1326	0.0652252
1327	0.056958
1328	0.0503696
1329	0.0440014
1330	0.0396738
1331	0.0358426
1332	0.0319159
1333	0.0292929
1334	0.0266924
1335	0.0242592
1336	0.0220051
1337	0.0201653
1338	0.0184234
1339	0.0167657
1340	0.0154121
1341	0.0144442
1342	0.0133459
1343	0.0123581
1344	0.0114675
1345	0.0106416
1346	0.00982911
1347	0.00917741
1348	0.0085445
1349	0.00794551
1350	0.00735157
1351	0.0061514
1352	0.00520501
1353	0.00439731
1354	0.00372435
1355	0.00315004
1356	0.00269934
1357	0.0023073
1358	0.00201541
1359	0.00174608
1360	0.00150923
1361	0.00132847
1362	0.00115951
1363	0.00100426
1364	0.000889968
1365	0.000784286
1366	0.000691673
1367	0.000608104
1368	0.000541776
1369	0.000475136
1370	0.000421897
1371	0.000376692
1372	0.000339205
1373	0.000303801
1374	0.000271552
1375	0.000240295
1376	0.000214314
1377	0.000194095
1378	0.00017483
1379	0.000158384
1380	0.000142255
1381	0.000128447
1382	0.000115047
1383	0.000104285
1384	9.48219e-05
1385	8.54557e-05
1386	7.78801e-05
1387	7.03145e-05
1388	6.41756e-05
1389	5.84554e-05
1390	5.25923e-05
1391	4.83637e-05
1392	4.4192e-05
1393	4.01678e-05
1394	3.65365e-05
1395	3.34133e-05
1396	3.62459e-05
1397	3.93714e-05
1398	4.28825e-05
1399	4.64339e-05
1400	4.9496e-05
1401	5.39002e-05
1402	5.94247e-05
1403	6.45308e-05
1404	7.0631e-05
1405	7.72707e-05
1406	8.50196e-05
1407	9.31228e-05
1408	0.000102064
1409	0.00011239
1410	0.000123392
1411	0.000134863
1412	0.0001459
1413	0.00016228
1414	0.000181311
1415	0.000200858
1416	0.0002218
1417	0.000247169
1418	0.00027509
1419	0.000303416
1420	0.000337264
1421	0.000377859
1422	0.000416281
1423	0.000464739
1424	0.000521111
1425	0.000589854
1426	0.000651337
1427	0.000739653
1428	0.000841024
1429	0.000938864
1430	0.0010639
1431	0.00121752
1432	0.00141312
1433	0.00161864
1434	0.00183516
1435	0.00211961
1436	0.00245413
1437	0.0028535
1438	0.00331667
1439	0.00388477
1440	0.00441761
1441	0.00524493
1442	0.00624944
1443	0.00707526
1444	0.00752768
1445	0.00799957
1446	0.00852836
1447	0.00902182
1448	0.00965416
1449	0.0102644
1450	0.0108726
1451	0.0114877
1452	0.0122625
1453	0.0131415
1454	0.0140118
1455	0.0149716
1456	0.0160133
1457	0.0173273
1458	0.0188771
1459	0.020438
1460	0.0219529
1461	0.0236859
1462	0.0255225
1463	0.0264817
1464	0.0265287
1465	0.0267595
1466	0.0265707
1467	0.0268779
1468	0.0266897
1469	0.0269009
1470	0.0267783
1471	0.0264179
1472	0.0265125
1473	0.0264673
1474	0.025977
1475	0.0263129
1476	0.026465
1477	0.0264336
1478	0.0278607
1479	0.0296646
1480	0.0314535
1481	0.0330503
1482	0.0351627
1483	0.0368197
1484	0.0395219
1485	0.042545
1486	0.0450244
1487	0.0471657
1488	0.0467841
1489	0.0542367
1490	0.0596563
1491	0.0646549
1492	0.0696687
1493	0.0766443
1494	0.0841754
1495	0.0923273
1496	0.100449
1497	0.114475
1498	0.117397
1499	0.118931
1500	0.122938
1501	0.125334
1502	0.125494
1503	0.119665
1504	0.124796
1505	0.125103
1506	0.132505
1507	0.13987
1508	0.142427
1509	0.145535
1510	0.151709
1511	0.156039
1512	0.158182
1513	0.162199
1514	0.166932
1515	0.174109
1516	0.180592
1517	0.18787
1518	0.199358
1519	0.209763
1520	0.230234
1521	0.226265
1522	0.225485
1523	0.228076
1524	0.228603
1525	0.225557
1526	0.229701
1527	0.229248
1528	0.230345
1529	0.228143
1530	0.220283
1531	0.228929
1532	0.23083
1533	0.229105
1534	0.226724
1535	0.229153
1536	0.232239
1537	0.232817
1538	0.229739
1539	0.233236
1540	0.225189
1541	0.224511
1542	0.224121
1543	0.222753
1544	0.22247
1545	0.221702
1546	0.21955
1547	0.215723
1548	0.210727
1549	0.21217
1550	0.210046
1551	0.209626
1552	0.210204
1553	0.207267
1554	0.202849
1555	0.202197
1556	0.199968
1557	0.202574
1558	0.201328
1559	0.201458
1560	0.200834
1561	0.203819
1562	0.203694
1563	0.203195
1564	0.201839
1565	0.204036
1566	0.202896
1567	0.203397
1568	0.20217
1569	0.20406
1570	0.204511
1571	0.208611
1572	0.209614
1573	0.207985
1574	0.206358
1575	0.199472
1576	0.204351
1577	0.194749
1578	0.205979
1579	0.21094
1580	0.212469
1581	0.211885
1582	0.205491
1583	0.206128
1584	0.204668
1585	0.208415
1586	0.206267
1587	0.203322
1588	0.198003
1589	0.187516
1590	0.191379
1591	0.19275
1592	0.200071
1593	0.203377
1594	0.202238
1595	0.201327
1596	0.193671
1597	0.194863
1598	0.198203
1599	0.195124
1600	0.194978
1601	0.190491
1602	0.191532
1603	0.191522
1604	0.19132
1605	0.189222
1606	0.188278
1607	0.187161
1608	0.189276
1609	0.187227
1610	0.178383
1611	0.182142
1612	0.18414
1613	0.187603
1614	0.187747
1615	0.18724
1616	0.181514
1617	0.184331
1618	0.190139
1619	0.189936
1620	0.186007
1621	0.186556
1622	0.189953
1623	0.194465
1624	0.195758
1625	0.1944
1626	0.197268
1627	0.199417
1628	0.202086
1629	0.204367
1630	0.206355
1631	0.207015
1632	0.206716
1633	0.204257
1634	0.202252
1635	0.204354
1636	0.20355
1637	0.19693
1638	0.195179
1639	0.192247
1640	0.193947
1641	0.192963
1642	0.193172
1643	0.195953
1644	0.194337
1645	0.193695
1646	0.196052
1647	0.196394
1648	0.195781
1649	0.192919
1650	0.19445
1651	0.192669
1652	0.194429
1653	0.193085
1654	0.193671
1655	0.19212
1656	0.193028
1657	0.193092
1658	0.192081
1659	0.190228
1660	0.191257
1661	0.191964
1662	0.191289
1663	0.190515
1664	0.190161
1665	0.18864
1666	0.187233
1667	0.187211
1668	0.184947
1669	0.186209
1670	0.188863
1671	0.187672
1672	0.182227
1673	0.184136
1674	0.18615
1675	0.184226
1676	0.182202
1677	0.183267
1678	0.183797
1679	0.179798
1680	0.173015
1681	0.166751
1682	0.168743
1683	0.172433
1684	0.17418
1685	0.174015
1686	0.171644
1687	0.171257
1688	0.170389
1689	0.167938
1690	0.167429
1691	0.169246
1692	0.168977
1693	0.167826
1694	0.167187
1695	0.166572
1696	0.165373
1697	0.1642
1698	0.163528
1699	0.162182
1700	0.159886
1701	0.159155
1702	0.158698
1703	0.158057
1704	0.157387
1705	0.156672
1706	0.155575
1707	0.154428
1708	0.153291
1709	0.152165
1710	0.151199
1711	0.151151
1712	0.151258
1713	0.151369
1714	0.151482
1715	0.151471
1716	0.150669
1717	0.149747
1718	0.148832
1719	0.147924
1720	0.147082
1721	0.146571
1722	0.146125
1723	0.145683
1724	0.145245
1725	0.144759
1726	0.14394
1727	0.143075
1728	0.142216
1729	0.141362
1730	0.140389
1731	0.138651
1732	0.136798
1733	0.134954
1734	0.133118
1735	0.131636
1736	0.132207
1737	0.133122
1738	0.134035
1739	0.134946
1740	0.135641
1741	0.11361
1742	0.0998162
1743	0.0895764
1744	0.081415
1745	0.0746791
1746	0.0691111
1747	0.0643132
1748	0.0600967
1749	0.0563508
1750	0.0530022
1751	0.050017
1752	0.0473128
1753	0.0448429
1754	0.042577
1755	0.0404744
1756	0.0384353
1757	0.0365327
1758	0.034766
1759	0.0331213
1760	0.0315953
1761	0.0302181
1762	0.0289348
1763	0.0277293
1764	0.0265949
1765	0.0255257
1766	0.0245167
1767	0.0235632
1768	0.0226609
1769	0.0218061
1770	0.0209872
1771	0.0201582
1772	0.0193641
1773	0.01861
1774	0.0178933
1775	0.0172214
1776	0.0166384
1777	0.0160909
1778	0.0155677
1779	0.0150673
1780	0.0145843
1781	0.0140977
1782	0.0136281
1783	0.0131785
1784	0.0127477
1785	0.0123384
1786	0.0119664
1787	0.0116123
1788	0.0112719
1789	0.0109445
1790	0.0106252
1791	0.0102906
1792	0.0099649
1793	0.00965176
1794	0.00935059
1795	0.00906081
1796	0.00878189
1797	0.00851333
1798	0.00825466
1799	0.00800542
1800	0.00776983
1801	0.00651273
1802	0.00550524
1803	0.00468544
1804	0.00401174
1805	0.0034529
1806	0.00298338
1807	0.0025886
1808	0.00225495
1809	0.00197142
1810	0.00172571
1811	0.00149636
1812	0.00129814
1813	0.00112884
1814	0.000983769
1815	0.00086173
1816	0.000770341
1817	0.000692175
1818	0.000623129
1819	0.000561985
1820	0.00050755
1821	0.000458279
1822	0.000414311
1823	0.000375123
1824	0.000340126
1825	0.000308494
1826	0.000278353
1827	0.000251206
1828	0.000226977
1829	0.00020532
1830	0.000186026
1831	0.000169194
1832	0.000154122
1833	0.000140534
1834	0.000128269
1835	0.000117169
1836	0.000107018
1837	9.78189e-05
1838	8.94865e-05
1839	8.19309e-05
1840	7.50632e-05
1841	6.87533e-05
1842	6.30123e-05
1843	5.77922e-05
1844	5.30416e-05
1845	4.87399e-05
1846	4.49461e-05
1847	4.14965e-05
1848	3.83362e-05
1849	3.54387e-05
1850	3.27694e-05
1851	3.02596e-05
1852	2.79489e-05
1853	2.58291e-05
1854	2.38831e-05
1855	2.20955e-05
1856	2.04523e-05
1857	1.89409e-05
1858	1.75499e-05
1859	1.6269e-05
1860	1.50888e-05
1861	1.56888e-05
1862	1.63151e-05
1863	1.69691e-05
1864	1.7652e-05
1865	1.83691e-05
1866	1.91365e-05
1867	1.99435e-05
1868	2.0788e-05
1869	2.1672e-05
1870	2.2548e-05
1871	2.31464e-05
1872	2.37039e-05
1873	2.42695e-05
1874	2.4843e-05
1875	2.55645e-05
1876	2.71792e-05
1877	2.9047e-05
1878	3.10346e-05
1879	3.31497e-05
1880	3.53044e-05
1881	3.69902e-05
1882	3.8659e-05
1883	4.04115e-05
1884	4.22524e-05
1885	4.41504e-05
1886	4.59025e-05
1887	4.76924e-05
1888	4.95598e-05
1889	5.15085e-05
1890	5.35807e-05
1891	5.59867e-05
1892	5.85562e-05
1893	6.12582e-05
1894	6.41003e-05
1895	6.71393e-05
1896	7.06465e-05
1897	7.44096e-05
1898	7.83935e-05
1899	8.26124e-05
1900	8.70383e-05
1901	9.14257e-05
1902	9.60136e-05
1903	0.000100861
1904	0.000105984
1905	0.000111386
1906	0.000116963
1907	0.000122839
1908	0.000129052
1909	0.000135622
1910	0.000142603
1911	0.000150149
1912	0.000158182
1913	0.000166705
1914	0.000175751
1915	0.000185355
1916	0.000195559
1917	0.000206404
1918	0.000217937
1919	0.000230207
1920	0.00024327
1921	0.000229852
1922	0.000231491
1923	0.000236313
1924	0.000243047
1925	0.00025116
1926	0.000259971
1927	0.000269839
1928	0.000280833
1929	0.000292967
1930	0.000306515
1931	0.000322802
1932	0.000340856
1933	0.000360566
1934	0.000382078
1935	0.000405345
1936	0.000429246
1937	0.000455065
1938	0.000483231
1939	0.00051399
1940	0.000546779
1941	0.000577232
1942	0.000609358
1943	0.000644262
1944	0.000682247
1945	0.000726069
1946	0.000789742
1947	0.000863562
1948	0.000946241
1949	0.0010391
1950	0.00114282
1951	0.00125405
1952	0.00137875
1953	0.00152027
1954	0.00168158
1955	0.00186486
1956	0.00206609
1957	0.00229656
1958	0.00256427
1959	0.00287762
1960	0.00324715
1961	0.00348631
1962	0.00374753
1963	0.00403408
1964	0.00434916
1965	0.00470027
1966	0.00511351
1967	0.00557812
1968	0.00609732
1969	0.00667952
1970	0.00733065
1971	0.00803636
1972	0.00883018
1973	0.00973307
1974	0.010766
1975	0.0119556
1976	0.0133361
1977	0.0149525
1978	0.0168654
1979	0.0191582
1980	0.0219561
1981	0.025464
1982	0.0299561
1983	0.0359292
1984	0.0443834
1985	0.0579133
1986	0.0423249
1987	0.0348372
1988	0.0298048
1989	0.0260567
1990	0.0230907
1991	0.0205747
1992	0.0184662
1993	0.0166816
1994	0.0151506
1995	0.0138321
1996	0.0127257
1997	0.011756
1998	0.0108933
1999	0.0101212
2000	0.00942281
2001	0.00876948
2002	0.00817437
2003	0.0076337
2004	0.00714093
2005	0.00669341
2006	0.0070206
2007	0.00737232
2008	0.00774755
2009	0.00814839
2010	0.00857572
2011	0.00902093
2012	0.00949655
2013	0.0100072
2014	0.0105566
2015	0.0111469
2016	0.0117679
2017	0.0124375
2018	0.0131637
2019	0.0139534
2020	0.0148218
2021	0.0158151
2022	0.0169167
2023	0.0181355
2024	0.0194908
2025	0.0209973
2026	0.0226326
2027	0.0244756
2028	0.0265855
2029	0.0290313
2030	0.0319206
2031	0.0354435
2032	0.0398283
2033	0.0455467
2034	0.0537416
2035	0.0698075
2036	0.068546
2037	0.0673872
2038	0.066319
2039	0.0653246
2040	0.0644399
2041	0.063869
2042	0.0633851
2043	0.0629352
2044	0.0625154
2045	0.0620822
2046	0.0614113
2047	0.0607274
2048	0.0600683
2049	0.0594323
2050	0.0588343
2051	0.0583331
2052	0.0578659
2053	0.057415
2054	0.0569795
2055	0.0565478
2056	0.0560444
2057	0.0555445
2058	0.0550584
2059	0.0545856
2060	0.0541412
2061	0.0537822
2062	0.0534501
2063	0.0531289
2064	0.0528182
2065	0.0525181
2066	0.0528059
2067	0.0530995
2068	0.0533993
2069	0.0537054
2070	0.0540343
2071	0.0544459
2072	0.0548827
2073	0.0553289
2074	0.0557851
2075	0.0562295
2076	0.0565385
2077	0.0568335
2078	0.0571373
2079	0.0574505
2080	0.0577854
2081	0.0581899
2082	0.0586191
2083	0.0590624
2084	0.0595207
2085	0.0600015
2086	0.0605124
2087	0.0610491
2088	0.0616074
2089	0.0621896
2090	0.0627851
2091	0.0633445
2092	0.0639218
2093	0.0645341
2094	0.0651869
2095	0.0659145
2096	0.0668804
2097	0.0679502
2098	0.069115
2099	0.0704035
2100	0.0718553
2101	0.0718888
2102	0.0719155
2103	0.0719432
2104	0.0719718
2105	0.0719863
2106	0.0719114
2107	0.0718221
2108	0.0717336
2109	0.0716459
2110	0.0715666
2111	0.0715487
2112	0.0715394
2113	0.0715313
2114	0.0715244
2115	0.0715187
2116	0.0714991
2117	0.0714808
2118	0.071464
2119	0.0714486
2120	0.0714347
2121	0.0714071
2122	0.0713813
2123	0.0713572
2124	0.0713351
2125	0.0713382
2126	0.0714675
2127	0.071623
2128	0.0717817
2129	0.0719437
2130	0.0720781
2131	0.0720443
2132	0.0719827
2133	0.0719246
2134	0.0718706
2135	0.0718448
2136	0.0719822
2137	0.0721499
2138	0.0723252
2139	0.0725091
2140	0.0726791
2141	0.0727167
2142	0.0727435
2143	0.0727866
2144	0.0728508
2145	0.0729678
2146	0.0732404
2147	0.0736066
2148	0.0741118
2149	0.0740632
2150	0.0740064
2151	0.0738673
2152	0.07372
2153	0.0735729
2154	0.073426
2155	0.0732791
2156	0.0730995
2157	0.07292
2158	0.0727407
2159	0.0725615
2160	0.0722837
2161	0.0713967
2162	0.0704115
2163	0.0694267
2164	0.0684424
2165	0.0676477
2166	0.0680049
2167	0.0685512
2168	0.0690974
2169	0.0696434
2170	0.0701318
2171	0.070242
2172	0.0702948
2173	0.0703476
2174	0.0704005
2175	0.0704206
2176	0.0702438
2177	0.0700342
2178	0.0698248
2179	0.0696155
2180	0.069431
2181	0.0694107
2182	0.0694151
2183	0.0694195
2184	0.0694241
2185	0.0693959
2186	0.0691547
2187	0.0688808
2188	0.0686072
2189	0.0683337
2190	0.0681013
2191	0.0681147
2192	0.0681692
2193	0.0682236
2194	0.0682782
2195	0.0683082
2196	0.0682074
2197	0.0680822
2198	0.0679571
2199	0.0678125
2200	0.0676437
2201	0.0673281
2202	0.0669883
2203	0.0666489
2204	0.0663099
2205	0.0660121
2206	0.0659265
2207	0.0658819
2208	0.0658373
2209	0.0657929
2210	0.0657405
2211	0.0656556
2212	0.0655628
2213	0.0654701
2214	0.0653776
2215	0.0652853
2216	0.0651931
2217	0.065101
2218	0.0650091
2219	0.0649174
2220	0.0648096
2221	0.0646047
2222	0.064384
2223	0.0641634
2224	0.0639431
2225	0.0637393
2226	0.0636326
2227	0.0635423
2228	0.0634521
2229	0.0633621
2230	0.0632722
2231	0.0631663
2232	0.0630605
2233	0.0629549
2234	0.0628495
2235	0.062728
2236	0.0624941
2237	0.0622442
2238	0.0619946
2239	0.0617453
2240	0.0615203
2241	0.0614403
2242	0.0613844
2243	0.0613286
2244	0.0612729
2245	0.0612013
2246	0.0610496
2247	0.060882
2248	0.0607146
2249	0.0605474
2250	0.0603804
2251	0.0601815
2252	0.0599828
2253	0.0597843
2254	0.059586
2255	0.0594039
2256	0.0593339
2257	0.0592799
2258	0.059226
2259	0.0591722
2260	0.0591105
2261	0.0589691
2262	0.0588199
2263	0.0586709
2264	0.058522
2265	0.0583892
2266	0.0583203
2267	0.0582673
2268	0.0582144
2269	0.0581616
2270	0.058101
2271	0.0576947
2272	0.0572941
2273	0.0569059
2274	0.0565291
2275	0.0561471
2276	0.0556979
2277	0.055243
2278	0.0547974
2279	0.0543605
2280	0.0539543
2281	0.053691
2282	0.0534559
2283	0.0532262
2284	0.0530015
2285	0.0527815
2286	0.0525366
2287	0.0522962
2288	0.0520601
2289	0.0518281
2290	0.051571
2291	0.0511302
2292	0.0506658
2293	0.0502066
2294	0.0497525
2295	0.0493459
2296	0.0491706
2297	0.0490404
2298	0.0489125
2299	0.0487867
2300	0.0486561
2301	0.0484719
2302	0.0482831
2303	0.0480967
2304	0.0479125
2305	0.0477237
2306	0.0475097
2307	0.0472911
2308	0.0470748
2309	0.0468607
2310	0.0466489
2311	0.0464121
2312	0.0461775
2313	0.0459451
2314	0.0457148
2315	0.0454866
2316	0.0452737
2317	0.0450627
2318	0.0448535
2319	0.0446462
2320	0.0444209
2321	0.0440532
2322	0.0436685
2323	0.0432865
2324	0.0429071
2325	0.0425757
2326	0.0424922
2327	0.0424548
2328	0.0424181
2329	0.042382
2330	0.0423273
2331	0.0421712
2332	0.0419973
2333	0.0418247
2334	0.0416534
2335	0.0414833
2336	0.0413144
2337	0.0411468
2338	0.0409803
2339	0.040815
2340	0.0406571
2341	0.0405377
2342	0.0404253
2343	0.0403138
2344	0.0402031
2345	0.0400809
2346	0.0398982
2347	0.0397043
2348	0.0395117
2349	0.0393202
2350	0.0391177
2351	0.0388314
2352	0.0385346
2353	0.0382394
2354	0.0379458
2355	0.0376899
2356	0.0376273
2357	0.0376013
2358	0.0375755
2359	0.03755
2360	0.037519
2361	0.0357409
2362	0.0341673
2363	0.0327581
2364	0.0314817
2365	0.0303105
2366	0.0291953
2367	0.0281581
2368	0.0271927
2369	0.0262905
2370	0.0254403
2371	0.0246166
2372	0.0238357
2373	0.0230971
2374	0.022397
2375	0.0217464
2376	0.0211963
2377	0.0206853
2378	0.0201972
2379	0.0197303
2380	0.0192582
2381	0.0186655
2382	0.0180737
2383	0.0175061
2384	0.0169613
2385	0.0164657
2386	0.0161523
2387	0.0158765
2388	0.0156098
2389	0.0153518
2390	0.015092
2391	0.0147816
2392	0.0144716
2393	0.0141717
2394	0.0138813
2395	0.0135999
2396	0.0133226
2397	0.0130538
2398	0.012793
2399	0.0125399
2400	0.0122942
2401	0.0120595
2402	0.0118314
2403	0.0116096
2404	0.0113939
2405	0.011184
2406	0.0109834
2407	0.0107881
2408	0.0105978
2409	0.0104124
2410	0.0102231
2411	0.00998757
2412	0.00975
2413	0.00951879
2414	0.00929372
2415	0.00908731
2416	0.00895514
2417	0.00883827
2418	0.00872387
2419	0.00861186
2420	0.00849775
2421	0.00835706
2422	0.00821527
2423	0.00807671
2424	0.00794127
2425	0.00781021
2426	0.0076901
2427	0.00757388
2428	0.00746012
2429	0.00734873
2430	0.0072384
2431	0.00711787
2432	0.00699869
2433	0.00688204
2434	0.00676787
2435	0.00665726
2436	0.00655825
2437	0.00646236
2438	0.00636836
2439	0.00627621
2440	0.00618474
2441	0.00608639
2442	0.00598893
2443	0.00589341
2444	0.00579978
2445	0.00570697
2446	0.00561193
2447	0.00551778
2448	0.00542549
2449	0.00533502
2450	0.00524824
2451	0.0048811
2452	0.00454908
2453	0.00424635
2454	0.0039696
2455	0.00371736
2456	0.00349205
2457	0.00328556
2458	0.0030948
2459	0.00291823
2460	0.00275401
2461	0.00259772
2462	0.00245207
2463	0.0023166
2464	0.00219041
2465	0.00207197
2466	0.00195778
2467	0.00185052
2468	0.00175033
2469	0.00165663
2470	0.00156952
2471	0.00149179
2472	0.00141928
2473	0.00135106
2474	0.00128682
2475	0.0012256
2476	0.0011635
2477	0.00110444
2478	0.00104886
2479	0.000996505
2480	0.000947712
2481	0.000904113
2482	0.000863378
2483	0.000824814
2484	0.000788284
2485	0.000753952
2486	0.000722778
2487	0.000693411
2488	0.000665473
2489	0.000638879
2490	0.000612495
2491	0.00058108
2492	0.000550411
2493	0.000521436
2494	0.000494052
2495	0.000469598
2496	0.000454346
2497	0.000441018
2498	0.000428157
2499	0.000415742
2500	0.000403128
2501	0.000129522
2502	4.85635e-05
2503	2.01774e-05
2504	9.0309e-06
2505	4.27913e-06
2506	2.11847e-06
2507	1.08898e-06
2508	5.77919e-07
2509	3.15222e-07
2510	1.76127e-07
2511	1.00627e-07
2512	5.85933e-08
2513	3.46987e-08
2514	2.08648e-08
2515	1.27221e-08
2516	7.86003e-09
2517	4.91349e-09
2518	3.10509e-09
2519	1.98216e-09
2520	1.27755e-09
2521	8.31376e-10
2522	5.45618e-10
2523	3.60868e-10
2524	2.40428e-10
2525	1.61329e-10
2526	1.09101e-10
2527	7.42564e-11
2528	5.08396e-11
2529	3.50035e-11
2530	2.42247e-11
2531	1.68158e-11
2532	1.17276e-11
2533	8.21742e-12
2534	5.78379e-12
2535	4.08935e-12
2536	2.90581e-12
2537	2.0735e-12
2538	1.48529e-12
2539	1.0679e-12
2540	7.7055e-13
2541	5.58158e-13
2542	4.05662e-13
2543	2.95784e-13
2544	2.16342e-13
2545	1.58718e-13
2546	1.16734e-13
2547	8.61002e-14
2548	6.36813e-14
2549	4.72265e-14
2550	3.51149e-14
2551	2.61644e-14
2552	1.95434e-14
2553	1.4633e-14
2554	1.09819e-14
2555	8.26063e-15
2556	6.22475e-15
2557	4.70077e-15
2558	3.55739e-15
2559	2.69767e-15
2560	2.05028e-15
2561	1.56269e-15
2562	1.19361e-15
2563	9.13417e-16
2564	7.00281e-16
2565	5.37842e-16
2566	4.13627e-16
2567	3.18646e-16
2568	2.4589e-16
2569	1.90058e-16
2570	1.47142e-16
2571	1.14045e-16
2572	8.85301e-17
2573	6.8828e-17
2574	5.35904e-17
2575	4.17871e-17
2576	3.26303e-17
2577	2.55159e-17
2578	1.99803e-17
2579	1.56668e-17
2580	1.22982e-17
2581	9.65327e-18
2582	7.58516e-18
2583	5.9676e-18
2584	4.70078e-18
2585	3.70908e-18
2586	2.93959e-18
2587	2.33358e-18
2588	1.85466e-18
2589	1.47572e-18
2590	1.17526e-18
2591	9.35286e-19
2592	7.44952e-19
2593	5.93989e-19
2594	4.74119e-19
2595	3.78921e-19
2596	3.03432e-19
2597	2.43284e-19
2598	1.95254e-19
2599	1.56861e-19
2600	1.26139e-19
2601	7.31617e-20
2602	5.36344e-20
2603	4.10905e-20
2604	3.22269e-20
2605	2.56644e-20
2606	2.06458e-20
2607	1.67502e-20
2608	1.36825e-20
2609	1.12399e-20
2610	9.27761e-21
2611	7.6932e-21
2612	6.4025e-21
2613	5.34549e-21
2614	4.47585e-21
2615	3.75747e-21
2616	3.15889e-21
2617	2.66146e-21
2618	2.24685e-21
2619	1.90037e-21
2620	1.60934e-21
2621	1.36051e-21
2622	1.15132e-21
2623	9.75655e-22
2624	8.27883e-22
2625	7.04235e-22
2626	6.03924e-22
2627	5.19139e-22
2628	4.46748e-22
2629	3.84858e-22
2630	3.31714e-22
2631	2.85355e-22
2632	2.45585e-22
2633	2.11549e-22
2634	1.82389e-22
2635	1.57341e-22
2636	1.35512e-22
2637	1.16772e-22
2638	1.00699e-22
2639	8.69006e-23
2640	7.50828e-23
2641	6.51109e-23
2642	5.65295e-23
2643	4.91113e-23
2644	4.26939e-23
2645	3.71382e-23
2646	3.22929e-23
2647	2.80963e-23
2648	2.44592e-23
2649	2.1305e-23
2650	1.85677e-23
2651	1.61746e-23
2652	1.40974e-23
2653	1.22932e-23
2654	1.07253e-23
2655	9.36439e-24
2656	8.18836e-24
2657	7.16525e-24
2658	6.27291e-24
2659	5.49422e-24
2660	4.81314e-24
2661	4.21195e-24
2662	3.6865e-24
2663	3.22796e-24
2664	2.82762e-24
2665	2.47922e-24
2666	2.17909e-24
2667	1.91704e-24
2668	1.68717e-24
2669	1.48544e-24
2670	1.308e-24
2671	1.14924e-24
2672	1.00986e-24
2673	8.87702e-25
2674	7.80599e-25
2675	6.86836e-25
2676	6.05172e-25
2677	5.33541e-25
2678	4.70548e-25
2679	4.15133e-25
2680	3.66365e-25
2681	3.23433e-25
2682	2.85624e-25
2683	2.52315e-25
2684	2.22962e-25
2685	1.97084e-25
2686	1.74082e-25
2687	1.5381e-25
2688	1.35939e-25
2689	1.20181e-25
2690	1.0628e-25
2691	9.40633e-26
2692	8.32752e-26
2693	7.37453e-26
2694	6.53242e-26
2695	5.78809e-26
2696	5.12723e-26
2697	4.54306e-26
2698	4.02652e-26
2699	3.56965e-26
2700	3.1663e-26
2701	3.7068e-26
2702	4.34306e-26
2703	5.09129e-26
2704	5.97168e-26
2705	7.00817e-26
2706	8.22911e-26
2707	9.66818e-26
2708	1.13653e-25
2709	1.3368e-25
2710	1.57325e-25
2711	1.85362e-25
2712	2.18523e-25
2713	2.57769e-25
2714	3.04245e-25
2715	3.59316e-25
2716	4.24381e-25
2717	5.01536e-25
2718	5.93084e-25
2719	7.01781e-25
2720	8.30923e-25
2721	9.83915e-25
2722	1.16582e-24
2723	1.38226e-24
2724	1.63994e-24
2725	1.94749e-24
2726	2.31555e-24
2727	2.75579e-24
2728	3.28198e-24
2729	3.91134e-24
2730	4.66465e-24
2731	5.56078e-24
2732	6.63377e-24
2733	7.9195e-24
2734	9.4613e-24
2735	1.13116e-23
2736	1.35413e-23
2737	1.62228e-23
2738	1.94502e-23
2739	2.33375e-23
2740	2.80236e-23
2741	3.36961e-23
2742	4.05493e-23
2743	4.88358e-23
2744	5.88639e-23
2745	7.10099e-23
2746	8.56856e-23
2747	1.03482e-22
2748	1.25082e-22
2749	1.51322e-22
2750	1.83229e-22
2751	2.21934e-22
2752	2.69059e-22
2753	3.26489e-22
2754	3.96544e-22
2755	4.82083e-22
2756	5.86633e-22
2757	7.14547e-22
2758	8.71205e-22
2759	1.06326e-21
2760	1.29897e-21
2761	1.58947e-21
2762	1.94696e-21
2763	2.38737e-21
2764	2.93054e-21
2765	3.60119e-21
2766	4.43278e-21
2767	5.46253e-21
2768	6.73915e-21
2769	8.32376e-21
2770	1.029e-20
2771	1.27211e-20
2772	1.5741e-20
2773	1.95018e-20
2774	2.41913e-20
2775	3.00465e-20
2776	3.73894e-20
2777	4.65882e-20
2778	5.81281e-20
2779	7.26255e-20
2780	9.0865e-20
2781	1.13914e-19
2782	1.43017e-19
2783	1.79819e-19
2784	2.26432e-19
2785	2.85564e-19
2786	3.60701e-19
2787	4.56333e-19
2788	5.7826e-19
2789	7.33979e-19
2790	9.33212e-19
2791	1.18786e-18
2792	1.51467e-18
2793	1.93488e-18
2794	2.47623e-18
2795	3.17599e-18
2796	4.08386e-18
2797	5.26324e-18
2798	6.79698e-18
2799	8.7959e-18
2800	1.14069e-17
2801	1.36733e-17
2802	1.64028e-17
2803	1.96926e-17
2804	2.3661e-17
2805	2.8461e-17
2806	3.4284e-17
2807	4.13456e-17
2808	4.99041e-17
2809	6.02859e-17
2810	7.28912e-17
2811	8.82104e-17
2812	1.06845e-16
2813	1.29535e-16
2814	1.57189e-16
2815	1.90927e-16
2816	2.31984e-16
2817	2.82145e-16
2818	3.4349e-16
2819	4.18594e-16
2820	5.1064e-16
2821	6.23183e-16
2822	7.61332e-16
2823	9.31104e-16
2824	1.13997e-15
2825	1.39769e-15
2826	1.71669e-15
2827	2.11158e-15
2828	2.60037e-15
2829	3.20613e-15
2830	3.95781e-15
2831	4.88872e-15
2832	6.04621e-15
2833	7.48741e-15
2834	9.28432e-15
2835	1.15279e-14
2836	1.43242e-14
2837	1.78235e-14
2838	2.22093e-14
2839	2.77145e-14
2840	3.46358e-14
2841	4.33791e-14
2842	5.44139e-14
2843	6.83643e-14
2844	8.60308e-14
2845	1.08443e-13
2846	1.36838e-13
2847	1.72968e-13
2848	2.19029e-13
2849	2.77863e-13
2850	3.53162e-13
2851	4.49731e-13
2852	5.73836e-13
2853	7.33673e-13
2854	9.39986e-13
2855	1.2069e-12
2856	1.55403e-12
2857	2.00555e-12
2858	2.5943e-12
2859	3.36397e-12
2860	4.37279e-12
2861	5.6987e-12
2862	7.44627e-12
2863	9.7563e-12
2864	1.2819e-11
2865	1.68924e-11
2866	2.22975e-11
2867	2.95242e-11
2868	3.92199e-11
2869	5.22752e-11
2870	6.99439e-11
2871	9.39893e-11
2872	1.26824e-10
2873	1.71809e-10
2874	2.33714e-10
2875	3.1941e-10
2876	4.3881e-10
2877	6.05921e-10
2878	8.40864e-10
2879	1.17306e-09
2880	1.6456e-09
2881	2.31892e-09
2882	3.28813e-09
2883	4.69333e-09
2884	6.7464e-09
2885	9.77091e-09
2886	1.4276e-08
2887	2.10408e-08
2888	3.13053e-08
2889	4.7058e-08
2890	7.15381e-08
2891	1.10113e-07
2892	1.71851e-07
2893	2.72425e-07
2894	4.3964e-07
2895	7.24443e-07
2896	1.22319e-06
2897	2.1313e-06
2898	3.87553e-06
2899	7.5436e-06
2900	1.80442e-05
2901	1.85007e-05
2902	1.89701e-05
2903	1.94529e-05
2904	1.99495e-05
2905	2.04603e-05
2906	2.09711e-05
2907	2.14964e-05
2908	2.20365e-05
2909	2.25919e-05
2910	2.31632e-05
2911	2.37341e-05
2912	2.43209e-05
2913	2.49242e-05
2914	2.55445e-05
2915	2.61823e-05
2916	2.68573e-05
2917	2.7552e-05
2918	2.82671e-05
2919	2.90033e-05
2920	2.97612e-05
2921	3.05416e-05
2922	3.13452e-05
2923	3.21729e-05
2924	3.30255e-05
2925	3.39038e-05
2926	3.48086e-05
2927	3.5741e-05
2928	3.67019e-05
2929	3.76922e-05
2930	3.8713e-05
2931	3.97365e-05
2932	4.0791e-05
2933	4.18777e-05
2934	4.29975e-05
2935	4.41518e-05
2936	4.5375e-05
2937	4.6637e-05
2938	4.79392e-05
2939	4.92832e-05
2940	5.06704e-05
2941	5.2064e-05
2942	5.35018e-05
2943	5.49854e-05
2944	5.65166e-05
2945	5.81188e-05
2946	5.98182e-05
2947	6.15977e-05
2948	6.34381e-05
2949	6.53416e-05
2950	6.73109e-05
2951	6.93485e-05
2952	7.14572e-05
2953	7.36398e-05
2954	7.58994e-05
2955	7.8239e-05
2956	8.06012e-05
2957	8.30464e-05
2958	8.55779e-05
2959	8.81993e-05
2960	9.09142e-05
2961	9.37978e-05
2962	9.67876e-05
2963	9.98883e-05
2964	0.000103104
2965	0.000106441
2966	0.000109821
2967	0.000113326
2968	0.000116962
2969	0.000120736
2970	0.000124653
2971	0.000128819
2972	0.000133148
2973	0.000137648
2974	0.000142327
2975	0.000147193
2976	0.000152138
2977	0.000157281
2978	0.00016263
2979	0.000168196
2980	0.000173989
2981	0.000180161
2982	0.000186593
2983	0.000193298
2984	0.000200291
2985	0.000207587
2986	0.000215034
2987	0.000222804
2988	0.000230913
2989	0.000239381
2990	0.000248227
2991	0.000257674
2992	0.000267558
2993	0.000277906
2994	0.000288743
2995	0.0003001
2996	0.000312009
2997	0.000324505
2998	0.000337628
2999	0.000351418
3000	0.000365924
3001	0.000365766
3002	0.000365607
3003	0.000365448
3004	0.000365288
3005	0.000365128
3006	0.000365258
3007	0.000365388
3008	0.000365519
3009	0.00036565
3010	0.000365781
3011	0.000365912
3012	0.000366044
3013	0.000366175
3014	0.000366307
3015	0.000366439
3016	0.000366277
3017	0.000366114
3018	0.00036595
3019	0.000365786
3020	0.000365622
3021	0.000365457
3022	0.000365292
3023	0.000365126
3024	0.00036496
3025	0.000364794
3026	0.000364925
3027	0.000365056
3028	0.000365188
3029	0.00036532
3030	0.000365452
3031	0.000365284
3032	0.000365117
3033	0.000364948
3034	0.00036478
3035	0.000364611
3036	0.00036414
3037	0.000363667
3038	0.000363194
3039	0.00036272
3040	0.000362396
3041	0.000362982
3042	0.000363721
3043	0.000364462
3044	0.000365205
3045	0.00036595
3046	0.000366392
3047	0.000366834
3048	0.000367278
3049	0.000367723
3050	0.00036817
3051	0.00036831
3052	0.000368451
3053	0.000368592
3054	0.000368734
3055	0.000368877
3056	0.00036902
3057	0.000369164
3058	0.000369309
3059	0.000369454
3060	0.0003696
3061	0.000369124
3062	0.000368648
3063	0.000368171
3064	0.000367693
3065	0.000367371
3066	0.000367361
3067	0.000367508
3068	0.000367656
3069	0.000367806
3070	0.000367956
3071	0.000368422
3072	0.000368889
3073	0.000369359
3074	0.000369831
3075	0.000370304
3076	0.000370146
3077	0.000369988
3078	0.000369831
3079	0.000369674
3080	0.000369518
3081	0.000369362
3082	0.000369207
3083	0.000369053
3084	0.0003689
3085	0.000368748
3086	0.000368597
3087	0.000368446
3088	0.000368298
3089	0.00036815
3090	0.000368004
3091	0.000367859
3092	0.000367716
3093	0.000367575
3094	0.000367436
3095	0.000367299
3096	0.000367164
3097	0.000367032
3098	0.000366903
3099	0.000366777
3100	0.000366654
3101	0.000361977
3102	0.000361014
3103	0.000361145
3104	0.000361871
3105	0.000362993
3106	0.000364079
3107	0.000365392
3108	0.000366891
3109	0.000368548
3110	0.000370343
3111	0.000371924
3112	0.000373612
3113	0.000375397
3114	0.000377273
3115	0.000379407
3116	0.000381974
3117	0.000384802
3118	0.000387715
3119	0.00039071
3120	0.000393785
3121	0.000396939
3122	0.000400171
3123	0.00040348
3124	0.000406866
3125	0.000410327
3126	0.000413865
3127	0.000417478
3128	0.000421167
3129	0.000424931
3130	0.000428772
3131	0.00043269
3132	0.000436685
3133	0.000440757
3134	0.000444909
3135	0.000449139
3136	0.000453025
3137	0.000456983
3138	0.000461014
3139	0.000465119
3140	0.000469298
3141	0.000473999
3142	0.000478787
3143	0.000483662
3144	0.000488627
3145	0.000493681
3146	0.000498354
3147	0.000503109
3148	0.000507948
3149	0.000512873
3150	0.000517884
3151	0.000523484
3152	0.000529186
3153	0.000534991
3154	0.000540902
3155	0.000546921
3156	0.000553049
3157	0.000559288
3158	0.000565643
3159	0.000572113
3160	0.000578703
3161	0.00058598
3162	0.000593395
3163	0.000600953
3164	0.000608654
3165	0.000616504
3166	0.000623299
3167	0.000630217
3168	0.000637261
3169	0.000644434
3170	0.000652057
3171	0.000660468
3172	0.000669369
3173	0.000678447
3174	0.000687707
3175	0.000697152
3176	0.000705409
3177	0.000713823
3178	0.000722398
3179	0.000731137
3180	0.000740046
3181	0.000749867
3182	0.000759886
3183	0.00077011
3184	0.000780543
3185	0.000791191
3186	0.000802854
3187	0.000814768
3188	0.000826939
3189	0.000839375
3190	0.000852083
3191	0.000864214
3192	0.000876606
3193	0.000889268
3194	0.000902207
3195	0.00091543
3196	0.000928022
3197	0.000940887
3198	0.000954033
3199	0.000967468
3200	0.000981694
3201	0.000975554
3202	0.000969959
3203	0.000964416
3204	0.000958924
3205	0.000953482
3206	0.000947136
3207	0.000940849
3208	0.00093462
3209	0.000928449
3210	0.000922334
3211	0.000915348
3212	0.000908428
3213	0.000901571
3214	0.000894778
3215	0.000888047
3216	0.000882279
3217	0.000876562
3218	0.000870895
3219	0.000865277
3220	0.000859708
3221	0.000854187
3222	0.000848714
3223	0.000843287
3224	0.000837906
3225	0.000832571
3226	0.000828135
3227	0.000823734
3228	0.000819368
3229	0.000815037
3230	0.000810739
3231	0.000805644
3232	0.00080059
3233	0.000795578
3234	0.000790606
3235	0.000785675
3236	0.000780784
3237	0.000775932
3238	0.000771119
3239	0.000766345
3240	0.000761608
3241	0.000756909
3242	0.000752248
3243	0.000747623
3244	0.000743034
3245	0.000738481
3246	0.000734733
3247	0.000731012
3248	0.000727318
3249	0.000723651
3250	0.00072001
3251	0.000714895
3252	0.000709821
3253	0.000704787
3254	0.000699793
3255	0.000694839
3256	0.000690656
3257	0.000686503
3258	0.000682382
3259	0.000678292
3260	0.000674232
3261	0.000670203
3262	0.000666203
3263	0.000662233
3264	0.000658292
3265	0.00065438
3266	0.000650496
3267	0.000646641
3268	0.000642814
3269	0.000639015
3270	0.000635243
3271	0.000631498
3272	0.000627781
3273	0.00062409
3274	0.000620425
3275	0.000616787
3276	0.000613175
3277	0.000609588
3278	0.000606027
3279	0.000602491
3280	0.00059898
3281	0.000595494
3282	0.000592032
3283	0.000588594
3284	0.000585181
3285	0.000581791
3286	0.000579057
3287	0.000576342
3288	0.000573643
3289	0.000570961
3290	0.000567986
3291	0.000563794
3292	0.000559326
3293	0.000554891
3294	0.000550489
3295	0.000546424
3296	0.000542993
3297	0.000539886
3298	0.000536801
3299	0.000533736
3300	0.000530692
3301	0.000538273
3302	0.000545991
3303	0.000553849
3304	0.000561849
3305	0.000569994
3306	0.000576997
3307	0.000584115
3308	0.00059135
3309	0.000598706
3310	0.000606184
3311	0.000614483
3312	0.000622931
3313	0.000631531
3314	0.000640288
3315	0.000649204
3316	0.000656786
3317	0.000664491
3318	0.00067232
3319	0.000680277
3320	0.000688763
3321	0.000699011
3322	0.000709868
3323	0.000720944
3324	0.000732242
3325	0.000743769
3326	0.000753784
3327	0.000763986
3328	0.000774377
3329	0.000784964
3330	0.000795751
3331	0.00080769
3332	0.00081987
3333	0.000832299
3334	0.000844983
3335	0.000857929
3336	0.000871144
3337	0.000884637
3338	0.000898415
3339	0.000912486
3340	0.000926859
3341	0.000941542
3342	0.000956544
3343	0.000971876
3344	0.000987547
3345	0.00100357
3346	0.00101873
3347	0.00103422
3348	0.00105005
3349	0.00106623
3350	0.00108277
3351	0.00110101
3352	0.00111968
3353	0.0011388
3354	0.00115837
3355	0.00117842
3356	0.00119897
3357	0.00122002
3358	0.0012416
3359	0.00126372
3360	0.00128641
3361	0.00130968
3362	0.00133357
3363	0.00135808
3364	0.00138324
3365	0.00140908
3366	0.00143563
3367	0.00146291
3368	0.00149095
3369	0.00151978
3370	0.00154943
3371	0.00157995
3372	0.00161136
3373	0.0016437
3374	0.00167702
3375	0.00171136
3376	0.00174676
3377	0.00178328
3378	0.00182096
3379	0.00185987
3380	0.00190006
3381	0.00194402
3382	0.00198951
3383	0.00203661
3384	0.00208541
3385	0.00213599
3386	0.00218572
3387	0.00223731
3388	0.00229087
3389	0.00234651
3390	0.00240436
3391	0.00246456
3392	0.00252728
3393	0.00259266
3394	0.00266091
3395	0.00273223
3396	0.00280328
3397	0.00287767
3398	0.00295567
3399	0.00303757
3400	0.00312573
3401	0.00315088
3402	0.00317836
3403	0.00320617
3404	0.0032343
3405	0.0032607
3406	0.00327904
3407	0.00329546
3408	0.00331205
3409	0.0033288
3410	0.00334788
3411	0.00337151
3412	0.00339762
3413	0.00342404
3414	0.00345078
3415	0.00347786
3416	0.00350074
3417	0.00352389
3418	0.00354732
3419	0.00357103
3420	0.00359502
3421	0.0036193
3422	0.00364388
3423	0.00366877
3424	0.00369396
3425	0.00371947
3426	0.0037453
3427	0.00377145
3428	0.00379795
3429	0.00382478
3430	0.00385197
3431	0.00388462
3432	0.00391773
3433	0.0039513
3434	0.00398535
3435	0.00401987
3436	0.00404956
3437	0.00407965
3438	0.00411017
3439	0.00414113
3440	0.00417252
3441	0.00420437
3442	0.00423668
3443	0.00426947
3444	0.00430274
3445	0.00433652
3446	0.00437081
3447	0.00440562
3448	0.00444098
3449	0.00447689
3450	0.00451337
3451	0.00455655
3452	0.00460045
3453	0.0046451
3454	0.0046905
3455	0.00473669
3456	0.00477726
3457	0.00481854
3458	0.00486053
3459	0.00490327
3460	0.00494678
3461	0.00499784
3462	0.00504986
3463	0.00510287
3464	0.0051569
3465	0.00521199
3466	0.00526106
3467	0.00531111
3468	0.00536217
3469	0.00541428
3470	0.00546749
3471	0.00552183
3472	0.00557735
3473	0.0056341
3474	0.00569213
3475	0.00575149
3476	0.00581225
3477	0.00587446
3478	0.00593819
3479	0.00600351
3480	0.00607051
3481	0.00614775
3482	0.00622705
3483	0.00630853
3484	0.00639231
3485	0.0064785
3486	0.0065582
3487	0.00664037
3488	0.00672517
3489	0.00681278
3490	0.0069034
3491	0.00699727
3492	0.00709462
3493	0.00719578
3494	0.00730108
3495	0.00741092
3496	0.0075258
3497	0.0076463
3498	0.00777315
3499	0.00790727
3500	0.00804988
3501	0.00805668
3502	0.0080635
3503	0.00807034
3504	0.00807721
3505	0.00808411
3506	0.00807963
3507	0.00807516
3508	0.0080707
3509	0.00806624
3510	0.00806179
3511	0.00805735
3512	0.00805291
3513	0.00804848
3514	0.00804405
3515	0.00803963
3516	0.00803523
3517	0.00803082
3518	0.00802643
3519	0.00802205
3520	0.00801767
3521	0.00802485
3522	0.00803206
3523	0.0080393
3524	0.00804657
3525	0.00805387
3526	0.0080496
3527	0.00804535
3528	0.0080411
3529	0.00803687
3530	0.00803265
3531	0.0080401
3532	0.00804757
3533	0.00805509
3534	0.00806264
3535	0.00807022
3536	0.00806614
3537	0.00806207
3538	0.00805801
3539	0.00805398
3540	0.00804996
3541	0.00805771
3542	0.00806551
3543	0.00807335
3544	0.00808124
3545	0.00808916
3546	0.00808531
3547	0.00808148
3548	0.00807767
3549	0.00807388
3550	0.00807012
3551	0.00806638
3552	0.00806266
3553	0.00805897
3554	0.00805531
3555	0.00805167
3556	0.00804806
3557	0.00804448
3558	0.00804093
3559	0.00803742
3560	0.00803393
3561	0.00804248
3562	0.0080511
3563	0.00805977
3564	0.00806851
3565	0.00807731
3566	0.00807411
3567	0.00807096
3568	0.00806785
3569	0.00806478
3570	0.00806176
3571	0.00805879
3572	0.00805588
3573	0.00805301
3574	0.00805021
3575	0.00804746
3576	0.00804477
3577	0.00804215
3578	0.0080396
3579	0.00803711
3580	0.0080347
3581	0.00804465
3582	0.00805471
3583	0.00806489
3584	0.00807519
3585	0.00808562
3586	0.00808382
3587	0.00808214
3588	0.00808056
3589	0.00807911
3590	0.00807778
3591	0.0080766
3592	0.00807556
3593	0.00807468
3594	0.00807397
3595	0.00807344
3596	0.00808564
3597	0.0080981
3598	0.00811083
3599	0.00812386
3600	0.00813721
3601	0.00812931
3602	0.0081214
3603	0.00811348
3604	0.00810556
3605	0.00809764
3606	0.00808971
3607	0.00808178
3608	0.00807384
3609	0.00806591
3610	0.00805796
3611	0.00806272
3612	0.00806748
3613	0.00807225
3614	0.00807704
3615	0.00808184
3616	0.00807391
3617	0.00806598
3618	0.00805805
3619	0.00805011
3620	0.00804218
3621	0.00804701
3622	0.00805185
3623	0.00805671
3624	0.00806158
3625	0.00806646
3626	0.00805854
3627	0.00805062
3628	0.0080427
3629	0.00803478
3630	0.00802685
3631	0.00803177
3632	0.00803671
3633	0.00804166
3634	0.00804662
3635	0.0080516
3636	0.0080437
3637	0.0080358
3638	0.0080279
3639	0.00802
3640	0.00801209
3641	0.00801712
3642	0.00802216
3643	0.00802721
3644	0.00803229
3645	0.00803737
3646	0.00802951
3647	0.00802164
3648	0.00801377
3649	0.0080059
3650	0.00799803
3651	0.00799016
3652	0.0079823
3653	0.00797443
3654	0.00796656
3655	0.0079587
3656	0.00796389
3657	0.0079691
3658	0.00797433
3659	0.00797958
3660	0.00798485
3661	0.00799014
3662	0.00799545
3663	0.00800077
3664	0.00800612
3665	0.00801149
3666	0.0079906
3667	0.0079697
3668	0.00794878
3669	0.00792784
3670	0.00791349
3671	0.00791232
3672	0.00791776
3673	0.00792322
3674	0.00792871
3675	0.00793423
3676	0.00792654
3677	0.00791885
3678	0.00791118
3679	0.00790351
3680	0.00789586
3681	0.00788821
3682	0.00788058
3683	0.00787295
3684	0.00786534
3685	0.00785774
3686	0.00786349
3687	0.00786926
3688	0.00787508
3689	0.00788092
3690	0.00788681
3691	0.00787936
3692	0.00787192
3693	0.00786451
3694	0.00785711
3695	0.00784975
3696	0.0078424
3697	0.00783508
3698	0.00782779
3699	0.00782053
3700	0.0078133
3701	0.00781908
3702	0.00782489
3703	0.00783071
3704	0.00783656
3705	0.00784242
3706	0.00783478
3707	0.00782713
3708	0.00781948
3709	0.00781184
3710	0.00780419
3711	0.00781013
3712	0.00781608
3713	0.00782206
3714	0.00782806
3715	0.00783408
3716	0.00782648
3717	0.00781889
3718	0.00781129
3719	0.0078037
3720	0.00779611
3721	0.0078022
3722	0.00780831
3723	0.00781445
3724	0.00782061
3725	0.00782679
3726	0.00781925
3727	0.00781171
3728	0.00780417
3729	0.00779664
3730	0.0077891
3731	0.00779536
3732	0.00780164
3733	0.00780795
3734	0.00781427
3735	0.00782063
3736	0.00779929
3737	0.00777794
3738	0.00775657
3739	0.00773517
3740	0.0077207
3741	0.00772013
3742	0.00772653
3743	0.00773295
3744	0.0077394
3745	0.00774588
3746	0.00773841
3747	0.00773094
3748	0.00772347
3749	0.00771601
3750	0.00770854
3751	0.00771511
3752	0.0077217
3753	0.00772831
3754	0.00773495
3755	0.00774162
3756	0.00773422
3757	0.00772683
3758	0.00771944
3759	0.00771205
3760	0.00770466
3761	0.00771142
3762	0.00771822
3763	0.00772503
3764	0.00773188
3765	0.00773875
3766	0.00774566
3767	0.00775259
3768	0.00775954
3769	0.00776653
3770	0.00777355
3771	0.00776632
3772	0.00775909
3773	0.00775186
3774	0.00774464
3775	0.00773743
3776	0.00773022
3777	0.00772301
3778	0.0077158
3779	0.0077086
3780	0.00770141
3781	0.00770863
3782	0.00771588
3783	0.00772316
3784	0.00773047
3785	0.00773782
3786	0.00773072
3787	0.00772363
3788	0.00771654
3789	0.00770946
3790	0.00770238
3791	0.00770986
3792	0.00771738
3793	0.00772492
3794	0.00773251
3795	0.00774013
3796	0.00773317
3797	0.00772621
3798	0.00771926
3799	0.00771232
3800	0.00770539
3801	0.00765483
3802	0.00761562
3803	0.00758302
3804	0.00755487
3805	0.00752998
3806	0.00749333
3807	0.00745878
3808	0.00742598
3809	0.00739467
3810	0.00736465
3811	0.00734988
3812	0.00733606
3813	0.00732308
3814	0.00731086
3815	0.00729933
3816	0.00727442
3817	0.00725014
3818	0.00722643
3819	0.00720326
3820	0.00718059
3821	0.00717231
3822	0.00716445
3823	0.00715697
3824	0.00714986
3825	0.0071431
3826	0.00713667
3827	0.00713057
3828	0.00712476
3829	0.00711925
3830	0.00711402
3831	0.00709525
3832	0.00707677
3833	0.00705856
3834	0.0070406
3835	0.0070229
3836	0.00701921
3837	0.00701574
3838	0.00701249
3839	0.00700945
3840	0.00700662
3841	0.00699026
3842	0.00697411
3843	0.00695816
3844	0.00694242
3845	0.00692687
3846	0.00692523
3847	0.00692378
3848	0.0069225
3849	0.00692141
3850	0.00692049
3851	0.00690605
3852	0.00689179
3853	0.00687771
3854	0.0068638
3855	0.00685006
3856	0.00684334
3857	0.0068368
3858	0.00682357
3859	0.00681737
3860	0.00681134
3861	0.00680548
3862	0.00680664
3863	0.00680113
3864	0.00680264
3865	0.00679747
3866	0.00678562
3867	0.0067808
3868	0.00676929
3869	0.00676483
3870	0.00675368
3871	0.00675645
3872	0.00675942
3873	0.00676259
3874	0.00676596
3875	0.00676953
3876	0.00675953
3877	0.00675663
3878	0.00674704
3879	0.00674456
3880	0.00673539
3881	0.00673337
3882	0.00673157
3883	0.00673003
3884	0.00672873
3885	0.00672771
3886	0.00673389
3887	0.00674038
3888	0.00675413
3889	0.00676127
3890	0.00676875
3891	0.00676263
3892	0.00675687
3893	0.00675847
3894	0.00675349
3895	0.00674893
3896	0.00675887
3897	0.00676231
3898	0.00677335
3899	0.00677796
3900	0.00679031
3901	0.00680094
3902	0.00681163
3903	0.00681528
3904	0.00682609
3905	0.00683697
3906	0.00684076
3907	0.00683745
3908	0.00684133
3909	0.00683807
3910	0.00684203
3911	0.00685322
3912	0.00685728
3913	0.00686861
3914	0.00687278
3915	0.00688424
3916	0.00688127
3917	0.00687832
3918	0.00688268
3919	0.0068798
3920	0.00687695
3921	0.00688877
3922	0.00690068
3923	0.00690532
3924	0.00691738
3925	0.00692953
3926	0.006927
3927	0.0069319
3928	0.00692946
3929	0.00693448
3930	0.00693213
3931	0.00694473
3932	0.00694995
3933	0.00696273
3934	0.00696812
3935	0.00698109
3936	0.00698665
3937	0.00698475
3938	0.00699045
3939	0.00698868
3940	0.00699453
3941	0.00700048
3942	0.00701412
3943	0.00702026
3944	0.00703414
3945	0.00704049
3946	0.00703926
3947	0.00703812
3948	0.00704474
3949	0.00704376
3950	0.00704285
3951	0.00704978
3952	0.00706459
3953	0.00707177
3954	0.00708687
3955	0.00709432
3956	0.0071019
3957	0.00710962
3958	0.00710962
3959	0.00711761
3960	0.00712575
3961	0.00714196
3962	0.00715837
3963	0.00716704
3964	0.00718385
3965	0.00720087
3966	0.00720211
3967	0.00721152
3968	0.0072131
3969	0.00722291
3970	0.00722485
3971	0.00724321
3972	0.00725371
3973	0.00727262
3974	0.00728366
3975	0.00730317
3976	0.00731479
3977	0.00731848
3978	0.00733071
3979	0.00733499
3980	0.00734789
3981	0.00736117
3982	0.00737484
3983	0.00739734
3984	0.00741192
3985	0.007427
3986	0.00745106
3987	0.00746725
3988	0.00749257
3989	0.00751006
3990	0.00753685
3991	0.00754726
3992	0.00756713
3993	0.00757927
3994	0.00760115
3995	0.00761548
3996	0.0076487
3997	0.00767477
3998	0.00771159
3999	0.00774184
4000	0.00778384
