280	1.85581e-13
281	3.94522e-13
282	7.71033e-13
283	1.06498e-12
284	1.1071e-12
285	8.08799e-13
286	1.17091e-12
287	1.89181e-12
288	1.95618e-12
289	2.70559e-12
290	4.21048e-12
291	5.18287e-12
292	5.34623e-12
293	5.65858e-12
294	6.2193e-12
295	6.87704e-12
296	7.9288e-12
297	7.87964e-12
298	8.87761e-12
299	9.09096e-12
300	9.64553e-12
301	6.54424e-11
302	4.57858e-10
303	3.93622e-09
304	2.82998e-08
305	1.92704e-07
306	4.03037e-07
307	9.55801e-07
308	2.30093e-06
309	4.68483e-06
310	1.02237e-05
311	2.33697e-05
312	3.9303e-05
313	6.70097e-05
314	0.00011782
315	0.000192343
316	0.000229579
317	0.000356212
318	0.000462882
319	0.000579094
320	0.000826044
321	0.0010105
322	0.00117786
323	0.00134854
324	0.00182342
325	0.00255737
326	0.00343071
327	0.00400806
328	0.00439136
329	0.00528314
330	0.00652492
331	0.00654324
332	0.00701827
333	0.00740628
334	0.00802819
335	0.00904249
336	0.00866566
337	0.00860133
338	0.0100876
339	0.0113033
340	0.0127896
341	0.0128931
342	0.0137095
343	0.0148644
344	0.0134106
345	0.0145707
346	0.0161195
347	0.0169756
348	0.0172803
349	0.0177783
350	0.0204626
351	0.0222391
352	0.0215936
353	0.0228469
354	0.0268637
355	0.0281965
356	0.0267165
357	0.0235442
358	0.0221157
359	0.0252694
360	0.0319723
361	0.0299293
362	0.0314051
363	0.0353916
364	0.0366907
365	0.0398982
366	0.0467731
367	0.0480225
368	0.0463247
369	0.0489224
370	0.0527705
371	0.05138
372	0.0511694
373	0.0471904
374	0.0441372
375	0.0485137
376	0.0554939
377	0.0614609
378	0.0729976
379	0.0672666
380	0.0647757
381	0.0696908
382	0.0568143
383	0.045517
384	0.0518745
385	0.0665434
386	0.0660398
387	0.0691645
388	0.0692752
389	0.0765872
390	0.0892824
391	0.0971133
392	0.0916555
393	0.0600273
394	0.0628578
395	0.0984798
396	0.0924809
397	0.0655239
398	0.109658
399	0.141685
400	0.152095
401	0.160546
402	0.167953
403	0.167313
404	0.1708
405	0.170838
406	0.169376
407	0.169817
408	0.179517
409	0.18908
410	0.174444
411	0.190323
412	0.203709
413	0.201465
414	0.202114
415	0.211344
416	0.219726
417	0.218397
418	0.214714
419	0.22039
420	0.213805
421	0.235139
422	0.23844
423	0.235433
424	0.237942
425	0.245704
426	0.242889
427	0.239162
428	0.240377
429	0.223788
430	0.18728
431	0.185202
432	0.267467
433	0.267518
434	0.256037
435	0.278524
436	0.305872
437	0.312128
438	0.285185
439	0.281038
440	0.3128
441	0.32045
442	0.340459
443	0.35003
444	0.348542
445	0.357552
446	0.339552
447	0.371662
448	0.384082
449	0.389184
450	0.405317
451	0.419731
452	0.408591
453	0.389771
454	0.409308
455	0.415476
456	0.429251
457	0.437151
458	0.433657
459	0.433228
460	0.437048
461	0.451486
462	0.460846
463	0.464136
464	0.457224
465	0.454086
466	0.461455
467	0.453477
468	0.469306
469	0.475282
470	0.466361
471	0.476464
472	0.497288
473	0.490525
474	0.498077
475	0.513772
476	0.507671
477	0.515315
478	0.530025
479	0.527523
480	0.535601
481	0.538541
482	0.541122
483	0.537704
484	0.532164
485	0.519756
486	0.452305
487	0.486389
488	0.522936
489	0.513999
490	0.554223
491	0.545056
492	0.530791
493	0.554511
494	0.555674
495	0.57935
496	0.566507
497	0.570481
498	0.561694
499	0.562641
500	0.563544
501	0.553194
502	0.5572
503	0.575787
504	0.559542
505	0.588056
506	0.610347
507	0.593494
508	0.582562
509	0.601534
510	0.595083
511	0.604685
512	0.615896
513	0.590622
514	0.579268
515	0.594738
516	0.588384
517	0.516243
518	0.555244
519	0.558589
520	0.598059
521	0.610986
522	0.62069
523	0.600904
524	0.631942
525	0.634676
526	0.611745
527	0.563754
528	0.619458
529	0.650412
530	0.640506
531	0.66526
532	0.653083
533	0.605309
534	0.630081
535	0.647747
536	0.662502
537	0.632842
538	0.649288
539	0.639561
540	0.620687
541	0.60881
542	0.647611
543	0.649177
544	0.665568
545	0.657058
546	0.655055
547	0.659618
548	0.651361
549	0.663411
550	0.662167
551	0.66402
552	0.672983
553	0.661414
554	0.670793
555	0.674802
556	0.665803
557	0.653616
558	0.658892
559	0.638525
560	0.647801
561	0.672848
562	0.656872
563	0.671097
564	0.667247
565	0.664723
566	0.644056
567	0.67229
568	0.674236
569	0.666173
570	0.662167
571	0.647559
572	0.674998
573	0.682858
574	0.679601
575	0.66875
576	0.667114
577	0.676079
578	0.663602
579	0.668116
580	0.673147
581	0.675924
582	0.683356
583	0.688061
584	0.686768
585	0.682689
586	0.672075
587	0.684308
588	0.67319
589	0.622143
590	0.646576
591	0.677243
592	0.677342
593	0.677912
594	0.680576
595	0.681831
596	0.690782
597	0.695964
598	0.687638
599	0.686551
600	0.690859
601	0.684913
602	0.682408
603	0.695327
604	0.708952
605	0.710776
606	0.711245
607	0.714462
608	0.714968
609	0.712936
610	0.714618
611	0.716466
612	0.72775
613	0.721172
614	0.710238
615	0.724768
616	0.7142
617	0.712115
618	0.734922
619	0.745398
620	0.750468
621	0.755558
622	0.746815
623	0.74797
624	0.746864
625	0.740083
626	0.745078
627	0.766015
628	0.772846
629	0.77569
630	0.772177
631	0.766706
632	0.749515
633	0.774845
634	0.77276
635	0.775349
636	0.767869
637	0.787053
638	0.795623
639	0.789855
640	0.777396
641	0.778102
642	0.782428
643	0.791636
644	0.789888
645	0.796695
646	0.78751
647	0.794931
648	0.79245
649	0.774963
650	0.772338
651	0.802969
652	0.80417
653	0.808523
654	0.800811
655	0.766859
656	0.692921
657	0.716422
658	0.785305
659	0.800268
660	0.812076
661	0.820688
662	0.824093
663	0.822887
664	0.82297
665	0.833001
666	0.832409
667	0.826426
668	0.815652
669	0.813781
670	0.797243
671	0.789026
672	0.777986
673	0.776633
674	0.770018
675	0.764441
676	0.768057
677	0.760515
678	0.760148
679	0.75177
680	0.74923
681	0.748084
682	0.746432
683	0.741134
684	0.735941
685	0.732093
686	0.718967
687	0.731501
688	0.737225
689	0.737397
690	0.73638
691	0.736279
692	0.733685
693	0.741253
694	0.74577
695	0.743315
696	0.747368
697	0.751548
698	0.749943
699	0.757694
700	0.759658
701	0.76044
702	0.762756
703	0.773543
704	0.786165
705	0.797272
706	0.797073
707	0.800408
708	0.80927
709	0.818412
710	0.845024
711	0.790088
712	0.754111
713	0.729229
714	0.713895
715	0.68995
716	0.682953
717	0.67207
718	0.654287
719	0.631068
720	0.641659
721	0.641544
722	0.640931
723	0.635127
724	0.634132
725	0.633942
726	0.637704
727	0.645289
728	0.650159
729	0.640484
730	0.666462
731	0.669888
732	0.684679
733	0.691103
734	0.712874
735	0.722421
736	0.727596
737	0.741217
738	0.752205
739	0.757402
740	0.795489
741	0.794245
742	0.793822
743	0.810767
744	0.819997
745	0.819067
746	0.821411
747	0.823898
748	0.822553
749	0.824639
750	0.823815
751	0.827541
752	0.833016
753	0.837981
754	0.844399
755	0.845047
756	0.836581
757	0.837209
758	0.841902
759	0.834862
760	0.838632
761	0.835726
762	0.83615
763	0.787463
764	0.75133
765	0.717154
766	0.674956
767	0.659555
768	0.662949
769	0.664149
770	0.671113
771	0.679887
772	0.689175
773	0.69907
774	0.709704
775	0.721259
776	0.733258
777	0.743033
778	0.759915
779	0.784901
780	0.821168
781	0.819019
782	0.822335
783	0.816423
784	0.810674
785	0.81447
786	0.814929
787	0.813751
788	0.808358
789	0.806439
790	0.80029
791	0.793325
792	0.786395
793	0.779493
794	0.773471
795	0.773453
796	0.780292
797	0.790567
798	0.786328
799	0.778684
800	0.769343
801	0.753973
802	0.738463
803	0.717367
804	0.7078
805	0.687793
806	0.690421
807	0.680602
808	0.671389
809	0.656731
810	0.653666
811	0.649419
812	0.648334
813	0.643842
814	0.638142
815	0.62912
816	0.623858
817	0.617135
818	0.602364
819	0.587945
820	0.582691
821	0.580981
822	0.57067
823	0.572552
824	0.570171
825	0.580928
826	0.596616
827	0.609185
828	0.617873
829	0.627814
830	0.64404
831	0.663916
832	0.675277
833	0.666909
834	0.678814
835	0.686155
836	0.695445
837	0.696834
838	0.701055
839	0.703211
840	0.714454
841	0.715476
842	0.707112
843	0.705598
844	0.699803
845	0.715589
846	0.717653
847	0.704144
848	0.703666
849	0.697126
850	0.654499
851	0.693616
852	0.698766
853	0.685901
854	0.633149
855	0.662439
856	0.706264
857	0.726218
858	0.732123
859	0.736292
860	0.738245
861	0.738129
862	0.744479
863	0.743997
864	0.731789
865	0.710701
866	0.651418
867	0.682246
868	0.712267
869	0.71279
870	0.720907
871	0.716341
872	0.721686
873	0.716091
874	0.704827
875	0.698757
876	0.712646
877	0.716787
878	0.714246
879	0.705652
880	0.703466
881	0.632794
882	0.615852
883	0.595883
884	0.582174
885	0.570982
886	0.545956
887	0.532508
888	0.529744
889	0.522351
890	0.512404
891	0.502113
892	0.490524
893	0.47714
894	0.471515
895	0.466372
896	0.462542
897	0.454012
898	0.44592
899	0.436437
900	0.429438
901	0.417381
902	0.406809
903	0.416119
904	0.413359
905	0.407094
906	0.407663
907	0.412435
908	0.411035
909	0.409448
910	0.415755
911	0.420615
912	0.422982
913	0.430264
914	0.433911
915	0.435035
916	0.436863
917	0.435267
918	0.435015
919	0.436231
920	0.433218
921	0.427077
922	0.421973
923	0.412995
924	0.42537
925	0.428235
926	0.348818
927	0.307722
928	0.270439
929	0.240766
930	0.216719
931	0.198516
932	0.18187
933	0.168531
934	0.155722
935	0.143311
936	0.133015
937	0.124597
938	0.127125
939	0.128701
940	0.128628
941	0.128942
942	0.12844
943	0.133502
944	0.134143
945	0.136758
946	0.13999
947	0.142197
948	0.145005
949	0.151933
950	0.158372
951	0.164709
952	0.173259
953	0.181558
954	0.188327
955	0.191545
956	0.207735
957	0.222348
958	0.237746
959	0.254324
960	0.269933
961	0.288427
962	0.312237
963	0.338937
964	0.370771
965	0.418769
966	0.41997
967	0.426407
968	0.427444
969	0.432594
970	0.437976
971	0.439537
972	0.445799
973	0.447402
974	0.447164
975	0.453985
976	0.462792
977	0.465701
978	0.4731
979	0.47562
980	0.485235
981	0.489903
982	0.497
983	0.500001
984	0.502063
985	0.507548
986	0.510932
987	0.516399
988	0.521107
989	0.523456
990	0.531809
991	0.542809
992	0.550453
993	0.561978
994	0.57113
995	0.569084
996	0.567701
997	0.562531
998	0.562089
999	0.562209
1000	0.563666
1001	0.56664
1002	0.566782
1003	0.561595
1004	0.552882
1005	0.529196
1006	0.546003
1007	0.557504
1008	0.560138
1009	0.558863
1010	0.559797
1011	0.557661
1012	0.556778
1013	0.554744
1014	0.555509
1015	0.549819
1016	0.550393
1017	0.548177
1018	0.551483
1019	0.541917
1020	0.543783
1021	0.545175
1022	0.540847
1023	0.544312
1024	0.54663
1025	0.54643
1026	0.546739
1027	0.545884
1028	0.546327
1029	0.543359
1030	0.544535
1031	0.544468
1032	0.544041
1033	0.538311
1034	0.54074
1035	0.54344
1036	0.544143
1037	0.540952
1038	0.540388
1039	0.544239
1040	0.543803
1041	0.544066
1042	0.543716
1043	0.54055
1044	0.541513
1045	0.537835
1046	0.528398
1047	0.534104
1048	0.538699
1049	0.537236
1050	0.534761
1051	0.53471
1052	0.532434
1053	0.53137
1054	0.530507
1055	0.532071
1056	0.531207
1057	0.529937
1058	0.524413
1059	0.514226
1060	0.521961
1061	0.516737
1062	0.522352
1063	0.518641
1064	0.523138
1065	0.522168
1066	0.514085
1067	0.515343
1068	0.512939
1069	0.493982
1070	0.503972
1071	0.484926
1072	0.474032
1073	0.459164
1074	0.45632
1075	0.444432
1076	0.440963
1077	0.435679
1078	0.429941
1079	0.419611
1080	0.418379
1081	0.406709
1082	0.399611
1083	0.3994
1084	0.398723
1085	0.395073
1086	0.391566
1087	0.37811
1088	0.38089
1089	0.379784
1090	0.375099
1091	0.372987
1092	0.365215
1093	0.357211
1094	0.342048
1095	0.34754
1096	0.348599
1097	0.348495
1098	0.344524
1099	0.341209
1100	0.346507
1101	0.267162
1102	0.217043
1103	0.187756
1104	0.163435
1105	0.143723
1106	0.127713
1107	0.114072
1108	0.103073
1109	0.0935231
1110	0.0853282
1111	0.0777505
1112	0.0712989
1113	0.0653662
1114	0.0607762
1115	0.056137
1116	0.051707
1117	0.048407
1118	0.0445446
1119	0.0414522
1120	0.038626
1121	0.0409533
1122	0.0434826
1123	0.0459762
1124	0.0486044
1125	0.0511524
1126	0.0531834
1127	0.0571141
1128	0.0614483
1129	0.0655922
1130	0.0698006
1131	0.0698105
1132	0.0696052
1133	0.0685945
1134	0.0682436
1135	0.0679699
1136	0.067639
1137	0.0660695
1138	0.0649896
1139	0.0654138
1140	0.0653181
1141	0.0640934
1142	0.0645872
1143	0.0639558
1144	0.0632287
1145	0.0633579
1146	0.0677099
1147	0.0719997
1148	0.0762409
1149	0.0810271
1150	0.0863489
1151	0.0923115
1152	0.098778
1153	0.106614
1154	0.115924
1155	0.125719
1156	0.135853
1157	0.149438
1158	0.164487
1159	0.180692
1160	0.20079
1161	0.226951
1162	0.235964
1163	0.242554
1164	0.245066
1165	0.252055
1166	0.254151
1167	0.262673
1168	0.270117
1169	0.271208
1170	0.282738
1171	0.285882
1172	0.28724
1173	0.287191
1174	0.288236
1175	0.285519
1176	0.283609
1177	0.289542
1178	0.289391
1179	0.290236
1180	0.294418
1181	0.294816
1182	0.293724
1183	0.284505
1184	0.29443
1185	0.299971
1186	0.301714
1187	0.303118
1188	0.300847
1189	0.292368
1190	0.302788
1191	0.309883
1192	0.31154
1193	0.313004
1194	0.314662
1195	0.314502
1196	0.316082
1197	0.316053
1198	0.311459
1199	0.306341
1200	0.32025
1201	0.324331
1202	0.323467
1203	0.314355
1204	0.313768
1205	0.321021
1206	0.321404
1207	0.321787
1208	0.315302
1209	0.305532
1210	0.31588
1211	0.313403
1212	0.319105
1213	0.321203
1214	0.320819
1215	0.321952
1216	0.322474
1217	0.322795
1218	0.322489
1219	0.321642
1220	0.323425
1221	0.324172
1222	0.323958
1223	0.323114
1224	0.326902
1225	0.327444
1226	0.328228
1227	0.32425
1228	0.328278
1229	0.331986
1230	0.33302
1231	0.333898
1232	0.333491
1233	0.336246
1234	0.337596
1235	0.338808
1236	0.343162
1237	0.346331
1238	0.349446
1239	0.351864
1240	0.361381
1241	0.3609
1242	0.35738
1243	0.351994
1244	0.348486
1245	0.347281
1246	0.347202
1247	0.345489
1248	0.345344
1249	0.343381
1250	0.340921
1251	0.337321
1252	0.333594
1253	0.33296
1254	0.331722
1255	0.329785
1256	0.327618
1257	0.324861
1258	0.324211
1259	0.321791
1260	0.321371
1261	0.319368
1262	0.315442
1263	0.315979
1264	0.312295
1265	0.311543
1266	0.311601
1267	0.306955
1268	0.304179
1269	0.305242
1270	0.305796
1271	0.306298
1272	0.305777
1273	0.30604
1274	0.305607
1275	0.308024
1276	0.309967
1277	0.311239
1278	0.311826
1279	0.311368
1280	0.31003
1281	0.300788
1282	0.279264
1283	0.297775
1284	0.311544
1285	0.316361
1286	0.319236
1287	0.322417
1288	0.324221
1289	0.327554
1290	0.327614
1291	0.319033
1292	0.31292
1293	0.306669
1294	0.29827
1295	0.295019
1296	0.291631
1297	0.286244
1298	0.28099
1299	0.279447
1300	0.275823
1301	0.272131
1302	0.267378
1303	0.263526
1304	0.260456
1305	0.260046
1306	0.258288
1307	0.256228
1308	0.253863
1309	0.251814
1310	0.249086
1311	0.246591
1312	0.242676
1313	0.236453
1314	0.238716
1315	0.233518
1316	0.232865
1317	0.234494
1318	0.231741
1319	0.232851
1320	0.231388
1321	0.173949
1322	0.141675
1323	0.119444
1324	0.102737
1325	0.0894244
1326	0.078464
1327	0.0693758
1328	0.0620736
1329	0.0548315
1330	0.0499656
1331	0.0456015
1332	0.0410043
1333	0.0379908
1334	0.0349353
1335	0.0320326
1336	0.0293068
1337	0.027082
1338	0.024945
1339	0.0228816
1340	0.0211984
1341	0.0200186
1342	0.0186346
1343	0.0173818
1344	0.016245
1345	0.0151813
1346	0.0141193
1347	0.013273
1348	0.0124404
1349	0.0116446
1350	0.0108441
1351	0.00923125
1352	0.00794164
1353	0.00681768
1354	0.00586468
1355	0.00503568
1356	0.00437892
1357	0.0037968
1358	0.00336302
1359	0.00295352
1360	0.0025871
1361	0.00230713
1362	0.00203957
1363	0.00178875
1364	0.00160479
1365	0.00143141
1366	0.00127746
1367	0.0011363
1368	0.00102406
1369	0.000908321
1370	0.000815584
1371	0.000736242
1372	0.000670197
1373	0.000606697
1374	0.000548047
1375	0.000490042
1376	0.000441576
1377	0.000404001
1378	0.000367574
1379	0.00033632
1380	0.000305051
1381	0.000278129
1382	0.000251519
1383	0.000230168
1384	0.000211262
1385	0.000192176
1386	0.000176764
1387	0.000161057
1388	0.000148333
1389	0.000136329
1390	0.000123751
1391	0.000114808
1392	0.000105826
1393	9.70264e-05
1394	8.90165e-05
1395	8.21041e-05
1396	8.84156e-05
1397	9.52923e-05
1398	0.000102961
1399	0.000110582
1400	0.000116903
1401	0.000126244
1402	0.00013801
1403	0.000148592
1404	0.000161238
1405	0.00017486
1406	0.000190703
1407	0.000207023
1408	0.000224862
1409	0.000245363
1410	0.000266911
1411	0.000289018
1412	0.000309735
1413	0.00034124
1414	0.000377597
1415	0.000414242
1416	0.000452933
1417	0.000499713
1418	0.000550552
1419	0.000601039
1420	0.000661169
1421	0.000732973
1422	0.000798905
1423	0.000882263
1424	0.000978427
1425	0.00109516
1426	0.00119562
1427	0.0013421
1428	0.00150816
1429	0.00166353
1430	0.00186218
1431	0.00210465
1432	0.00241188
1433	0.00272698
1434	0.00305092
1435	0.00347618
1436	0.00396901
1437	0.00454928
1438	0.00521038
1439	0.00601093
1440	0.00672917
1441	0.00786094
1442	0.00921028
1443	0.0103086
1444	0.0109059
1445	0.0115234
1446	0.012214
1447	0.0128448
1448	0.0136632
1449	0.014439
1450	0.0152005
1451	0.0159601
1452	0.0169281
1453	0.0180242
1454	0.0190912
1455	0.0202619
1456	0.0215231
1457	0.0231261
1458	0.0250142
1459	0.0268841
1460	0.0286599
1461	0.0306838
1462	0.0328007
1463	0.0338935
1464	0.0339502
1465	0.0342421
1466	0.033997
1467	0.0343865
1468	0.0341422
1469	0.0344087
1470	0.0342481
1471	0.0337833
1472	0.0339005
1473	0.0338388
1474	0.0332079
1475	0.0336333
1476	0.0338235
1477	0.0337789
1478	0.0354176
1479	0.0375108
1480	0.0395577
1481	0.0413361
1482	0.0437292
1483	0.0455244
1484	0.0485748
1485	0.0519708
1486	0.0546535
1487	0.0568813
1488	0.0560427
1489	0.0645185
1490	0.0704525
1491	0.0757796
1492	0.0810103
1493	0.0883783
1494	0.0962031
1495	0.104519
1496	0.112542
1497	0.126797
1498	0.129791
1499	0.131236
1500	0.135394
1501	0.137759
1502	0.137654
1503	0.130987
1504	0.136312
1505	0.136347
1506	0.144088
1507	0.151743
1508	0.154144
1509	0.157115
1510	0.163354
1511	0.16756
1512	0.169379
1513	0.173158
1514	0.177642
1515	0.184646
1516	0.190808
1517	0.197678
1518	0.208773
1519	0.2184
1520	0.237659
1521	0.233586
1522	0.232787
1523	0.235455
1524	0.235985
1525	0.232818
1526	0.237068
1527	0.236567
1528	0.237662
1529	0.235349
1530	0.227197
1531	0.236064
1532	0.237968
1533	0.236128
1534	0.233607
1535	0.236034
1536	0.239124
1537	0.239611
1538	0.236303
1539	0.239644
1540	0.231682
1541	0.231211
1542	0.231
1543	0.229757
1544	0.229616
1545	0.228961
1546	0.226867
1547	0.22303
1548	0.217974
1549	0.219571
1550	0.217472
1551	0.217132
1552	0.217822
1553	0.214865
1554	0.210368
1555	0.209771
1556	0.207534
1557	0.210314
1558	0.209092
1559	0.209166
1560	0.208456
1561	0.21149
1562	0.211295
1563	0.210712
1564	0.20924
1565	0.211449
1566	0.210198
1567	0.210646
1568	0.209304
1569	0.211186
1570	0.211578
1571	0.215739
1572	0.216695
1573	0.214927
1574	0.213161
1575	0.205963
1576	0.210911
1577	0.200911
1578	0.212399
1579	0.217539
1580	0.219142
1581	0.218564
1582	0.211993
1583	0.212673
1584	0.211189
1585	0.215079
1586	0.212885
1587	0.209867
1588	0.204397
1589	0.193591
1590	0.1976
1591	0.199034
1592	0.206614
1593	0.210091
1594	0.208976
1595	0.208093
1596	0.200235
1597	0.201522
1598	0.20503
1599	0.201897
1600	0.201797
1601	0.197202
1602	0.198327
1603	0.198364
1604	0.198201
1605	0.196073
1606	0.195138
1607	0.194024
1608	0.196259
1609	0.194177
1610	0.185043
1611	0.188869
1612	0.190866
1613	0.194376
1614	0.194444
1615	0.193836
1616	0.187825
1617	0.190653
1618	0.196568
1619	0.196262
1620	0.192104
1621	0.192569
1622	0.195966
1623	0.200502
1624	0.201709
1625	0.200175
1626	0.202979
1627	0.205022
1628	0.20757
1629	0.209666
1630	0.211264
1631	0.211969
1632	0.21169
1633	0.209194
1634	0.207162
1635	0.209334
1636	0.208529
1637	0.201763
1638	0.199984
1639	0.196993
1640	0.198747
1641	0.197752
1642	0.197977
1643	0.200839
1644	0.199193
1645	0.198546
1646	0.200971
1647	0.201328
1648	0.200706
1649	0.197778
1650	0.199352
1651	0.197531
1652	0.199339
1653	0.197965
1654	0.198568
1655	0.196981
1656	0.197914
1657	0.197981
1658	0.196947
1659	0.195048
1660	0.196104
1661	0.196829
1662	0.196137
1663	0.195343
1664	0.194979
1665	0.193419
1666	0.191975
1667	0.191951
1668	0.189628
1669	0.190919
1670	0.193639
1671	0.192414
1672	0.186828
1673	0.188783
1674	0.190844
1675	0.188867
1676	0.186786
1677	0.187873
1678	0.188411
1679	0.184445
1680	0.177597
1681	0.171262
1682	0.173395
1683	0.177268
1684	0.179144
1685	0.179047
1686	0.176677
1687	0.176344
1688	0.175513
1689	0.173049
1690	0.172582
1691	0.174511
1692	0.174288
1693	0.173153
1694	0.172545
1695	0.171959
1696	0.17077
1697	0.169605
1698	0.168956
1699	0.167609
1700	0.165278
1701	0.164564
1702	0.164132
1703	0.163509
1704	0.162854
1705	0.162152
1706	0.161055
1707	0.159903
1708	0.158761
1709	0.157629
1710	0.156663
1711	0.156647
1712	0.156791
1713	0.156938
1714	0.157088
1715	0.157108
1716	0.156308
1717	0.155382
1718	0.154462
1719	0.153549
1720	0.152704
1721	0.152203
1722	0.151768
1723	0.151336
1724	0.150909
1725	0.150432
1726	0.149607
1727	0.148735
1728	0.147867
1729	0.147005
1730	0.146018
1731	0.144235
1732	0.142332
1733	0.140437
1734	0.138549
1735	0.13703
1736	0.137646
1737	0.138621
1738	0.139594
1739	0.140566
1740	0.141312
1741	0.120354
1742	0.107016
1743	0.0969991
1744	0.0889355
1745	0.0822245
1746	0.0766497
1747	0.0718143
1748	0.0675363
1749	0.0637115
1750	0.0602729
1751	0.057194
1752	0.0543904
1753	0.0518164
1754	0.049443
1755	0.0472281
1756	0.0450589
1757	0.0430238
1758	0.041125
1759	0.0393493
1760	0.0376953
1761	0.0362017
1762	0.0348049
1763	0.0334874
1764	0.0322427
1765	0.0310651
1766	0.0299493
1767	0.0288909
1768	0.0278857
1769	0.0269299
1770	0.02601
1771	0.0250694
1772	0.0241642
1773	0.0233016
1774	0.0224789
1775	0.021706
1776	0.0210393
1777	0.0204123
1778	0.0198111
1779	0.0192344
1780	0.0186753
1781	0.0181075
1782	0.0175574
1783	0.017029
1784	0.0165212
1785	0.0160376
1786	0.0155993
1787	0.0151813
1788	0.0147783
1789	0.0143896
1790	0.0140088
1791	0.0136053
1792	0.0132109
1793	0.0128306
1794	0.0124639
1795	0.01211
1796	0.0117684
1797	0.0114386
1798	0.0111201
1799	0.0108123
1800	0.0105212
1801	0.0089699
1802	0.00770632
1803	0.00666168
1804	0.00579
1805	0.00505614
1806	0.0044303
1807	0.00389671
1808	0.00343966
1809	0.00304616
1810	0.00270019
1811	0.00237023
1812	0.00208106
1813	0.00183102
1814	0.00161417
1815	0.00142996
1816	0.00129253
1817	0.00117407
1818	0.0010683
1819	0.00097365
1820	0.000888477
1821	0.000810432
1822	0.00074006
1823	0.000676713
1824	0.000619587
1825	0.000567391
1826	0.000516832
1827	0.000470814
1828	0.000429354
1829	0.00039195
1830	0.000358339
1831	0.000328835
1832	0.000302197
1833	0.000277969
1834	0.000255908
1835	0.000235767
1836	0.000217169
1837	0.000200171
1838	0.000184644
1839	0.000170448
1840	0.000157435
1841	0.000145368
1842	0.000134298
1843	0.000124151
1844	0.000114843
1845	0.000106354
1846	9.88348e-05
1847	9.19503e-05
1848	8.55948e-05
1849	7.97236e-05
1850	7.42716e-05
1851	6.90938e-05
1852	6.42892e-05
1853	5.98488e-05
1854	5.57425e-05
1855	5.1943e-05
1856	4.84251e-05
1857	4.51663e-05
1858	4.21457e-05
1859	3.93443e-05
1860	3.67449e-05
1861	3.80537e-05
1862	3.94145e-05
1863	4.08297e-05
1864	4.23015e-05
1865	4.38415e-05
1866	4.54876e-05
1867	4.72122e-05
1868	4.90096e-05
1869	5.08834e-05
1870	5.27213e-05
1871	5.3896e-05
1872	5.4964e-05
1873	5.60402e-05
1874	5.71233e-05
1875	5.8534e-05
1876	6.19675e-05
1877	6.5944e-05
1878	7.01549e-05
1879	7.46144e-05
1880	7.91213e-05
1881	8.25402e-05
1882	8.58884e-05
1883	8.93892e-05
1884	9.30505e-05
1885	9.68009e-05
1886	0.000100196
1887	0.000103639
1888	0.000107214
1889	0.000110928
1890	0.000114869
1891	0.000119481
1892	0.000124394
1893	0.000129536
1894	0.00013492
1895	0.000140661
1896	0.000147318
1897	0.000154437
1898	0.000161938
1899	0.000169844
1900	0.00017809
1901	0.000186169
1902	0.000194569
1903	0.0002034
1904	0.000212689
1905	0.000222431
1906	0.000232415
1907	0.000242879
1908	0.000253886
1909	0.000265469
1910	0.000277722
1911	0.000290927
1912	0.000304921
1913	0.000319691
1914	0.000335285
1915	0.000351758
1916	0.000369167
1917	0.000387572
1918	0.00040704
1919	0.000427643
1920	0.000449457
1921	0.000426851
1922	0.000429523
1923	0.000437533
1924	0.00044872
1925	0.000462153
1926	0.000476593
1927	0.0004927
1928	0.000510589
1929	0.000530258
1930	0.000552173
1931	0.000578673
1932	0.000607941
1933	0.000639726
1934	0.000674231
1935	0.000711307
1936	0.000748938
1937	0.000789315
1938	0.000833107
1939	0.000880644
1940	0.000930867
1941	0.000976303
1942	0.00102375
1943	0.00107496
1944	0.00113033
1945	0.00119426
1946	0.00128937
1947	0.00139918
1948	0.00152117
1949	0.00165705
1950	0.0018074
1951	0.00196647
1952	0.00214308
1953	0.00234171
1954	0.002566
1955	0.00281821
1956	0.00309107
1957	0.00340017
1958	0.00375543
1959	0.00416672
1960	0.00464612
1961	0.00495222
1962	0.00528407
1963	0.00564543
1964	0.00603979
1965	0.00647643
1966	0.00698963
1967	0.00756252
1968	0.00819741
1969	0.00890328
1970	0.00968536
1971	0.0105218
1972	0.0114536
1973	0.0125035
1974	0.013693
1975	0.0150491
1976	0.0166066
1977	0.0184104
1978	0.0205207
1979	0.0230199
1980	0.0260314
1981	0.0297589
1982	0.0344621
1983	0.040613
1984	0.0491555
1985	0.0625187
1986	0.0470883
1987	0.039494
1988	0.0343034
1989	0.0303833
1990	0.0272406
1991	0.0245325
1992	0.022237
1993	0.0202748
1994	0.0185756
1995	0.0171004
1996	0.0158577
1997	0.0147611
1998	0.0137781
1999	0.012892
2000	0.0120845
2001	0.0113211
2002	0.0106206
2003	0.00998008
2004	0.00939262
2005	0.00885618
2006	0.00924625
2007	0.00966402
2008	0.0101076
2009	0.0105792
2010	0.0110794
2011	0.0115963
2012	0.0121456
2013	0.0127325
2014	0.0133605
2015	0.0140315
2016	0.0147316
2017	0.0154822
2018	0.0162916
2019	0.0171669
2020	0.0181244
2021	0.0192183
2022	0.0204246
2023	0.0217504
2024	0.0232148
2025	0.0248301
2026	0.0265641
2027	0.0285025
2028	0.0307043
2029	0.0332356
2030	0.0362008
2031	0.0397864
2032	0.0442036
2033	0.0498954
2034	0.0579365
2035	0.0733829
2036	0.0721578
2037	0.0710281
2038	0.0699838
2039	0.0690091
2040	0.0681435
2041	0.0676042
2042	0.0671525
2043	0.0667329
2044	0.0663417
2045	0.0659332
2046	0.0652692
2047	0.0645882
2048	0.0639309
2049	0.0632954
2050	0.0626981
2051	0.0622018
2052	0.0617398
2053	0.0612932
2054	0.0608614
2055	0.060432
2056	0.0599243
2057	0.0594188
2058	0.0589265
2059	0.0584469
2060	0.0579965
2061	0.0576362
2062	0.0573034
2063	0.0569811
2064	0.0566691
2065	0.0563671
2066	0.0566355
2067	0.0569092
2068	0.0571886
2069	0.0574739
2070	0.0577825
2071	0.0581785
2072	0.0586001
2073	0.0590306
2074	0.0594703
2075	0.059896
2076	0.0601761
2077	0.0604402
2078	0.0607123
2079	0.060993
2080	0.0612953
2081	0.0616699
2082	0.0620689
2083	0.0624808
2084	0.0629067
2085	0.063354
2086	0.0638308
2087	0.0643323
2088	0.0648538
2089	0.0653973
2090	0.0659515
2091	0.0664642
2092	0.0669917
2093	0.0675516
2094	0.0681488
2095	0.0688185
2096	0.0697298
2097	0.0707406
2098	0.0718394
2099	0.0730528
2100	0.0744168
2101	0.0744426
2102	0.0744615
2103	0.0744812
2104	0.0745018
2105	0.0745076
2106	0.0744209
2107	0.0743193
2108	0.0742183
2109	0.0741181
2110	0.0740264
2111	0.0739982
2112	0.0739789
2113	0.0739606
2114	0.0739434
2115	0.0739273
2116	0.0738967
2117	0.0738674
2118	0.0738394
2119	0.0738127
2120	0.0737875
2121	0.0737479
2122	0.0737099
2123	0.0736736
2124	0.0736391
2125	0.0736305
2126	0.0737518
2127	0.0738999
2128	0.074051
2129	0.0742051
2130	0.0743305
2131	0.074282
2132	0.0742044
2133	0.0741303
2134	0.0740599
2135	0.0740181
2136	0.0741439
2137	0.0743003
2138	0.0744637
2139	0.0746353
2140	0.0747915
2141	0.0748105
2142	0.074817
2143	0.0748388
2144	0.0748801
2145	0.0749729
2146	0.0752213
2147	0.0755577
2148	0.0760167
2149	0.0759679
2150	0.0759108
2151	0.0757691
2152	0.0756191
2153	0.0754692
2154	0.0753195
2155	0.0751699
2156	0.0749866
2157	0.0748034
2158	0.0746204
2159	0.0744375
2160	0.0741534
2161	0.0732445
2162	0.0722347
2163	0.0712252
2164	0.0702162
2165	0.0694018
2166	0.0697691
2167	0.0703304
2168	0.0708915
2169	0.0714525
2170	0.0719544
2171	0.0720683
2172	0.0721233
2173	0.0721783
2174	0.0722333
2175	0.0722547
2176	0.072074
2177	0.0718597
2178	0.0716455
2179	0.0714315
2180	0.0712429
2181	0.0712228
2182	0.0712279
2183	0.0712331
2184	0.0712384
2185	0.0712101
2186	0.0709632
2187	0.0706829
2188	0.0704027
2189	0.0701226
2190	0.0698847
2191	0.069899
2192	0.0699555
2193	0.0700119
2194	0.0700684
2195	0.0700998
2196	0.0699968
2197	0.0698688
2198	0.0697409
2199	0.0695954
2200	0.0694249
2201	0.0691038
2202	0.0687578
2203	0.0684122
2204	0.068067
2205	0.0677639
2206	0.0676788
2207	0.0676356
2208	0.0675925
2209	0.0675495
2210	0.0674983
2211	0.0674138
2212	0.0673211
2213	0.0672285
2214	0.0671361
2215	0.0670438
2216	0.0669517
2217	0.0668597
2218	0.0667678
2219	0.0666761
2220	0.0665679
2221	0.06636
2222	0.0661356
2223	0.0659115
2224	0.0656877
2225	0.0654806
2226	0.0653735
2227	0.0652831
2228	0.0651928
2229	0.0651026
2230	0.0650126
2231	0.0649061
2232	0.0647998
2233	0.0646935
2234	0.0645875
2235	0.064465
2236	0.0642268
2237	0.0639723
2238	0.063718
2239	0.0634639
2240	0.0632349
2241	0.0631548
2242	0.0630995
2243	0.0630444
2244	0.0629893
2245	0.0629178
2246	0.062764
2247	0.0625938
2248	0.0624238
2249	0.062254
2250	0.0620843
2251	0.0618819
2252	0.0616797
2253	0.0614776
2254	0.0612758
2255	0.0610905
2256	0.0610205
2257	0.060967
2258	0.0609136
2259	0.0608602
2260	0.0607988
2261	0.0606553
2262	0.0605038
2263	0.0603525
2264	0.0602013
2265	0.0600666
2266	0.0599976
2267	0.059945
2268	0.0598925
2269	0.0598401
2270	0.0597796
2271	0.059394
2272	0.0590129
2273	0.0586431
2274	0.0582837
2275	0.057918
2276	0.0574817
2277	0.0570386
2278	0.056604
2279	0.0561774
2280	0.0557818
2281	0.055533
2282	0.0553128
2283	0.0550975
2284	0.0548868
2285	0.0546805
2286	0.0544478
2287	0.0542193
2288	0.0539947
2289	0.0537739
2290	0.0535266
2291	0.0530881
2292	0.0526245
2293	0.0521658
2294	0.0517118
2295	0.0513067
2296	0.0511416
2297	0.0510231
2298	0.0509067
2299	0.0507923
2300	0.0506726
2301	0.0504967
2302	0.0503159
2303	0.0501371
2304	0.0499605
2305	0.0497788
2306	0.0495705
2307	0.0493572
2308	0.049146
2309	0.0489369
2310	0.0487298
2311	0.0484964
2312	0.0482651
2313	0.0480357
2314	0.0478084
2315	0.047583
2316	0.0473733
2317	0.0471654
2318	0.0469593
2319	0.0467548
2320	0.0465313
2321	0.0461584
2322	0.0457674
2323	0.0453789
2324	0.0449929
2325	0.0446569
2326	0.0445808
2327	0.0445529
2328	0.0445256
2329	0.0444988
2330	0.0444525
2331	0.0442996
2332	0.0441278
2333	0.0439571
2334	0.0437877
2335	0.0436195
2336	0.0434523
2337	0.0432864
2338	0.0431215
2339	0.0429577
2340	0.0428016
2341	0.0426857
2342	0.0425773
2343	0.0424696
2344	0.0423627
2345	0.0422436
2346	0.0420606
2347	0.0418657
2348	0.0416719
2349	0.0414792
2350	0.0412747
2351	0.0409817
2352	0.0406774
2353	0.0403746
2354	0.0400733
2355	0.0398117
2356	0.0397542
2357	0.0397352
2358	0.0397164
2359	0.039698
2360	0.0396735
2361	0.0379688
2362	0.0364528
2363	0.0350895
2364	0.0338498
2365	0.0327075
2366	0.0316121
2367	0.0305891
2368	0.0296338
2369	0.0287381
2370	0.0278908
2371	0.027065
2372	0.0262793
2373	0.0255339
2374	0.0248254
2375	0.0241663
2376	0.0236143
2377	0.0231017
2378	0.022611
2379	0.0221406
2380	0.021661
2381	0.0210422
2382	0.0204206
2383	0.0198229
2384	0.0192475
2385	0.0187249
2386	0.0184071
2387	0.0181302
2388	0.017862
2389	0.0176021
2390	0.0173385
2391	0.0170152
2392	0.0166906
2393	0.0163759
2394	0.0160706
2395	0.0157742
2396	0.0154811
2397	0.0151964
2398	0.0149197
2399	0.0146506
2400	0.0143889
2401	0.0141389
2402	0.0138954
2403	0.0136584
2404	0.0134273
2405	0.0132022
2406	0.012987
2407	0.0127772
2408	0.0125724
2409	0.0123725
2410	0.0121671
2411	0.0119058
2412	0.011641
2413	0.0113828
2414	0.011131
2415	0.0109006
2416	0.0107586
2417	0.0106344
2418	0.0105126
2419	0.0103932
2420	0.0102708
2421	0.0101157
2422	0.00995872
2423	0.00980506
2424	0.00965462
2425	0.00950898
2426	0.00937616
2427	0.0092476
2428	0.00912158
2429	0.00899802
2430	0.0088753
2431	0.00873963
2432	0.00860515
2433	0.00847334
2434	0.00834413
2435	0.00821889
2436	0.00810757
2437	0.00799974
2438	0.00789389
2439	0.00778997
2440	0.00768657
2441	0.00757426
2442	0.00746269
2443	0.0073532
2444	0.00724573
2445	0.00713894
2446	0.00702903
2447	0.00691989
2448	0.00681276
2449	0.00670759
2450	0.00660675
2451	0.00618636
2452	0.00580379
2453	0.00545268
2454	0.00512962
2455	0.00483347
2456	0.00456813
2457	0.00432365
2458	0.00409646
2459	0.00388497
2460	0.00368708
2461	0.00349718
2462	0.00331917
2463	0.0031527
2464	0.00299681
2465	0.0028496
2466	0.00270646
2467	0.00257122
2468	0.00244422
2469	0.00232487
2470	0.00221341
2471	0.00211399
2472	0.00202086
2473	0.00193283
2474	0.00184954
2475	0.0017697
2476	0.00168772
2477	0.00160932
2478	0.00153518
2479	0.00146504
2480	0.00139943
2481	0.00134087
2482	0.00128598
2483	0.0012338
2484	0.00118415
2485	0.00113734
2486	0.00109485
2487	0.00105471
2488	0.00101636
2489	0.000979708
2490	0.000943035
2491	0.000898245
2492	0.000854214
2493	0.000812433
2494	0.000772776
2495	0.000737377
2496	0.000716176
2497	0.000697827
2498	0.00068005
2499	0.000662823
2500	0.00064512
2501	0.000231098
2502	9.51743e-05
2503	4.30088e-05
2504	2.07877e-05
2505	1.05787e-05
2506	5.60002e-06
2507	3.06692e-06
2508	1.72877e-06
2509	9.98922e-07
2510	5.89917e-07
2511	3.55509e-07
2512	2.17958e-07
2513	1.35682e-07
2514	8.56386e-08
2515	5.47373e-08
2516	3.54066e-08
2517	2.31471e-08
2518	1.52818e-08
2519	1.01815e-08
2520	6.84276e-09
2521	4.63943e-09
2522	3.16977e-09
2523	2.1809e-09
2524	1.51048e-09
2525	1.05292e-09
2526	7.39258e-10
2527	5.22065e-10
2528	3.70656e-10
2529	2.64499e-10
2530	1.89623e-10
2531	1.36288e-10
2532	9.83678e-11
2533	7.12997e-11
2534	5.18902e-11
2535	3.792e-11
2536	2.78386e-11
2537	2.05157e-11
2538	1.51718e-11
2539	1.12575e-11
2540	8.38011e-12
2541	6.26037e-12
2542	4.69096e-12
2543	3.52527e-12
2544	2.65674e-12
2545	2.00769e-12
2546	1.52058e-12
2547	1.15462e-12
2548	8.78933e-13
2549	6.70695e-13
2550	5.13001e-13
2551	3.93114e-13
2552	3.01917e-13
2553	2.32379e-13
2554	1.79236e-13
2555	1.38531e-13
2556	1.07238e-13
2557	8.31762e-14
2558	6.46365e-14
2559	5.03227e-14
2560	3.92585e-14
2561	3.07085e-14
2562	2.40676e-14
2563	1.88949e-14
2564	1.48585e-14
2565	1.17034e-14
2566	9.22885e-15
2567	7.28882e-15
2568	5.76537e-15
2569	4.56715e-15
2570	3.62323e-15
2571	2.87723e-15
2572	2.28803e-15
2573	1.82199e-15
2574	1.45282e-15
2575	1.15999e-15
2576	9.27385e-16
2577	7.42364e-16
2578	5.95e-16
2579	4.77473e-16
2580	3.83535e-16
2581	3.08023e-16
2582	2.47607e-16
2583	1.99266e-16
2584	1.60542e-16
2585	1.29544e-16
2586	1.04984e-16
2587	8.52101e-17
2588	6.92338e-17
2589	5.63113e-17
2590	4.58369e-17
2591	3.72795e-17
2592	3.03426e-17
2593	2.47205e-17
2594	2.01593e-17
2595	1.6459e-17
2596	1.34629e-17
2597	1.10249e-17
2598	9.03648e-18
2599	7.41331e-18
2600	6.08703e-18
2601	3.71896e-18
2602	2.80857e-18
2603	2.20727e-18
2604	1.77187e-18
2605	1.44213e-18
2606	1.18443e-18
2607	9.80267e-19
2608	8.16312e-19
2609	6.83254e-19
2610	5.74362e-19
2611	4.84859e-19
2612	4.10645e-19
2613	3.48801e-19
2614	2.97044e-19
2615	2.53563e-19
2616	2.16707e-19
2617	1.85572e-19
2618	1.59199e-19
2619	1.36804e-19
2620	1.17688e-19
2621	1.01051e-19
2622	8.68411e-20
2623	7.47235e-20
2624	6.43731e-20
2625	5.55872e-20
2626	4.83849e-20
2627	4.22117e-20
2628	3.68627e-20
2629	3.22223e-20
2630	2.81779e-20
2631	2.45912e-20
2632	2.14687e-20
2633	1.8758e-20
2634	1.64024e-20
2635	1.435e-20
2636	1.2533e-20
2637	1.09509e-20
2638	9.57498e-21
2639	8.37738e-21
2640	7.33784e-21
2641	6.45051e-21
2642	5.67676e-21
2643	4.99879e-21
2644	4.40434e-21
2645	3.88276e-21
2646	3.42142e-21
2647	3.0165e-21
2648	2.6609e-21
2649	2.34841e-21
2650	2.07365e-21
2651	1.8301e-21
2652	1.61592e-21
2653	1.42746e-21
2654	1.26156e-21
2655	1.11571e-21
2656	9.88159e-22
2657	8.75785e-22
2658	7.7652e-22
2659	6.88791e-22
2660	6.11068e-22
2661	5.41508e-22
2662	4.7993e-22
2663	4.25517e-22
2664	3.77414e-22
2665	3.35044e-22
2666	2.9815e-22
2667	2.65551e-22
2668	2.366e-22
2669	2.1088e-22
2670	1.87973e-22
2671	1.67182e-22
2672	1.48702e-22
2673	1.32308e-22
2674	1.17759e-22
2675	1.04869e-22
2676	9.35173e-23
2677	8.34417e-23
2678	7.44746e-23
2679	6.64914e-23
2680	5.93817e-23
2681	5.3048e-23
2682	4.74037e-23
2683	4.23722e-23
2684	3.78856e-23
2685	3.38836e-23
2686	3.0281e-23
2687	2.70689e-23
2688	2.4204e-23
2689	2.1648e-23
2690	1.93671e-23
2691	1.73402e-23
2692	1.55294e-23
2693	1.39113e-23
2694	1.24649e-23
2695	1.11718e-23
2696	1.00099e-23
2697	8.97102e-24
2698	8.04192e-24
2699	7.21076e-24
2700	6.46877e-24
2701	7.45843e-24
2702	8.606e-24
2703	9.93498e-24
2704	1.14749e-23
2705	1.326e-23
2706	1.53305e-23
2707	1.77333e-23
2708	2.05232e-23
2709	2.37642e-23
2710	2.75313e-23
2711	3.19298e-23
2712	3.70505e-23
2713	4.30154e-23
2714	4.99676e-23
2715	5.8075e-23
2716	6.74981e-23
2717	7.84935e-23
2718	9.13311e-23
2719	1.06328e-22
2720	1.23858e-22
2721	1.44283e-22
2722	1.68172e-22
2723	1.96132e-22
2724	2.28875e-22
2725	2.67318e-22
2726	3.1258e-22
2727	3.65831e-22
2728	4.28419e-22
2729	5.02028e-22
2730	5.88656e-22
2731	6.89904e-22
2732	8.09087e-22
2733	9.49475e-22
2734	1.11495e-21
2735	1.31015e-21
2736	1.54141e-21
2737	1.81472e-21
2738	2.13797e-21
2739	2.52056e-21
2740	2.9737e-21
2741	3.51279e-21
2742	4.15261e-21
2743	4.91255e-21
2744	5.81587e-21
2745	6.89044e-21
2746	8.16514e-21
2747	9.68307e-21
2748	1.14921e-20
2749	1.36499e-20
2750	1.62256e-20
2751	1.92921e-20
2752	2.29568e-20
2753	2.73402e-20
2754	3.25879e-20
2755	3.88758e-20
2756	4.6417e-20
2757	5.54694e-20
2758	6.63459e-20
2759	7.94263e-20
2760	9.51723e-20
2761	1.14211e-19
2762	1.37188e-19
2763	1.64944e-19
2764	1.98507e-19
2765	2.39135e-19
2766	2.88533e-19
2767	3.48488e-19
2768	4.21334e-19
2769	5.09942e-19
2770	6.17659e-19
2771	7.48064e-19
2772	9.06727e-19
2773	1.10026e-18
2774	1.33662e-18
2775	1.62561e-18
2776	1.98057e-18
2777	2.41591e-18
2778	2.95053e-18
2779	3.6079e-18
2780	4.41728e-18
2781	5.41839e-18
2782	6.65508e-18
2783	8.18493e-18
2784	1.00801e-17
2785	1.24313e-17
2786	1.53526e-17
2787	1.89877e-17
2788	2.35179e-17
2789	2.91728e-17
2790	3.62428e-17
2791	4.50694e-17
2792	5.61352e-17
2793	7.00321e-17
2794	8.75152e-17
2795	1.09583e-16
2796	1.37538e-16
2797	1.72987e-16
2798	2.17971e-16
2799	2.75169e-16
2800	3.48045e-16
2801	4.09936e-16
2802	4.83172e-16
2803	5.69898e-16
2804	6.72674e-16
2805	7.94811e-16
2806	9.40401e-16
2807	1.11384e-15
2808	1.32029e-15
2809	1.56621e-15
2810	1.85941e-15
2811	2.20927e-15
2812	2.6271e-15
2813	3.12652e-15
2814	3.72401e-15
2815	4.43947e-15
2816	5.29368e-15
2817	6.3178e-15
2818	7.54679e-15
2819	9.02302e-15
2820	1.0798e-14
2821	1.29262e-14
2822	1.54885e-14
2823	1.85768e-14
2824	2.23028e-14
2825	2.68115e-14
2826	3.22848e-14
2827	3.89283e-14
2828	4.69887e-14
2829	5.67794e-14
2830	6.86857e-14
2831	8.31295e-14
2832	1.00726e-13
2833	1.22188e-13
2834	1.48401e-13
2835	1.80455e-13
2836	2.19564e-13
2837	2.67487e-13
2838	3.26288e-13
2839	3.98539e-13
2840	4.87441e-13
2841	5.97377e-13
2842	7.33137e-13
2843	9.01041e-13
2844	1.10903e-12
2845	1.36707e-12
2846	1.68667e-12
2847	2.08425e-12
2848	2.57971e-12
2849	3.19822e-12
2850	3.97175e-12
2851	4.94095e-12
2852	6.15763e-12
2853	7.68798e-12
2854	9.61675e-12
2855	1.20527e-11
2856	1.51457e-11
2857	1.90715e-11
2858	2.40655e-11
2859	3.04334e-11
2860	3.85726e-11
2861	4.90015e-11
2862	6.23988e-11
2863	7.9655e-11
2864	1.01943e-10
2865	1.30811e-10
2866	1.68087e-10
2867	2.16597e-10
2868	2.79925e-10
2869	3.6287e-10
2870	4.7204e-10
2871	6.16495e-10
2872	8.08198e-10
2873	1.06331e-09
2874	1.40419e-09
2875	1.86225e-09
2876	2.48155e-09
2877	3.32217e-09
2878	4.4677e-09
2879	6.03686e-09
2880	8.19818e-09
2881	1.11773e-08
2882	1.53249e-08
2883	2.11375e-08
2884	2.93409e-08
2885	4.10065e-08
2886	5.77701e-08
2887	8.20306e-08
2888	1.17477e-07
2889	1.6981e-07
2890	2.47968e-07
2891	3.66189e-07
2892	5.47585e-07
2893	8.30478e-07
2894	1.28002e-06
2895	2.01045e-06
2896	3.22782e-06
2897	5.33186e-06
2898	9.15387e-06
2899	1.67132e-05
2900	3.67683e-05
2901	3.76057e-05
2902	3.84648e-05
2903	3.93461e-05
2904	4.02503e-05
2905	4.11781e-05
2906	4.21009e-05
2907	4.30473e-05
2908	4.40181e-05
2909	4.50139e-05
2910	4.60354e-05
2911	4.70504e-05
2912	4.80912e-05
2913	4.91584e-05
2914	5.02529e-05
2915	5.13755e-05
2916	5.25642e-05
2917	5.37846e-05
2918	5.50375e-05
2919	5.63241e-05
2920	5.76451e-05
2921	5.90019e-05
2922	6.03955e-05
2923	6.18269e-05
2924	6.32976e-05
2925	6.48085e-05
2926	6.63611e-05
2927	6.79567e-05
2928	6.95966e-05
2929	7.12822e-05
2930	7.30152e-05
2931	7.47426e-05
2932	7.65176e-05
2933	7.83416e-05
2934	8.02163e-05
2935	8.21434e-05
2936	8.41862e-05
2937	8.62881e-05
2938	8.8451e-05
2939	9.0677e-05
2940	9.29683e-05
2941	9.52567e-05
2942	9.7611e-05
2943	0.000100034
2944	0.000102527
2945	0.000105132
2946	0.000107896
2947	0.000110786
2948	0.000113766
2949	0.000116839
2950	0.00012001
2951	0.000123281
2952	0.000126656
2953	0.000130139
2954	0.000133734
2955	0.000137446
2956	0.000141172
2957	0.000145017
2958	0.000148986
2959	0.000153084
2960	0.000157315
2961	0.000161808
2962	0.000166452
2963	0.000171253
2964	0.000176218
2965	0.000181353
2966	0.000186523
2967	0.000191869
2968	0.000197398
2969	0.000203118
2970	0.000209036
2971	0.000215326
2972	0.000221842
2973	0.000228593
2974	0.000235589
2975	0.000242842
2976	0.00025017
2977	0.000257765
2978	0.00026564
2979	0.000273806
2980	0.000282277
2981	0.000291293
2982	0.000300657
2983	0.000310386
2984	0.000320498
2985	0.000331011
2986	0.000341678
2987	0.000352769
2988	0.000364304
2989	0.000376306
2990	0.000388799
2991	0.000402124
2992	0.000416015
2993	0.000430503
2994	0.000445622
2995	0.000461407
2996	0.000477897
2997	0.000495135
2998	0.000513167
2999	0.000532044
3000	0.000551825
3001	0.000551525
3002	0.000551224
3003	0.000550922
3004	0.00055062
3005	0.000550317
3006	0.000550452
3007	0.000550587
3008	0.000550722
3009	0.000550858
3010	0.000550994
3011	0.00055113
3012	0.000551266
3013	0.000551402
3014	0.000551539
3015	0.000551675
3016	0.000551369
3017	0.000551061
3018	0.000550753
3019	0.000550445
3020	0.000550135
3021	0.000549825
3022	0.000549514
3023	0.000549203
3024	0.000548891
3025	0.000548578
3026	0.000548713
3027	0.000548848
3028	0.000548983
3029	0.000549119
3030	0.000549255
3031	0.000548941
3032	0.000548626
3033	0.00054831
3034	0.000547994
3035	0.000547678
3036	0.000546907
3037	0.000546135
3038	0.000545362
3039	0.000544587
3040	0.000544037
3041	0.000544854
3042	0.0005459
3043	0.000546949
3044	0.000548001
3045	0.000549055
3046	0.000549653
3047	0.000550253
3048	0.000550855
3049	0.000551458
3050	0.000552062
3051	0.000552208
3052	0.000552354
3053	0.000552502
3054	0.000552649
3055	0.000552798
3056	0.000552947
3057	0.000553097
3058	0.000553247
3059	0.000553399
3060	0.000553551
3061	0.000552773
3062	0.000551994
3063	0.000551213
3064	0.000550432
3065	0.000549883
3066	0.000549801
3067	0.000549955
3068	0.00055011
3069	0.000550266
3070	0.000550423
3071	0.000551053
3072	0.000551684
3073	0.000552318
3074	0.000552955
3075	0.000553594
3076	0.000553288
3077	0.000552983
3078	0.000552678
3079	0.000552374
3080	0.000552071
3081	0.000551768
3082	0.000551466
3083	0.000551165
3084	0.000550865
3085	0.000550566
3086	0.000550268
3087	0.000549971
3088	0.000549676
3089	0.000549382
3090	0.00054909
3091	0.0005488
3092	0.000548512
3093	0.000548226
3094	0.000547942
3095	0.00054766
3096	0.000547381
3097	0.000547106
3098	0.000546833
3099	0.000546564
3100	0.000546299
3101	0.000539968
3102	0.000538592
3103	0.000538702
3104	0.000539621
3105	0.000541076
3106	0.000542438
3107	0.000544106
3108	0.000546023
3109	0.000548153
3110	0.000550466
3111	0.000552442
3112	0.00055456
3113	0.000556806
3114	0.00055917
3115	0.000561902
3116	0.000565261
3117	0.000568991
3118	0.00057283
3119	0.000576776
3120	0.000580825
3121	0.000584976
3122	0.000589226
3123	0.000593575
3124	0.000598021
3125	0.000602564
3126	0.000607202
3127	0.000611936
3128	0.000616766
3129	0.000621691
3130	0.000626712
3131	0.000631829
3132	0.000637042
3133	0.000642352
3134	0.000647759
3135	0.000653265
3136	0.000658253
3137	0.00066333
3138	0.000668496
3139	0.000673751
3140	0.000679097
3141	0.000685182
3142	0.000691372
3143	0.000697669
3144	0.000704074
3145	0.00071059
3146	0.000716536
3147	0.000722581
3148	0.000728728
3149	0.000734976
3150	0.000741327
3151	0.000748501
3152	0.000755798
3153	0.000763218
3154	0.000770765
3155	0.000778441
3156	0.000786249
3157	0.00079419
3158	0.000802267
3159	0.000810484
3160	0.000818841
3161	0.000828144
3162	0.000837612
3163	0.000847248
3164	0.000857058
3165	0.000867044
3166	0.000875515
3167	0.00088413
3168	0.000892891
3169	0.000901803
3170	0.000911313
3171	0.000921889
3172	0.000933113
3173	0.000944546
3174	0.000956192
3175	0.000968056
3176	0.000978231
3177	0.000988587
3178	0.000999128
3179	0.00100986
3180	0.00102078
3181	0.00103292
3182	0.00104529
3183	0.0010579
3184	0.00107074
3185	0.00108383
3186	0.00109827
3187	0.00111299
3188	0.00112801
3189	0.00114333
3190	0.00115897
3191	0.00117376
3192	0.00118886
3193	0.00120425
3194	0.00121997
3195	0.001236
3196	0.00125112
3197	0.00126655
3198	0.00128229
3199	0.00129835
3200	0.00131541
3201	0.0013079
3202	0.00130111
3203	0.00129439
3204	0.00128772
3205	0.00128111
3206	0.00127327
3207	0.0012655
3208	0.0012578
3209	0.00125017
3210	0.0012426
3211	0.00123385
3212	0.00122517
3213	0.00121657
3214	0.00120804
3215	0.00119959
3216	0.00119242
3217	0.00118531
3218	0.00117827
3219	0.00117127
3220	0.00116434
3221	0.00115746
3222	0.00115064
3223	0.00114387
3224	0.00113716
3225	0.0011305
3226	0.00112505
3227	0.00111964
3228	0.00111427
3229	0.00110894
3230	0.00110365
3231	0.00109727
3232	0.00109093
3233	0.00108465
3234	0.00107841
3235	0.00107222
3236	0.00106607
3237	0.00105998
3238	0.00105392
3239	0.00104792
3240	0.00104195
3241	0.00103603
3242	0.00103016
3243	0.00102433
3244	0.00101854
3245	0.00101279
3246	0.00100814
3247	0.00100352
3248	0.000998934
3249	0.000994378
3250	0.000989852
3251	0.000983293
3252	0.000976783
3253	0.000970321
3254	0.000963906
3255	0.000957539
3256	0.000952227
3257	0.000946952
3258	0.000941714
3259	0.000936513
3260	0.000931347
3261	0.000926217
3262	0.000921123
3263	0.000916063
3264	0.000911039
3265	0.000906048
3266	0.000901092
3267	0.000896169
3268	0.000891279
3269	0.000886423
3270	0.000881599
3271	0.000876808
3272	0.000872048
3273	0.000867321
3274	0.000862625
3275	0.00085796
3276	0.000853326
3277	0.000848723
3278	0.00084415
3279	0.000839607
3280	0.000835094
3281	0.000830611
3282	0.000826156
3283	0.000821731
3284	0.000817335
3285	0.000812967
3286	0.000809511
3287	0.000806077
3288	0.000802663
3289	0.000799268
3290	0.000795459
3291	0.000789941
3292	0.00078403
3293	0.00077816
3294	0.00077233
3295	0.000766967
3296	0.000762488
3297	0.000758461
3298	0.000754459
3299	0.000750482
3300	0.000746531
3301	0.000756166
3302	0.00076596
3303	0.000775919
3304	0.000786044
3305	0.000796339
3306	0.000805006
3307	0.000813803
3308	0.000822733
3309	0.000831799
3310	0.000841003
3311	0.000851313
3312	0.000861793
3313	0.000872447
3314	0.000883279
3315	0.000894294
3316	0.000903436
3317	0.000912711
3318	0.000922123
3319	0.000931675
3320	0.000941914
3321	0.000954521
3322	0.000967915
3323	0.000981557
3324	0.000995453
3325	0.00100961
3326	0.00102166
3327	0.00103393
3328	0.0010464
3329	0.00105909
3330	0.00107199
3331	0.0010864
3332	0.00110108
3333	0.00111603
3334	0.00113127
3335	0.0011468
3336	0.00116262
3337	0.00117876
3338	0.00119521
3339	0.00121198
3340	0.00122908
3341	0.00124653
3342	0.00126433
3343	0.00128249
3344	0.00130102
3345	0.00131994
3346	0.00133765
3347	0.00135572
3348	0.00137415
3349	0.00139295
3350	0.00141215
3351	0.00143347
3352	0.00145526
3353	0.00147753
3354	0.00150029
3355	0.00152358
3356	0.00154739
3357	0.00157175
3358	0.00159667
3359	0.00162218
3360	0.0016483
3361	0.00167504
3362	0.00170243
3363	0.00173049
3364	0.00175924
3365	0.00178872
3366	0.00181894
3367	0.00184994
3368	0.00188175
3369	0.00191439
3370	0.0019479
3371	0.00198231
3372	0.00201767
3373	0.002054
3374	0.00209136
3375	0.00212978
3376	0.00216932
3377	0.00221001
3378	0.00225192
3379	0.0022951
3380	0.00233961
3381	0.00238849
3382	0.00243897
3383	0.00249111
3384	0.00254501
3385	0.00260075
3386	0.00265512
3387	0.00271138
3388	0.00276966
3389	0.00283006
3390	0.00289272
3391	0.00295777
3392	0.00302537
3393	0.00309567
3394	0.00316887
3395	0.00324516
3396	0.00332055
3397	0.00339929
3398	0.00348163
3399	0.00356787
3400	0.00366068
3401	0.00368753
3402	0.00371704
3403	0.00374688
3404	0.00377706
3405	0.00380515
3406	0.00382379
3407	0.00384015
3408	0.00385667
3409	0.00387334
3410	0.00389268
3411	0.00391728
3412	0.00394469
3413	0.00397241
3414	0.00400045
3415	0.00402881
3416	0.00405226
3417	0.00407598
3418	0.00409996
3419	0.00412421
3420	0.00414873
3421	0.00417354
3422	0.00419863
3423	0.00422401
3424	0.00424969
3425	0.00427567
3426	0.00430197
3427	0.00432857
3428	0.00435551
3429	0.00438277
3430	0.00441036
3431	0.00444415
3432	0.00447837
3433	0.00451305
3434	0.00454819
3435	0.0045838
3436	0.0046138
3437	0.00464421
3438	0.00467501
3439	0.00470623
3440	0.00473787
3441	0.00476994
3442	0.00480246
3443	0.00483543
3444	0.00486887
3445	0.00490278
3446	0.00493718
3447	0.00497208
3448	0.0050075
3449	0.00504344
3450	0.00507993
3451	0.00512385
3452	0.00516846
3453	0.00521379
3454	0.00525984
3455	0.00530664
3456	0.00534703
3457	0.00538808
3458	0.00542982
3459	0.00547226
3460	0.00551543
3461	0.00556687
3462	0.00561923
3463	0.00567253
3464	0.00572681
3465	0.00578209
3466	0.00583053
3467	0.00587989
3468	0.0059302
3469	0.0059815
3470	0.00603384
3471	0.00608724
3472	0.00614174
3473	0.00619741
3474	0.00625427
3475	0.00631238
3476	0.0063718
3477	0.00643259
3478	0.0064948
3479	0.0065585
3480	0.00662377
3481	0.00669992
3482	0.00677802
3483	0.00685816
3484	0.00694045
3485	0.00702502
3486	0.00710218
3487	0.00718165
3488	0.00726356
3489	0.0073481
3490	0.00743544
3491	0.00752579
3492	0.00761941
3493	0.00771655
3494	0.00781755
3495	0.00792279
3496	0.0080327
3497	0.00814785
3498	0.00826889
3499	0.00839671
3500	0.00853244
3501	0.00853895
3502	0.00854548
3503	0.00855204
3504	0.00855862
3505	0.00856522
3506	0.00855977
3507	0.00855433
3508	0.00854889
3509	0.00854346
3510	0.00853804
3511	0.00853262
3512	0.0085272
3513	0.00852179
3514	0.00851639
3515	0.008511
3516	0.00850561
3517	0.00850022
3518	0.00849485
3519	0.00848948
3520	0.00848412
3521	0.00849099
3522	0.00849788
3523	0.00850481
3524	0.00851176
3525	0.00851874
3526	0.00851348
3527	0.00850824
3528	0.008503
3529	0.00849778
3530	0.00849256
3531	0.00849968
3532	0.00850682
3533	0.008514
3534	0.00852122
3535	0.00852847
3536	0.00852338
3537	0.0085183
3538	0.00851324
3539	0.0085082
3540	0.00850317
3541	0.00851058
3542	0.00851803
3543	0.00852551
3544	0.00853304
3545	0.00854061
3546	0.00853573
3547	0.00853088
3548	0.00852605
3549	0.00852124
3550	0.00851645
3551	0.00851168
3552	0.00850694
3553	0.00850222
3554	0.00849752
3555	0.00849285
3556	0.00848821
3557	0.00848359
3558	0.008479
3559	0.00847444
3560	0.00846991
3561	0.00847807
3562	0.00848628
3563	0.00849455
3564	0.00850288
3565	0.00851128
3566	0.00850702
3567	0.0085028
3568	0.00849862
3569	0.00849449
3570	0.0084904
3571	0.00848636
3572	0.00848236
3573	0.00847842
3574	0.00847453
3575	0.00847069
3576	0.00846692
3577	0.0084632
3578	0.00845955
3579	0.00845596
3580	0.00845245
3581	0.00846193
3582	0.00847151
3583	0.0084812
3584	0.00849101
3585	0.00850095
3586	0.00849801
3587	0.00849518
3588	0.00849245
3589	0.00848984
3590	0.00848736
3591	0.008485
3592	0.00848279
3593	0.00848072
3594	0.00847881
3595	0.00847708
3596	0.0084887
3597	0.00850056
3598	0.00851267
3599	0.00852507
3600	0.00853778
3601	0.008529
3602	0.00852023
3603	0.00851145
3604	0.00850266
3605	0.00849388
3606	0.00848508
3607	0.00847629
3608	0.00846749
3609	0.00845869
3610	0.00844988
3611	0.00845438
3612	0.0084589
3613	0.00846342
3614	0.00846796
3615	0.0084725
3616	0.00846371
3617	0.00845492
3618	0.00844612
3619	0.00843731
3620	0.00842851
3621	0.00843309
3622	0.00843767
3623	0.00844228
3624	0.00844689
3625	0.00845151
3626	0.00844272
3627	0.00843394
3628	0.00842514
3629	0.00841635
3630	0.00840755
3631	0.00841221
3632	0.00841689
3633	0.00842157
3634	0.00842627
3635	0.00843098
3636	0.00842221
3637	0.00841344
3638	0.00840466
3639	0.00839589
3640	0.00838711
3641	0.00839187
3642	0.00839664
3643	0.00840142
3644	0.00840622
3645	0.00841103
3646	0.00840229
3647	0.00839354
3648	0.00838479
3649	0.00837605
3650	0.0083673
3651	0.00835855
3652	0.00834981
3653	0.00834106
3654	0.00833232
3655	0.00832357
3656	0.00832848
3657	0.00833341
3658	0.00833835
3659	0.00834331
3660	0.00834829
3661	0.00835329
3662	0.0083583
3663	0.00836334
3664	0.00836839
3665	0.00837347
3666	0.00835109
3667	0.0083287
3668	0.0083063
3669	0.00828388
3670	0.00826834
3671	0.00826657
3672	0.00827171
3673	0.00827686
3674	0.00828205
3675	0.00828725
3676	0.00827866
3677	0.00827008
3678	0.0082615
3679	0.00825293
3680	0.00824437
3681	0.00823582
3682	0.00822728
3683	0.00821874
3684	0.00821022
3685	0.00820171
3686	0.00820712
3687	0.00821257
3688	0.00821804
3689	0.00822355
3690	0.00822909
3691	0.00822071
3692	0.00821234
3693	0.008204
3694	0.00819567
3695	0.00818736
3696	0.00817907
3697	0.00817081
3698	0.00816257
3699	0.00815435
3700	0.00814616
3701	0.00815161
3702	0.00815708
3703	0.00816257
3704	0.00816808
3705	0.00817361
3706	0.00816505
3707	0.00815649
3708	0.00814793
3709	0.00813937
3710	0.00813081
3711	0.0081364
3712	0.00814201
3713	0.00814764
3714	0.00815329
3715	0.00815895
3716	0.00815044
3717	0.00814192
3718	0.00813341
3719	0.00812489
3720	0.00811638
3721	0.00812211
3722	0.00812786
3723	0.00813364
3724	0.00813943
3725	0.00814524
3726	0.00813678
3727	0.00812831
3728	0.00811984
3729	0.00811137
3730	0.00810291
3731	0.00810879
3732	0.0081147
3733	0.00812062
3734	0.00812657
3735	0.00813254
3736	0.00810972
3737	0.00808688
3738	0.00806401
3739	0.00804113
3740	0.00802545
3741	0.00802422
3742	0.00803023
3743	0.00803626
3744	0.00804232
3745	0.0080484
3746	0.00803999
3747	0.00803158
3748	0.00802316
3749	0.00801475
3750	0.00800635
3751	0.0080125
3752	0.00801869
3753	0.00802489
3754	0.00803112
3755	0.00803738
3756	0.00802903
3757	0.00802068
3758	0.00801234
3759	0.00800399
3760	0.00799565
3761	0.00800199
3762	0.00800836
3763	0.00801475
3764	0.00802117
3765	0.00802761
3766	0.00803408
3767	0.00804057
3768	0.00804709
3769	0.00805364
3770	0.00806021
3771	0.00805201
3772	0.00804381
3773	0.00803562
3774	0.00802742
3775	0.00801923
3776	0.00801105
3777	0.00800286
3778	0.00799468
3779	0.0079865
3780	0.00797833
3781	0.00798508
3782	0.00799187
3783	0.00799868
3784	0.00800553
3785	0.0080124
3786	0.00800431
3787	0.00799623
3788	0.00798816
3789	0.00798008
3790	0.00797202
3791	0.00797901
3792	0.00798604
3793	0.00799309
3794	0.00800018
3795	0.0080073
3796	0.00799934
3797	0.00799138
3798	0.00798343
3799	0.00797548
3800	0.00796754
3801	0.00792005
3802	0.00788316
3803	0.00785246
3804	0.00782596
3805	0.00780252
3806	0.00776665
3807	0.00773276
3808	0.00770052
3809	0.00766968
3810	0.00764005
3811	0.00762614
3812	0.00761312
3813	0.00760089
3814	0.00758938
3815	0.00757852
3816	0.00755371
3817	0.00752948
3818	0.00750579
3819	0.00748261
3820	0.0074599
3821	0.0074521
3822	0.00744469
3823	0.00743764
3824	0.00743094
3825	0.00742457
3826	0.00741851
3827	0.00741275
3828	0.00740727
3829	0.00740207
3830	0.00739714
3831	0.00737811
3832	0.00735934
3833	0.00734082
3834	0.00732255
3835	0.00730452
3836	0.00730104
3837	0.00729776
3838	0.00729469
3839	0.00729182
3840	0.00728915
3841	0.00727238
3842	0.00725581
3843	0.00723943
3844	0.00722324
3845	0.00720724
3846	0.00720569
3847	0.00720431
3848	0.00720311
3849	0.00720207
3850	0.0072012
3851	0.00718624
3852	0.00717145
3853	0.00715683
3854	0.00714237
3855	0.00712807
3856	0.00712106
3857	0.00711422
3858	0.00710041
3859	0.00709388
3860	0.00708752
3861	0.00708132
3862	0.00708241
3863	0.00707653
3864	0.00707795
3865	0.00707241
3866	0.00705988
3867	0.00705466
3868	0.00704247
3869	0.00703759
3870	0.00702573
3871	0.00702834
3872	0.00703113
3873	0.00703411
3874	0.00703727
3875	0.00704063
3876	0.00702986
3877	0.00702645
3878	0.00701606
3879	0.00701304
3880	0.00700305
3881	0.00700046
3882	0.00699809
3883	0.00699596
3884	0.00699406
3885	0.0069924
3886	0.00699823
3887	0.00700433
3888	0.00701795
3889	0.00702466
3890	0.0070317
3891	0.00702458
3892	0.00701779
3893	0.00701862
3894	0.00701256
3895	0.0070069
3896	0.00701625
3897	0.0070188
3898	0.00702919
3899	0.00703284
3900	0.00704445
3901	0.00705443
3902	0.00706446
3903	0.00706718
3904	0.00707732
3905	0.00708751
3906	0.00709037
3907	0.00708585
3908	0.00708877
3909	0.0070843
3910	0.00708729
3911	0.00709778
3912	0.00710087
3913	0.00711148
3914	0.00711467
3915	0.00712541
3916	0.00712119
3917	0.00711699
3918	0.00712036
3919	0.00711622
3920	0.00711211
3921	0.00712317
3922	0.00713431
3923	0.00713793
3924	0.00714921
3925	0.00716056
3926	0.00715674
3927	0.0071606
3928	0.00715685
3929	0.00716082
3930	0.00715716
3931	0.00716892
3932	0.00717307
3933	0.007185
3934	0.0071893
3935	0.00720141
3936	0.00720585
3937	0.0072026
3938	0.00720718
3939	0.00720404
3940	0.00720876
3941	0.00721356
3942	0.00722628
3943	0.00723126
3944	0.00724419
3945	0.00724936
3946	0.00724672
3947	0.00724415
3948	0.00724957
3949	0.00724715
3950	0.0072448
3951	0.00725049
3952	0.00726427
3953	0.00727019
3954	0.00728424
3955	0.00729041
3956	0.0072967
3957	0.00730312
3958	0.00730158
3959	0.00730824
3960	0.00731504
3961	0.00733011
3962	0.00734536
3963	0.00735263
3964	0.00736824
3965	0.00738405
3966	0.00738364
3967	0.00739161
3968	0.00739151
3969	0.00739983
3970	0.00740007
3971	0.00741709
3972	0.00742605
3973	0.00744357
3974	0.00745301
3975	0.00747109
3976	0.00748107
3977	0.0074829
3978	0.00749343
3979	0.0074958
3980	0.00750694
3981	0.00751843
3982	0.00753028
3983	0.00755108
3984	0.00756377
3985	0.00757689
3986	0.00759913
3987	0.00761327
3988	0.00763666
3989	0.00765199
3990	0.00767671
3991	0.00768467
3992	0.00770216
3993	0.00771169
3994	0.007731
3995	0.00774251
3996	0.00777306
3997	0.00779615
3998	0.00782992
3999	0.00785672
4000	0.00789504
