280	5.80168e-20
281	1.32781e-19
282	2.78978e-19
283	4.13681e-19
284	4.61058e-19
285	3.60645e-19
286	5.58306e-19
287	9.63359e-19
288	1.06255e-18
289	1.5657e-18
290	2.59284e-18
291	3.39245e-18
292	3.71538e-18
293	4.1706e-18
294	4.85627e-18
295	5.68302e-18
296	6.92717e-18
297	7.27094e-18
298	8.64355e-18
299	9.33042e-18
300	1.04257e-17
301	2.06938e-16
302	4.23176e-15
303	1.06243e-13
304	2.22876e-12
305	4.42448e-11
306	1.4652e-10
307	5.4973e-10
308	2.09206e-09
309	6.72853e-09
310	2.31772e-08
311	7.21038e-08
312	1.64919e-07
313	3.82132e-07
314	9.12485e-07
315	2.02171e-06
316	2.79639e-06
317	5.02476e-06
318	7.55685e-06
319	1.09348e-05
320	1.80299e-05
321	2.48365e-05
322	3.25803e-05
323	4.19551e-05
324	6.37706e-05
325	0.000100485
326	0.000145528
327	0.000183453
328	0.000216765
329	0.0002811
330	0.000374028
331	0.000393314
332	0.000442166
333	0.000488832
334	0.000554856
335	0.000654118
336	0.000649398
337	0.000667463
338	0.000810244
339	0.000939329
340	0.00109918
341	0.00114236
342	0.00125178
343	0.00139812
344	0.00129889
345	0.00145266
346	0.00165069
347	0.00178491
348	0.00186493
349	0.00196867
350	0.00232414
351	0.00258564
352	0.00256911
353	0.00278067
354	0.0033436
355	0.00358786
356	0.00347438
357	0.00312829
358	0.00300138
359	0.00350177
360	0.00452286
361	0.00431781
362	0.00461927
363	0.00530593
364	0.0056052
365	0.00620936
366	0.00741374
367	0.00775039
368	0.00761064
369	0.00817974
370	0.00897724
371	0.00889124
372	0.00900522
373	0.00844412
374	0.00802832
375	0.00896826
376	0.0104236
377	0.0117276
378	0.014147
379	0.0132377
380	0.0129417
381	0.0141331
382	0.0116927
383	0.0095048
384	0.0109889
385	0.0142973
386	0.0143887
387	0.0152788
388	0.0155131
389	0.0173825
390	0.0205346
391	0.0226301
392	0.0216363
393	0.0143522
394	0.0152196
395	0.0241433
396	0.022953
397	0.0164611
398	0.0278807
399	0.0364526
400	0.0395909
401	0.042276
402	0.0447336
403	0.0450678
404	0.0465216
405	0.0470461
406	0.0471525
407	0.0477849
408	0.0510521
409	0.0543373
410	0.0506521
411	0.0558302
412	0.0603629
413	0.0602963
414	0.0610896
415	0.0645041
416	0.0677106
417	0.0679441
418	0.0674288
419	0.0698571
420	0.0683947
421	0.0759045
422	0.0776632
423	0.0773664
424	0.0788786
425	0.0821599
426	0.0819169
427	0.0813452
428	0.0824453
429	0.0773927
430	0.065299
431	0.0650985
432	0.094769
433	0.095539
434	0.0921559
435	0.101027
436	0.111798
437	0.11495
438	0.105815
439	0.10505
440	0.117779
441	0.121499
442	0.129973
443	0.134535
444	0.134864
445	0.13927
446	0.133127
447	0.146663
448	0.152537
449	0.155545
450	0.163009
451	0.169854
452	0.166361
453	0.159661
454	0.168671
455	0.172228
456	0.178983
457	0.183335
458	0.182914
459	0.18377
460	0.186431
461	0.19364
462	0.198721
463	0.201207
464	0.199256
465	0.198921
466	0.203192
467	0.200697
468	0.208751
469	0.212464
470	0.209505
471	0.215089
472	0.225573
473	0.223568
474	0.228082
475	0.236369
476	0.234641
477	0.239263
478	0.247206
479	0.24714
480	0.252035
481	0.254453
482	0.256705
483	0.2561
484	0.254461
485	0.249497
486	0.217955
487	0.235273
488	0.253903
489	0.250493
490	0.271091
491	0.267524
492	0.261408
493	0.274007
494	0.275493
495	0.288173
496	0.282698
497	0.285592
498	0.282082
499	0.283441
500	0.284772
501	0.280367
502	0.28322
503	0.29351
504	0.286039
505	0.301459
506	0.313754
507	0.305925
508	0.301102
509	0.311738
510	0.309208
511	0.315076
512	0.321806
513	0.309444
514	0.304316
515	0.313278
516	0.31075
517	0.273361
518	0.294771
519	0.297303
520	0.319113
521	0.326598
522	0.332373
523	0.322338
524	0.339569
525	0.341614
526	0.329818
527	0.30444
528	0.335058
529	0.352356
530	0.347527
531	0.361616
532	0.355634
533	0.330202
534	0.344314
535	0.354577
536	0.363268
537	0.347584
538	0.357203
539	0.352422
540	0.342569
541	0.336609
542	0.358687
543	0.360175
544	0.369898
545	0.365781
546	0.365271
547	0.368416
548	0.364392
549	0.371724
550	0.37161
551	0.372952
552	0.378285
553	0.372069
554	0.377628
555	0.380162
556	0.375358
557	0.368741
558	0.371967
559	0.360704
560	0.366176
561	0.380567
562	0.371751
563	0.380021
564	0.378051
565	0.376824
566	0.365298
567	0.381504
568	0.382794
569	0.378394
570	0.376288
571	0.368017
572	0.383982
573	0.388947
574	0.38764
575	0.382022
576	0.381676
577	0.387415
578	0.380872
579	0.384081
580	0.3876
581	0.38983
582	0.394758
583	0.398122
584	0.398019
585	0.396296
586	0.390766
587	0.39852
588	0.392675
589	0.36348
590	0.378357
591	0.396931
592	0.397616
593	0.398576
594	0.401002
595	0.402603
596	0.408762
597	0.412712
598	0.40865
599	0.408882
600	0.412335
601	0.409673
602	0.409066
603	0.417728
604	0.426864
605	0.428934
606	0.430218
607	0.433211
608	0.43464
609	0.434681
610	0.437518
611	0.439998
612	0.448296
613	0.445599
614	0.440178
615	0.450543
616	0.445314
617	0.445349
618	0.460989
619	0.468956
620	0.473551
621	0.478175
622	0.474038
623	0.476169
624	0.476859
625	0.473911
626	0.4785
627	0.493374
628	0.499213
629	0.502495
630	0.501657
631	0.499264
632	0.489204
633	0.506907
634	0.506709
635	0.509574
636	0.505811
637	0.519629
638	0.526479
639	0.523842
640	0.51674
641	0.518368
642	0.522415
643	0.529738
644	0.52974
645	0.535484
646	0.530474
647	0.536647
648	0.536139
649	0.525448
650	0.524802
651	0.546794
652	0.548789
653	0.552942
654	0.548836
655	0.526684
656	0.476912
657	0.494247
658	0.543039
659	0.55468
660	0.564176
661	0.571483
662	0.575183
663	0.575667
664	0.57705
665	0.585423
666	0.586346
667	0.583459
668	0.574351
669	0.571432
670	0.559088
671	0.552922
672	0.544975
673	0.543945
674	0.539324
675	0.535503
676	0.53818
677	0.533085
678	0.533057
679	0.527443
680	0.525949
681	0.525458
682	0.524633
683	0.521261
684	0.517976
685	0.515648
686	0.50679
687	0.516032
688	0.520492
689	0.521047
690	0.52077
691	0.522029
692	0.52153
693	0.528279
694	0.532893
695	0.532547
696	0.536889
697	0.541359
698	0.541693
699	0.548826
700	0.551821
701	0.554
702	0.557349
703	0.566968
704	0.578053
705	0.588162
706	0.590066
707	0.594749
708	0.60381
709	0.613595
710	0.639435
711	0.587718
712	0.55597
713	0.533951
714	0.519731
715	0.499786
716	0.492502
717	0.482679
718	0.468141
719	0.45105
720	0.45816
721	0.457642
722	0.45679
723	0.452261
724	0.45118
725	0.451932
726	0.45638
727	0.463645
728	0.469049
729	0.464006
730	0.484912
731	0.489583
732	0.502716
733	0.509893
734	0.528635
735	0.538607
736	0.545608
737	0.55934
738	0.571671
739	0.580491
740	0.616902
741	0.616762
742	0.617267
743	0.631308
744	0.639384
745	0.639565
746	0.642326
747	0.645232
748	0.645177
749	0.647865
750	0.64835
751	0.652565
752	0.658523
753	0.663972
754	0.669701
755	0.67086
756	0.66478
757	0.665922
758	0.670265
759	0.665227
760	0.668797
761	0.667043
762	0.667943
763	0.618431
764	0.582005
765	0.55021
766	0.513781
767	0.498654
768	0.500594
769	0.503413
770	0.510692
771	0.519473
772	0.528795
773	0.538754
774	0.549487
775	0.561185
776	0.573547
777	0.584578
778	0.601823
779	0.626673
780	0.666711
781	0.664581
782	0.667105
783	0.662256
784	0.657607
785	0.660744
786	0.661205
787	0.66036
788	0.65611
789	0.654692
790	0.649849
791	0.644349
792	0.63888
793	0.633438
794	0.628713
795	0.628872
796	0.634609
797	0.643149
798	0.639885
799	0.633849
800	0.62643
801	0.609
802	0.593279
803	0.573842
804	0.564088
805	0.546334
806	0.546777
807	0.537512
808	0.528873
809	0.516078
810	0.512498
811	0.508066
812	0.50617
813	0.50167
814	0.496285
815	0.488375
816	0.483437
817	0.477212
818	0.464836
819	0.452811
820	0.447905
821	0.445761
822	0.437059
823	0.43773
824	0.436071
825	0.446699
826	0.461364
827	0.473909
828	0.483743
829	0.494924
830	0.511577
831	0.53191
832	0.54419
833	0.538547
834	0.549319
835	0.556476
836	0.565296
837	0.567777
838	0.572654
839	0.575956
840	0.586861
841	0.588246
842	0.581915
843	0.58122
844	0.577
845	0.590591
846	0.592881
847	0.582306
848	0.582507
849	0.577696
850	0.542953
851	0.576035
852	0.580969
853	0.570942
854	0.527676
855	0.552798
856	0.590179
857	0.607762
858	0.613747
859	0.618563
860	0.622736
861	0.622803
862	0.62833
863	0.628094
864	0.617958
865	0.600316
866	0.550395
867	0.576604
868	0.602146
869	0.602758
870	0.609796
871	0.606107
872	0.610805
873	0.606244
874	0.596879
875	0.59191
876	0.60385
877	0.607535
878	0.605556
879	0.598443
880	0.596762
881	0.524401
882	0.504636
883	0.483975
884	0.469287
885	0.457191
886	0.434498
887	0.421418
888	0.417033
889	0.409181
890	0.399509
891	0.389738
892	0.379116
893	0.367257
894	0.361492
895	0.356182
896	0.351949
897	0.344219
898	0.336903
899	0.328618
900	0.322278
901	0.312217
902	0.303348
903	0.309331
904	0.30635
905	0.300813
906	0.302037
907	0.306397
908	0.30619
909	0.30585
910	0.31143
911	0.315963
912	0.318653
913	0.325083
914	0.328806
915	0.330646
916	0.332138
917	0.331026
918	0.330935
919	0.331961
920	0.329767
921	0.325191
922	0.321401
923	0.314657
924	0.324181
925	0.326461
926	0.252738
927	0.21407
928	0.181643
929	0.156711
930	0.137063
931	0.122536
932	0.109719
933	0.0994844
934	0.0900351
935	0.0812278
936	0.0739635
937	0.0680157
938	0.0697079
939	0.0708915
940	0.0711743
941	0.0716755
942	0.0717264
943	0.0749007
944	0.0756136
945	0.077452
946	0.0796603
947	0.081305
948	0.0833126
949	0.0883977
950	0.0933401
951	0.0983692
952	0.104895
953	0.111473
954	0.117317
955	0.121126
956	0.133428
957	0.145154
958	0.15787
959	0.17193
960	0.185979
961	0.202796
962	0.224412
963	0.249565
964	0.28058
965	0.327381
966	0.329239
967	0.335237
968	0.337027
969	0.342096
970	0.347397
971	0.349711
972	0.355814
973	0.358248
974	0.359246
975	0.365971
976	0.374383
977	0.378106
978	0.385559
979	0.389131
980	0.39862
981	0.403531
982	0.410505
983	0.41416
984	0.417095
985	0.422947
986	0.427132
987	0.433156
988	0.438662
989	0.442314
990	0.451218
991	0.462631
992	0.471546
993	0.484365
994	0.494191
995	0.492617
996	0.491615
997	0.487331
998	0.487143
999	0.487442
1000	0.488902
1001	0.49168
1002	0.492002
1003	0.487697
1004	0.480326
1005	0.459936
1006	0.474739
1007	0.484938
1008	0.487431
1009	0.486524
1010	0.487541
1011	0.485884
1012	0.48532
1013	0.483754
1014	0.484628
1015	0.479871
1016	0.480581
1017	0.478856
1018	0.481957
1019	0.473808
1020	0.475655
1021	0.47709
1022	0.473521
1023	0.476777
1024	0.479034
1025	0.479089
1026	0.479595
1027	0.479084
1028	0.479716
1029	0.477359
1030	0.478648
1031	0.478853
1032	0.478752
1033	0.473993
1034	0.476431
1035	0.479131
1036	0.4801
1037	0.477671
1038	0.477626
1039	0.481604
1040	0.48206
1041	0.482372
1042	0.482139
1043	0.47941
1044	0.480341
1045	0.477155
1046	0.468859
1047	0.473999
1048	0.478153
1049	0.476931
1050	0.47481
1051	0.47484
1052	0.472894
1053	0.472024
1054	0.471332
1055	0.472797
1056	0.472103
1057	0.471048
1058	0.466211
1059	0.457227
1060	0.464178
1061	0.459603
1062	0.46467
1063	0.46144
1064	0.465514
1065	0.464722
1066	0.457599
1067	0.45879
1068	0.45672
1069	0.439909
1070	0.448873
1071	0.425836
1072	0.413516
1073	0.398462
1074	0.394233
1075	0.382444
1076	0.378092
1077	0.372317
1078	0.36627
1079	0.356421
1080	0.354385
1081	0.343586
1082	0.336731
1083	0.335731
1084	0.334372
1085	0.330557
1086	0.3269
1087	0.314991
1088	0.316647
1089	0.315088
1090	0.310586
1091	0.308242
1092	0.301251
1093	0.294106
1094	0.281113
1095	0.285122
1096	0.285494
1097	0.284923
1098	0.281205
1099	0.278042
1100	0.281903
1101	0.202361
1102	0.156056
1103	0.12926
1104	0.108299
1105	0.0920003
1106	0.0791883
1107	0.0686578
1108	0.0603245
1109	0.0533008
1110	0.0474139
1111	0.0421674
1112	0.0377766
1113	0.0338623
1114	0.0308065
1115	0.0278608
1116	0.0251415
1117	0.0230722
1118	0.0208226
1119	0.0190129
1120	0.0173913
1121	0.0187208
1122	0.0201863
1123	0.0216824
1124	0.0232926
1125	0.0249185
1126	0.0263453
1127	0.0287811
1128	0.0315131
1129	0.0342491
1130	0.0371265
1131	0.0370861
1132	0.0369317
1133	0.036351
1134	0.0361209
1135	0.0359322
1136	0.0357138
1137	0.0348427
1138	0.0342317
1139	0.0344135
1140	0.0343217
1141	0.0336377
1142	0.033856
1143	0.0334849
1144	0.0330646
1145	0.0330925
1146	0.0359584
1147	0.0388942
1148	0.0419132
1149	0.045355
1150	0.0492413
1151	0.0536635
1152	0.0585786
1153	0.0645493
1154	0.0717207
1155	0.0795647
1156	0.0880589
1157	0.0993566
1158	0.11238
1159	0.127156
1160	0.146001
1161	0.1713
1162	0.179125
1163	0.18521
1164	0.18826
1165	0.194835
1166	0.197717
1167	0.205707
1168	0.212995
1169	0.215392
1170	0.226235
1171	0.229092
1172	0.230527
1173	0.230838
1174	0.232032
1175	0.2302
1176	0.229017
1177	0.234176
1178	0.234426
1179	0.235487
1180	0.239267
1181	0.239982
1182	0.239489
1183	0.232359
1184	0.240871
1185	0.245824
1186	0.247679
1187	0.249268
1188	0.247839
1189	0.241286
1190	0.25034
1191	0.256678
1192	0.258533
1193	0.260242
1194	0.262125
1195	0.262505
1196	0.264349
1197	0.264861
1198	0.26155
1199	0.257793
1200	0.270076
1201	0.27304
1202	0.272227
1203	0.26458
1204	0.26416
1205	0.270376
1206	0.270831
1207	0.271307
1208	0.266004
1209	0.257935
1210	0.266861
1211	0.264969
1212	0.270006
1213	0.272007
1214	0.271919
1215	0.273127
1216	0.273828
1217	0.274369
1218	0.274387
1219	0.273955
1220	0.275775
1221	0.276724
1222	0.276866
1223	0.276481
1224	0.280075
1225	0.280908
1226	0.281966
1227	0.278945
1228	0.28283
1229	0.286471
1230	0.287834
1231	0.289092
1232	0.289268
1233	0.292227
1234	0.294016
1235	0.295745
1236	0.300299
1237	0.303934
1238	0.30769
1239	0.311136
1240	0.322325
1241	0.321325
1242	0.317663
1243	0.312386
1244	0.308815
1245	0.307312
1246	0.306827
1247	0.304916
1248	0.304407
1249	0.302311
1250	0.299793
1251	0.296291
1252	0.292693
1253	0.291823
1254	0.290434
1255	0.288442
1256	0.286261
1257	0.283575
1258	0.282737
1259	0.280364
1260	0.279741
1261	0.277747
1262	0.27409
1263	0.274318
1264	0.270888
1265	0.270009
1266	0.269835
1267	0.265595
1268	0.262983
1269	0.263693
1270	0.263966
1271	0.264298
1272	0.263949
1273	0.264358
1274	0.264213
1275	0.266569
1276	0.268549
1277	0.269977
1278	0.270839
1279	0.270818
1280	0.270056
1281	0.262421
1282	0.244056
1283	0.260706
1284	0.273292
1285	0.278102
1286	0.281273
1287	0.284796
1288	0.287205
1289	0.291117
1290	0.292355
1291	0.282449
1292	0.27539
1293	0.268543
1294	0.260045
1295	0.256195
1296	0.252335
1297	0.246841
1298	0.241547
1299	0.239507
1300	0.235736
1301	0.231958
1302	0.227324
1303	0.223501
1304	0.220378
1305	0.219534
1306	0.217575
1307	0.215388
1308	0.212969
1309	0.210838
1310	0.208162
1311	0.205703
1312	0.202084
1313	0.196572
1314	0.198135
1315	0.193526
1316	0.192709
1317	0.193802
1318	0.191306
1319	0.192051
1320	0.190784
1321	0.132859
1322	0.102284
1323	0.0822635
1324	0.06788
1325	0.0569034
1326	0.0482269
1327	0.041282
1328	0.0358267
1329	0.0307437
1330	0.0272522
1331	0.0242222
1332	0.0212328
1333	0.0191951
1334	0.0172368
1335	0.0154448
1336	0.0138178
1337	0.0124938
1338	0.0112663
1339	0.0101225
1340	0.00918992
1341	0.00850829
1342	0.00776794
1343	0.00710927
1344	0.00652158
1345	0.00598397
1346	0.00546617
1347	0.00504843
1348	0.00465015
1349	0.00427877
1350	0.003918
1351	0.00318902
1352	0.00262747
1353	0.00216334
1354	0.00178714
1355	0.0014754
1356	0.00123488
1357	0.0010316
1358	0.000881151
1359	0.000746888
1360	0.00063192
1361	0.000544717
1362	0.000465784
1363	0.000395386
1364	0.000343539
1365	0.00029693
1366	0.000256922
1367	0.000221685
1368	0.000193893
1369	0.000166982
1370	0.000145641
1371	0.000127762
1372	0.000113063
1373	9.95392e-05
1374	8.74785e-05
1375	7.61255e-05
1376	6.67825e-05
1377	5.95031e-05
1378	5.27395e-05
1379	4.70228e-05
1380	4.15736e-05
1381	3.69575e-05
1382	3.25953e-05
1383	2.90985e-05
1384	2.60612e-05
1385	2.31382e-05
1386	2.07769e-05
1387	1.84852e-05
1388	1.66278e-05
1389	1.49291e-05
1390	1.32413e-05
1391	1.20056e-05
1392	1.08171e-05
1393	9.69629e-06
1394	8.69887e-06
1395	7.84716e-06
1396	8.61269e-06
1397	9.47378e-06
1398	1.04527e-05
1399	1.14678e-05
1400	1.23877e-05
1401	1.36727e-05
1402	1.52806e-05
1403	1.68234e-05
1404	1.86715e-05
1405	2.07157e-05
1406	2.31189e-05
1407	2.56882e-05
1408	2.85658e-05
1409	3.19201e-05
1410	3.55678e-05
1411	3.94612e-05
1412	4.33419e-05
1413	4.89522e-05
1414	5.55473e-05
1415	6.25089e-05
1416	7.01311e-05
1417	7.94196e-05
1418	8.98423e-05
1419	0.000100742
1420	0.000113869
1421	0.000129757
1422	0.000145432
1423	0.00016522
1424	0.000188574
1425	0.000217328
1426	0.000244412
1427	0.000282765
1428	0.000327663
1429	0.000372902
1430	0.000430948
1431	0.00050315
1432	0.000596045
1433	0.000697141
1434	0.000807459
1435	0.000953236
1436	0.0011287
1437	0.00134293
1438	0.00159829
1439	0.00191825
1440	0.00223695
1441	0.00272595
1442	0.00333696
1443	0.00384812
1444	0.00413153
1445	0.00443112
1446	0.00476832
1447	0.00509221
1448	0.00550172
1449	0.00590684
1450	0.00631916
1451	0.00674427
1452	0.00727327
1453	0.00787636
1454	0.00848772
1455	0.00916792
1456	0.0099148
1457	0.0108502
1458	0.0119579
1459	0.0131007
1460	0.0142433
1461	0.01556
1462	0.0169825
1463	0.0177379
1464	0.0177723
1465	0.0179299
1466	0.0178064
1467	0.0180153
1468	0.0178923
1469	0.0180371
1470	0.0179581
1471	0.0177196
1472	0.0177863
1473	0.0177594
1474	0.0174338
1475	0.0176628
1476	0.0177685
1477	0.0177511
1478	0.0188667
1479	0.0202605
1480	0.0216704
1481	0.0229744
1482	0.0246667
1483	0.0260715
1484	0.0282544
1485	0.0307167
1486	0.0328379
1487	0.0347612
1488	0.0348548
1489	0.0408624
1490	0.0454725
1491	0.0498857
1492	0.0544442
1493	0.0607063
1494	0.0676305
1495	0.0753245
1496	0.0833241
1497	0.0967207
1498	0.099488
1499	0.101097
1500	0.104831
1501	0.107217
1502	0.107705
1503	0.103048
1504	0.107837
1505	0.108485
1506	0.115322
1507	0.122191
1508	0.124908
1509	0.128149
1510	0.134145
1511	0.138578
1512	0.141127
1513	0.145412
1514	0.150426
1515	0.157761
1516	0.16462
1517	0.172398
1518	0.184342
1519	0.19578
1520	0.217884
1521	0.214085
1522	0.213337
1523	0.215798
1524	0.216322
1525	0.213473
1526	0.217439
1527	0.21706
1528	0.218156
1529	0.216134
1530	0.208755
1531	0.217025
1532	0.218911
1533	0.217366
1534	0.215208
1535	0.217628
1536	0.22069
1537	0.221397
1538	0.218674
1539	0.222379
1540	0.214255
1541	0.213273
1542	0.212622
1543	0.211078
1544	0.210588
1545	0.209658
1546	0.207436
1547	0.203647
1548	0.198772
1549	0.199981
1550	0.197835
1551	0.197302
1552	0.197714
1553	0.194826
1554	0.190555
1555	0.189828
1556	0.187626
1557	0.189964
1558	0.188691
1559	0.188903
1560	0.188409
1561	0.191303
1562	0.19128
1563	0.190909
1564	0.189733
1565	0.191899
1566	0.190928
1567	0.191503
1568	0.190454
1569	0.192344
1570	0.192881
1571	0.196865
1572	0.197932
1573	0.196517
1574	0.195106
1575	0.188721
1576	0.193472
1577	0.184513
1578	0.1953
1579	0.199966
1580	0.201379
1581	0.200789
1582	0.194696
1583	0.195265
1584	0.193849
1585	0.197365
1586	0.195299
1587	0.192478
1588	0.187413
1589	0.177459
1590	0.181087
1591	0.182356
1592	0.189254
1593	0.192288
1594	0.191123
1595	0.190175
1596	0.182863
1597	0.18391
1598	0.186983
1599	0.184003
1600	0.183791
1601	0.179491
1602	0.180402
1603	0.180324
1604	0.180067
1605	0.178027
1606	0.177075
1607	0.175963
1608	0.177889
1609	0.175903
1610	0.167537
1611	0.171174
1612	0.173163
1613	0.176534
1614	0.176788
1615	0.176433
1616	0.171159
1617	0.173943
1618	0.179561
1619	0.179511
1620	0.175941
1621	0.176612
1622	0.17999
1623	0.18444
1624	0.185854
1625	0.184765
1626	0.187713
1627	0.190008
1628	0.192844
1629	0.19539
1630	0.197939
1631	0.198527
1632	0.198202
1633	0.195809
1634	0.193857
1635	0.195844
1636	0.195048
1637	0.188682
1638	0.186984
1639	0.184155
1640	0.185765
1641	0.184806
1642	0.18499
1643	0.187638
1644	0.186076
1645	0.185447
1646	0.18769
1647	0.188008
1648	0.187412
1649	0.184666
1650	0.186124
1651	0.184415
1652	0.186094
1653	0.184804
1654	0.18536
1655	0.183873
1656	0.184739
1657	0.184798
1658	0.18383
1659	0.182055
1660	0.18304
1661	0.183716
1662	0.183071
1663	0.18233
1664	0.181993
1665	0.18054
1666	0.179195
1667	0.179177
1668	0.177013
1669	0.178225
1670	0.18077
1671	0.179635
1672	0.174428
1673	0.176262
1674	0.178197
1675	0.176363
1676	0.174433
1677	0.175462
1678	0.17598
1679	0.171952
1680	0.165301
1681	0.159176
1682	0.160948
1683	0.164344
1684	0.165893
1685	0.165626
1686	0.163268
1687	0.162801
1688	0.161883
1689	0.159467
1690	0.158899
1691	0.160541
1692	0.160206
1693	0.159037
1694	0.158357
1695	0.157703
1696	0.156498
1697	0.155319
1698	0.154618
1699	0.153281
1700	0.151049
1701	0.150298
1702	0.149808
1703	0.149145
1704	0.148456
1705	0.147727
1706	0.146639
1707	0.145506
1708	0.144383
1709	0.143272
1710	0.142314
1711	0.14222
1712	0.142273
1713	0.14233
1714	0.14239
1715	0.142334
1716	0.141536
1717	0.140625
1718	0.139723
1719	0.138827
1720	0.137995
1721	0.137475
1722	0.137015
1723	0.136561
1724	0.13611
1725	0.135616
1726	0.134811
1727	0.133963
1728	0.133121
1729	0.132285
1730	0.131338
1731	0.129678
1732	0.12791
1733	0.126152
1734	0.124403
1735	0.122986
1736	0.123487
1737	0.124309
1738	0.12513
1739	0.125949
1740	0.126565
1741	0.103203
1742	0.0889428
1743	0.0785519
1744	0.0703998
1745	0.0637609
1746	0.0583214
1747	0.0536842
1748	0.0496523
1749	0.0461065
1750	0.0429661
1751	0.0401873
1752	0.037691
1753	0.0354301
1754	0.0333727
1755	0.0314804
1756	0.0296708
1757	0.0279969
1758	0.026454
1759	0.025028
1760	0.0237134
1761	0.0225297
1762	0.0214332
1763	0.0204097
1764	0.0194528
1765	0.0185565
1766	0.0177159
1767	0.0169262
1768	0.0161834
1769	0.0154839
1770	0.0148185
1771	0.0141541
1772	0.013522
1773	0.0129253
1774	0.0123613
1775	0.0118346
1776	0.0113746
1777	0.010944
1778	0.0105345
1779	0.0101448
1780	0.00977098
1781	0.00939874
1782	0.00904167
1783	0.00870147
1784	0.00837714
1785	0.00807009
1786	0.00779039
1787	0.0075251
1788	0.00727122
1789	0.00702814
1790	0.00679255
1791	0.00654945
1792	0.00631427
1793	0.00608919
1794	0.00587368
1795	0.00566724
1796	0.00546943
1797	0.0052798
1798	0.00509794
1799	0.00492348
1800	0.00475889
1801	0.00388164
1802	0.00319677
1803	0.00265354
1804	0.00221793
1805	0.00186508
1806	0.00157558
1807	0.00133754
1808	0.00114065
1809	0.000976811
1810	0.000837985
1811	0.000712441
1812	0.000606274
1813	0.000517361
1814	0.000442622
1815	0.000380755
1816	0.000334379
1817	0.000295251
1818	0.000261279
1819	0.000231699
1820	0.000205811
1821	0.000182819
1822	0.00016264
1823	0.000144938
1824	0.000129376
1825	0.000115547
1826	0.000102682
1827	9.12848e-05
1828	8.12648e-05
1829	7.24404e-05
1830	6.46889e-05
1831	5.79986e-05
1832	5.2089e-05
1833	4.68358e-05
1834	4.21595e-05
1835	3.79865e-05
1836	3.42275e-05
1837	3.08678e-05
1838	2.7865e-05
1839	2.51781e-05
1840	2.27683e-05
1841	2.05862e-05
1842	1.86268e-05
1843	1.6868e-05
1844	1.52875e-05
1845	1.38732e-05
1846	1.26358e-05
1847	1.15235e-05
1848	1.05169e-05
1849	9.60514e-06
1850	8.7757e-06
1851	8.00764e-06
1852	7.30924e-06
1853	6.67607e-06
1854	6.10158e-06
1855	5.57997e-06
1856	5.10602e-06
1857	4.67507e-06
1858	4.28295e-06
1859	3.92593e-06
1860	3.60065e-06
1861	3.76794e-06
1862	3.94369e-06
1863	4.12839e-06
1864	4.32251e-06
1865	4.52751e-06
1866	4.74766e-06
1867	4.98048e-06
1868	5.22575e-06
1869	5.48419e-06
1870	5.74394e-06
1871	5.93592e-06
1872	6.1198e-06
1873	6.30821e-06
1874	6.50111e-06
1875	6.73551e-06
1876	7.20999e-06
1877	7.75848e-06
1878	8.34663e-06
1879	8.97735e-06
1880	9.62753e-06
1881	1.01579e-05
1882	1.06909e-05
1883	1.12545e-05
1884	1.18508e-05
1885	1.24714e-05
1886	1.30594e-05
1887	1.36663e-05
1888	1.43043e-05
1889	1.49749e-05
1890	1.56912e-05
1891	1.65163e-05
1892	1.7402e-05
1893	1.83401e-05
1894	1.93342e-05
1895	2.04028e-05
1896	2.16306e-05
1897	2.29556e-05
1898	2.4369e-05
1899	2.58775e-05
1900	2.7474e-05
1901	2.90828e-05
1902	3.07804e-05
1903	3.25881e-05
1904	3.45137e-05
1905	3.65605e-05
1906	3.86978e-05
1907	4.09687e-05
1908	4.33886e-05
1909	4.59684e-05
1910	4.87307e-05
1911	5.1732e-05
1912	5.49521e-05
1913	5.83965e-05
1914	6.20828e-05
1915	6.60299e-05
1916	7.02587e-05
1917	7.47918e-05
1918	7.96536e-05
1919	8.48713e-05
1920	9.0474e-05
1921	8.47876e-05
1922	8.55104e-05
1923	8.75924e-05
1924	9.05024e-05
1925	9.40267e-05
1926	9.79072e-05
1927	0.000102281
1928	0.000107181
1929	0.000112624
1930	0.000118727
1931	0.000126024
1932	0.000134162
1933	0.000143123
1934	0.000152988
1935	0.000163766
1936	0.000175029
1937	0.000187324
1938	0.000200864
1939	0.000215795
1940	0.000231926
1941	0.00024743
1942	0.000264032
1943	0.000282259
1944	0.000302309
1945	0.000325492
1946	0.000358289
1947	0.000396612
1948	0.000440091
1949	0.000489577
1950	0.000545659
1951	0.000607033
1952	0.000676892
1953	0.000757329
1954	0.000850395
1955	0.000957898
1956	0.00107855
1957	0.00121915
1958	0.00138526
1959	0.00158318
1960	0.001821
1961	0.00197806
1962	0.00215168
1963	0.00234441
1964	0.00255889
1965	0.00280052
1966	0.00308619
1967	0.00341117
1968	0.00377924
1969	0.00419765
1970	0.00467262
1971	0.00519766
1972	0.00579749
1973	0.00649014
1974	0.00729503
1975	0.00823715
1976	0.00934906
1977	0.0106741
1978	0.0122713
1979	0.0142233
1980	0.0166542
1981	0.019767
1982	0.0238496
1983	0.0294249
1984	0.0375603
1985	0.0510685
1986	0.035559
1987	0.0283969
1988	0.0237122
1989	0.0203006
1990	0.017656
1991	0.0154652
1992	0.0136618
1993	0.0121595
1994	0.0108896
1995	0.00981022
1996	0.00891136
1997	0.00813254
1998	0.00744782
1999	0.00684211
2000	0.00630069
2001	0.00580202
2002	0.00535294
2003	0.00494914
2004	0.00458481
2005	0.00425688
2006	0.00449825
2007	0.00475935
2008	0.00504003
2009	0.00534218
2010	0.00566698
2011	0.00600935
2012	0.00637821
2013	0.00677754
2014	0.00721073
2015	0.00768032
2016	0.00818049
2017	0.00872479
2018	0.0093204
2019	0.00997419
2020	0.0106991
2021	0.0115317
2022	0.0124636
2023	0.0135056
2024	0.014677
2025	0.015995
2026	0.0174496
2027	0.0191102
2028	0.0210355
2029	0.0232972
2030	0.0260066
2031	0.0293557
2032	0.0335949
2033	0.0392314
2034	0.0474977
2035	0.0642473
2036	0.0629447
2037	0.0617546
2038	0.060662
2039	0.0596485
2040	0.0587451
2041	0.0581356
2042	0.0576118
2043	0.0571245
2044	0.0566694
2045	0.0562067
2046	0.0555332
2047	0.054852
2048	0.0541974
2049	0.0535671
2050	0.0529745
2051	0.0524721
2052	0.0520031
2053	0.0515512
2054	0.0511156
2055	0.0506857
2056	0.0501938
2057	0.0497072
2058	0.0492351
2059	0.0487768
2060	0.0483458
2061	0.047993
2062	0.0476658
2063	0.0473498
2064	0.0470449
2065	0.0467509
2066	0.0470612
2067	0.0473781
2068	0.0477017
2069	0.0480324
2070	0.0483848
2071	0.048813
2072	0.0492655
2073	0.0497283
2074	0.0502022
2075	0.0506674
2076	0.0510125
2077	0.0513468
2078	0.0516911
2079	0.0520458
2080	0.0524223
2081	0.0528644
2082	0.0533316
2083	0.0538143
2084	0.0543138
2085	0.054837
2086	0.0553911
2087	0.0559728
2088	0.0565785
2089	0.0572105
2090	0.0578599
2091	0.0584812
2092	0.059125
2093	0.0598077
2094	0.0605354
2095	0.0613414
2096	0.0623798
2097	0.0635283
2098	0.0647822
2099	0.0661729
2100	0.0677456
2101	0.0677901
2102	0.0678284
2103	0.0678677
2104	0.067908
2105	0.0679351
2106	0.067878
2107	0.0678076
2108	0.0677379
2109	0.0676691
2110	0.0676083
2111	0.0676057
2112	0.0676115
2113	0.0676186
2114	0.0676269
2115	0.0676366
2116	0.0676334
2117	0.0676316
2118	0.0676313
2119	0.0676327
2120	0.0676358
2121	0.0676262
2122	0.0676184
2123	0.0676126
2124	0.0676089
2125	0.0676295
2126	0.0677701
2127	0.067936
2128	0.0681054
2129	0.0682784
2130	0.0684258
2131	0.068414
2132	0.0683762
2133	0.0683425
2134	0.0683131
2135	0.0683113
2136	0.0684653
2137	0.0686492
2138	0.0688414
2139	0.0690431
2140	0.069233
2141	0.0692983
2142	0.0693552
2143	0.06943
2144	0.0695278
2145	0.0696801
2146	0.0699875
2147	0.0703955
2148	0.0709654
2149	0.0709173
2150	0.0708615
2151	0.0707268
2152	0.0705844
2153	0.0704421
2154	0.0703
2155	0.070158
2156	0.0699846
2157	0.0698114
2158	0.0696384
2159	0.0694655
2160	0.0691982
2161	0.0683479
2162	0.0674035
2163	0.0664595
2164	0.0655161
2165	0.0647542
2166	0.065095
2167	0.0656168
2168	0.0661385
2169	0.06666
2170	0.0671263
2171	0.0672308
2172	0.0672802
2173	0.0673297
2174	0.0673793
2175	0.0673975
2176	0.0672272
2177	0.0670256
2178	0.0668242
2179	0.066623
2180	0.0664455
2181	0.0664251
2182	0.0664284
2183	0.0664318
2184	0.0664352
2185	0.0664074
2186	0.0661757
2187	0.0659129
2188	0.0656502
2189	0.0653877
2190	0.0651646
2191	0.0651767
2192	0.0652281
2193	0.0652796
2194	0.0653311
2195	0.0653592
2196	0.0652621
2197	0.0651417
2198	0.0650214
2199	0.0648789
2200	0.0647132
2201	0.0644071
2202	0.064078
2203	0.0637494
2204	0.0634211
2205	0.0631323
2206	0.0630466
2207	0.063
2208	0.0629535
2209	0.0629071
2210	0.0628532
2211	0.0627682
2212	0.0626757
2213	0.0625833
2214	0.0624911
2215	0.0623991
2216	0.0623073
2217	0.0622156
2218	0.0621241
2219	0.0620328
2220	0.0619262
2221	0.0617269
2222	0.0615123
2223	0.0612981
2224	0.0610841
2225	0.0608858
2226	0.0607805
2227	0.0606908
2228	0.0606012
2229	0.0605118
2230	0.0604225
2231	0.060318
2232	0.0602137
2233	0.0601095
2234	0.0600054
2235	0.0598862
2236	0.0596595
2237	0.0594178
2238	0.0591763
2239	0.0589351
2240	0.0587171
2241	0.0586375
2242	0.0585811
2243	0.0585247
2244	0.0584684
2245	0.058397
2246	0.0582491
2247	0.0580861
2248	0.0579233
2249	0.0577608
2250	0.0575984
2251	0.0574057
2252	0.0572132
2253	0.0570209
2254	0.0568288
2255	0.0566522
2256	0.0565825
2257	0.0565281
2258	0.0564738
2259	0.0564196
2260	0.0563579
2261	0.0562203
2262	0.0560753
2263	0.0559304
2264	0.0557856
2265	0.0556563
2266	0.0555878
2267	0.0555345
2268	0.0554814
2269	0.0554283
2270	0.0553678
2271	0.0549324
2272	0.0545047
2273	0.0540909
2274	0.0536898
2275	0.0532855
2276	0.0528192
2277	0.0523491
2278	0.0518894
2279	0.0514393
2280	0.0510196
2281	0.0507362
2282	0.0504805
2283	0.0502307
2284	0.0499866
2285	0.0497478
2286	0.0494862
2287	0.0492298
2288	0.0489781
2289	0.048731
2290	0.048461
2291	0.0480191
2292	0.047556
2293	0.0470987
2294	0.0466469
2295	0.0462405
2296	0.0460514
2297	0.045905
2298	0.0457612
2299	0.0456198
2300	0.0454743
2301	0.0452791
2302	0.0450801
2303	0.0448836
2304	0.0446898
2305	0.0444919
2306	0.044271
2307	0.0440462
2308	0.043824
2309	0.0436042
2310	0.0433869
2311	0.0431467
2312	0.042909
2313	0.0426737
2314	0.0424408
2315	0.0422101
2316	0.0419939
2317	0.0417798
2318	0.0415678
2319	0.0413578
2320	0.0411314
2321	0.0407736
2322	0.0404005
2323	0.0400303
2324	0.0396629
2325	0.0393403
2326	0.0392471
2327	0.0391966
2328	0.0391468
2329	0.0390977
2330	0.0390317
2331	0.0388724
2332	0.0386968
2333	0.0385227
2334	0.0383499
2335	0.0381785
2336	0.0380085
2337	0.0378398
2338	0.0376724
2339	0.0375063
2340	0.0373472
2341	0.0372235
2342	0.0371066
2343	0.0369906
2344	0.0368755
2345	0.03675
2346	0.0365691
2347	0.0363783
2348	0.0361888
2349	0.0360006
2350	0.0358024
2351	0.0355279
2352	0.0352439
2353	0.0349617
2354	0.0346811
2355	0.0344353
2356	0.0343663
2357	0.0343307
2358	0.0342955
2359	0.0342606
2360	0.0342207
2361	0.0323573
2362	0.0307208
2363	0.029265
2364	0.0279548
2365	0.0267603
2366	0.0256345
2367	0.0245938
2368	0.0236306
2369	0.0227351
2370	0.021896
2371	0.02109
2372	0.0203301
2373	0.0196147
2374	0.0189399
2375	0.0183139
2376	0.0177787
2377	0.0172816
2378	0.0168087
2379	0.016358
2380	0.0159073
2381	0.0153615
2382	0.0148211
2383	0.0143051
2384	0.0138119
2385	0.0133625
2386	0.0130641
2387	0.0127985
2388	0.0125424
2389	0.0122954
2390	0.0120489
2391	0.0117641
2392	0.0114817
2393	0.0112094
2394	0.0109464
2395	0.0106925
2396	0.0104436
2397	0.010203
2398	0.00997026
2399	0.00974505
2400	0.00952702
2401	0.00931897
2402	0.00911734
2403	0.00892186
2404	0.00873226
2405	0.00854829
2406	0.00837256
2407	0.00820189
2408	0.00803609
2409	0.00787497
2410	0.00771182
2411	0.00751487
2412	0.0073175
2413	0.00712598
2414	0.0069401
2415	0.00676914
2416	0.00665428
2417	0.00655139
2418	0.00645091
2419	0.00635276
2420	0.00625361
2421	0.00613547
2422	0.00601716
2423	0.00590183
2424	0.00578936
2425	0.00568067
2426	0.00558047
2427	0.0054836
2428	0.005389
2429	0.00529658
2430	0.00520538
2431	0.00510732
2432	0.0050107
2433	0.00491636
2434	0.00482423
2435	0.00473508
2436	0.00465458
2437	0.00457667
2438	0.00450046
2439	0.00442591
2440	0.0043522
2441	0.00427398
2442	0.00419675
2443	0.00412123
2444	0.00404736
2445	0.0039744
2446	0.00390021
2447	0.00382696
2448	0.00375532
2449	0.00368525
2450	0.00361803
2451	0.00332851
2452	0.00306933
2453	0.00283551
2454	0.00262394
2455	0.00243291
2456	0.0022633
2457	0.00210923
2458	0.00196822
2459	0.00183891
2460	0.00171978
2461	0.00160779
2462	0.0015044
2463	0.00140906
2464	0.00132102
2465	0.00123916
2466	0.00116122
2467	0.00108868
2468	0.00102148
2469	0.00095914
2470	0.000901595
2471	0.000850323
2472	0.000802811
2473	0.000758449
2474	0.000716991
2475	0.000677831
2476	0.000638781
2477	0.000601971
2478	0.00056758
2479	0.000535426
2480	0.000505632
2481	0.000479015
2482	0.000454279
2483	0.000431023
2484	0.000409145
2485	0.000388699
2486	0.000370147
2487	0.000352765
2488	0.000336336
2489	0.000320799
2490	0.00030557
2491	0.000288045
2492	0.000271112
2493	0.000255224
2494	0.00024031
2495	0.000226999
2496	0.000218274
2497	0.000210576
2498	0.000203194
2499	0.000196113
2500	0.000189024
2501	5.09935e-05
2502	1.64442e-05
2503	5.96993e-06
2504	2.36163e-06
2505	9.97798e-07
2506	4.4359e-07
2507	2.05958e-07
2508	9.92116e-08
2509	4.93268e-08
2510	2.52153e-08
2511	1.32231e-08
2512	7.08773e-09
2513	3.87383e-09
2514	2.15493e-09
2515	1.21816e-09
2516	6.99111e-10
2517	4.06702e-10
2518	2.39581e-10
2519	1.42786e-10
2520	8.6044e-11
2521	5.24233e-11
2522	3.22518e-11
2523	2.00203e-11
2524	1.25329e-11
2525	7.91022e-12
2526	5.03676e-12
2527	3.23086e-12
2528	2.08662e-12
2529	1.35639e-12
2530	8.86999e-13
2531	5.82258e-13
2532	3.84299e-13
2533	2.55018e-13
2534	1.70108e-13
2535	1.1406e-13
2536	7.69107e-14
2537	5.21117e-14
2538	3.54658e-14
2539	2.42406e-14
2540	1.66368e-14
2541	1.14686e-14
2542	7.9365e-15
2543	5.5127e-15
2544	3.84297e-15
2545	2.68836e-15
2546	1.88623e-15
2547	1.32778e-15
2548	9.37657e-16
2549	6.64212e-16
2550	4.71929e-16
2551	3.36147e-16
2552	2.40114e-16
2553	1.71992e-16
2554	1.2353e-16
2555	8.89558e-17
2556	6.41948e-17
2557	4.64418e-17
2558	3.36803e-17
2559	2.44835e-17
2560	1.78433e-17
2561	1.30449e-17
2562	9.56024e-18
2563	7.0216e-18
2564	5.16802e-18
2565	3.81164e-18
2566	2.81571e-18
2567	2.08414e-18
2568	1.54564e-18
2569	1.14846e-18
2570	8.54935e-19
2571	6.37308e-19
2572	4.75929e-19
2573	3.56039e-19
2574	2.66808e-19
2575	2.00278e-19
2576	1.50587e-19
2577	1.13409e-19
2578	8.55457e-20
2579	6.46294e-20
2580	4.88913e-20
2581	3.6991e-20
2582	2.80222e-20
2583	2.12588e-20
2584	1.61507e-20
2585	1.22929e-20
2586	9.39989e-21
2587	7.20086e-21
2588	5.5237e-21
2589	4.24278e-21
2590	3.26239e-21
2591	2.50713e-21
2592	1.9287e-21
2593	1.48556e-21
2594	1.14563e-21
2595	8.84757e-22
2596	6.84733e-22
2597	5.30674e-22
2598	4.1175e-22
2599	3.19841e-22
2600	2.48725e-22
2601	1.3271e-22
2602	9.27544e-23
2603	6.82099e-23
2604	5.15354e-23
2605	3.96298e-23
2606	3.08364e-23
2607	2.42303e-23
2608	1.91898e-23
2609	1.52971e-23
2610	1.22615e-23
2611	9.87987e-24
2612	7.99418e-24
2613	6.49242e-24
2614	5.29033e-24
2615	4.32378e-24
2616	3.54017e-24
2617	2.90586e-24
2618	2.39073e-24
2619	1.97115e-24
2620	1.62769e-24
2621	1.34207e-24
2622	1.10795e-24
2623	9.16159e-25
2624	7.58723e-25
2625	6.30025e-25
2626	5.27509e-25
2627	4.42809e-25
2628	3.72182e-25
2629	3.13201e-25
2630	2.63746e-25
2631	2.21703e-25
2632	1.86472e-25
2633	1.57004e-25
2634	1.32325e-25
2635	1.11606e-25
2636	9.3989e-26
2637	7.92041e-26
2638	6.68024e-26
2639	5.63896e-26
2640	4.76621e-26
2641	4.04378e-26
2642	3.43524e-26
2643	2.92049e-26
2644	2.4847e-26
2645	2.11546e-26
2646	1.80056e-26
2647	1.53358e-26
2648	1.30705e-26
2649	1.11472e-26
2650	9.51285e-27
2651	8.11508e-27
2652	6.92688e-27
2653	5.91616e-27
2654	5.05586e-27
2655	4.3242e-27
2656	3.70423e-27
2657	3.1757e-27
2658	2.72405e-27
2659	2.33788e-27
2660	2.00698e-27
2661	1.72118e-27
2662	1.47644e-27
2663	1.26712e-27
2664	1.08799e-27
2665	9.35105e-28
2666	8.05731e-28
2667	6.94933e-28
2668	5.99644e-28
2669	5.17653e-28
2670	4.46956e-28
2671	3.85095e-28
2672	3.31851e-28
2673	2.86088e-28
2674	2.46736e-28
2675	2.12939e-28
2676	1.84036e-28
2677	1.5916e-28
2678	1.37701e-28
2679	1.19182e-28
2680	1.03193e-28
2681	8.93825e-29
2682	7.74494e-29
2683	6.71342e-29
2684	5.82141e-29
2685	5.04975e-29
2686	4.37733e-29
2687	3.79578e-29
2688	3.29263e-29
2689	2.85714e-29
2690	2.48009e-29
2691	2.15466e-29
2692	1.87255e-29
2693	1.62791e-29
2694	1.41569e-29
2695	1.23153e-29
2696	1.07109e-29
2697	9.31846e-30
2698	8.10954e-30
2699	7.05961e-30
2700	6.14914e-30
2701	7.37729e-30
2702	8.85861e-30
2703	1.0644e-29
2704	1.27973e-29
2705	1.5396e-29
2706	1.85342e-29
2707	2.23266e-29
2708	2.69124e-29
2709	3.24615e-29
2710	3.91808e-29
2711	4.73483e-29
2712	5.72571e-29
2713	6.92869e-29
2714	8.39017e-29
2715	1.0167e-28
2716	1.2322e-28
2717	1.49444e-28
2718	1.81377e-28
2719	2.20294e-28
2720	2.67754e-28
2721	3.255e-28
2722	3.95993e-28
2723	4.82112e-28
2724	5.87404e-28
2725	7.16436e-28
2726	8.74971e-28
2727	1.06972e-27
2728	1.30884e-27
2729	1.6027e-27
2730	1.96412e-27
2731	2.40632e-27
2732	2.9505e-27
2733	3.62075e-27
2734	4.44698e-27
2735	5.46639e-27
2736	6.72902e-27
2737	8.29051e-27
2738	1.02233e-26
2739	1.2618e-26
2740	1.55875e-26
2741	1.92844e-26
2742	2.388e-26
2743	2.95984e-26
2744	3.67208e-26
2745	4.56007e-26
2746	5.66507e-26
2747	7.04474e-26
2748	8.76909e-26
2749	1.09265e-25
2750	1.36285e-25
2751	1.70065e-25
2752	2.1244e-25
2753	2.65653e-25
2754	3.32552e-25
2755	4.16749e-25
2756	5.22838e-25
2757	6.56665e-25
2758	8.2568e-25
2759	1.03939e-24
2760	1.30993e-24
2761	1.6538e-24
2762	2.09044e-24
2763	2.64559e-24
2764	3.3523e-24
2765	4.25312e-24
2766	5.40602e-24
2767	6.88033e-24
2768	8.76823e-24
2769	1.11891e-23
2770	1.42935e-23
2771	1.82631e-23
2772	2.33609e-23
2773	2.99242e-23
2774	3.83867e-23
2775	4.93148e-23
2776	6.34861e-23
2777	8.18542e-23
2778	1.057e-22
2779	1.36709e-22
2780	1.77098e-22
2781	2.29933e-22
2782	2.99028e-22
2783	3.89549e-22
2784	5.08352e-22
2785	6.64559e-22
2786	8.70333e-22
2787	1.14192e-21
2788	1.50107e-21
2789	1.97695e-21
2790	2.60879e-21
2791	3.44738e-21
2792	4.56482e-21
2793	6.05707e-21
2794	8.05427e-21
2795	1.07366e-20
2796	1.4353e-20
2797	1.92371e-20
2798	2.58436e-20
2799	3.48021e-20
2800	4.69813e-20
2801	5.79267e-20
2802	7.14862e-20
2803	8.82999e-20
2804	1.09169e-19
2805	1.35138e-19
2806	1.67546e-19
2807	2.07991e-19
2808	2.58451e-19
2809	3.21474e-19
2810	4.00267e-19
2811	4.98883e-19
2812	6.22441e-19
2813	7.77421e-19
2814	9.72029e-19
2815	1.21668e-18
2816	1.52364e-18
2817	1.91018e-18
2818	2.39753e-18
2819	3.0127e-18
2820	3.79017e-18
2821	4.77102e-18
2822	6.01301e-18
2823	7.58769e-18
2824	9.58681e-18
2825	1.2132e-17
2826	1.53825e-17
2827	1.95362e-17
2828	2.4845e-17
2829	3.16402e-17
2830	4.03504e-17
2831	5.14998e-17
2832	6.58258e-17
2833	8.42622e-17
2834	1.08026e-16
2835	1.38706e-16
2836	1.78267e-16
2837	2.29481e-16
2838	2.95893e-16
2839	3.82166e-16
2840	4.94439e-16
2841	6.4123e-16
2842	8.33092e-16
2843	1.08435e-15
2844	1.41403e-15
2845	1.84748e-15
2846	2.41699e-15
2847	3.16842e-15
2848	4.16202e-15
2849	5.47876e-15
2850	7.22769e-15
2851	9.55611e-15
2852	1.26634e-14
2853	1.68205e-14
2854	2.23958e-14
2855	2.9893e-14
2856	4.00277e-14
2857	5.37388e-14
2858	7.23411e-14
2859	9.76532e-14
2860	1.322e-13
2861	1.79496e-13
2862	2.44456e-13
2863	3.33975e-13
2864	4.5776e-13
2865	6.2954e-13
2866	8.67644e-13
2867	1.20012e-12
2868	1.66622e-12
2869	2.32233e-12
2870	3.251e-12
2871	4.57328e-12
2872	6.4638e-12
2873	9.17767e-12
2874	1.30933e-11
2875	1.87794e-11
2876	2.70943e-11
2877	3.93194e-11
2878	5.73904e-11
2879	8.42767e-11
2880	1.24554e-10
2881	1.85079e-10
2882	2.76997e-10
2883	4.17738e-10
2884	6.35131e-10
2885	9.74089e-10
2886	1.50898e-09
2887	2.36121e-09
2888	3.73523e-09
2889	5.97925e-09
2890	9.69657e-09
2891	1.59521e-08
2892	2.6666e-08
2893	4.53858e-08
2894	7.8856e-08
2895	1.40346e-07
2896	2.56935e-07
2897	4.8777e-07
2898	9.72732e-07
2899	2.09838e-06
2900	5.74154e-06
2901	5.91013e-06
2902	6.0842e-06
2903	6.26393e-06
2904	6.44953e-06
2905	6.64121e-06
2906	6.83443e-06
2907	7.03389e-06
2908	7.23982e-06
2909	7.45244e-06
2910	7.67201e-06
2911	7.89321e-06
2912	8.12153e-06
2913	8.35721e-06
2914	8.60053e-06
2915	8.85175e-06
2916	9.11764e-06
2917	9.39243e-06
2918	9.67646e-06
2919	9.97008e-06
2920	1.02736e-05
2921	1.05875e-05
2922	1.09121e-05
2923	1.12478e-05
2924	1.15951e-05
2925	1.19543e-05
2926	1.2326e-05
2927	1.27107e-05
2928	1.31088e-05
2929	1.35209e-05
2930	1.39475e-05
2931	1.43788e-05
2932	1.4825e-05
2933	1.52869e-05
2934	1.5765e-05
2935	1.62599e-05
2936	1.67847e-05
2937	1.73285e-05
2938	1.78922e-05
2939	1.84766e-05
2940	1.90824e-05
2941	1.96961e-05
2942	2.03322e-05
2943	2.09915e-05
2944	2.1675e-05
2945	2.23921e-05
2946	2.31534e-05
2947	2.39529e-05
2948	2.47836e-05
2949	2.56468e-05
2950	2.6544e-05
2951	2.74766e-05
2952	2.84464e-05
2953	2.94549e-05
2954	3.05039e-05
2955	3.15953e-05
2956	3.27063e-05
2957	3.3862e-05
2958	3.50641e-05
2959	3.6315e-05
2960	3.76169e-05
2961	3.90018e-05
2962	4.04447e-05
2963	4.19486e-05
2964	4.35163e-05
2965	4.51509e-05
2966	4.68201e-05
2967	4.85603e-05
2968	5.03748e-05
2969	5.22675e-05
2970	5.42421e-05
2971	5.6346e-05
2972	5.85437e-05
2973	6.08402e-05
2974	6.32405e-05
2975	6.57501e-05
2976	6.83221e-05
2977	7.10109e-05
2978	7.38229e-05
2979	7.67645e-05
2980	7.98428e-05
2981	8.31298e-05
2982	8.65743e-05
2983	9.01852e-05
2984	9.39721e-05
2985	9.79449e-05
2986	0.000102035
2987	0.000106327
2988	0.000110831
2989	0.000115562
2990	0.000120533
2991	0.000125857
2992	0.00013146
2993	0.00013736
2994	0.000143576
2995	0.00015013
2996	0.000157044
2997	0.000164343
2998	0.000172055
2999	0.00018021
3000	0.000188842
3001	0.000188794
3002	0.000188746
3003	0.000188698
3004	0.000188649
3005	0.0001886
3006	0.000188701
3007	0.000188803
3008	0.000188904
3009	0.000189006
3010	0.000189108
3011	0.00018921
3012	0.000189312
3013	0.000189414
3014	0.000189517
3015	0.000189619
3016	0.00018957
3017	0.00018952
3018	0.00018947
3019	0.000189419
3020	0.000189368
3021	0.000189318
3022	0.000189266
3023	0.000189215
3024	0.000189163
3025	0.000189112
3026	0.000189214
3027	0.000189317
3028	0.00018942
3029	0.000189523
3030	0.000189627
3031	0.000189575
3032	0.000189522
3033	0.00018947
3034	0.000189417
3035	0.000189364
3036	0.000189155
3037	0.000188944
3038	0.000188734
3039	0.000188522
3040	0.000188389
3041	0.000188728
3042	0.000189148
3043	0.000189569
3044	0.000189991
3045	0.000190414
3046	0.000190679
3047	0.000190945
3048	0.000191212
3049	0.00019148
3050	0.000191749
3051	0.000191858
3052	0.000191968
3053	0.000192078
3054	0.000192188
3055	0.000192299
3056	0.00019241
3057	0.000192522
3058	0.000192634
3059	0.000192747
3060	0.00019286
3061	0.000192649
3062	0.000192437
3063	0.000192225
3064	0.000192013
3065	0.000191882
3066	0.000191914
3067	0.000192028
3068	0.000192143
3069	0.000192259
3070	0.000192375
3071	0.000192656
3072	0.000192939
3073	0.000193223
3074	0.000193508
3075	0.000193795
3076	0.000193751
3077	0.000193707
3078	0.000193663
3079	0.000193621
3080	0.000193578
3081	0.000193536
3082	0.000193495
3083	0.000193454
3084	0.000193413
3085	0.000193374
3086	0.000193335
3087	0.000193297
3088	0.00019326
3089	0.000193224
3090	0.000193188
3091	0.000193154
3092	0.000193121
3093	0.00019309
3094	0.00019306
3095	0.000193031
3096	0.000193004
3097	0.000192979
3098	0.000192956
3099	0.000192935
3100	0.000192917
3101	0.000190109
3102	0.00018957
3103	0.000189686
3104	0.00019016
3105	0.000190873
3106	0.000191589
3107	0.000192444
3108	0.000193412
3109	0.000194478
3110	0.000195628
3111	0.000196677
3112	0.000197793
3113	0.00019897
3114	0.000200204
3115	0.000201584
3116	0.000203203
3117	0.000204971
3118	0.000206793
3119	0.000208669
3120	0.000210597
3121	0.000212576
3122	0.000214607
3123	0.000216688
3124	0.00021882
3125	0.000221003
3126	0.000223236
3127	0.00022552
3128	0.000227855
3129	0.000230241
3130	0.000232679
3131	0.000235169
3132	0.000237712
3133	0.000240308
3134	0.000242957
3135	0.000245662
3136	0.000248189
3137	0.000250767
3138	0.000253396
3139	0.000256076
3140	0.000258809
3141	0.000261843
3142	0.000264937
3143	0.000268093
3144	0.000271312
3145	0.000274594
3146	0.000277678
3147	0.000280822
3148	0.000284026
3149	0.000287291
3150	0.00029062
3151	0.000294294
3152	0.000298042
3153	0.000301864
3154	0.000305762
3155	0.000309739
3156	0.000313795
3157	0.000317932
3158	0.000322153
3159	0.00032646
3160	0.000330853
3161	0.00033566
3162	0.000340569
3163	0.00034558
3164	0.000350697
3165	0.000355924
3166	0.000360563
3167	0.000365295
3168	0.000370123
3169	0.000375049
3170	0.000380261
3171	0.000385957
3172	0.000391967
3173	0.00039811
3174	0.000404388
3175	0.000410806
3176	0.000416553
3177	0.00042242
3178	0.000428412
3179	0.000434532
3180	0.000440783
3181	0.00044761
3182	0.000454589
3183	0.000461727
3184	0.000469026
3185	0.000476492
3186	0.000484609
3187	0.000492919
3188	0.000501427
3189	0.000510141
3190	0.000519066
3191	0.000527686
3192	0.000536511
3193	0.000545549
3194	0.000554806
3195	0.00056429
3196	0.000573434
3197	0.000582799
3198	0.00059239
3199	0.000602215
3200	0.00061259
3201	0.000608219
3202	0.000604198
3203	0.000600217
3204	0.000596276
3205	0.000592374
3206	0.000587919
3207	0.00058351
3208	0.000579146
3209	0.000574826
3210	0.00057055
3211	0.000565744
3212	0.000560988
3213	0.00055628
3214	0.00055162
3215	0.000547008
3216	0.000542997
3217	0.000539024
3218	0.000535091
3219	0.000531195
3220	0.000527336
3221	0.000523514
3222	0.000519728
3223	0.000515978
3224	0.000512264
3225	0.000508584
3226	0.000505459
3227	0.000502362
3228	0.000499292
3229	0.000496249
3230	0.000493232
3231	0.000489735
3232	0.000486271
3233	0.000482837
3234	0.000479435
3235	0.000476063
3236	0.000472721
3237	0.000469409
3238	0.000466127
3239	0.000462873
3240	0.000459648
3241	0.000456451
3242	0.000453283
3243	0.000450142
3244	0.000447028
3245	0.000443941
3246	0.000441343
3247	0.000438766
3248	0.00043621
3249	0.000433674
3250	0.000431158
3251	0.000427765
3252	0.000424401
3253	0.000421068
3254	0.000417763
3255	0.000414488
3256	0.000411678
3257	0.000408891
3258	0.000406127
3259	0.000403386
3260	0.000400668
3261	0.000397972
3262	0.000395298
3263	0.000392646
3264	0.000390016
3265	0.000387407
3266	0.00038482
3267	0.000382253
3268	0.000379707
3269	0.000377182
3270	0.000374677
3271	0.000372192
3272	0.000369727
3273	0.000367281
3274	0.000364856
3275	0.000362449
3276	0.000360061
3277	0.000357692
3278	0.000355342
3279	0.000353011
3280	0.000350697
3281	0.000348402
3282	0.000346124
3283	0.000343865
3284	0.000341623
3285	0.000339398
3286	0.000337559
3287	0.000335734
3288	0.000333921
3289	0.000332121
3290	0.000330154
3291	0.000327482
3292	0.000324654
3293	0.00032185
3294	0.000319069
3295	0.000316488
3296	0.000314277
3297	0.000312257
3298	0.000310252
3299	0.000308263
3300	0.000306288
3301	0.000311344
3302	0.000316502
3303	0.000321765
3304	0.000327136
3305	0.000332616
3306	0.000337454
3307	0.000342381
3308	0.000347401
3309	0.000352516
3310	0.000357727
3311	0.000363449
3312	0.000369286
3313	0.000375243
3314	0.000381321
3315	0.000387525
3316	0.00039296
3317	0.000398496
3318	0.000404134
3319	0.000409878
3320	0.000415969
3321	0.000423158
3322	0.000430754
3323	0.00043852
3324	0.000446461
3325	0.000454583
3326	0.00046182
3327	0.000469209
3328	0.000476753
3329	0.000484458
3330	0.000492328
3331	0.000500953
3332	0.000509774
3333	0.000518798
3334	0.000528029
3335	0.000537475
3336	0.000547141
3337	0.000557035
3338	0.000567163
3339	0.000577533
3340	0.000588152
3341	0.000599029
3342	0.00061017
3343	0.000621585
3344	0.000633283
3345	0.000645273
3346	0.000656781
3347	0.000668569
3348	0.000680645
3349	0.00069302
3350	0.000705704
3351	0.000719575
3352	0.000733812
3353	0.000748429
3354	0.000763439
3355	0.000778857
3356	0.000794697
3357	0.000810976
3358	0.000827708
3359	0.000844913
3360	0.000862607
3361	0.00088081
3362	0.000899542
3363	0.000918824
3364	0.000938678
3365	0.000959128
3366	0.000980198
3367	0.00100191
3368	0.0010243
3369	0.0010474
3370	0.00107123
3371	0.00109582
3372	0.00112122
3373	0.00114745
3374	0.00117456
3375	0.00120259
3376	0.00123158
3377	0.00126159
3378	0.00129265
3379	0.00132484
3380	0.00135819
3381	0.00139453
3382	0.00143226
3383	0.00147146
3384	0.00151222
3385	0.00155463
3386	0.00159679
3387	0.00164068
3388	0.00168642
3389	0.00173411
3390	0.00178389
3391	0.0018359
3392	0.00189028
3393	0.00194722
3394	0.00200688
3395	0.00206949
3396	0.00213255
3397	0.00219886
3398	0.00226868
3399	0.00234231
3400	0.00242165
3401	0.00244392
3402	0.00246805
3403	0.00249249
3404	0.00251726
3405	0.00254075
3406	0.002558
3407	0.00257381
3408	0.00258979
3409	0.00260595
3410	0.00262398
3411	0.00264564
3412	0.00266929
3413	0.00269327
3414	0.00271756
3415	0.00274219
3416	0.00276358
3417	0.00278524
3418	0.00280718
3419	0.00282941
3420	0.00285194
3421	0.00287476
3422	0.00289789
3423	0.00292133
3424	0.00294509
3425	0.00296917
3426	0.00299359
3427	0.00301834
3428	0.00304345
3429	0.0030689
3430	0.00309472
3431	0.00312502
3432	0.00315578
3433	0.00318701
3434	0.00321873
3435	0.00325093
3436	0.00327932
3437	0.00330814
3438	0.0033374
3439	0.00336712
3440	0.00339729
3441	0.00342793
3442	0.00345907
3443	0.0034907
3444	0.00352284
3445	0.0035555
3446	0.00358871
3447	0.00362247
3448	0.0036568
3449	0.00369171
3450	0.00372722
3451	0.00376841
3452	0.00381035
3453	0.00385305
3454	0.00389655
3455	0.00394087
3456	0.00398068
3457	0.00402123
3458	0.00406255
3459	0.00410466
3460	0.00414759
3461	0.00419704
3462	0.00424749
3463	0.00429899
3464	0.00435157
3465	0.00440527
3466	0.00445409
3467	0.00450397
3468	0.00455493
3469	0.00460702
3470	0.00466028
3471	0.00471477
3472	0.00477052
3473	0.0048276
3474	0.00488605
3475	0.00494595
3476	0.00500735
3477	0.00507032
3478	0.00513494
3479	0.00520129
3480	0.00526945
3481	0.00534689
3482	0.00542656
3483	0.00550858
3484	0.00559308
3485	0.0056802
3486	0.00576214
3487	0.00584677
3488	0.00593427
3489	0.00602485
3490	0.00611872
3491	0.00621613
3492	0.00631739
3493	0.0064228
3494	0.00653276
3495	0.00664771
3496	0.00676819
3497	0.00689484
3498	0.00702846
3499	0.00717007
3500	0.00732099
3501	0.00732814
3502	0.0073353
3503	0.0073425
3504	0.00734972
3505	0.00735697
3506	0.00735388
3507	0.00735079
3508	0.0073477
3509	0.00734463
3510	0.00734156
3511	0.0073385
3512	0.00733545
3513	0.00733241
3514	0.00732937
3515	0.00732634
3516	0.00732333
3517	0.00732032
3518	0.00731732
3519	0.00731433
3520	0.00731135
3521	0.00731891
3522	0.0073265
3523	0.00733413
3524	0.00734179
3525	0.00734948
3526	0.00734663
3527	0.00734378
3528	0.00734095
3529	0.00733813
3530	0.00733532
3531	0.00734317
3532	0.00735106
3533	0.00735899
3534	0.00736695
3535	0.00737495
3536	0.0073723
3537	0.00736966
3538	0.00736703
3539	0.00736443
3540	0.00736184
3541	0.00737003
3542	0.00737827
3543	0.00738655
3544	0.00739488
3545	0.00740325
3546	0.00740085
3547	0.00739847
3548	0.00739611
3549	0.00739378
3550	0.00739148
3551	0.0073892
3552	0.00738695
3553	0.00738473
3554	0.00738253
3555	0.00738037
3556	0.00737823
3557	0.00737613
3558	0.00737406
3559	0.00737203
3560	0.00737003
3561	0.00737908
3562	0.0073882
3563	0.00739738
3564	0.00740663
3565	0.00741595
3566	0.00741426
3567	0.00741262
3568	0.00741103
3569	0.00740948
3570	0.00740799
3571	0.00740655
3572	0.00740517
3573	0.00740384
3574	0.00740258
3575	0.00740138
3576	0.00740024
3577	0.00739918
3578	0.00739818
3579	0.00739727
3580	0.00739643
3581	0.00740698
3582	0.00741766
3583	0.00742846
3584	0.00743939
3585	0.00745046
3586	0.00745028
3587	0.00745021
3588	0.00745027
3589	0.00745046
3590	0.00745078
3591	0.00745126
3592	0.00745189
3593	0.00745269
3594	0.00745367
3595	0.00745485
3596	0.00746781
3597	0.00748105
3598	0.00749458
3599	0.00750842
3600	0.00752261
3601	0.00751597
3602	0.00750933
3603	0.00750269
3604	0.00749604
3605	0.00748939
3606	0.00748274
3607	0.00747608
3608	0.00746942
3609	0.00746275
3610	0.00745608
3611	0.00746116
3612	0.00746625
3613	0.00747135
3614	0.00747647
3615	0.0074816
3616	0.00747495
3617	0.0074683
3618	0.00746164
3619	0.00745498
3620	0.00744832
3621	0.00745349
3622	0.00745867
3623	0.00746386
3624	0.00746907
3625	0.0074743
3626	0.00746766
3627	0.00746102
3628	0.00745438
3629	0.00744774
3630	0.0074411
3631	0.00744636
3632	0.00745165
3633	0.00745695
3634	0.00746226
3635	0.00746759
3636	0.00746098
3637	0.00745436
3638	0.00744775
3639	0.00744113
3640	0.00743452
3641	0.0074399
3642	0.0074453
3643	0.00745072
3644	0.00745615
3645	0.0074616
3646	0.00745503
3647	0.00744845
3648	0.00744188
3649	0.00743531
3650	0.00742873
3651	0.00742216
3652	0.00741559
3653	0.00740902
3654	0.00740245
3655	0.00739589
3656	0.00740146
3657	0.00740705
3658	0.00741266
3659	0.00741829
3660	0.00742394
3661	0.00742962
3662	0.00743531
3663	0.00744103
3664	0.00744677
3665	0.00745254
3666	0.00743388
3667	0.0074152
3668	0.00739651
3669	0.0073778
3670	0.00736522
3671	0.0073649
3672	0.00737075
3673	0.00737662
3674	0.00738252
3675	0.00738845
3676	0.00738208
3677	0.00737573
3678	0.00736938
3679	0.00736304
3680	0.00735672
3681	0.00735041
3682	0.00734411
3683	0.00733782
3684	0.00733155
3685	0.00732529
3686	0.00733148
3687	0.0073377
3688	0.00734396
3689	0.00735027
3690	0.00735661
3691	0.00735052
3692	0.00734445
3693	0.00733841
3694	0.00733239
3695	0.00732639
3696	0.00732043
3697	0.0073145
3698	0.0073086
3699	0.00730274
3700	0.00729691
3701	0.00730315
3702	0.00730941
3703	0.0073157
3704	0.00732201
3705	0.00732834
3706	0.00732205
3707	0.00731575
3708	0.00730946
3709	0.00730317
3710	0.00729688
3711	0.0073033
3712	0.00730973
3713	0.00731619
3714	0.00732268
3715	0.00732918
3716	0.00732296
3717	0.00731673
3718	0.0073105
3719	0.00730428
3720	0.00729805
3721	0.00730465
3722	0.00731126
3723	0.0073179
3724	0.00732457
3725	0.00733126
3726	0.0073251
3727	0.00731894
3728	0.00731279
3729	0.00730663
3730	0.00730048
3731	0.00730726
3732	0.00731406
3733	0.0073209
3734	0.00732775
3735	0.00733464
3736	0.00731556
3737	0.00729646
3738	0.00727733
3739	0.00725819
3740	0.00724554
3741	0.00724594
3742	0.00725288
3743	0.00725985
3744	0.00726685
3745	0.00727388
3746	0.00726781
3747	0.00726175
3748	0.00725569
3749	0.00724963
3750	0.00724357
3751	0.0072507
3752	0.00725786
3753	0.00726505
3754	0.00727226
3755	0.0072795
3756	0.00727353
3757	0.00726756
3758	0.00726159
3759	0.00725562
3760	0.00724966
3761	0.00725701
3762	0.0072644
3763	0.00727182
3764	0.00727927
3765	0.00728675
3766	0.00729426
3767	0.0073018
3768	0.00730937
3769	0.00731698
3770	0.00732462
3771	0.00731884
3772	0.00731306
3773	0.00730729
3774	0.00730152
3775	0.00729576
3776	0.00729001
3777	0.00728426
3778	0.00727851
3779	0.00727277
3780	0.00726704
3781	0.00727491
3782	0.00728282
3783	0.00729076
3784	0.00729874
3785	0.00730675
3786	0.00730114
3787	0.00729552
3788	0.00728992
3789	0.00728432
3790	0.00727873
3791	0.0072869
3792	0.0072951
3793	0.00730335
3794	0.00731163
3795	0.00731996
3796	0.0073145
3797	0.00730905
3798	0.00730361
3799	0.00729817
3800	0.00729275
3801	0.00723795
3802	0.00719553
3803	0.00716027
3804	0.00712983
3805	0.00710291
3806	0.00706525
3807	0.00702987
3808	0.00699639
3809	0.00696451
3810	0.00693403
3811	0.00691807
3812	0.00690313
3813	0.0068891
3814	0.0068759
3815	0.00686344
3816	0.0068385
3817	0.00681423
3818	0.00679059
3819	0.00676753
3820	0.00674501
3821	0.00673608
3822	0.00672759
3823	0.00671952
3824	0.00671185
3825	0.00670456
3826	0.00669763
3827	0.00669104
3828	0.00668478
3829	0.00667884
3830	0.0066732
3831	0.00665491
3832	0.00663692
3833	0.00661922
3834	0.0066018
3835	0.00658466
3836	0.00658068
3837	0.00657695
3838	0.00657345
3839	0.00657018
3840	0.00656713
3841	0.00655144
3842	0.00653597
3843	0.00652072
3844	0.00650569
3845	0.00649087
3846	0.00648911
3847	0.00648755
3848	0.00648618
3849	0.00648501
3850	0.00648404
3851	0.00647041
3852	0.00645698
3853	0.00644374
3854	0.00643069
3855	0.00641782
3856	0.00641156
3857	0.00640548
3858	0.00639317
3859	0.00638746
3860	0.00638193
3861	0.00637659
3862	0.00637785
3863	0.00637288
3864	0.00637453
3865	0.00636993
3866	0.0063591
3867	0.00635488
3868	0.00634442
3869	0.00634059
3870	0.00633052
3871	0.00633352
3872	0.00633674
3873	0.00634016
3874	0.00634381
3875	0.00634767
3876	0.00633885
3877	0.0063367
3878	0.00632831
3879	0.00632662
3880	0.0063187
3881	0.00631749
3882	0.00631655
3883	0.00631587
3884	0.00631546
3885	0.00631535
3886	0.00632204
3887	0.00632906
3888	0.00634295
3889	0.00635067
3890	0.00635876
3891	0.00635414
3892	0.00634989
3893	0.00635263
3894	0.00634923
3895	0.00634628
3896	0.00635705
3897	0.00636177
3898	0.00637373
3899	0.00637972
3900	0.00639309
3901	0.00640465
3902	0.00641627
3903	0.00642126
3904	0.00643302
3905	0.00644484
3906	0.00645001
3907	0.00644848
3908	0.00645373
3909	0.00645226
3910	0.00645761
3911	0.0064698
3912	0.00647527
3913	0.00648761
3914	0.00649321
3915	0.0065057
3916	0.00650456
3917	0.00650345
3918	0.00650927
3919	0.00650824
3920	0.00650726
3921	0.00652016
3922	0.00653316
3923	0.0065393
3924	0.00655248
3925	0.00656575
3926	0.00656513
3927	0.00657156
3928	0.00657104
3929	0.00657761
3930	0.0065772
3931	0.00659099
3932	0.0065978
3933	0.00661179
3934	0.00661878
3935	0.00663299
3936	0.00664018
3937	0.00664029
3938	0.00664764
3939	0.00664789
3940	0.00665542
3941	0.00666304
3942	0.00667802
3943	0.00668587
3944	0.00670111
3945	0.00670919
3946	0.00671009
3947	0.00671106
3948	0.00671947
3949	0.00672063
3950	0.00672189
3951	0.00673064
3952	0.00674694
3953	0.00675598
3954	0.00677261
3955	0.00678195
3956	0.00679145
3957	0.0068011
3958	0.00680339
3959	0.00681335
3960	0.00682349
3961	0.00684138
3962	0.0068595
3963	0.00687023
3964	0.0068888
3965	0.00690761
3966	0.00691131
3967	0.0069229
3968	0.00692698
3969	0.00693902
3970	0.00694353
3971	0.00696385
3972	0.00697667
3973	0.00699762
3974	0.00701104
3975	0.00703268
3976	0.00704677
3977	0.00705326
3978	0.00706804
3979	0.00707521
3980	0.00709074
3981	0.00710671
3982	0.00712314
3983	0.00714815
3984	0.0071656
3985	0.00718361
3986	0.0072104
3987	0.00722967
3988	0.00725789
3989	0.00727863
3990	0.00730852
3991	0.00732265
3992	0.0073461
3993	0.00736221
3994	0.00738795
3995	0.00740657
3996	0.0074438
3997	0.00747437
3998	0.00751577
3999	0.00755123
4000	0.00759877
