280	4.0069e-22
281	9.39802e-22
282	2.0226e-21
283	3.07076e-21
284	3.50253e-21
285	2.8026e-21
286	4.43632e-21
287	7.82396e-21
288	8.81655e-21
289	1.32677e-20
290	2.243e-20
291	2.99481e-20
292	3.34579e-20
293	3.8298e-20
294	4.54578e-20
295	5.42077e-20
296	6.7308e-20
297	7.19426e-20
298	8.70623e-20
299	9.56411e-20
300	1.08723e-19
301	3.08255e-18
302	9.00158e-17
303	3.22626e-15
304	9.65914e-14
305	2.73586e-12
306	1.05541e-11
307	4.61162e-11
308	2.04335e-10
309	7.64965e-10
310	3.06639e-09
311	1.05678e-08
312	2.67704e-08
313	6.86838e-08
314	1.81561e-07
315	4.45218e-07
316	6.46723e-07
317	1.22013e-06
318	1.92625e-06
319	2.92533e-06
320	5.06126e-06
321	7.25244e-06
322	9.89444e-06
323	1.32489e-05
324	2.09361e-05
325	3.42906e-05
326	5.09412e-05
327	6.58591e-05
328	7.9795e-05
329	0.000106088
330	0.000144697
331	0.000154577
332	0.00017651
333	0.000198178
334	0.000228413
335	0.000273385
336	0.000274616
337	0.000285545
338	0.000350618
339	0.000411099
340	0.000486464
341	0.000510715
342	0.000565252
343	0.000637589
344	0.000598127
345	0.000675397
346	0.000774328
347	0.000844671
348	0.000890213
349	0.000947795
350	0.0011284
351	0.00126515
352	0.00126672
353	0.00138141
354	0.00167347
355	0.00180895
356	0.00176445
357	0.00160006
358	0.00154599
359	0.00181629
360	0.00236202
361	0.00226968
362	0.00244381
363	0.00282494
364	0.00300299
365	0.00334724
366	0.00402084
367	0.0042287
368	0.00417707
369	0.00451567
370	0.00498452
371	0.00496485
372	0.00505671
373	0.00476788
374	0.00455785
375	0.00511891
376	0.00598121
377	0.00676473
378	0.0082025
379	0.00771445
380	0.00757995
381	0.00831887
382	0.0069162
383	0.00564927
384	0.00656253
385	0.00857855
386	0.0086736
387	0.00925246
388	0.00943689
389	0.0106214
390	0.0126029
391	0.0139496
392	0.0133944
393	0.00892276
394	0.00950174
395	0.0151353
396	0.014448
397	0.0104035
398	0.017691
399	0.0232212
400	0.0253184
401	0.0271394
402	0.0288261
403	0.0291502
404	0.030202
405	0.0306542
406	0.0308344
407	0.0313595
408	0.0336217
409	0.0359099
410	0.0335895
411	0.0371492
412	0.0403001
413	0.0403892
414	0.0410547
415	0.0434898
416	0.0457978
417	0.0461011
418	0.0458944
419	0.0476941
420	0.0468383
421	0.052138
422	0.0535051
423	0.0534577
424	0.0546614
425	0.0570993
426	0.0570925
427	0.0568536
428	0.0577828
429	0.0543908
430	0.0460163
431	0.0459983
432	0.0671413
433	0.0678648
434	0.0656317
435	0.0721345
436	0.0800278
437	0.0824907
438	0.076124
439	0.0757593
440	0.085146
441	0.0880377
442	0.0943926
443	0.097926
444	0.0983838
445	0.101821
446	0.0975425
447	0.107692
448	0.112243
449	0.114697
450	0.120452
451	0.125768
452	0.123432
453	0.118699
454	0.125647
455	0.128549
456	0.133851
457	0.137369
458	0.137314
459	0.138217
460	0.14048
461	0.146176
462	0.150279
463	0.152428
464	0.151214
465	0.151221
466	0.154732
467	0.153091
468	0.159501
469	0.162606
470	0.160604
471	0.165152
472	0.173479
473	0.172209
474	0.175962
475	0.182638
476	0.18158
477	0.185438
478	0.191882
479	0.192115
480	0.196208
481	0.198359
482	0.200381
483	0.200174
484	0.199153
485	0.195521
486	0.171021
487	0.184843
488	0.199729
489	0.19729
490	0.213773
491	0.211201
492	0.206606
493	0.216805
494	0.218221
495	0.228513
496	0.224412
497	0.226951
498	0.224397
499	0.225711
500	0.227003
501	0.223711
502	0.226206
503	0.234648
504	0.228892
505	0.241455
506	0.251534
507	0.245481
508	0.241827
509	0.250591
510	0.248774
511	0.253732
512	0.259389
513	0.249652
514	0.245735
515	0.253196
516	0.251373
517	0.221319
518	0.238858
519	0.241113
520	0.259018
521	0.265251
522	0.2701
523	0.262098
524	0.276265
525	0.278085
526	0.26863
527	0.248094
528	0.273191
529	0.287446
530	0.283653
531	0.29533
532	0.290618
533	0.269994
534	0.281696
535	0.290257
536	0.29754
537	0.284851
538	0.292894
539	0.289129
540	0.281194
541	0.276465
542	0.294769
543	0.296161
544	0.304328
545	0.301109
546	0.300854
547	0.30361
548	0.300454
549	0.306662
550	0.306728
551	0.307918
552	0.312403
553	0.307348
554	0.312018
555	0.314188
556	0.310291
557	0.304891
558	0.307627
559	0.298377
560	0.302966
561	0.314937
562	0.307702
563	0.314607
564	0.313034
565	0.312075
566	0.302582
567	0.316058
568	0.317178
569	0.313581
570	0.311882
571	0.305052
572	0.318406
573	0.322673
574	0.321751
575	0.317254
576	0.317137
577	0.322081
578	0.316816
579	0.319662
580	0.322769
581	0.324807
582	0.329095
583	0.332083
584	0.332181
585	0.330926
586	0.326488
587	0.333148
588	0.328442
589	0.304187
590	0.316808
591	0.33254
592	0.333292
593	0.334275
594	0.336544
595	0.338123
596	0.343535
597	0.347096
598	0.343919
599	0.344354
600	0.347504
601	0.345503
602	0.345233
603	0.352794
604	0.360768
605	0.362781
606	0.364137
607	0.366952
608	0.368461
609	0.368832
610	0.371722
611	0.37421
612	0.381656
613	0.379743
614	0.375502
615	0.38473
616	0.380646
617	0.381055
618	0.39483
619	0.402051
620	0.406391
621	0.410763
622	0.407609
623	0.409841
624	0.410834
625	0.408691
626	0.413046
627	0.426296
628	0.431756
629	0.43501
630	0.434699
631	0.432961
632	0.424564
633	0.440266
634	0.44043
635	0.443257
636	0.440318
637	0.452689
638	0.459001
639	0.457046
640	0.451185
641	0.452944
642	0.456818
643	0.463564
644	0.463907
645	0.469281
646	0.46523
647	0.470985
648	0.47088
649	0.461824
650	0.461588
651	0.481275
652	0.483376
653	0.487379
654	0.484103
655	0.464892
656	0.421255
657	0.436908
658	0.480414
659	0.491093
660	0.499886
661	0.506751
662	0.510425
663	0.511245
664	0.512865
665	0.520703
666	0.521919
667	0.519743
668	0.511274
669	0.508299
670	0.497164
671	0.491612
672	0.484529
673	0.48363
674	0.479563
675	0.476225
676	0.47868
677	0.474235
678	0.474308
679	0.469417
680	0.4682
681	0.467881
682	0.46727
683	0.464394
684	0.461599
685	0.459659
686	0.451899
687	0.460281
688	0.464405
689	0.465048
690	0.464952
691	0.466452
692	0.466384
693	0.472806
694	0.47733
695	0.477418
696	0.481715
697	0.48614
698	0.486861
699	0.493705
700	0.496842
701	0.499258
702	0.502744
703	0.51191
704	0.522433
705	0.532116
706	0.534414
707	0.539274
708	0.548182
709	0.557888
710	0.582988
711	0.53317
712	0.503065
713	0.482187
714	0.468572
715	0.449945
716	0.442821
717	0.433485
718	0.419982
719	0.404542
720	0.410817
721	0.410255
722	0.409401
723	0.405258
724	0.404209
725	0.405133
726	0.409602
727	0.416623
728	0.421999
729	0.417991
730	0.437393
731	0.442202
732	0.454699
733	0.461863
734	0.479572
735	0.489411
736	0.496633
737	0.510096
738	0.522449
739	0.531846
740	0.567191
741	0.567303
742	0.568013
743	0.581187
744	0.588882
745	0.589313
746	0.592128
747	0.595086
748	0.595324
749	0.598107
750	0.598878
751	0.603133
752	0.609097
753	0.614575
754	0.620075
755	0.621346
756	0.615912
757	0.617167
758	0.62138
759	0.616883
760	0.620368
761	0.618915
762	0.619923
763	0.571125
764	0.535328
765	0.504665
766	0.470175
767	0.455432
768	0.45705
769	0.460156
770	0.467367
771	0.475989
772	0.48515
773	0.494947
774	0.505515
775	0.517044
776	0.529276
777	0.5404
778	0.557446
779	0.581876
780	0.622129
781	0.620042
782	0.622367
783	0.617846
784	0.613529
785	0.616488
786	0.616958
787	0.616214
788	0.612297
789	0.611026
790	0.60656
791	0.601482
792	0.596435
793	0.591412
794	0.587059
795	0.587266
796	0.592685
797	0.600723
798	0.597737
799	0.592162
800	0.585292
801	0.567671
802	0.552152
803	0.533391
804	0.52376
805	0.50679
806	0.506763
807	0.497779
808	0.489415
809	0.477244
810	0.473623
811	0.469236
812	0.467209
813	0.462794
814	0.457578
815	0.450051
816	0.445276
817	0.439275
818	0.427632
819	0.416335
820	0.411598
821	0.40941
822	0.401212
823	0.401627
824	0.400154
825	0.410565
826	0.42476
827	0.437086
828	0.447003
829	0.458272
830	0.474758
831	0.494887
832	0.507195
833	0.502247
834	0.512621
835	0.519643
836	0.528242
837	0.530943
838	0.535909
839	0.539434
840	0.550126
841	0.551584
842	0.545807
843	0.545317
844	0.541519
845	0.554442
846	0.556762
847	0.547002
848	0.547365
849	0.54302
850	0.510531
851	0.541822
852	0.546654
853	0.537413
854	0.496874
855	0.520734
856	0.556179
857	0.573009
858	0.578947
859	0.583857
860	0.588515
861	0.588631
862	0.593908
863	0.59374
864	0.584212
865	0.567586
866	0.520436
867	0.54527
868	0.569479
869	0.570113
870	0.576826
871	0.573392
872	0.577893
873	0.573634
874	0.564829
875	0.560182
876	0.571538
877	0.575082
878	0.573266
879	0.566588
880	0.565053
881	0.493151
882	0.472994
883	0.452453
884	0.437753
885	0.425635
886	0.403788
887	0.390988
888	0.386325
889	0.378504
890	0.369051
891	0.359555
892	0.349319
893	0.337987
894	0.332297
895	0.327051
896	0.322815
897	0.315394
898	0.308377
899	0.300496
900	0.294413
901	0.284954
902	0.276605
903	0.281807
904	0.278845
905	0.273569
906	0.274901
907	0.279094
908	0.279133
909	0.279054
910	0.284382
911	0.288765
912	0.291473
913	0.297613
914	0.301287
915	0.303244
916	0.304643
917	0.303654
918	0.303601
919	0.304573
920	0.30259
921	0.298421
922	0.294972
923	0.288811
924	0.297583
925	0.299705
926	0.228577
927	0.1913
928	0.160653
929	0.137327
930	0.119097
931	0.105716
932	0.094022
933	0.0847082
934	0.076196
935	0.0683414
936	0.0618805
937	0.0565963
938	0.0580817
939	0.0591472
940	0.0594633
941	0.0599636
942	0.0600884
943	0.0628343
944	0.0635206
945	0.0651562
946	0.0671086
947	0.0685916
948	0.0703862
949	0.0749605
950	0.0794537
951	0.0840629
952	0.0900007
953	0.096042
954	0.101511
955	0.105272
956	0.1165
957	0.127348
958	0.139201
959	0.152402
960	0.165781
961	0.181858
962	0.202551
963	0.226867
964	0.257129
965	0.302912
966	0.304884
967	0.310701
968	0.31263
969	0.317612
970	0.322823
971	0.325272
972	0.331258
973	0.333845
974	0.335105
975	0.341725
976	0.349945
977	0.353805
978	0.361184
979	0.364952
980	0.374305
981	0.379218
982	0.386089
983	0.389857
984	0.392964
985	0.398841
986	0.403171
987	0.409266
988	0.414907
989	0.418833
990	0.427784
991	0.439193
992	0.448334
993	0.461355
994	0.471265
995	0.469822
996	0.468926
997	0.464899
998	0.464777
999	0.465122
1000	0.466574
1001	0.469285
1002	0.469652
1003	0.465602
1004	0.458624
1005	0.439212
1006	0.453406
1007	0.463207
1008	0.465649
1009	0.464843
1010	0.465876
1011	0.464354
1012	0.463877
1013	0.462441
1014	0.463339
1015	0.458853
1016	0.459594
1017	0.458007
1018	0.461037
1019	0.453305
1020	0.455136
1021	0.456574
1022	0.453223
1023	0.456406
1024	0.458634
1025	0.458755
1026	0.459309
1027	0.45889
1028	0.459568
1029	0.457383
1030	0.458694
1031	0.458968
1032	0.45895
1033	0.45447
1034	0.456895
1035	0.459576
1036	0.460605
1037	0.458385
1038	0.45847
1039	0.462451
1040	0.463143
1041	0.463468
1042	0.463269
1043	0.460671
1044	0.461591
1045	0.458554
1046	0.450605
1047	0.45557
1048	0.459587
1049	0.458437
1050	0.456422
1051	0.456476
1052	0.454629
1053	0.453817
1054	0.453176
1055	0.454608
1056	0.453965
1057	0.452975
1058	0.448347
1059	0.43973
1060	0.446438
1061	0.442062
1062	0.446958
1063	0.443875
1064	0.447817
1065	0.447078
1066	0.440248
1067	0.441417
1068	0.439448
1069	0.423294
1070	0.431942
1071	0.408085
1072	0.395506
1073	0.380524
1074	0.375994
1075	0.364326
1076	0.3598
1077	0.353959
1078	0.347892
1079	0.338246
1080	0.33604
1081	0.325546
1082	0.318814
1083	0.31764
1084	0.316137
1085	0.312322
1086	0.308668
1087	0.297237
1088	0.298619
1089	0.296973
1090	0.292561
1091	0.29019
1092	0.283452
1093	0.276581
1094	0.264223
1095	0.267852
1096	0.268067
1097	0.267398
1098	0.26378
1099	0.260688
1100	0.264184
1101	0.185691
1102	0.14102
1103	0.115321
1104	0.0955395
1105	0.080339
1106	0.0685051
1107	0.0588775
1108	0.0513065
1109	0.0449796
1110	0.0397145
1111	0.0350685
1112	0.0312017
1113	0.027784
1114	0.0251153
1115	0.022573
1116	0.0202473
1117	0.0184721
1118	0.0165759
1119	0.015051
1120	0.0136924
1121	0.0148052
1122	0.0160371
1123	0.0173058
1124	0.0186792
1125	0.0200798
1126	0.0213346
1127	0.0234252
1128	0.025782
1129	0.0281694
1130	0.030703
1131	0.0306587
1132	0.0305202
1133	0.0300296
1134	0.0298289
1135	0.0296626
1136	0.0294719
1137	0.0287429
1138	0.028229
1139	0.028369
1140	0.0282834
1141	0.02771
1142	0.0278801
1143	0.0275649
1144	0.0272094
1145	0.027223
1146	0.029726
1147	0.032315
1148	0.0350038
1149	0.0380802
1150	0.0415706
1151	0.0455615
1152	0.0500277
1153	0.0554649
1154	0.0620213
1155	0.0692662
1156	0.0772034
1157	0.0877631
1158	0.100067
1159	0.114216
1160	0.132414
1161	0.157078
1162	0.164531
1163	0.170416
1164	0.173531
1165	0.179921
1166	0.182929
1167	0.190693
1168	0.197852
1169	0.200501
1170	0.21106
1171	0.213821
1172	0.215257
1173	0.215644
1174	0.216859
1175	0.215246
1176	0.214239
1177	0.219167
1178	0.219505
1179	0.220604
1180	0.224253
1181	0.225033
1182	0.22468
1183	0.2181
1184	0.226203
1185	0.230972
1186	0.232835
1187	0.23445
1188	0.233228
1189	0.227183
1190	0.235835
1191	0.241938
1192	0.243822
1193	0.245572
1194	0.247491
1195	0.247994
1196	0.249884
1197	0.250518
1198	0.247538
1199	0.244135
1200	0.25593
1201	0.258603
1202	0.257814
1203	0.250581
1204	0.250206
1205	0.256126
1206	0.256596
1207	0.257091
1208	0.252113
1209	0.244514
1210	0.253031
1211	0.251294
1212	0.256132
1213	0.258095
1214	0.258079
1215	0.259296
1216	0.260035
1217	0.260625
1218	0.260721
1219	0.260392
1220	0.262207
1221	0.263199
1222	0.263426
1223	0.263155
1224	0.266676
1225	0.267575
1226	0.268691
1227	0.265925
1228	0.269749
1229	0.273348
1230	0.274782
1231	0.276124
1232	0.276443
1233	0.279433
1234	0.281318
1235	0.283164
1236	0.287739
1237	0.291466
1238	0.295359
1239	0.299043
1240	0.310575
1241	0.30945
1242	0.305775
1243	0.300558
1244	0.296994
1245	0.295426
1246	0.294843
1247	0.292896
1248	0.2923
1249	0.290185
1250	0.28767
1251	0.284215
1252	0.280674
1253	0.279751
1254	0.278335
1255	0.276345
1256	0.274175
1257	0.271525
1258	0.270647
1259	0.268303
1260	0.267635
1261	0.265658
1262	0.262093
1263	0.262245
1264	0.258901
1265	0.257998
1266	0.25777
1267	0.25366
1268	0.251107
1269	0.251727
1270	0.251931
1271	0.252224
1272	0.251923
1273	0.252367
1274	0.252296
1275	0.254622
1276	0.256599
1277	0.258056
1278	0.25898
1279	0.259068
1280	0.258453
1281	0.251265
1282	0.233798
1283	0.249882
1284	0.262098
1285	0.266877
1286	0.270104
1287	0.273692
1288	0.27624
1289	0.280276
1290	0.281807
1291	0.271623
1292	0.264371
1293	0.257419
1294	0.248951
1295	0.24498
1296	0.241032
1297	0.235551
1298	0.230286
1299	0.228142
1300	0.224364
1301	0.220594
1302	0.216026
1303	0.212239
1304	0.20913
1305	0.208191
1306	0.206202
1307	0.204003
1308	0.201592
1309	0.199461
1310	0.196821
1311	0.194393
1312	0.190874
1313	0.185577
1314	0.186965
1315	0.182533
1316	0.181686
1317	0.182645
1318	0.180231
1319	0.180884
1320	0.179675
1321	0.122333
1322	0.0926307
1323	0.0734729
1324	0.0598895
1325	0.0496519
1326	0.0416533
1327	0.0353166
1328	0.0303753
1329	0.0258444
1330	0.0227237
1331	0.0200403
1332	0.0174358
1333	0.0156489
1334	0.0139544
1335	0.0124191
1336	0.0110379
1337	0.00991643
1338	0.00888641
1339	0.00793568
1340	0.00716176
1341	0.00659201
1342	0.00598414
1343	0.00544614
1344	0.00496858
1345	0.00453448
1346	0.00412022
1347	0.00378558
1348	0.00346911
1349	0.003176
1350	0.00289381
1351	0.00232448
1352	0.00189094
1353	0.00153787
1354	0.00125538
1355	0.00102448
1356	0.000847868
1357	0.000700569
1358	0.000592034
1359	0.000496608
1360	0.000415894
1361	0.000354933
1362	0.000300541
1363	0.000252676
1364	0.000217481
1365	0.00018624
1366	0.000159685
1367	0.000136554
1368	0.000118386
1369	0.000101073
1370	8.74048e-05
1371	7.60308e-05
1372	6.67265e-05
1373	5.8265e-05
1374	5.07924e-05
1375	4.38487e-05
1376	3.81645e-05
1377	3.37403e-05
1378	2.96756e-05
1379	2.6258e-05
1380	2.30409e-05
1381	2.03304e-05
1382	1.7799e-05
1383	1.5774e-05
1384	1.40259e-05
1385	1.2364e-05
1386	1.10239e-05
1387	9.73944e-06
1388	8.70016e-06
1389	7.75773e-06
1390	6.8339e-06
1391	6.15435e-06
1392	5.50808e-06
1393	4.90462e-06
1394	4.37118e-06
1395	3.9175e-06
1396	4.32377e-06
1397	4.78481e-06
1398	5.31193e-06
1399	5.86452e-06
1400	6.37536e-06
1401	7.08214e-06
1402	7.96667e-06
1403	8.82891e-06
1404	9.86412e-06
1405	1.10178e-05
1406	1.23798e-05
1407	1.38503e-05
1408	1.55089e-05
1409	1.74519e-05
1410	1.95845e-05
1411	2.18845e-05
1412	2.42114e-05
1413	2.75465e-05
1414	3.14903e-05
1415	3.57038e-05
1416	4.03628e-05
1417	4.60614e-05
1418	5.25138e-05
1419	5.93515e-05
1420	6.76239e-05
1421	7.76867e-05
1422	8.77905e-05
1423	0.000100572
1424	0.000115765
1425	0.00013457
1426	0.000152671
1427	0.000178206
1428	0.000208381
1429	0.000239347
1430	0.000279214
1431	0.000329132
1432	0.000393729
1433	0.000465133
1434	0.000544267
1435	0.000649283
1436	0.000777081
1437	0.000934809
1438	0.00112523
1439	0.00136632
1440	0.00161261
1441	0.00198974
1442	0.00246741
1443	0.00287053
1444	0.00309536
1445	0.00333446
1446	0.00360426
1447	0.00386654
1448	0.00419673
1449	0.00452683
1450	0.00486583
1451	0.00521826
1452	0.00565522
1453	0.00615477
1454	0.0066663
1455	0.00723794
1456	0.00786908
1457	0.0086581
1458	0.0095949
1459	0.0105714
1460	0.0115602
1461	0.0127043
1462	0.0139508
1463	0.0146177
1464	0.0146472
1465	0.0147782
1466	0.0146776
1467	0.0148511
1468	0.0147509
1469	0.0148716
1470	0.0148077
1471	0.0146124
1472	0.0146687
1473	0.0146479
1474	0.0143807
1475	0.014571
1476	0.0146596
1477	0.0146468
1478	0.0156298
1479	0.0168531
1480	0.0181012
1481	0.0192724
1482	0.0207824
1483	0.0220643
1484	0.0240215
1485	0.0262382
1486	0.0281865
1487	0.0299869
1488	0.0302235
1489	0.0356232
1490	0.0398637
1491	0.0439876
1492	0.0483008
1493	0.0542037
1494	0.0608
1495	0.0682143
1496	0.0760609
1497	0.0890692
1498	0.0917494
1499	0.0933704
1500	0.0969639
1501	0.0993226
1502	0.0999317
1503	0.0957637
1504	0.10038
1505	0.101153
1506	0.107717
1507	0.114337
1508	0.117097
1509	0.120367
1510	0.126252
1511	0.130697
1512	0.133393
1513	0.137762
1514	0.142863
1515	0.150226
1516	0.157208
1517	0.165161
1518	0.17725
1519	0.18909
1520	0.211839
1521	0.208122
1522	0.20739
1523	0.209789
1524	0.21031
1525	0.207558
1526	0.211434
1527	0.21109
1528	0.212184
1529	0.210247
1530	0.203101
1531	0.211183
1532	0.213058
1533	0.211598
1534	0.209544
1535	0.211953
1536	0.214998
1537	0.21576
1538	0.213201
1539	0.216984
1540	0.208848
1541	0.207735
1542	0.20697
1543	0.205353
1544	0.204774
1545	0.203775
1546	0.201529
1547	0.197769
1548	0.19296
1549	0.194064
1550	0.191915
1551	0.191335
1552	0.191673
1553	0.188816
1554	0.184622
1555	0.183865
1556	0.181682
1557	0.183896
1558	0.182617
1559	0.182864
1560	0.182428
1561	0.185274
1562	0.185296
1563	0.184982
1564	0.183888
1565	0.186034
1566	0.18514
1567	0.185747
1568	0.184779
1569	0.186663
1570	0.187237
1571	0.191158
1572	0.192252
1573	0.190935
1574	0.189623
1575	0.183477
1576	0.188158
1577	0.179508
1578	0.19007
1579	0.194594
1580	0.195952
1581	0.195361
1582	0.189417
1583	0.189956
1584	0.188563
1585	0.191968
1586	0.189944
1587	0.187187
1588	0.182247
1589	0.172554
1590	0.176069
1591	0.17729
1592	0.183983
1593	0.18689
1594	0.185717
1595	0.184756
1596	0.177615
1597	0.178595
1598	0.181543
1599	0.178615
1600	0.178376
1601	0.17417
1602	0.175021
1603	0.174914
1604	0.174634
1605	0.172626
1606	0.171673
1607	0.170566
1608	0.172405
1609	0.170452
1610	0.162319
1611	0.165893
1612	0.167871
1613	0.171194
1614	0.171495
1615	0.171207
1616	0.166146
1617	0.168908
1618	0.174427
1619	0.174444
1620	0.171042
1621	0.171765
1622	0.175126
1623	0.179537
1624	0.181001
1625	0.180035
1626	0.183011
1627	0.185365
1628	0.188269
1629	0.190927
1630	0.193718
1631	0.194272
1632	0.193935
1633	0.191579
1634	0.189655
1635	0.191586
1636	0.190797
1637	0.184559
1638	0.182889
1639	0.180114
1640	0.181681
1641	0.180736
1642	0.180908
1643	0.183491
1644	0.181957
1645	0.181336
1646	0.183523
1647	0.18383
1648	0.183244
1649	0.180556
1650	0.181979
1651	0.180305
1652	0.181945
1653	0.180682
1654	0.181224
1655	0.179769
1656	0.180615
1657	0.180672
1658	0.179725
1659	0.177989
1660	0.178952
1661	0.179613
1662	0.178983
1663	0.17826
1664	0.177931
1665	0.176511
1666	0.175198
1667	0.175181
1668	0.173068
1669	0.174254
1670	0.176745
1671	0.175638
1672	0.17055
1673	0.172347
1674	0.174243
1675	0.172453
1676	0.17057
1677	0.171581
1678	0.172093
1679	0.168062
1680	0.161485
1681	0.155435
1682	0.157105
1683	0.160363
1684	0.161821
1685	0.161509
1686	0.159162
1687	0.158662
1688	0.157724
1689	0.15533
1690	0.154737
1691	0.156297
1692	0.155934
1693	0.154761
1694	0.154065
1695	0.153395
1696	0.15219
1697	0.151013
1698	0.150301
1699	0.148971
1700	0.146774
1701	0.146016
1702	0.145513
1703	0.144842
1704	0.144148
1705	0.143414
1706	0.142333
1707	0.141209
1708	0.140096
1709	0.138994
1710	0.138042
1711	0.137929
1712	0.137959
1713	0.137992
1714	0.138029
1715	0.137954
1716	0.137159
1717	0.136257
1718	0.135362
1719	0.134475
1720	0.133649
1721	0.133127
1722	0.132663
1723	0.132205
1724	0.131751
1725	0.131255
1726	0.130457
1727	0.12962
1728	0.128788
1729	0.127962
1730	0.12703
1731	0.125408
1732	0.123683
1733	0.121967
1734	0.120261
1735	0.118877
1736	0.119346
1737	0.120126
1738	0.120905
1739	0.121681
1740	0.122262
1741	0.0984234
1742	0.0840466
1743	0.0736623
1744	0.0655761
1745	0.0590329
1746	0.053696
1747	0.0491696
1748	0.0452542
1749	0.0418275
1750	0.038806
1751	0.0361424
1752	0.0337591
1753	0.0316093
1754	0.0296605
1755	0.0278755
1756	0.0261791
1757	0.0246161
1758	0.0231805
1759	0.0218583
1760	0.0206431
1761	0.0195505
1762	0.0185413
1763	0.0176022
1764	0.0167269
1765	0.0159095
1766	0.0151451
1767	0.0144291
1768	0.0137575
1769	0.0131267
1770	0.0125287
1771	0.0119352
1772	0.0113724
1773	0.0108424
1774	0.0103429
1775	0.0098773
1776	0.0094698
1777	0.00908891
1778	0.00872762
1779	0.00838465
1780	0.00805655
1781	0.00773147
1782	0.00742051
1783	0.00712493
1784	0.00684381
1785	0.00657814
1786	0.00633604
1787	0.00610679
1788	0.00588789
1789	0.00567876
1790	0.00547665
1791	0.00526943
1792	0.00506953
1793	0.00487862
1794	0.00469622
1795	0.00452188
1796	0.00435516
1797	0.00419568
1798	0.00404306
1799	0.00389694
1800	0.00375923
1801	0.00302655
1802	0.00246169
1803	0.00201908
1804	0.00166831
1805	0.00138739
1806	0.00115948
1807	0.000974077
1808	0.000822297
1809	0.000697255
1810	0.000592419
1811	0.000498943
1812	0.000420699
1813	0.000355781
1814	0.000301709
1815	0.0002573
1816	0.000224049
1817	0.000196188
1818	0.000172196
1819	0.000151475
1820	0.000133487
1821	0.000117652
1822	0.000103863
1823	9.18591e-05
1824	8.13854e-05
1825	7.21518e-05
1826	6.36531e-05
1827	5.61828e-05
1828	4.96621e-05
1829	4.39601e-05
1830	3.89851e-05
1831	3.47145e-05
1832	3.0967e-05
1833	2.7658e-05
1834	2.47321e-05
1835	2.21384e-05
1836	1.98187e-05
1837	1.77588e-05
1838	1.59296e-05
1839	1.43031e-05
1840	1.28537e-05
1841	1.15501e-05
1842	1.03869e-05
1843	9.34911e-06
1844	8.42225e-06
1845	7.59758e-06
1846	6.87905e-06
1847	6.23676e-06
1848	5.65888e-06
1849	5.13848e-06
1850	4.6679e-06
1851	4.23517e-06
1852	3.84401e-06
1853	3.49138e-06
1854	3.17322e-06
1855	2.88595e-06
1856	2.62636e-06
1857	2.39162e-06
1858	2.1792e-06
1859	1.98683e-06
1860	1.8125e-06
1861	1.90254e-06
1862	1.99742e-06
1863	2.09744e-06
1864	2.2029e-06
1865	2.31458e-06
1866	2.43473e-06
1867	2.56217e-06
1868	2.69684e-06
1869	2.8392e-06
1870	2.98315e-06
1871	3.09272e-06
1872	3.19877e-06
1873	3.30789e-06
1874	3.42009e-06
1875	3.55494e-06
1876	3.81781e-06
1877	4.12173e-06
1878	4.44881e-06
1879	4.80084e-06
1880	5.16567e-06
1881	5.46847e-06
1882	5.77472e-06
1883	6.09969e-06
1884	6.44462e-06
1885	6.80525e-06
1886	7.15045e-06
1887	7.50852e-06
1888	7.88616e-06
1889	8.28456e-06
1890	8.71117e-06
1891	9.2014e-06
1892	9.72897e-06
1893	1.02898e-05
1894	1.08862e-05
1895	1.1529e-05
1896	1.22668e-05
1897	1.30653e-05
1898	1.39203e-05
1899	1.48361e-05
1900	1.58094e-05
1901	1.6797e-05
1902	1.78437e-05
1903	1.89624e-05
1904	2.01585e-05
1905	2.14349e-05
1906	2.27744e-05
1907	2.42034e-05
1908	2.57319e-05
1909	2.73678e-05
1910	2.91257e-05
1911	3.10411e-05
1912	3.31038e-05
1913	3.5319e-05
1914	3.76992e-05
1915	4.0258e-05
1916	4.30106e-05
1917	4.59731e-05
1918	4.91637e-05
1919	5.26018e-05
1920	5.63091e-05
1921	5.25651e-05
1922	5.30483e-05
1923	5.44294e-05
1924	5.6361e-05
1925	5.87062e-05
1926	6.13036e-05
1927	6.424e-05
1928	6.75392e-05
1929	7.12146e-05
1930	7.53455e-05
1931	8.0278e-05
1932	8.57965e-05
1933	9.18969e-05
1934	9.86408e-05
1935	0.000106044
1936	0.000113838
1937	0.000122388
1938	0.000131847
1939	0.000142325
1940	0.000153716
1941	0.000164818
1942	0.000176786
1943	0.000189992
1944	0.000204594
1945	0.000221513
1946	0.000245229
1947	0.000273054
1948	0.000304818
1949	0.000341199
1950	0.000382712
1951	0.000428559
1952	0.000481117
1953	0.000542055
1954	0.000613065
1955	0.000695731
1956	0.000789434
1957	0.000899539
1958	0.00103068
1959	0.00118827
1960	0.00137932
1961	0.00150668
1962	0.00164825
1963	0.00180631
1964	0.00198324
1965	0.00218362
1966	0.0024212
1967	0.00269305
1968	0.00300291
1969	0.00335746
1970	0.00376278
1971	0.00421486
1972	0.00473516
1973	0.00534033
1974	0.00604887
1975	0.00688466
1976	0.00787907
1977	0.00907412
1978	0.0105274
1979	0.0123201
1980	0.0145747
1981	0.0174912
1982	0.0213604
1983	0.0267123
1984	0.0346366
1985	0.0480288
1986	0.0326774
1987	0.0257213
1988	0.0212302
1989	0.0179947
1990	0.0155109
1991	0.0134756
1992	0.0118142
1993	0.0104406
1994	0.0092877
1995	0.00831397
1996	0.00750639
1997	0.00681053
1998	0.00620224
1999	0.0056671
2000	0.00519144
2001	0.00475641
2002	0.00436673
2003	0.00401808
2004	0.003705
2005	0.00342443
2006	0.00363148
2007	0.00385614
2008	0.00409853
2009	0.00436043
2010	0.00464307
2011	0.00494255
2012	0.00526653
2013	0.00561863
2014	0.00600213
2015	0.00641962
2016	0.00686676
2017	0.0073555
2018	0.00789264
2019	0.00848486
2020	0.00914421
2021	0.00990338
2022	0.0107569
2023	0.0117162
2024	0.0128002
2025	0.0140269
2026	0.0153909
2027	0.0169575
2028	0.018785
2029	0.0209457
2030	0.0235515
2031	0.0267943
2032	0.0309324
2033	0.0364858
2034	0.044721
2035	0.0616745
2036	0.0603592
2037	0.0591604
2038	0.0580616
2039	0.0570442
2040	0.0561366
2041	0.0555136
2042	0.0549754
2043	0.0544747
2044	0.0540071
2045	0.0535342
2046	0.0528626
2047	0.0521858
2048	0.051536
2049	0.0509112
2050	0.0503236
2051	0.0498232
2052	0.0493558
2053	0.0489058
2054	0.0484724
2055	0.0480454
2056	0.0475607
2057	0.0470821
2058	0.0466181
2059	0.0461682
2060	0.045745
2061	0.0453966
2062	0.0450731
2063	0.0447611
2064	0.0444603
2065	0.0441704
2066	0.0444881
2067	0.0448126
2068	0.0451441
2069	0.045483
2070	0.0458432
2071	0.046276
2072	0.0467326
2073	0.0472
2074	0.0476788
2075	0.0481503
2076	0.0485087
2077	0.0488577
2078	0.049217
2079	0.0495874
2080	0.0499795
2081	0.0504353
2082	0.0509163
2083	0.0514135
2084	0.0519282
2085	0.0524671
2086	0.0530373
2087	0.0536358
2088	0.0542592
2089	0.0549101
2090	0.05558
2091	0.0562256
2092	0.0568956
2093	0.0576063
2094	0.0583639
2095	0.0592011
2096	0.0602678
2097	0.0614473
2098	0.0627365
2099	0.0641683
2100	0.0657902
2101	0.0658394
2102	0.0658827
2103	0.0659271
2104	0.0659725
2105	0.0660052
2106	0.0659561
2107	0.0658941
2108	0.0658329
2109	0.0657726
2110	0.0657201
2111	0.0657243
2112	0.0657368
2113	0.0657505
2114	0.0657656
2115	0.0657821
2116	0.0657861
2117	0.0657916
2118	0.0657987
2119	0.0658076
2120	0.0658182
2121	0.0658165
2122	0.0658168
2123	0.0658191
2124	0.0658236
2125	0.0658519
2126	0.0659973
2127	0.0661675
2128	0.0663413
2129	0.0665189
2130	0.0666718
2131	0.0666698
2132	0.0666427
2133	0.0666198
2134	0.0666016
2135	0.0666103
2136	0.0667716
2137	0.0669624
2138	0.0671618
2139	0.067371
2140	0.0675693
2141	0.067647
2142	0.0677172
2143	0.0678059
2144	0.0679185
2145	0.0680864
2146	0.0684085
2147	0.0688342
2148	0.0694311
2149	0.0693834
2150	0.0693281
2151	0.0691957
2152	0.0690557
2153	0.0689158
2154	0.0687762
2155	0.0686367
2156	0.0684664
2157	0.0682964
2158	0.0681265
2159	0.0679568
2160	0.0676947
2161	0.0668623
2162	0.0659379
2163	0.065014
2164	0.0640905
2165	0.0633448
2166	0.0636776
2167	0.0641876
2168	0.0646974
2169	0.065207
2170	0.0656627
2171	0.0657644
2172	0.0658123
2173	0.0658602
2174	0.0659083
2175	0.0659256
2176	0.0657586
2177	0.065561
2178	0.0653636
2179	0.0651664
2180	0.0649923
2181	0.064972
2182	0.0649748
2183	0.0649778
2184	0.0649808
2185	0.0649532
2186	0.0647262
2187	0.0644688
2188	0.0642116
2189	0.0639545
2190	0.063736
2191	0.0637476
2192	0.0637975
2193	0.0638476
2194	0.0638977
2195	0.0639249
2196	0.0638297
2197	0.0637117
2198	0.0635938
2199	0.0634525
2200	0.0632886
2201	0.0629874
2202	0.0626637
2203	0.0623404
2204	0.0620176
2205	0.0617334
2206	0.0616477
2207	0.0616004
2208	0.0615531
2209	0.0615061
2210	0.0614515
2211	0.0613667
2212	0.0612745
2213	0.0611825
2214	0.0610907
2215	0.060999
2216	0.0609075
2217	0.0608162
2218	0.0607251
2219	0.0606342
2220	0.0605283
2221	0.0603318
2222	0.0601205
2223	0.0599095
2224	0.0596988
2225	0.0595034
2226	0.0593989
2227	0.0593096
2228	0.0592205
2229	0.0591316
2230	0.0590428
2231	0.0589391
2232	0.0588356
2233	0.0587323
2234	0.0586292
2235	0.0585111
2236	0.0582882
2237	0.0580505
2238	0.0578131
2239	0.057576
2240	0.0573616
2241	0.0572824
2242	0.0572258
2243	0.0571693
2244	0.0571129
2245	0.0570417
2246	0.0568959
2247	0.0567353
2248	0.0565749
2249	0.0564147
2250	0.0562547
2251	0.0560652
2252	0.0558758
2253	0.0556867
2254	0.0554978
2255	0.055324
2256	0.0552546
2257	0.0552001
2258	0.0551458
2259	0.0550916
2260	0.0550301
2261	0.0548944
2262	0.0547515
2263	0.0546087
2264	0.0544661
2265	0.0543386
2266	0.0542704
2267	0.0542172
2268	0.054164
2269	0.054111
2270	0.0540506
2271	0.0536032
2272	0.0531643
2273	0.05274
2274	0.0523289
2275	0.0519156
2276	0.0514426
2277	0.0509668
2278	0.0505018
2279	0.0500468
2280	0.0496221
2281	0.0493304
2282	0.0490662
2283	0.0488083
2284	0.0485562
2285	0.0483097
2286	0.0480415
2287	0.0477786
2288	0.0475207
2289	0.0472676
2290	0.0469926
2291	0.0465514
2292	0.04609
2293	0.0456345
2294	0.0451849
2295	0.0447796
2296	0.044585
2297	0.044432
2298	0.0442817
2299	0.044134
2300	0.0439824
2301	0.043783
2302	0.04358
2303	0.0433798
2304	0.0431823
2305	0.0429811
2306	0.0427578
2307	0.042531
2308	0.0423069
2309	0.0420853
2310	0.0418662
2311	0.0416253
2312	0.041387
2313	0.0411511
2314	0.0409177
2315	0.0406866
2316	0.0404697
2317	0.040255
2318	0.0400424
2319	0.0398319
2320	0.0396058
2321	0.0392533
2322	0.0388862
2323	0.0385222
2324	0.0381611
2325	0.0378432
2326	0.0377462
2327	0.0376903
2328	0.0376351
2329	0.0375808
2330	0.0375101
2331	0.03735
2332	0.0371743
2333	0.0370001
2334	0.0368273
2335	0.036656
2336	0.036486
2337	0.0363175
2338	0.0361503
2339	0.0359844
2340	0.0358253
2341	0.0357003
2342	0.0355819
2343	0.0354644
2344	0.0353478
2345	0.0352214
2346	0.035042
2347	0.0348532
2348	0.0346657
2349	0.0344795
2350	0.0342839
2351	0.0340153
2352	0.0337377
2353	0.033462
2354	0.033188
2355	0.0329473
2356	0.0328759
2357	0.0328364
2358	0.0327974
2359	0.0327588
2360	0.0327153
2361	0.0308241
2362	0.0291691
2363	0.0277016
2364	0.0263848
2365	0.025188
2366	0.0240651
2367	0.0230301
2368	0.0220745
2369	0.0211884
2370	0.0203602
2371	0.0195678
2372	0.0188225
2373	0.0181226
2374	0.0174638
2375	0.0168532
2376	0.0163292
2377	0.0158427
2378	0.0153806
2379	0.0149411
2380	0.0145037
2381	0.0139816
2382	0.0134666
2383	0.0129758
2384	0.0125076
2385	0.012081
2386	0.0117922
2387	0.0115341
2388	0.0112857
2389	0.0110464
2390	0.0108085
2391	0.0105371
2392	0.010269
2393	0.0100107
2394	0.0097618
2395	0.00952171
2396	0.00928693
2397	0.00906029
2398	0.00884139
2399	0.00862986
2400	0.00842536
2401	0.00823032
2402	0.00804157
2403	0.00785881
2404	0.0076818
2405	0.00751027
2406	0.00734647
2407	0.00718761
2408	0.00703347
2409	0.00688387
2410	0.00673294
2411	0.00655296
2412	0.00637311
2413	0.00619883
2414	0.00602993
2415	0.00587441
2416	0.00576794
2417	0.00567213
2418	0.00557866
2419	0.00548745
2420	0.00539563
2421	0.0052877
2422	0.00517989
2423	0.00507492
2424	0.00497268
2425	0.00487393
2426	0.00478271
2427	0.00469456
2428	0.00460857
2429	0.00452466
2430	0.004442
2431	0.00435368
2432	0.0042668
2433	0.00418207
2434	0.00409941
2435	0.00401947
2436	0.00394706
2437	0.00387701
2438	0.00380856
2439	0.00374167
2440	0.00367563
2441	0.00360595
2442	0.00353725
2443	0.00347014
2444	0.00340457
2445	0.00333991
2446	0.00327435
2447	0.00320973
2448	0.00314659
2449	0.0030849
2450	0.00302572
2451	0.00276916
2452	0.0025406
2453	0.00233545
2454	0.00215073
2455	0.0019847
2456	0.00183777
2457	0.00170486
2458	0.00158377
2459	0.00147321
2460	0.00137182
2461	0.00127704
2462	0.00118992
2463	0.00110992
2464	0.00103635
2465	0.000968232
2466	0.000903758
2467	0.000844003
2468	0.000788858
2469	0.000737907
2470	0.000691036
2471	0.000649324
2472	0.0006108
2473	0.000574961
2474	0.000541588
2475	0.000510195
2476	0.00047912
2477	0.000449945
2478	0.000422784
2479	0.000397478
2480	0.000374098
2481	0.000353223
2482	0.000333878
2483	0.000315749
2484	0.00029875
2485	0.000282908
2486	0.000268548
2487	0.000255128
2488	0.000242483
2489	0.000230563
2490	0.000218941
2491	0.000205752
2492	0.000193069
2493	0.000181207
2494	0.000170108
2495	0.000160208
2496	0.000153597
2497	0.000147746
2498	0.000142152
2499	0.000136802
2500	0.000131479
2501	3.26261e-05
2502	9.78954e-06
2503	3.33199e-06
2504	1.24254e-06
2505	4.96973e-07
2506	2.0986e-07
2507	9.28101e-08
2508	4.26844e-08
2509	2.03028e-08
2510	9.94645e-09
2511	5.00661e-09
2512	2.57943e-09
2513	1.35676e-09
2514	7.27166e-10
2515	3.96448e-10
2516	2.19644e-10
2517	1.23457e-10
2518	7.03243e-11
2519	4.05578e-11
2520	2.36673e-11
2521	1.39724e-11
2522	8.33458e-12
2523	5.01917e-12
2524	3.04986e-12
2525	1.8694e-12
2526	1.15654e-12
2527	7.21144e-13
2528	4.52929e-13
2529	2.86441e-13
2530	1.82309e-13
2531	1.1652e-13
2532	7.49045e-14
2533	4.84301e-14
2534	3.1486e-14
2535	2.05832e-14
2536	1.35359e-14
2537	8.94711e-15
2538	5.94195e-15
2539	3.96416e-15
2540	2.65632e-15
2541	1.78829e-15
2542	1.20886e-15
2543	8.20419e-16
2544	5.58937e-16
2545	3.82213e-16
2546	2.62196e-16
2547	1.80495e-16
2548	1.24675e-16
2549	8.64016e-17
2550	6.00697e-17
2551	4.18749e-17
2552	2.92797e-17
2553	2.05333e-17
2554	1.4441e-17
2555	1.01847e-17
2556	7.19938e-18
2557	5.10262e-18
2558	3.62591e-18
2559	2.58308e-18
2560	1.84512e-18
2561	1.32234e-18
2562	9.50127e-19
2563	6.8426e-19
2564	4.939e-19
2565	3.57285e-19
2566	2.58902e-19
2567	1.88007e-19
2568	1.36807e-19
2569	9.97519e-20
2570	7.28779e-20
2571	5.33237e-20
2572	3.90905e-20
2573	2.871e-20
2574	2.11246e-20
2575	1.55713e-20
2576	1.14981e-20
2577	8.50505e-21
2578	6.30181e-21
2579	4.67711e-21
2580	3.47618e-21
2581	2.58423e-21
2582	1.92373e-21
2583	1.43425e-21
2584	1.07094e-21
2585	8.01226e-22
2586	6.02263e-22
2587	4.53576e-22
2588	3.42086e-22
2589	2.58364e-22
2590	1.95357e-22
2591	1.47645e-22
2592	1.11709e-22
2593	8.46311e-23
2594	6.42002e-23
2595	4.87752e-23
2596	3.71376e-23
2597	2.83184e-23
2598	2.16201e-23
2599	1.65261e-23
2600	1.26474e-23
2601	6.48427e-24
2602	4.42977e-24
2603	3.19441e-24
2604	2.3708e-24
2605	1.79285e-24
2606	1.37301e-24
2607	1.0625e-24
2608	8.29117e-25
2609	6.51494e-25
2610	5.14938e-25
2611	4.09266e-25
2612	3.26728e-25
2613	2.61866e-25
2614	2.10624e-25
2615	1.69951e-25
2616	1.37403e-25
2617	1.11386e-25
2618	9.05172e-26
2619	7.37268e-26
2620	6.01503e-26
2621	4.90067e-26
2622	3.99819e-26
2623	3.26753e-26
2624	2.67475e-26
2625	2.19558e-26
2626	1.81741e-26
2627	1.50837e-26
2628	1.25358e-26
2629	1.04318e-26
2630	8.68742e-27
2631	7.22234e-27
2632	6.00832e-27
2633	5.00391e-27
2634	4.17186e-27
2635	3.4809e-27
2636	2.90016e-27
2637	2.41801e-27
2638	2.01787e-27
2639	1.68545e-27
2640	1.4097e-27
2641	1.18359e-27
2642	9.95064e-28
2643	8.37242e-28
2644	7.05004e-28
2645	5.94107e-28
2646	5.00528e-28
2647	4.21995e-28
2648	3.56037e-28
2649	3.00596e-28
2650	2.53959e-28
2651	2.14486e-28
2652	1.81264e-28
2653	1.53285e-28
2654	1.29705e-28
2655	1.09846e-28
2656	9.31774e-29
2657	7.91044e-29
2658	6.71954e-29
2659	5.71115e-29
2660	4.85555e-29
2661	4.12409e-29
2662	3.50378e-29
2663	2.97832e-29
2664	2.53296e-29
2665	2.15638e-29
2666	1.84047e-29
2667	1.57242e-29
2668	1.34406e-29
2669	1.14941e-29
2670	9.83164e-30
2671	8.39199e-30
2672	7.16454e-30
2673	6.11933e-30
2674	5.22889e-30
2675	4.4711e-30
2676	3.82873e-30
2677	3.2809e-30
2678	2.81263e-30
2679	2.41219e-30
2680	2.0696e-30
2681	1.77639e-30
2682	1.52532e-30
2683	1.31026e-30
2684	1.12595e-30
2685	9.67944e-31
2686	8.31551e-31
2687	7.14643e-31
2688	6.14396e-31
2689	5.28404e-31
2690	4.5461e-31
2691	3.91467e-31
2692	3.37214e-31
2693	2.90581e-31
2694	2.50483e-31
2695	2.15992e-31
2696	1.86214e-31
2697	1.60595e-31
2698	1.38545e-31
2699	1.19563e-31
2700	1.03242e-31
2701	1.25321e-31
2702	1.52263e-31
2703	1.8512e-31
2704	2.25218e-31
2705	2.74187e-31
2706	3.34031e-31
2707	4.07216e-31
2708	4.9678e-31
2709	6.06467e-31
2710	7.40894e-31
2711	9.06258e-31
2712	1.10933e-30
2713	1.35888e-30
2714	1.6658e-30
2715	2.04355e-30
2716	2.50745e-30
2717	3.07898e-30
2718	3.78366e-30
2719	4.65317e-30
2720	5.72694e-30
2721	7.05012e-30
2722	8.68585e-30
2723	1.07096e-29
2724	1.32155e-29
2725	1.63255e-29
2726	2.01952e-29
2727	2.50098e-29
2728	3.09982e-29
2729	3.84531e-29
2730	4.77417e-29
2731	5.92596e-29
2732	7.36205e-29
2733	9.15423e-29
2734	1.13929e-28
2735	1.41917e-28
2736	1.77043e-28
2737	2.21067e-28
2738	2.76296e-28
2739	3.4565e-28
2740	4.32827e-28
2741	5.42822e-28
2742	6.81439e-28
2743	8.56303e-28
2744	1.07712e-27
2745	1.35626e-27
2746	1.70853e-27
2747	2.15454e-27
2748	2.71985e-27
2749	3.43716e-27
2750	4.34835e-27
2751	5.50399e-27
2752	6.97448e-27
2753	8.84779e-27
2754	1.1237e-26
2755	1.4288e-26
2756	1.81885e-26
2757	2.31814e-26
2758	2.95804e-26
2759	3.77918e-26
2760	4.83425e-26
2761	6.19523e-26
2762	7.94949e-26
2763	1.02137e-25
2764	1.31401e-25
2765	1.69275e-25
2766	2.18488e-25
2767	2.82397e-25
2768	3.65511e-25
2769	4.73758e-25
2770	6.14771e-25
2771	7.97993e-25
2772	1.03706e-24
2773	1.34978e-24
2774	1.7595e-24
2775	2.29718e-24
2776	3.00571e-24
2777	3.93916e-24
2778	5.171e-24
2779	6.79946e-24
2780	8.95606e-24
2781	1.18243e-23
2782	1.56387e-23
2783	2.07212e-23
2784	2.7506e-23
2785	3.65812e-23
2786	4.87438e-23
2787	6.50775e-23
2788	8.70579e-23
2789	1.167e-22
2790	1.5676e-22
2791	2.10892e-22
2792	2.84333e-22
2793	3.842e-22
2794	5.2032e-22
2795	7.06515e-22
2796	9.62204e-22
2797	1.31401e-21
2798	1.79892e-21
2799	2.46907e-21
2800	3.39771e-21
2801	4.24616e-21
2802	5.31154e-21
2803	6.65066e-21
2804	8.33556e-21
2805	1.04609e-20
2806	1.31496e-20
2807	1.65513e-20
2808	2.08548e-20
2809	2.6305e-20
2810	3.32151e-20
2811	4.19862e-20
2812	5.31322e-20
2813	6.73124e-20
2814	8.53745e-20
2815	1.08409e-19
2816	1.37734e-19
2817	1.75201e-19
2818	2.2313e-19
2819	2.84521e-19
2820	3.63259e-19
2821	4.64088e-19
2822	5.93671e-19
2823	7.60437e-19
2824	9.75353e-19
2825	1.25311e-18
2826	1.61322e-18
2827	2.0804e-18
2828	2.68675e-18
2829	3.47493e-18
2830	4.50104e-18
2831	5.83537e-18
2832	7.577e-18
2833	9.85401e-18
2834	1.2836e-17
2835	1.67479e-17
2836	2.18749e-17
2837	2.86202e-17
2838	3.75111e-17
2839	4.92518e-17
2840	6.47853e-17
2841	8.54316e-17
2842	1.12873e-16
2843	1.49419e-16
2844	1.98193e-16
2845	2.63426e-16
2846	3.50635e-16
2847	4.67714e-16
2848	6.25254e-16
2849	8.37737e-16
2850	1.12501e-15
2851	1.51438e-15
2852	2.04344e-15
2853	2.76422e-15
2854	3.74879e-15
2855	5.09744e-15
2856	6.95459e-15
2857	9.51481e-15
2858	1.30549e-14
2859	1.7965e-14
2860	2.47972e-14
2861	3.43353e-14
2862	4.76965e-14
2863	6.6479e-14
2864	9.29789e-14
2865	1.30509e-13
2866	1.83621e-13
2867	2.59341e-13
2868	3.67746e-13
2869	5.23623e-13
2870	7.49031e-13
2871	1.077e-12
2872	1.55634e-12
2873	2.25997e-12
2874	3.29842e-12
2875	4.8413e-12
2876	7.15038e-12
2877	1.06262e-11
2878	1.58889e-11
2879	2.39118e-11
2880	3.62317e-11
2881	5.5221e-11
2882	8.48076e-11
2883	1.31307e-10
2884	2.05069e-10
2885	3.2324e-10
2886	5.14945e-10
2887	8.29167e-10
2888	1.35068e-09
2889	2.22814e-09
2890	3.72678e-09
2891	6.32922e-09
2892	1.09333e-08
2893	1.92518e-08
2894	3.4651e-08
2895	6.39851e-08
2896	1.21758e-07
2897	2.40822e-07
2898	5.0193e-07
2899	1.13731e-06
2900	3.31847e-06
2901	3.42239e-06
2902	3.52988e-06
2903	3.64108e-06
2904	3.75613e-06
2905	3.87518e-06
2906	3.99559e-06
2907	4.12013e-06
2908	4.24895e-06
2909	4.38222e-06
2910	4.52011e-06
2911	4.65952e-06
2912	4.80368e-06
2913	4.95279e-06
2914	5.10703e-06
2915	5.2666e-06
2916	5.43555e-06
2917	5.61051e-06
2918	5.79171e-06
2919	5.97939e-06
2920	6.17382e-06
2921	6.37526e-06
2922	6.584e-06
2923	6.80033e-06
2924	7.02455e-06
2925	7.25698e-06
2926	7.49797e-06
2927	7.74786e-06
2928	8.00702e-06
2929	8.27582e-06
2930	8.55468e-06
2931	8.83759e-06
2932	9.13096e-06
2933	9.43521e-06
2934	9.7508e-06
2935	1.00782e-05
2936	1.04256e-05
2937	1.07863e-05
2938	1.1161e-05
2939	1.15503e-05
2940	1.19548e-05
2941	1.2366e-05
2942	1.2793e-05
2943	1.32367e-05
2944	1.36976e-05
2945	1.4182e-05
2946	1.46965e-05
2947	1.52377e-05
2948	1.58013e-05
2949	1.63882e-05
2950	1.69996e-05
2951	1.76365e-05
2952	1.83004e-05
2953	1.89923e-05
2954	1.97136e-05
2955	2.04658e-05
2956	2.12343e-05
2957	2.20355e-05
2958	2.28709e-05
2959	2.37422e-05
2960	2.46511e-05
2961	2.56189e-05
2962	2.66297e-05
2963	2.76856e-05
2964	2.8789e-05
2965	2.99423e-05
2966	3.11243e-05
2967	3.23595e-05
2968	3.36507e-05
2969	3.50007e-05
2970	3.64126e-05
2971	3.79188e-05
2972	3.94961e-05
2973	4.11483e-05
2974	4.28796e-05
2975	4.46943e-05
2976	4.65611e-05
2977	4.85176e-05
2978	5.0569e-05
2979	5.27205e-05
2980	5.49779e-05
2981	5.73916e-05
2982	5.99276e-05
2983	6.25932e-05
2984	6.53961e-05
2985	6.83446e-05
2986	7.13918e-05
2987	7.45977e-05
2988	7.79722e-05
2989	8.15256e-05
2990	8.52695e-05
2991	8.9286e-05
2992	9.3525e-05
2993	9.80014e-05
2994	0.000102731
2995	0.000107732
2996	0.000113023
2997	0.000118625
2998	0.000124562
2999	0.000130858
3000	0.000137542
3001	0.000137519
3002	0.000137496
3003	0.000137472
3004	0.000137449
3005	0.000137425
3006	0.00013751
3007	0.000137596
3008	0.000137682
3009	0.000137768
3010	0.000137854
3011	0.00013794
3012	0.000138027
3013	0.000138113
3014	0.0001382
3015	0.000138287
3016	0.000138263
3017	0.000138238
3018	0.000138214
3019	0.000138189
3020	0.000138164
3021	0.000138139
3022	0.000138114
3023	0.000138088
3024	0.000138063
3025	0.000138037
3026	0.000138124
3027	0.000138211
3028	0.000138298
3029	0.000138386
3030	0.000138474
3031	0.000138448
3032	0.000138422
3033	0.000138396
3034	0.00013837
3035	0.000138343
3036	0.000138202
3037	0.000138061
3038	0.000137919
3039	0.000137777
3040	0.000137692
3041	0.000137952
3042	0.000138271
3043	0.000138591
3044	0.000138912
3045	0.000139234
3046	0.00013944
3047	0.000139648
3048	0.000139855
3049	0.000140064
3050	0.000140273
3051	0.000140366
3052	0.000140459
3053	0.000140552
3054	0.000140645
3055	0.000140739
3056	0.000140834
3057	0.000140928
3058	0.000141023
3059	0.000141119
3060	0.000141214
3061	0.000141073
3062	0.000140931
3063	0.000140789
3064	0.000140646
3065	0.000140563
3066	0.0001406
3067	0.000140697
3068	0.000140794
3069	0.000140892
3070	0.00014099
3071	0.00014121
3072	0.00014143
3073	0.000141652
3074	0.000141874
3075	0.000142098
3076	0.000142079
3077	0.000142061
3078	0.000142043
3079	0.000142025
3080	0.000142007
3081	0.00014199
3082	0.000141974
3083	0.000141958
3084	0.000141942
3085	0.000141927
3086	0.000141913
3087	0.000141899
3088	0.000141886
3089	0.000141874
3090	0.000141863
3091	0.000141852
3092	0.000141843
3093	0.000141835
3094	0.000141828
3095	0.000141822
3096	0.000141817
3097	0.000141814
3098	0.000141813
3099	0.000141814
3100	0.000141816
3101	0.000139634
3102	0.000139226
3103	0.000139328
3104	0.000139709
3105	0.000140275
3106	0.000140853
3107	0.000141539
3108	0.000142314
3109	0.000143166
3110	0.000144084
3111	0.000144932
3112	0.000145833
3113	0.000146782
3114	0.000147777
3115	0.000148884
3116	0.00015017
3117	0.00015157
3118	0.000153013
3119	0.000154499
3120	0.000156028
3121	0.000157598
3122	0.00015921
3123	0.000160863
3124	0.000162557
3125	0.000164293
3126	0.00016607
3127	0.000167888
3128	0.000169748
3129	0.000171651
3130	0.000173596
3131	0.000175583
3132	0.000177615
3133	0.00017969
3134	0.00018181
3135	0.000183975
3136	0.000186011
3137	0.00018809
3138	0.000190212
3139	0.000192376
3140	0.000194585
3141	0.000197025
3142	0.000199515
3143	0.000202057
3144	0.000204651
3145	0.000207299
3146	0.000209803
3147	0.000212356
3148	0.000214961
3149	0.000217618
3150	0.000220328
3151	0.000223307
3152	0.000226348
3153	0.000229451
3154	0.00023262
3155	0.000235854
3156	0.000239156
3157	0.000242528
3158	0.00024597
3159	0.000249485
3160	0.000253075
3161	0.000256988
3162	0.000260988
3163	0.000265076
3164	0.000269254
3165	0.000273525
3166	0.000277355
3167	0.000281264
3168	0.000285256
3169	0.000289333
3170	0.000293639
3171	0.000298331
3172	0.000303276
3173	0.000308335
3174	0.000313511
3175	0.000318807
3176	0.000323595
3177	0.000328487
3178	0.000333489
3179	0.000338602
3180	0.00034383
3181	0.00034952
3182	0.000355344
3183	0.000361305
3184	0.000367408
3185	0.000373657
3186	0.000380433
3187	0.000387377
3188	0.000394495
3189	0.000401793
3190	0.000409275
3191	0.000416536
3192	0.000423979
3193	0.000431609
3194	0.000439433
3195	0.000447457
3196	0.000455233
3197	0.000463206
3198	0.00047138
3199	0.000479764
3200	0.000488609
3201	0.000484918
3202	0.000481508
3203	0.000478134
3204	0.000474796
3205	0.000471492
3206	0.000467752
3207	0.000464052
3208	0.000460391
3209	0.000456769
3210	0.000453185
3211	0.000449183
3212	0.000445225
3213	0.000441309
3214	0.000437435
3215	0.000433602
3216	0.000430249
3217	0.00042693
3218	0.000423645
3219	0.000420392
3220	0.000417172
3221	0.000413984
3222	0.000410828
3223	0.000407702
3224	0.000404608
3225	0.000401544
3226	0.00039892
3227	0.000396321
3228	0.000393746
3229	0.000391193
3230	0.000388664
3231	0.00038576
3232	0.000382883
3233	0.000380033
3234	0.000377211
3235	0.000374414
3236	0.000371644
3237	0.0003689
3238	0.000366181
3239	0.000363487
3240	0.000360818
3241	0.000358173
3242	0.000355553
3243	0.000352957
3244	0.000350384
3245	0.000347834
3246	0.00034567
3247	0.000343523
3248	0.000341395
3249	0.000339285
3250	0.000337192
3251	0.000334414
3252	0.000331663
3253	0.000328936
3254	0.000326235
3255	0.000323559
3256	0.000321248
3257	0.000318957
3258	0.000316686
3259	0.000314434
3260	0.000312202
3261	0.00030999
3262	0.000307796
3263	0.000305621
3264	0.000303465
3265	0.000301327
3266	0.000299207
3267	0.000297105
3268	0.000295021
3269	0.000292955
3270	0.000290906
3271	0.000288874
3272	0.000286859
3273	0.000284861
3274	0.00028288
3275	0.000280915
3276	0.000278966
3277	0.000277034
3278	0.000275117
3279	0.000273217
3280	0.000271331
3281	0.000269462
3282	0.000267607
3283	0.000265768
3284	0.000263943
3285	0.000262134
3286	0.000260624
3287	0.000259125
3288	0.000257637
3289	0.000256161
3290	0.000254556
3291	0.000252409
3292	0.000250144
3293	0.000247899
3294	0.000245673
3295	0.000243603
3296	0.000241819
3297	0.000240183
3298	0.000238561
3299	0.000236951
3300	0.000235353
3301	0.000239489
3302	0.000243712
3303	0.000248026
3304	0.000252432
3305	0.000256934
3306	0.000260948
3307	0.000265042
3308	0.000269217
3309	0.000273475
3310	0.000277818
3311	0.000282569
3312	0.00028742
3313	0.000292376
3314	0.000297439
3315	0.000302611
3316	0.000307196
3317	0.00031187
3318	0.000316637
3319	0.000321497
3320	0.000326643
3321	0.000332665
3322	0.000339021
3323	0.000345527
3324	0.000352188
3325	0.000359008
3326	0.000365146
3327	0.000371419
3328	0.000377832
3329	0.000384389
3330	0.000391093
3331	0.000398417
3332	0.000405915
3333	0.000413595
3334	0.00042146
3335	0.000429518
3336	0.000437774
3337	0.000446234
3338	0.000454905
3339	0.000463794
3340	0.000472907
3341	0.000482253
3342	0.000491838
3343	0.000501671
3344	0.00051176
3345	0.000522114
3346	0.000532107
3347	0.000542355
3348	0.000552868
3349	0.000563655
3350	0.000574724
3351	0.000586795
3352	0.000599201
3353	0.000611954
3354	0.000625068
3355	0.000638555
3356	0.000652431
3357	0.000666709
3358	0.000681406
3359	0.000696538
3360	0.000712123
3361	0.000728177
3362	0.000744722
3363	0.000761775
3364	0.00077936
3365	0.000797498
3366	0.000816214
3367	0.000835531
3368	0.000855477
3369	0.000876079
3370	0.000897368
3371	0.000919375
3372	0.000942133
3373	0.000965678
3374	0.000990048
3375	0.00101528
3376	0.00104143
3377	0.00106852
3378	0.00109663
3379	0.00112578
3380	0.00115605
3381	0.00118898
3382	0.00122323
3383	0.00125889
3384	0.00129602
3385	0.00133472
3386	0.00137337
3387	0.00141368
3388	0.00145575
3389	0.00149971
3390	0.00154568
3391	0.00159379
3392	0.0016442
3393	0.00169707
3394	0.00175258
3395	0.00181095
3396	0.00187002
3397	0.00193225
3398	0.0019979
3399	0.0020673
3400	0.00214214
3401	0.00216301
3402	0.00218556
3403	0.00220842
3404	0.00223159
3405	0.00225366
3406	0.00227022
3407	0.00228552
3408	0.002301
3409	0.00231666
3410	0.00233401
3411	0.0023546
3412	0.00237701
3413	0.00239973
3414	0.00242277
3415	0.00244613
3416	0.00246664
3417	0.00248742
3418	0.00250848
3419	0.00252983
3420	0.00255148
3421	0.00257342
3422	0.00259567
3423	0.00261823
3424	0.00264111
3425	0.00266432
3426	0.00268786
3427	0.00271174
3428	0.00273597
3429	0.00276055
3430	0.0027855
3431	0.00281453
3432	0.00284401
3433	0.00287396
3434	0.0029044
3435	0.00293533
3436	0.00296286
3437	0.00299082
3438	0.00301923
3439	0.00304809
3440	0.00307741
3441	0.00310722
3442	0.00313752
3443	0.00316832
3444	0.00319964
3445	0.00323149
3446	0.00326388
3447	0.00329684
3448	0.00333037
3449	0.00336449
3450	0.00339923
3451	0.0034392
3452	0.00347994
3453	0.00352145
3454	0.00356376
3455	0.0036069
3456	0.00364598
3457	0.00368583
3458	0.00372645
3459	0.00376789
3460	0.00381015
3461	0.00385849
3462	0.00390786
3463	0.00395829
3464	0.00400981
3465	0.00406247
3466	0.00411074
3467	0.00416009
3468	0.00421055
3469	0.00426216
3470	0.00431498
3471	0.00436905
3472	0.00442442
3473	0.00448114
3474	0.00453929
3475	0.00459891
3476	0.00466007
3477	0.00472286
3478	0.00478734
3479	0.00485359
3480	0.00492172
3481	0.0049987
3482	0.00507798
3483	0.00515966
3484	0.0052439
3485	0.00533083
3486	0.00541315
3487	0.00549825
3488	0.00558632
3489	0.00567757
3490	0.00577223
3491	0.00587056
3492	0.00597286
3493	0.00607947
3494	0.0061908
3495	0.0063073
3496	0.00642953
3497	0.00655817
3498	0.00669404
3499	0.00683819
3500	0.00699201
3501	0.00699927
3502	0.00700656
3503	0.00701388
3504	0.00702122
3505	0.00702859
3506	0.00702608
3507	0.00702358
3508	0.00702109
3509	0.0070186
3510	0.00701612
3511	0.00701365
3512	0.00701118
3513	0.00700873
3514	0.00700629
3515	0.00700385
3516	0.00700142
3517	0.00699901
3518	0.0069966
3519	0.0069942
3520	0.00699182
3521	0.00699951
3522	0.00700724
3523	0.00701501
3524	0.00702281
3525	0.00703064
3526	0.00702838
3527	0.00702613
3528	0.0070239
3529	0.00702168
3530	0.00701948
3531	0.00702747
3532	0.00703551
3533	0.00704358
3534	0.00705169
3535	0.00705985
3536	0.0070578
3537	0.00705576
3538	0.00705375
3539	0.00705176
3540	0.00704978
3541	0.00705813
3542	0.00706652
3543	0.00707496
3544	0.00708344
3545	0.00709198
3546	0.00709019
3547	0.00708843
3548	0.0070867
3549	0.00708499
3550	0.0070833
3551	0.00708165
3552	0.00708002
3553	0.00707842
3554	0.00707685
3555	0.00707532
3556	0.00707381
3557	0.00707234
3558	0.0070709
3559	0.0070695
3560	0.00706813
3561	0.00707736
3562	0.00708667
3563	0.00709604
3564	0.00710548
3565	0.00711499
3566	0.00711395
3567	0.00711295
3568	0.007112
3569	0.0071111
3570	0.00711026
3571	0.00710947
3572	0.00710874
3573	0.00710806
3574	0.00710746
3575	0.00710691
3576	0.00710644
3577	0.00710604
3578	0.00710571
3579	0.00710546
3580	0.00710529
3581	0.00711607
3582	0.00712698
3583	0.00713801
3584	0.00714918
3585	0.00716049
3586	0.00716099
3587	0.00716162
3588	0.00716237
3589	0.00716325
3590	0.00716428
3591	0.00716546
3592	0.0071668
3593	0.00716831
3594	0.00717001
3595	0.00717191
3596	0.00718516
3597	0.00719869
3598	0.00721252
3599	0.00722668
3600	0.00724118
3601	0.00723511
3602	0.00722903
3603	0.00722295
3604	0.00721686
3605	0.00721077
3606	0.00720467
3607	0.00719858
3608	0.00719248
3609	0.00718637
3610	0.00718026
3611	0.00718547
3612	0.00719068
3613	0.00719592
3614	0.00720116
3615	0.00720642
3616	0.00720033
3617	0.00719424
3618	0.00718815
3619	0.00718205
3620	0.00717595
3621	0.00718125
3622	0.00718656
3623	0.00719189
3624	0.00719723
3625	0.00720259
3626	0.00719652
3627	0.00719044
3628	0.00718437
3629	0.00717829
3630	0.00717221
3631	0.00717762
3632	0.00718304
3633	0.00718847
3634	0.00719392
3635	0.00719939
3636	0.00719334
3637	0.0071873
3638	0.00718125
3639	0.0071752
3640	0.00716916
3641	0.00717468
3642	0.00718022
3643	0.00718578
3644	0.00719136
3645	0.00719695
3646	0.00719095
3647	0.00718494
3648	0.00717894
3649	0.00717294
3650	0.00716694
3651	0.00716093
3652	0.00715494
3653	0.00714894
3654	0.00714294
3655	0.00713695
3656	0.00714267
3657	0.00714841
3658	0.00715417
3659	0.00715995
3660	0.00716575
3661	0.00717158
3662	0.00717743
3663	0.0071833
3664	0.0071892
3665	0.00719512
3666	0.00717746
3667	0.00715978
3668	0.00714209
3669	0.00712439
3670	0.00711259
3671	0.00711265
3672	0.00711865
3673	0.00712469
3674	0.00713075
3675	0.00713684
3676	0.00713106
3677	0.00712529
3678	0.00711953
3679	0.00711378
3680	0.00710804
3681	0.00710231
3682	0.0070966
3683	0.0070909
3684	0.00708522
3685	0.00707955
3686	0.00708591
3687	0.00709232
3688	0.00709876
3689	0.00710524
3690	0.00711177
3691	0.00710627
3692	0.0071008
3693	0.00709536
3694	0.00708995
3695	0.00708456
3696	0.0070792
3697	0.00707388
3698	0.00706859
3699	0.00706334
3700	0.00705813
3701	0.00706455
3702	0.007071
3703	0.00707748
3704	0.00708397
3705	0.00709049
3706	0.0070848
3707	0.00707911
3708	0.00707342
3709	0.00706774
3710	0.00706205
3711	0.00706866
3712	0.00707529
3713	0.00708195
3714	0.00708863
3715	0.00709533
3716	0.00708971
3717	0.00708409
3718	0.00707848
3719	0.00707286
3720	0.00706724
3721	0.00707404
3722	0.00708086
3723	0.00708771
3724	0.00709458
3725	0.00710148
3726	0.00709594
3727	0.00709039
3728	0.00708485
3729	0.00707931
3730	0.00707377
3731	0.00708077
3732	0.00708779
3733	0.00709484
3734	0.00710191
3735	0.00710902
3736	0.00709096
3737	0.00707288
3738	0.00705477
3739	0.00703664
3740	0.00702481
3741	0.00702563
3742	0.0070328
3743	0.00704
3744	0.00704722
3745	0.00705448
3746	0.00704904
3747	0.0070436
3748	0.00703816
3749	0.00703273
3750	0.0070273
3751	0.00703467
3752	0.00704206
3753	0.00704948
3754	0.00705694
3755	0.00706442
3756	0.00705908
3757	0.00705374
3758	0.0070484
3759	0.00704307
3760	0.00703774
3761	0.00704534
3762	0.00705298
3763	0.00706065
3764	0.00706835
3765	0.00707608
3766	0.00708384
3767	0.00709164
3768	0.00709947
3769	0.00710734
3770	0.00711524
3771	0.0071101
3772	0.00710497
3773	0.00709985
3774	0.00709473
3775	0.00708962
3776	0.00708451
3777	0.00707941
3778	0.00707432
3779	0.00706923
3780	0.00706415
3781	0.0070723
3782	0.00708048
3783	0.0070887
3784	0.00709696
3785	0.00710526
3786	0.0071003
3787	0.00709535
3788	0.0070904
3789	0.00708547
3790	0.00708054
3791	0.007089
3792	0.0070975
3793	0.00710604
3794	0.00711462
3795	0.00712324
3796	0.00711845
3797	0.00711367
3798	0.00710891
3799	0.00710415
3800	0.0070994
3801	0.00704285
3802	0.00699909
3803	0.00696273
3804	0.00693133
3805	0.00690357
3806	0.00686553
3807	0.00682985
3808	0.00679612
3809	0.00676406
3810	0.00673343
3811	0.00671697
3812	0.00670157
3813	0.00668711
3814	0.0066735
3815	0.00666067
3816	0.00663575
3817	0.00661154
3818	0.00658797
3819	0.006565
3820	0.00654259
3821	0.00653338
3822	0.00652464
3823	0.00651633
3824	0.00650843
3825	0.00650092
3826	0.00649378
3827	0.006487
3828	0.00648056
3829	0.00647444
3830	0.00646864
3831	0.00645058
3832	0.00643284
3833	0.00641541
3834	0.00639826
3835	0.00638139
3836	0.0063773
3837	0.00637345
3838	0.00636985
3839	0.00636649
3840	0.00636336
3841	0.00634798
3842	0.00633284
3843	0.00631793
3844	0.00630323
3845	0.00628876
3846	0.00628695
3847	0.00628535
3848	0.00628395
3849	0.00628275
3850	0.00628175
3851	0.0062685
3852	0.00625546
3853	0.00624261
3854	0.00622996
3855	0.00621749
3856	0.00621144
3857	0.00620558
3858	0.00619369
3859	0.0061882
3860	0.00618291
3861	0.0061778
3862	0.00617911
3863	0.00617439
3864	0.00617609
3865	0.00617175
3866	0.00616138
3867	0.00615744
3868	0.00614746
3869	0.00614391
3870	0.00613432
3871	0.00613742
3872	0.00614073
3873	0.00614427
3874	0.00614803
3875	0.00615201
3876	0.00614371
3877	0.0061419
3878	0.00613405
3879	0.00613271
3880	0.00612534
3881	0.0061245
3882	0.00612392
3883	0.00612362
3884	0.00612361
3885	0.00612389
3886	0.00613079
3887	0.00613803
3888	0.00615195
3889	0.00615992
3890	0.00616827
3891	0.0061643
3892	0.00616073
3893	0.00616395
3894	0.00616124
3895	0.00615901
3896	0.00617012
3897	0.0061754
3898	0.00618773
3899	0.00619432
3900	0.00620812
3901	0.00622006
3902	0.00623206
3903	0.00623764
3904	0.00624979
3905	0.00626201
3906	0.00626776
3907	0.00626702
3908	0.00627287
3909	0.00627219
3910	0.00627814
3911	0.00629075
3912	0.00629683
3913	0.0063096
3914	0.00631581
3915	0.00632874
3916	0.00632841
3917	0.00632811
3918	0.00633456
3919	0.00633435
3920	0.00633419
3921	0.00634755
3922	0.00636101
3923	0.0063678
3924	0.00638145
3925	0.0063952
3926	0.00639542
3927	0.00640253
3928	0.00640286
3929	0.0064101
3930	0.00641056
3931	0.00642485
3932	0.00643235
3933	0.00644686
3934	0.00645455
3935	0.00646929
3936	0.00647718
3937	0.00647818
3938	0.00648626
3939	0.00648741
3940	0.00649567
3941	0.00650404
3942	0.00651958
3943	0.00652819
3944	0.00654401
3945	0.00655286
3946	0.00655469
3947	0.00655661
3948	0.0065658
3949	0.00656792
3950	0.00657015
3951	0.0065797
3952	0.00659664
3953	0.0066065
3954	0.0066238
3955	0.00663398
3956	0.00664432
3957	0.00665483
3958	0.00665814
3959	0.00666898
3960	0.00667999
3961	0.00669862
3962	0.00671749
3963	0.00672913
3964	0.00674847
3965	0.00676807
3966	0.00677287
3967	0.00678542
3968	0.00679064
3969	0.00680366
3970	0.00680932
3971	0.00683051
3972	0.00684436
3973	0.00686621
3974	0.0068807
3975	0.00690327
3976	0.00691846
3977	0.00692622
3978	0.00694214
3979	0.00695061
3980	0.00696733
3981	0.0069845
3982	0.00700216
3983	0.00702829
3984	0.00704703
3985	0.00706635
3986	0.00709436
3987	0.00711502
3988	0.00714453
3989	0.00716674
3990	0.00719801
3991	0.00721383
3992	0.00723889
3993	0.0072568
3994	0.00728428
3995	0.00730483
3996	0.00734387
3997	0.00737646
3998	0.00741992
3999	0.00745772
4000	0.00750775
