       280	2.0247e-23	
       281	4.81921e-23	
       282	1.05224e-22	
       283	1.6203e-22	
       284	1.87395e-22	
       285	1.52002e-22	
       286	2.43845e-22	
       287	4.35722e-22	
       288	4.97357e-22	
       289	7.57961e-22	
       290	1.29736e-21	
       291	1.7534e-21	
       292	1.98242e-21	
       293	2.29595e-21	
       294	2.75671e-21	
       295	3.32468e-21	
       296	4.1742e-21	
       297	4.51048e-21	
       298	5.51713e-21	
       299	6.12478e-21	
       300	7.03474e-21	
       301	2.47031e-19	
       302	 8.933e-18	
       303	3.96404e-16	
       304	1.46914e-14	
       305	5.15031e-13	
       306	2.1774e-12	
       307	1.0425e-11	
       308	5.06061e-11	
       309	2.07527e-10	
       310	9.11101e-10	
       311	3.3389e-09	
       312	8.99263e-09	
       313	2.45267e-08	
       314	6.89127e-08	
       315	1.79591e-07	
       316	2.68652e-07	
       317	5.21895e-07	
       318	8.48277e-07	
       319	1.32615e-06	
       320	2.36166e-06	
       321	3.46514e-06	
       322	4.84009e-06	
       323	6.63467e-06	
       324	1.07315e-05	
       325	1.79895e-05	
       326	2.71357e-05	
       327	3.56181e-05	
       328	4.38094e-05	
       329	5.91224e-05	
       330	8.18456e-05	
       331	8.82649e-05	
       332	0.000101738	
       333	0.00011529	
       334	0.000134105	
       335	0.000161974	
       336	0.000163853	
       337	0.000171563	
       338	0.000212112	
       339	0.000250394	
       340	0.00029829	
       341	0.000315068	
       342	0.000350809	
       343	0.000398051	
       344	0.000375601	
       345	0.000426575	
       346	0.000491677	
       347	0.000539175	
       348	0.000571206	
       349	0.000611279	
       350	0.000731452	
       351	0.000823921	
       352	0.000828737	
       353	0.000907878	
       354	0.00110474	
       355	0.00119944	
       356	0.00117503	
       357	0.00107012	
       358	0.00103833	
       359	0.00122497	
       360	0.00159958	
       361	0.00154307	
       362	0.00166788	
       363	0.00193534	
       364	0.00206505	
       365	0.00231031	
       366	0.00278538	
       367	0.00293992	
       368	0.00291435	
       369	0.00316163	
       370	0.00350196	
       371	0.00350004	
       372	0.00357679	
       373	0.00338367	
       374	 0.0032452	
       375	0.00365644	
       376	0.00428599	
       377	0.00486268	
       378	0.00591447	
       379	0.00557957	
       380	0.00549885	
       381	0.00605287	
       382	0.00504707	
       383	0.00413449	
       384	0.00481662	
       385	0.00631409	
       386	0.00640185	
       387	 0.0068479	
       388	0.00700337	
       389	 0.0079036	
       390	0.00940285	
       391	 0.0104348	
       392	 0.0100454	
       393	0.00670884	
       394	0.00716214	
       395	 0.0114369	
       396	 0.0109443	
       397	0.00789967	
       398	 0.0134654	
       399	 0.0177165	
       400	 0.0193616	
       401	  0.020802	
       402	  0.022145	
       403	 0.0224444	
       404	 0.0233058	
       405	 0.0237066	
       406	 0.0238976	
       407	 0.0243565	
       408	 0.0261688	
       409	 0.0280081	
       410	 0.0262523	
       411	 0.0290936	
       412	 0.0316248	
       413	 0.0317577	
       414	 0.0323445	
       415	 0.0343295	
       416	 0.0362208	
       417	 0.0365297	
       418	 0.0364342	
       419	  0.037933	
       420	 0.0373205	
       421	 0.0416185	
       422	 0.0427861	
       423	 0.0428238	
       424	 0.0438645	
       425	 0.0459001	
       426	 0.0459729	
       427	 0.0458578	
       428	 0.0466851	
       429	  0.044017	
       430	 0.0373005	
       431	  0.037346	
       432	 0.0545989	
       433	 0.0552742	
       434	 0.0535387	
       435	 0.0589341	
       436	 0.0654825	
       437	 0.0675995	
       438	 0.0624751	
       439	 0.0622673	
       440	 0.0700844	
       441	 0.0725648	
       442	 0.0779091	
       443	 0.0809347	
       444	 0.0814217	
       445	 0.0843779	
       446	 0.0809376	
       447	 0.0894743	
       448	  0.093375	
       449	 0.0955369	
       450	  0.100455	
       451	  0.105018	
       452	  0.103193	
       453	 0.0993568	
       454	  0.105297	
       455	  0.107857	
       456	  0.112436	
       457	  0.115525	
       458	  0.115611	
       459	  0.116502	
       460	  0.118541	
       461	  0.123482	
       462	  0.127084	
       463	  0.129038	
       464	  0.128145	
       465	  0.128284	
       466	  0.131397	
       467	  0.130135	
       468	   0.13572	
       469	    0.1385	
       470	  0.136929	
       471	  0.140942	
       472	  0.148191	
       473	  0.147246	
       474	  0.150597	
       475	  0.156455	
       476	  0.155693	
       477	  0.159145	
       478	  0.164823	
       479	   0.16517	
       480	  0.168837	
       481	  0.170827	
       482	  0.172708	
       483	  0.172666	
       484	   0.17192	
       485	  0.168915	
       486	  0.147863	
       487	  0.159934	
       488	  0.172944	
       489	  0.170958	
       490	  0.185377	
       491	  0.183273	
       492	  0.179406	
       493	  0.188389	
       494	  0.189744	
       495	  0.198823	
       496	  0.195381	
       497	  0.197717	
       498	  0.195614	
       499	  0.196883	
       500	  0.198131	
       501	  0.195372	
       502	  0.197666	
       503	   0.20516	
       504	  0.200241	
       505	   0.21135	
       506	  0.220293	
       507	  0.215109	
       508	  0.212021	
       509	  0.219822	
       510	  0.218343	
       511	  0.222818	
       512	  0.227912	
       513	  0.219475	
       514	  0.216148	
       515	  0.222829	
       516	  0.221341	
       517	  0.194979	
       518	  0.210539	
       519	  0.212635	
       520	  0.228539	
       521	  0.234123	
       522	  0.238487	
       523	  0.231501	
       524	  0.244099	
       525	  0.245789	
       526	   0.23751	
       527	  0.219425	
       528	  0.241699	
       529	   0.25439	
       530	  0.251111	
       531	  0.261544	
       532	  0.257462	
       533	  0.239275	
       534	  0.249733	
       535	  0.257411	
       536	  0.263958	
       537	  0.252785	
       538	  0.260009	
       539	   0.25675	
       540	  0.249783	
       541	  0.245668	
       542	  0.262025	
       543	  0.263352	
       544	  0.270706	
       545	  0.267932	
       546	  0.267794	
       547	  0.270335	
       548	  0.267611	
       549	  0.273227	
       550	  0.273371	
       551	  0.274477	
       552	  0.278518	
       553	  0.274054	
       554	  0.278259	
       555	  0.280235	
       556	  0.276798	
       557	  0.272019	
       558	  0.274496	
       559	  0.266277	
       560	  0.270406	
       561	  0.281125	
       562	    0.2747	
       563	  0.280896	
       564	  0.279523	
       565	  0.278696	
       566	  0.270246	
       567	  0.282311	
       568	  0.283339	
       569	  0.280151	
       570	  0.278659	
       571	  0.272573	
       572	  0.284572	
       573	  0.288469	
       574	  0.287733	
       575	  0.283802	
       576	   0.28379	
       577	   0.28831	
       578	  0.283691	
       579	  0.286335	
       580	  0.289216	
       581	   0.29114	
       582	  0.295082	
       583	  0.297861	
       584	  0.298049	
       585	  0.297022	
       586	  0.293135	
       587	  0.299215	
       588	  0.295084	
       589	  0.273383	
       590	  0.284819	
       591	  0.299059	
       592	  0.299833	
       593	  0.300813	
       594	  0.302981	
       595	  0.304529	
       596	  0.309532	
       597	   0.31287	
       598	  0.310134	
       599	  0.310655	
       600	  0.313628	
       601	  0.311951	
       602	  0.311839	
       603	  0.318802	
       604	  0.326147	
       605	  0.328108	
       606	   0.32948	
       607	  0.332178	
       608	  0.333704	
       609	  0.334218	
       610	  0.337094	
       611	  0.339559	
       612	  0.346526	
       613	  0.344999	
       614	  0.341352	
       615	  0.349952	
       616	  0.346444	
       617	  0.347025	
       618	  0.359784	
       619	  0.366582	
       620	  0.370758	
       621	  0.374968	
       622	  0.372308	
       623	  0.374566	
       624	  0.375693	
       625	   0.37395	
       626	  0.378155	
       627	  0.390511	
       628	   0.39574	
       629	  0.398951	
       630	  0.398894	
       631	  0.397483	
       632	  0.389955	
       633	  0.404563	
       634	    0.4049	
       635	  0.407685	
       636	  0.405167	
       637	  0.416738	
       638	  0.422741	
       639	  0.421129	
       640	  0.415915	
       641	  0.417723	
       642	  0.421483	
       643	  0.427897	
       644	  0.428402	
       645	  0.433555	
       646	  0.430001	
       647	   0.43551	
       648	  0.435602	
       649	  0.427409	
       650	  0.427375	
       651	  0.445794	
       652	  0.447932	
       653	  0.451835	
       654	  0.448988	
       655	  0.431354	
       656	   0.39103	
       657	  0.405749	
       658	  0.446361	
       659	  0.456495	
       660	  0.464885	
       661	  0.471487	
       662	  0.475124	
       663	  0.476106	
       664	  0.477834	
       665	  0.485358	
       666	  0.486713	
       667	  0.484904	
       668	  0.476819	
       669	  0.473849	
       670	  0.463392	
       671	  0.458189	
       672	  0.451585	
       673	  0.450763	
       674	  0.447001	
       675	  0.443929	
       676	  0.446266	
       677	  0.442176	
       678	  0.442302	
       679	  0.437805	
       680	  0.436737	
       681	   0.43651	
       682	  0.436013	
       683	  0.433405	
       684	  0.430873	
       685	  0.429142	
       686	  0.421977	
       687	  0.429886	
       688	  0.433823	
       689	   0.43451	
       690	  0.434508	
       691	  0.436118	
       692	  0.436263	
       693	  0.442484	
       694	  0.446935	
       695	  0.447237	
       696	  0.451487	
       697	  0.455864	
       698	  0.456772	
       699	  0.463433	
       700	  0.466623	
       701	  0.469143	
       702	  0.472677	
       703	  0.481566	
       704	  0.491751	
       705	  0.501167	
       706	   0.50365	
       707	  0.508573	
       708	  0.517355	
       709	  0.526969	
       710	   0.55156	
       711	  0.502982	
       712	  0.473878	
       713	  0.453697	
       714	  0.440471	
       715	  0.422616	
       716	  0.415621	
       717	   0.40659	
       718	  0.393685	
       719	  0.379158	
       720	  0.384987	
       721	  0.384413	
       722	  0.383567	
       723	  0.379643	
       724	  0.378621	
       725	  0.379625	
       726	  0.384076	
       727	  0.390933	
       728	  0.396262	
       729	  0.392787	
       730	  0.411332	
       731	   0.41618	
       732	   0.42829	
       733	  0.435407	
       734	  0.452504	
       735	  0.462222	
       736	  0.469516	
       737	  0.482774	
       738	  0.495075	
       739	  0.504715	
       740	   0.53935	
       741	  0.539594	
       742	  0.540407	
       743	  0.553082	
       744	  0.560552	
       745	  0.561111	
       746	  0.563944	
       747	  0.566919	
       748	  0.567307	
       749	   0.57013	
       750	  0.571046	
       751	  0.575305	
       752	  0.581247	
       753	   0.58672	
       754	  0.592083	
       755	   0.59341	
       756	  0.588332	
       757	  0.589644	
       758	  0.593777	
       759	   0.58958	
       760	  0.593011	
       761	  0.591722	
       762	  0.592785	
       763	  0.544563	
       764	  0.509251	
       765	  0.479307	
       766	  0.445964	
       767	   0.43149	
       768	  0.432943	
       769	   0.43618	
       770	  0.443323	
       771	  0.451826	
       772	  0.460865	
       773	  0.470537	
       774	  0.480976	
       775	   0.49237	
       776	  0.504487	
       777	  0.515613	
       778	  0.532491	
       779	   0.55661	
       780	  0.596825	
       781	  0.594769	
       782	  0.596986	
       783	  0.592654	
       784	  0.588528	
       785	  0.591387	
       786	  0.591862	
       787	  0.591177	
       788	  0.587449	
       789	  0.586261	
       790	  0.582008	
       791	  0.577169	
       792	  0.572359	
       793	  0.567574	
       794	  0.563431	
       795	  0.563665	
       796	  0.568903	
       797	  0.576654	
       798	  0.573825	
       799	   0.56851	
       800	  0.561952	
       801	  0.544296	
       802	   0.52894	
       803	  0.510599	
       804	   0.50107	
       805	   0.48457	
       806	  0.484303	
       807	    0.4755	
       808	  0.467313	
       809	   0.45551	
       810	  0.451886	
       811	  0.447541	
       812	  0.445458	
       813	  0.441106	
       814	     0.436	
       815	    0.4287	
       816	  0.424031	
       817	  0.418171	
       818	  0.406951	
       819	  0.396072	
       820	  0.391444	
       821	  0.389245	
       822	  0.381338	
       823	  0.381623	
       824	  0.380253	
       825	  0.390509	
       826	  0.404405	
       827	  0.416569	
       828	  0.426489	
       829	  0.437759	
       830	  0.454098	
       831	  0.474049	
       832	  0.486329	
       833	  0.481759	
       834	  0.491892	
       835	  0.498823	
       836	   0.50728	
       837	  0.510087	
       838	  0.515085	
       839	  0.518716	
       840	  0.529266	
       841	  0.530759	
       842	   0.52529	
       843	  0.524909	
       844	  0.521345	
       845	  0.533882	
       846	  0.536213	
       847	   0.52691	
       848	  0.527357	
       849	  0.523271	
       850	  0.492059	
       851	  0.522321	
       852	  0.527087	
       853	  0.518286	
       854	  0.479295	
       855	  0.502426	
       856	  0.536757	
       857	  0.553144	
       858	  0.559043	
       859	   0.56399	
       860	  0.568893	
       861	  0.569035	
       862	  0.574167	
       863	  0.574036	
       864	  0.564856	
       865	  0.548812	
       866	   0.50325	
       867	  0.527295	
       868	  0.550737	
       869	  0.551383	
       870	  0.557908	
       871	  0.554619	
       872	  0.559006	
       873	  0.554919	
       874	  0.546434	
       875	   0.54197	
       876	   0.55299	
       877	  0.556453	
       878	  0.554729	
       879	    0.5483	
       880	  0.546847	
       881	  0.475385	
       882	  0.455085	
       883	  0.434671	
       884	  0.420014	
       885	  0.407926	
       886	  0.386591	
       887	  0.373982	
       888	  0.369195	
       889	   0.36142	
       890	  0.352116	
       891	  0.342798	
       892	    0.3328	
       893	  0.321782	
       894	  0.316154	
       895	  0.310964	
       896	  0.306746	
       897	  0.299514	
       898	  0.292679	
       899	  0.285036	
       900	  0.279112	
       901	  0.269998	
       902	  0.261949	
       903	  0.266737	
       904	  0.263801	
       905	  0.258681	
       906	  0.260061	
       907	  0.264151	
       908	  0.264313	
       909	  0.264364	
       910	  0.269542	
       911	  0.273831	
       912	  0.276536	
       913	  0.282503	
       914	  0.286137	
       915	  0.288145	
       916	  0.289492	
       917	   0.28857	
       918	  0.288537	
       919	  0.289478	
       920	  0.287611	
       921	  0.283665	
       922	  0.280404	
       923	  0.274563	
       924	  0.282919	
       925	  0.284953	
       926	  0.215457	
       927	  0.179078	
       928	  0.149495	
       929	  0.127109	
       930	  0.109699	
       931	 0.0969736	
       932	 0.0859119	
       933	 0.0771165	
       934	 0.0691234	
       935	 0.0617891	
       936	 0.0557664	
       937	 0.0508449	
       938	 0.0522196	
       939	 0.0532188	
       940	 0.0535451	
       941	 0.0540381	
       942	 0.0541935	
       943	 0.0567153	
       944	 0.0573808	
       945	 0.0589061	
       946	 0.0607208	
       947	 0.0621137	
       948	 0.0637917	
       949	 0.0680835	
       950	 0.0723235	
       951	 0.0766922	
       952	 0.0823004	
       953	 0.0880353	
       954	 0.0932787	
       955	 0.0969832	
       956	  0.107612	
       957	  0.117959	
       958	  0.129313	
       959	  0.142009	
       960	  0.154977	
       961	  0.170594	
       962	  0.190718	
       963	  0.214496	
       964	  0.244243	
       965	   0.28933	
       966	  0.291354	
       967	  0.297059	
       968	  0.299053	
       969	  0.303973	
       970	  0.309121	
       971	  0.311631	
       972	  0.317539	
       973	  0.320197	
       974	  0.321589	
       975	  0.328135	
       976	  0.336231	
       977	  0.340152	
       978	   0.34747	
       979	  0.351332	
       980	  0.360588	
       981	   0.36549	
       982	  0.372289	
       983	  0.376106	
       984	  0.379297	
       985	  0.385172	
       986	  0.389569	
       987	  0.395688	
       988	  0.401387	
       989	  0.405449	
       990	  0.414406	
       991	  0.425787	
       992	   0.43503	
       993	  0.448133	
       994	  0.458069	
       995	    0.4567	
       996	  0.455862	
       997	  0.451981	
       998	  0.451897	
       999	  0.452266	
      1000	  0.453712	
      1001	  0.456382	
      1002	  0.456774	
      1003	  0.452869	
      1004	  0.446116	
      1005	  0.427265	
      1006	  0.441107	
      1007	  0.450677	
      1008	  0.453088	
      1009	  0.452338	
      1010	  0.453378	
      1011	  0.451933	
      1012	  0.451503	
      1013	  0.450141	
      1014	  0.451051	
      1015	   0.44672	
      1016	  0.447477	
      1017	  0.445968	
      1018	  0.448955	
      1019	  0.441461	
      1020	  0.443281	
      1021	  0.444718	
      1022	  0.441492	
      1023	  0.444631	
      1024	   0.44684	
      1025	  0.446997	
      1026	  0.447576	
      1027	  0.447208	
      1028	   0.44791	
      1029	  0.445823	
      1030	  0.447143	
      1031	  0.447454	
      1032	  0.447483	
      1033	  0.443162	
      1034	  0.445575	
      1035	  0.448243	
      1036	  0.449303	
      1037	  0.447199	
      1038	  0.447353	
      1039	  0.451331	
      1040	  0.452151	
      1041	  0.452483	
      1042	  0.452304	
      1043	  0.449782	
      1044	  0.450694	
      1045	  0.447744	
      1046	  0.439996	
      1047	  0.444858	
      1048	  0.448796	
      1049	  0.447687	
      1050	  0.445734	
      1051	    0.4458	
      1052	  0.444011	
      1053	  0.443232	
      1054	   0.44262	
      1055	  0.444033	
      1056	  0.443419	
      1057	  0.442466	
      1058	  0.437959	
      1059	  0.429555	
      1060	  0.436122	
      1061	   0.43186	
      1062	  0.436657	
      1063	  0.433659	
      1064	  0.437524	
      1065	  0.436816	
      1066	  0.430156	
      1067	  0.431311	
      1068	  0.429401	
      1069	  0.413629	
      1070	  0.422093	
      1071	  0.397834	
      1072	  0.385137	
      1073	  0.370221	
      1074	  0.365537	
      1075	  0.353957	
      1076	  0.349347	
      1077	  0.343482	
      1078	  0.337418	
      1079	    0.3279	
      1080	  0.325608	
      1081	  0.315299	
      1082	  0.308647	
      1083	  0.307384	
      1084	  0.305808	
      1085	  0.302002	
      1086	  0.298358	
      1087	  0.287206	
      1088	   0.28844	
      1089	  0.286753	
      1090	  0.282399	
      1091	   0.28002	
      1092	  0.273432	
      1093	  0.266721	
      1094	  0.254727	
      1095	  0.258149	
      1096	  0.258281	
      1097	  0.257563	
      1098	  0.254007	
      1099	   0.25096	
      1100	  0.254257	
      1101	  0.176556	
      1102	  0.132902	
      1103	  0.107882	
      1104	 0.0887985	
      1105	 0.0742331	
      1106	 0.0629569	
      1107	 0.0538364	
      1108	 0.0466909	
      1109	  0.040749	
      1110	 0.0358246	
      1111	 0.0315035	
      1112	  0.027919	
      1113	  0.024766	
      1114	 0.0223045	
      1115	 0.0199751	
      1116	 0.0178548	
      1117	 0.0162342	
      1118	 0.0145197	
      1119	 0.0131417	
      1120	 0.0119178	
      1121	 0.0129197	
      1122	 0.0140315	
      1123	 0.0151822	
      1124	 0.0164319	
      1125	 0.0177134	
      1126	 0.0188741	
      1127	 0.0207841	
      1128	 0.0229435	
      1129	 0.0251451	
      1130	 0.0274931	
      1131	 0.0274477	
      1132	 0.0273182	
      1133	 0.0268736	
      1134	 0.0266886	
      1135	 0.0265344	
      1136	 0.0263584	
      1137	 0.0257013	
      1138	 0.0252366	
      1139	 0.0253567	
      1140	 0.0252751	
      1141	 0.0247577	
      1142	 0.0249047	
      1143	 0.0246182	
      1144	 0.0242959	
      1145	 0.0243032	
      1146	 0.0266129	
      1147	 0.0290149	
      1148	 0.0315231	
      1149	  0.034399	
      1150	 0.0376711	
      1151	 0.0414231	
      1152	 0.0456382	
      1153	  0.050777	
      1154	 0.0569888	
      1155	  0.063892	
      1156	 0.0715038	
      1157	  0.081636	
      1158	 0.0935135	
      1159	  0.107274	
      1160	   0.12506	
      1161	    0.1493	
      1162	  0.156536	
      1163	  0.162298	
      1164	  0.165434	
      1165	  0.171709	
      1166	   0.17477	
      1167	  0.182395	
      1168	  0.189463	
      1169	  0.192235	
      1170	  0.202617	
      1171	  0.205321	
      1172	  0.206753	
      1173	  0.207179	
      1174	  0.208402	
      1175	  0.206907	
      1176	  0.205993	
      1177	   0.21079	
      1178	  0.211172	
      1179	  0.212288	
      1180	  0.215859	
      1181	  0.216672	
      1182	  0.216394	
      1183	  0.210117	
      1184	  0.217987	
      1185	  0.222647	
      1186	   0.22451	
      1187	  0.226135	
      1188	  0.225025	
      1189	   0.21926	
      1190	  0.227682	
      1191	  0.233649	
      1192	  0.235544	
      1193	  0.237311	
      1194	  0.239245	
      1195	  0.239811	
      1196	  0.241722	
      1197	   0.24242	
      1198	  0.239621	
      1199	  0.236412	
      1200	  0.247926	
      1201	  0.250438	
      1202	  0.249664	
      1203	  0.242666	
      1204	  0.242316	
      1205	  0.248067	
      1206	  0.248545	
      1207	  0.249049	
      1208	  0.244254	
      1209	   0.23692	
      1210	  0.245202	
      1211	  0.243551	
      1212	  0.248275	
      1213	  0.250214	
      1214	  0.250236	
      1215	  0.251456	
      1216	  0.252214	
      1217	  0.252829	
      1218	  0.252967	
      1219	  0.252694	
      1220	  0.254504	
      1221	  0.255516	
      1222	  0.255789	
      1223	  0.255579	
      1224	  0.259055	
      1225	  0.259987	
      1226	  0.261133	
      1227	  0.258509	
      1228	  0.262293	
      1229	  0.265864	
      1230	  0.267334	
      1231	   0.26872	
      1232	  0.269114	
      1233	  0.272116	
      1234	  0.274051	
      1235	  0.275957	
      1236	  0.280536	
      1237	  0.284308	
      1238	   0.28827	
      1239	  0.292078	
      1240	  0.303778	
      1241	  0.302588	
      1242	   0.29891	
      1243	  0.293734	
      1244	  0.290177	
      1245	  0.288577	
      1246	  0.287942	
      1247	  0.285978	
      1248	  0.285336	
      1249	  0.283214	
      1250	  0.280705	
      1251	   0.27728	
      1252	  0.273775	
      1253	  0.272826	
      1254	  0.271397	
      1255	  0.269411	
      1256	  0.267251	
      1257	  0.264625	
      1258	  0.263727	
      1259	  0.261402	
      1260	  0.260711	
      1261	  0.258747	
      1262	  0.255237	
      1263	  0.255347	
      1264	  0.252056	
      1265	  0.251142	
      1266	  0.250885	
      1267	  0.246852	
      1268	  0.244334	
      1269	  0.244905	
      1270	  0.245071	
      1271	  0.245345	
      1272	  0.245071	
      1273	  0.245534	
      1274	  0.245502	
      1275	  0.247809	
      1276	   0.24978	
      1277	  0.251252	
      1278	  0.252208	
      1279	  0.252354	
      1280	   0.25182	
      1281	  0.244883	
      1282	  0.227926	
      1283	  0.243682	
      1284	   0.25568	
      1285	  0.260436	
      1286	  0.263689	
      1287	  0.267308	
      1288	  0.269928	
      1289	  0.274027	
      1290	  0.275715	
      1291	  0.265393	
      1292	  0.258046	
      1293	  0.251047	
      1294	  0.242608	
      1295	  0.238578	
      1296	   0.23459	
      1297	  0.229124	
      1298	  0.223883	
      1299	  0.221687	
      1300	  0.217913	
      1301	  0.214154	
      1302	  0.209628	
      1303	  0.205869	
      1304	  0.202772	
      1305	  0.201784	
      1306	  0.199783	
      1307	  0.197583	
      1308	  0.195181	
      1309	  0.193054	
      1310	  0.190438	
      1311	  0.188031	
      1312	  0.184573	
      1313	    0.1794	
      1314	  0.180693	
      1315	  0.176364	
      1316	  0.175502	
      1317	   0.17639	
      1318	  0.174023	
      1319	  0.174627	
      1320	   0.17345	
      1321	  0.116569	
      1322	 0.0874251	
      1323	 0.0687906	
      1324	 0.0556786	
      1325	 0.0458666	
      1326	 0.0382517	
      1327	 0.0322544	
      1328	 0.0275981	
      1329	 0.0233662	
      1330	 0.0204485	
      1331	 0.0179529	
      1332	 0.0155522	
      1333	 0.0139002	
      1334	 0.0123451	
      1335	  0.010944	
      1336	 0.0096899	
      1337	0.00867324	
      1338	0.00774438	
      1339	0.00689153	
      1340	0.00619809	
      1341	0.00568584	
      1342	0.00514455	
      1343	0.00466694	
      1344	0.00424424	
      1345	 0.0038614	
      1346	0.00349792	
      1347	0.00320418	
      1348	0.00292765	
      1349	 0.0026725	
      1350	0.00242808	
      1351	0.00193557	
      1352	0.00156304	
      1353	 0.0012622	
      1354	0.00102329	
      1355	0.000829515	
      1356	0.000682072	
      1357	0.000560022	
      1358	0.000470349	
      1359	0.000392165	
      1360	0.000326495	
      1361	0.000277035	
      1362	0.000233257	
      1363	0.000195023	
      1364	0.000166947	
      1365	0.000142202	
      1366	0.000121287	
      1367	0.000103183	
      1368	8.90014e-05	
      1369	7.56059e-05	
      1370	6.50594e-05	
      1371	5.63185e-05	
      1372	4.91899e-05	
      1373	4.27494e-05	
      1374	3.7093e-05	
      1375	3.18747e-05	
      1376	2.76167e-05	
      1377	2.43056e-05	
      1378	2.12826e-05	
      1379	1.8749e-05	
      1380	1.63805e-05	
      1381	1.43916e-05	
      1382	1.25461e-05	
      1383	1.10721e-05	
      1384	9.80407e-06	
      1385	8.60684e-06	
      1386	7.64265e-06	
      1387	6.72489e-06	
      1388	5.98325e-06	
      1389	5.31397e-06	
      1390	4.66276e-06	
      1391	4.18275e-06	
      1392	3.72907e-06	
      1393	3.3078e-06	
      1394	2.93684e-06	
      1395	2.62211e-06	
      1396	2.90339e-06	
      1397	3.22418e-06	
      1398	3.59216e-06	
      1399	3.98025e-06	
      1400	4.34288e-06	
      1401	4.84229e-06	
      1402	5.46757e-06	
      1403	6.08238e-06	
      1404	6.82168e-06	
      1405	7.64913e-06	
      1406	8.6284e-06	
      1407	9.6916e-06	
      1408	1.08957e-05	
      1409	1.23105e-05	
      1410	1.38714e-05	
      1411	1.55646e-05	
      1412	1.72917e-05	
      1413	1.97571e-05	
      1414	2.26825e-05	
      1415	2.5829e-05	
      1416	2.93277e-05	
      1417	3.36172e-05	
      1418	3.8499e-05	
      1419	4.37105e-05	
      1420	5.00333e-05	
      1421	5.77482e-05	
      1422	6.55695e-05	
      1423	7.54785e-05	
      1424	8.73066e-05	
      1425	0.000101995	
      1426	0.000116299	
      1427	0.00013645	
      1428	0.000160391	
      1429	0.000185208	
      1430	0.000217232	
      1431	0.000257488	
      1432	0.000309767	
      1433	0.000368059	
      1434	0.000433224	
      1435	0.000519942	
      1436	0.000626145	
      1437	0.000758035	
      1438	0.000918423	
      1439	0.00112273	
      1440	0.00133435	
      1441	0.00165828	
      1442	0.00207176	
      1443	0.00242252	
      1444	0.00261882	
      1445	0.00282829	
      1446	0.00306502	
      1447	0.00329666	
      1448	0.00358769	
      1449	0.00388032	
      1450	0.00418234	
      1451	0.00449775	
      1452	0.00488819	
      1453	0.00533533	
      1454	0.00579573	
      1455	0.00631157	
      1456	0.00688291	
      1457	0.00759669	
      1458	0.00844552	
      1459	0.00933545	
      1460	 0.0102429	
      1461	 0.0112953	
      1462	 0.0124475	
      1463	 0.0130663	
      1464	 0.0130933	
      1465	 0.0132111	
      1466	 0.0131218	
      1467	 0.0132775	
      1468	 0.0131886	
      1469	 0.0132971	
      1470	 0.0132407	
      1471	 0.0130667	
      1472	 0.0131178	
      1473	 0.0130999	
      1474	 0.0128616	
      1475	 0.0130325	
      1476	 0.0131126	
      1477	 0.0131019	
      1478	 0.0140135	
      1479	  0.015146	
      1480	 0.0163069	
      1481	 0.0174047	
      1482	 0.0188157	
      1483	 0.0200278	
      1484	 0.0218622	
      1485	 0.0239446	
      1486	 0.0257946	
      1487	 0.0275216	
      1488	 0.0278216	
      1489	 0.0328938	
      1490	 0.0369279	
      1491	 0.0408851	
      1492	 0.0450523	
      1493	 0.0507462	
      1494	 0.0571463	
      1495	 0.0643866	
      1496	 0.0721227	
      1497	  0.084887	
      1498	  0.087514	
      1499	 0.0891357	
      1500	 0.0926463	
      1501	 0.0949839	
      1502	 0.0956529	
      1503	 0.0917483	
      1504	 0.0962622	
      1505	  0.097099	
      1506	  0.103503	
      1507	  0.109979	
      1508	  0.112755	
      1509	  0.116032	
      1510	  0.121846	
      1511	  0.126288	
      1512	  0.129057	
      1513	  0.133462	
      1514	  0.138601	
      1515	  0.145966	
      1516	  0.153003	
      1517	   0.16104	
      1518	  0.173192	
      1519	  0.185238	
      1520	  0.208319	
      1521	  0.204651	
      1522	  0.203928	
      1523	   0.20629	
      1524	   0.20681	
      1525	  0.204113	
      1526	  0.207938	
      1527	  0.207614	
      1528	  0.208705	
      1529	  0.206818	
      1530	  0.199806	
      1531	  0.207778	
      1532	  0.209645	
      1533	  0.208233	
      1534	  0.206239	
      1535	  0.208641	
      1536	  0.211673	
      1537	  0.212465	
      1538	  0.209998	
      1539	  0.213822	
      1540	  0.205685	
      1541	    0.2045	
      1542	  0.203674	
      1543	  0.202018	
      1544	  0.201389	
      1545	  0.200354	
      1546	  0.198097	
      1547	  0.194355	
      1548	  0.189588	
      1549	  0.190632	
      1550	  0.188484	
      1551	  0.187878	
      1552	  0.188176	
      1553	  0.185338	
      1554	  0.181191	
      1555	  0.180418	
      1556	  0.178248	
      1557	  0.180392	
      1558	   0.17911	
      1559	  0.179377	
      1560	  0.178973	
      1561	   0.18179	
      1562	  0.181838	
      1563	  0.181554	
      1564	  0.180507	
      1565	   0.18264	
      1566	   0.18179	
      1567	  0.182413	
      1568	  0.181491	
      1569	  0.183371	
      1570	  0.183964	
      1571	  0.187848	
      1572	  0.188955	
      1573	  0.187693	
      1574	  0.186437	
      1575	  0.180428	
      1576	  0.185067	
      1577	  0.176594	
      1578	  0.187024	
      1579	  0.191466	
      1580	  0.192793	
      1581	  0.192202	
      1582	  0.186346	
      1583	  0.186867	
      1584	  0.185488	
      1585	  0.188829	
      1586	  0.186829	
      1587	  0.184109	
      1588	  0.179243	
      1589	  0.169703	
      1590	  0.173153	
      1591	  0.174346	
      1592	  0.180921	
      1593	  0.183756	
      1594	  0.182579	
      1595	  0.181612	
      1596	  0.174571	
      1597	  0.175514	
      1598	  0.178391	
      1599	  0.175494	
      1600	  0.175239	
      1601	  0.171088	
      1602	  0.171907	
      1603	  0.171784	
      1604	  0.171491	
      1605	  0.169502	
      1606	   0.16855	
      1607	  0.167447	
      1608	  0.169236	
      1609	  0.167304	
      1610	  0.159307	
      1611	  0.162842	
      1612	  0.164813	
      1613	  0.168105	
      1614	  0.168433	
      1615	  0.168182	
      1616	  0.163243	
      1617	   0.16599	
      1618	  0.171449	
      1619	  0.171504	
      1620	  0.168198	
      1621	  0.168948	
      1622	  0.172297	
      1623	  0.176683	
      1624	  0.178174	
      1625	  0.177276	
      1626	  0.180266	
      1627	  0.182652	
      1628	  0.185591	
      1629	   0.18831	
      1630	  0.191232	
      1631	  0.191767	
      1632	  0.191424	
      1633	  0.189089	
      1634	  0.187183	
      1635	  0.189082	
      1636	  0.188297	
      1637	  0.182136	
      1638	  0.180482	
      1639	  0.177739	
      1640	  0.179281	
      1641	  0.178344	
      1642	   0.17851	
      1643	  0.181055	
      1644	  0.179538	
      1645	  0.178922	
      1646	  0.181076	
      1647	  0.181377	
      1648	  0.180797	
      1649	  0.178143	
      1650	  0.179546	
      1651	  0.177893	
      1652	   0.17951	
      1653	  0.178262	
      1654	  0.178797	
      1655	  0.177361	
      1656	  0.178195	
      1657	  0.178251	
      1658	  0.177316	
      1659	  0.175604	
      1660	  0.176553	
      1661	  0.177206	
      1662	  0.176584	
      1663	  0.175871	
      1664	  0.175547	
      1665	  0.174147	
      1666	  0.172852	
      1667	  0.172837	
      1668	  0.170753	
      1669	  0.171925	
      1670	  0.174384	
      1671	  0.173293	
      1672	  0.168275	
      1673	   0.17005	
      1674	  0.171922	
      1675	  0.170159	
      1676	  0.168304	
      1677	  0.169304	
      1678	  0.169812	
      1679	  0.165782	
      1680	  0.159251	
      1681	  0.153248	
      1682	   0.15486	
      1683	  0.158038	
      1684	  0.159445	
      1685	  0.159109	
      1686	  0.156769	
      1687	  0.156251	
      1688	  0.155304	
      1689	  0.152922	
      1690	  0.152317	
      1691	  0.153831	
      1692	  0.153452	
      1693	  0.152278	
      1694	  0.151574	
      1695	  0.150895	
      1696	  0.149692	
      1697	  0.148516	
      1698	  0.147798	
      1699	  0.146475	
      1700	  0.144298	
      1701	  0.143537	
      1702	  0.143027	
      1703	  0.142353	
      1704	  0.141655	
      1705	   0.14092	
      1706	  0.139844	
      1707	  0.138726	
      1708	  0.137619	
      1709	  0.136524	
      1710	  0.135576	
      1711	  0.135453	
      1712	  0.135469	
      1713	   0.13549	
      1714	  0.135514	
      1715	  0.135428	
      1716	  0.134636	
      1717	  0.133739	
      1718	   0.13285	
      1719	  0.131968	
      1720	  0.131147	
      1721	  0.130624	
      1722	  0.130158	
      1723	  0.129698	
      1724	  0.129242	
      1725	  0.128746	
      1726	  0.127954	
      1727	  0.127122	
      1728	  0.126297	
      1729	  0.125478	
      1730	  0.124555	
      1731	  0.122955	
      1732	  0.121255	
      1733	  0.119564	
      1734	  0.117883	
      1735	  0.116518	
      1736	   0.11697	
      1737	  0.117726	
      1738	  0.118481	
      1739	  0.119233	
      1740	  0.119795	
      1741	 0.0957256	
      1742	 0.0813098	
      1743	 0.0709499	
      1744	 0.0629174	
      1745	 0.0564416	
      1746	 0.0511737	
      1747	 0.0467193	
      1748	 0.0428775	
      1749	 0.0395244	
      1750	 0.0365756	
      1751	 0.0339817	
      1752	 0.0316661	
      1753	 0.0295823	
      1754	 0.0276974	
      1755	 0.0259752	
      1756	  0.024344	
      1757	 0.0228445	
      1758	   0.02147	
      1759	 0.0202066	
      1760	 0.0190476	
      1761	 0.0180065	
      1762	 0.0170463	
      1763	 0.0161546	
      1764	 0.0153248	
      1765	 0.0145513	
      1766	 0.0138291	
      1767	 0.0131538	
      1768	 0.0125214	
      1769	 0.0119285	
      1770	 0.0113673	
      1771	 0.0108122	
      1772	 0.0102868	
      1773	0.00979277	
      1774	0.00932788	
      1775	0.00889502	
      1776	0.00851582	
      1777	0.00816172	
      1778	0.00782632	
      1779	0.00750838	
      1780	 0.0072047	
      1781	0.00690464	
      1782	0.00661808	
      1783	0.00634606	
      1784	0.00608768	
      1785	0.00584378	
      1786	0.00562148	
      1787	 0.0054112	
      1788	0.00521067	
      1789	0.00501932	
      1790	0.00483469	
      1791	0.00464607	
      1792	0.00446439	
      1793	 0.0042911	
      1794	0.00412573	
      1795	0.00396786	
      1796	0.00381709	
      1797	0.00367302	
      1798	0.00353532	
      1799	0.00340364	
      1800	0.00327963	
      1801	0.00262064	
      1802	0.00211627	
      1803	0.00172383	
      1804	0.00141492	
      1805	0.00116914	
      1806	0.000971036	
      1807	0.000810861	
      1808	0.000680512	
      1809	0.000573747	
      1810	0.000484776	
      1811	0.000406072	
      1812	0.000340578	
      1813	0.000286529	
      1814	0.000241747	
      1815	0.000205137	
      1816	0.000177754	
      1817	0.000154902	
      1818	0.000135317	
      1819	0.000118481	
      1820	0.000103934	
      1821	9.11925e-05	
      1822	8.0148e-05	
      1823	7.05754e-05	
      1824	6.22591e-05	
      1825	5.4961e-05	
      1826	4.8284e-05	
      1827	4.2441e-05	
      1828	3.73619e-05	
      1829	3.29386e-05	
      1830	2.90943e-05	
      1831	2.58051e-05	
      1832	2.29295e-05	
      1833	2.04004e-05	
      1834	1.81727e-05	
      1835	1.62054e-05	
      1836	1.44531e-05	
      1837	1.2903e-05	
      1838	1.15315e-05	
      1839	1.03165e-05	
      1840	9.23773e-06	
      1841	8.27131e-06	
      1842	7.41204e-06	
      1843	6.64813e-06	
      1844	5.96825e-06	
      1845	5.36535e-06	
      1846	4.84135e-06	
      1847	4.37446e-06	
      1848	3.95581e-06	
      1849	3.58007e-06	
      1850	3.24145e-06	
      1851	2.93132e-06	
      1852	2.65192e-06	
      1853	2.40086e-06	
      1854	2.17508e-06	
      1855	1.97187e-06	
      1856	1.78883e-06	
      1857	1.62383e-06	
      1858	1.47498e-06	
      1859	1.34061e-06	
      1860	1.21922e-06	
      1861	1.28205e-06	
      1862	1.34839e-06	
      1863	1.41844e-06	
      1864	1.49242e-06	
      1865	1.57091e-06	
      1866	1.65544e-06	
      1867	1.74526e-06	
      1868	1.84034e-06	
      1869	1.94103e-06	
      1870	2.04319e-06	
      1871	2.12214e-06	
      1872	2.19898e-06	
      1873	2.27823e-06	
      1874	2.3599e-06	
      1875	2.45756e-06	
      1876	2.64426e-06	
      1877	2.86016e-06	
      1878	 3.093e-06	
      1879	3.34413e-06	
      1880	3.60517e-06	
      1881	3.82385e-06	
      1882	4.04582e-06	
      1883	4.28181e-06	
      1884	4.53279e-06	
      1885	4.79584e-06	
      1886	5.04905e-06	
      1887	5.31241e-06	
      1888	5.59072e-06	
      1889	5.88492e-06	
      1890	6.20042e-06	
      1891	6.5626e-06	
      1892	6.95299e-06	
      1893	7.36883e-06	
      1894	7.81195e-06	
      1895	8.29033e-06	
      1896	8.83917e-06	
      1897	9.43423e-06	
      1898	1.00727e-05	
      1899	1.0758e-05	
      1900	1.14881e-05	
      1901	1.22318e-05	
      1902	1.30219e-05	
      1903	1.38682e-05	
      1904	1.4775e-05	
      1905	1.57448e-05	
      1906	1.67656e-05	
      1907	1.78569e-05	
      1908	1.90269e-05	
      1909	2.02818e-05	
      1910	2.16332e-05	
      1911	2.31082e-05	
      1912	  2.47e-05	
      1913	2.64134e-05	
      1914	2.82586e-05	
      1915	3.0247e-05	
      1916	3.23909e-05	
      1917	3.47038e-05	
      1918	3.72005e-05	
      1919	3.98974e-05	
      1920	4.28124e-05	
      1921	3.98764e-05	
      1922	4.02583e-05	
      1923	4.13456e-05	
      1924	4.28671e-05	
      1925	4.4717e-05	
      1926	4.67724e-05	
      1927	4.91001e-05	
      1928	5.17196e-05	
      1929	5.46431e-05	
      1930	5.79336e-05	
      1931	6.18604e-05	
      1932	6.6262e-05	
      1933	7.11388e-05	
      1934	7.65431e-05	
      1935	8.24915e-05	
      1936	8.87805e-05	
      1937	9.56984e-05	
      1938	0.000103372	
      1939	0.000111895	
      1940	0.000121193	
      1941	0.000130323	
      1942	0.000140203	
      1943	0.000151137	
      1944	0.000163263	
      1945	0.000177332	
      1946	0.000196965	
      1947	0.000220058	
      1948	0.000246512	
      1949	0.000276921	
      1950	0.000311757	
      1951	0.000350427	
      1952	0.00039494	
      1953	0.000446755	
      1954	0.000507386	
      1955	0.000578284	
      1956	 0.0006591	
      1957	0.000754513	
      1958	0.000868695	
      1959	0.00100657	
      1960	 0.0011746	
      1961	0.00128718	
      1962	0.00141276	
      1963	0.00155341	
      1964	0.00171139	
      1965	0.00189086	
      1966	0.00210405	
      1967	 0.0023488	
      1968	 0.0026288	
      1969	 0.0029504	
      1970	0.00331954	
      1971	0.00373335	
      1972	0.00421163	
      1973	0.00477026	
      1974	0.00542714	
      1975	0.00620548	
      1976	0.00713586	
      1977	0.00825942	
      1978	0.00963273	
      1979	  0.011336	
      1980	 0.0134902	
      1981	 0.0162933	
      1982	 0.0200368	
      1983	 0.0252533	
      1984	 0.0330423	
      1985	 0.0463412	
      1986	 0.0311109	
      1987	 0.0242849	
      1988	 0.0199109	
      1989	 0.0167791	
      1990	 0.0143887	
      1991	 0.0124417	
      1992	 0.0108602	
      1993	0.00955818	
      1994	0.00846987	
      1995	0.00755405	
      1996	0.00679639	
      1997	0.00614563	
      1998	0.00557865	
      1999	0.00508143	
      2000	 0.0046409	
      2001	0.00423959	
      2002	0.00388123	
      2003	0.00356151	
      2004	 0.0032752	
      2005	0.00301926	
      2006	0.00320838	
      2007	0.00341396	
      2008	0.00363623	
      2009	 0.0038769	
      2010	0.00413722	
      2011	0.00441387	
      2012	0.00471383	
      2013	0.00504059	
      2014	0.00539728	
      2015	0.00578657	
      2016	0.00620479	
      2017	0.00666308	
      2018	0.00716802	
      2019	0.00772616	
      2020	0.00834907	
      2021	0.00906738	
      2022	0.00987714	
      2023	 0.0107898	
      2024	 0.0118243	
      2025	 0.0129989	
      2026	 0.0143103	
      2027	  0.015822	
      2028	 0.0175915	
      2029	 0.0196915	
      2030	 0.0222339	
      2031	 0.0254105	
      2032	 0.0294829	
      2033	 0.0349776	
      2034	 0.0431782	
      2035	 0.0602162	
      2036	 0.0588955	
      2037	 0.0576933	
      2038	 0.0565926	
      2039	 0.0555743	
      2040	 0.0546655	
      2041	 0.0540361	
      2042	 0.0534909	
      2043	 0.0529837	
      2044	   0.05251	
      2045	 0.0520324	
      2046	 0.0513628	
      2047	 0.0506893	
      2048	  0.050043	
      2049	  0.049422	
      2050	  0.048838	
      2051	 0.0483394	
      2052	 0.0478735	
      2053	 0.0474253	
      2054	 0.0469937	
      2055	  0.046569	
      2056	 0.0460889	
      2057	 0.0456153	
      2058	 0.0451564	
      2059	 0.0447116	
      2060	 0.0442933	
      2061	 0.0439478	
      2062	 0.0436269	
      2063	 0.0433175	
      2064	 0.0430193	
      2065	 0.0427321	
      2066	 0.0430532	
      2067	 0.0433812	
      2068	 0.0437163	
      2069	  0.044059	
      2070	 0.0444228	
      2071	 0.0448573	
      2072	 0.0453154	
      2073	 0.0457845	
      2074	 0.0462652	
      2075	 0.0467394	
      2076	 0.0471043	
      2077	 0.0474606	
      2078	 0.0478275	
      2079	 0.0482057	
      2080	 0.0486057	
      2081	 0.0490683	
      2082	 0.0495561	
      2083	 0.0500604	
      2084	 0.0505827	
      2085	 0.0511293	
      2086	 0.0517076	
      2087	 0.0523144	
      2088	 0.0529467	
      2089	 0.0536071	
      2090	 0.0542874	
      2091	 0.0549456	
      2092	 0.0556291	
      2093	 0.0563543	
      2094	 0.0571274	
      2095	  0.057981	
      2096	 0.0590623	
      2097	 0.0602577	
      2098	 0.0615652	
      2099	 0.0630185	
      2100	 0.0646663	
      2101	 0.0647181	
      2102	 0.0647642	
      2103	 0.0648113	
      2104	 0.0648595	
      2105	 0.0648952	
      2106	 0.0648506	
      2107	 0.0647933	
      2108	 0.0647368	
      2109	 0.0646813	
      2110	 0.0646335	
      2111	 0.0646415	
      2112	 0.0646575	
      2113	  0.064675	
      2114	 0.0646938	
      2115	 0.0647141	
      2116	 0.0647221	
      2117	 0.0647316	
      2118	 0.0647429	
      2119	 0.0647558	
      2120	 0.0647706	
      2121	 0.0647733	
      2122	  0.064778	
      2123	 0.0647849	
      2124	  0.064794	
      2125	 0.0648266	
      2126	 0.0649745	
      2127	 0.0651469	
      2128	 0.0653231	
      2129	 0.0655031	
      2130	  0.065659	
      2131	 0.0656624	
      2132	 0.0656413	
      2133	 0.0656245	
      2134	 0.0656124	
      2135	 0.0656271	
      2136	 0.0657922	
      2137	 0.0659867	
      2138	   0.06619	
      2139	 0.0664033	
      2140	 0.0666063	
      2141	 0.0666907	
      2142	 0.0667683	
      2143	 0.0668647	
      2144	 0.0669856	
      2145	 0.0671619	
      2146	 0.0674921	
      2147	 0.0679273	
      2148	 0.0685386	
      2149	 0.0684912	
      2150	 0.0684362	
      2151	 0.0683052	
      2152	 0.0681666	
      2153	 0.0680282	
      2154	   0.06789	
      2155	 0.0677519	
      2156	 0.0675836	
      2157	 0.0674154	
      2158	 0.0672474	
      2159	 0.0670796	
      2160	 0.0668206	
      2161	 0.0659986	
      2162	 0.0650858	
      2163	 0.0641735	
      2164	 0.0632617	
      2165	 0.0625253	
      2166	 0.0628536	
      2167	 0.0633567	
      2168	 0.0638596	
      2169	 0.0643624	
      2170	 0.0648119	
      2171	  0.064912	
      2172	  0.064959	
      2173	 0.0650061	
      2174	 0.0650533	
      2175	 0.0650702	
      2176	 0.0649051	
      2177	 0.0647098	
      2178	 0.0645148	
      2179	 0.0643198	
      2180	 0.0641479	
      2181	 0.0641276	
      2182	 0.0641302	
      2183	 0.0641328	
      2184	 0.0641356	
      2185	 0.0641082	
      2186	  0.063884	
      2187	 0.0636298	
      2188	 0.0633757	
      2189	 0.0631218	
      2190	  0.062906	
      2191	 0.0629172	
      2192	 0.0629664	
      2193	 0.0630156	
      2194	 0.0630649	
      2195	 0.0630917	
      2196	 0.0629976	
      2197	  0.062881	
      2198	 0.0627645	
      2199	  0.062624	
      2200	 0.0624611	
      2201	 0.0621628	
      2202	 0.0618423	
      2203	 0.0615222	
      2204	 0.0612026	
      2205	 0.0609211	
      2206	 0.0608356	
      2207	 0.0607878	
      2208	 0.0607402	
      2209	 0.0606928	
      2210	  0.060638	
      2211	 0.0605533	
      2212	 0.0604613	
      2213	 0.0603696	
      2214	  0.060278	
      2215	 0.0601866	
      2216	 0.0600954	
      2217	 0.0600044	
      2218	 0.0599135	
      2219	 0.0598229	
      2220	 0.0597175	
      2221	 0.0595227	
      2222	 0.0593133	
      2223	 0.0591042	
      2224	 0.0588954	
      2225	 0.0587018	
      2226	 0.0585978	
      2227	 0.0585088	
      2228	 0.0584201	
      2229	 0.0583315	
      2230	  0.058243	
      2231	 0.0581399	
      2232	 0.0580369	
      2233	 0.0579341	
      2234	 0.0578315	
      2235	 0.0577143	
      2236	 0.0574935	
      2237	 0.0572582	
      2238	 0.0570232	
      2239	 0.0567885	
      2240	 0.0565763	
      2241	 0.0564974	
      2242	 0.0564407	
      2243	 0.0563842	
      2244	 0.0563278	
      2245	 0.0562568	
      2246	 0.0561121	
      2247	  0.055953	
      2248	  0.055794	
      2249	 0.0556353	
      2250	 0.0554768	
      2251	  0.055289	
      2252	 0.0551015	
      2253	 0.0549143	
      2254	 0.0547272	
      2255	 0.0545551	
      2256	 0.0544859	
      2257	 0.0544315	
      2258	 0.0543772	
      2259	  0.054323	
      2260	 0.0542616	
      2261	 0.0541271	
      2262	 0.0539855	
      2263	  0.053844	
      2264	 0.0537027	
      2265	 0.0535762	
      2266	 0.0535083	
      2267	 0.0534551	
      2268	  0.053402	
      2269	  0.053349	
      2270	 0.0532889	
      2271	 0.0528349	
      2272	 0.0523901	
      2273	 0.0519602	
      2274	 0.0515438	
      2275	 0.0511258	
      2276	 0.0506494	
      2277	 0.0501707	
      2278	 0.0497031	
      2279	 0.0492457	
      2280	 0.0488185	
      2281	 0.0485225	
      2282	 0.0482538	
      2283	 0.0479915	
      2284	 0.0477352	
      2285	 0.0474846	
      2286	  0.047213	
      2287	 0.0469467	
      2288	 0.0466856	
      2289	 0.0464294	
      2290	 0.0461519	
      2291	 0.0457113	
      2292	 0.0452512	
      2293	 0.0447971	
      2294	  0.044349	
      2295	 0.0439446	
      2296	 0.0437472	
      2297	 0.0435906	
      2298	 0.0434369	
      2299	 0.0432858	
      2300	  0.043131	
      2301	 0.0429294	
      2302	 0.0427246	
      2303	 0.0425225	
      2304	 0.0423231	
      2305	 0.0421203	
      2306	 0.0418959	
      2307	 0.0416682	
      2308	 0.0414432	
      2309	 0.0412208	
      2310	  0.041001	
      2311	 0.0407599	
      2312	 0.0405214	
      2313	 0.0402854	
      2314	  0.040052	
      2315	 0.0398209	
      2316	 0.0396038	
      2317	 0.0393889	
      2318	 0.0391762	
      2319	 0.0389656	
      2320	 0.0387399	
      2321	 0.0383906	
      2322	 0.0380272	
      2323	 0.0376669	
      2324	 0.0373095	
      2325	 0.0369945	
      2326	 0.0368955	
      2327	 0.0368367	
      2328	 0.0367787	
      2329	 0.0367216	
      2330	 0.0366485	
      2331	  0.036488	
      2332	 0.0363125	
      2333	 0.0361384	
      2334	 0.0359658	
      2335	 0.0357947	
      2336	  0.035625	
      2337	 0.0354567	
      2338	 0.0352898	
      2339	 0.0351242	
      2340	 0.0349653	
      2341	 0.0348398	
      2342	 0.0347206	
      2343	 0.0346024	
      2344	 0.0344853	
      2345	 0.0343585	
      2346	 0.0341801	
      2347	 0.0339925	
      2348	 0.0338063	
      2349	 0.0336214	
      2350	 0.0334275	
      2351	 0.0331623	
      2352	 0.0328885	
      2353	 0.0326166	
      2354	 0.0323464	
      2355	 0.0321088	
      2356	 0.0320362	
      2357	 0.0319947	
      2358	 0.0319537	
      2359	  0.031913	
      2360	 0.0318678	
      2361	  0.029964	
      2362	 0.0283014	
      2363	   0.02683	
      2364	 0.0255119	
      2365	 0.0243161	
      2366	 0.0231969	
      2367	  0.022167	
      2368	 0.0212175	
      2369	 0.0203384	
      2370	 0.0195179	
      2371	 0.0187345	
      2372	 0.0179988	
      2373	 0.0173088	
      2374	 0.0166601	
      2375	 0.0160593	
      2376	 0.0155426	
      2377	 0.0150632	
      2378	 0.0146083	
      2379	  0.014176	
      2380	 0.0137468	
      2381	 0.0132386	
      2382	 0.0127384	
      2383	 0.0122622	
      2384	 0.0118085	
      2385	 0.0113949	
      2386	 0.0111122	
      2387	 0.0108591	
      2388	 0.0106156	
      2389	 0.0103813	
      2390	 0.0101488	
      2391	0.00988543	
      2392	0.00962565	
      2393	0.00937564	
      2394	0.00913486	
      2395	0.00890284	
      2396	0.00867624	
      2397	0.00845768	
      2398	0.00824675	
      2399	 0.0080431	
      2400	0.00784637	
      2401	0.00765881	
      2402	0.00747744	
      2403	0.00730196	
      2404	0.00713212	
      2405	0.00696768	
      2406	0.00681069	
      2407	0.00665855	
      2408	0.00651104	
      2409	0.00636797	
      2410	0.00622392	
      2411	0.00605327	
      2412	  0.005883	
      2413	0.00571816	
      2414	0.00555851	
      2415	0.00541145	
      2416	0.00530976	
      2417	0.00521804	
      2418	0.00512862	
      2419	0.00504142	
      2420	 0.0049538	
      2421	0.00485152	
      2422	0.00474952	
      2423	0.00465026	
      2424	0.00455365	
      2425	0.00446038	
      2426	0.00437413	
      2427	0.00429081	
      2428	0.00420958	
      2429	0.00413037	
      2430	 0.0040524	
      2431	 0.0039694	
      2432	0.00388781	
      2433	0.00380829	
      2434	0.00373077	
      2435	0.00365583	
      2436	0.00358783	
      2437	0.00352207	
      2438	0.00345785	
      2439	0.00339512	
      2440	0.00333326	
      2441	0.00326817	
      2442	0.00320406	
      2443	0.00314147	
      2444	0.00308035	
      2445	0.00302013	
      2446	0.00295918	
      2447	0.00289914	
      2448	0.00284053	
      2449	0.00278329	
      2450	0.00272838	
      2451	0.00248955	
      2452	0.00227739	
      2453	 0.0020875	
      2454	0.00191703	
      2455	 0.0017642	
      2456	 0.0016292	
      2457	 0.0015074	
      2458	0.00139671	
      2459	0.00129592	
      2460	0.00120372	
      2461	 0.0011178	
      2462	0.00103903	
      2463	0.000966869	
      2464	0.000900663	
      2465	0.000839521	
      2466	0.000781832	
      2467	0.000728497	
      2468	0.000679387	
      2469	0.000634114	
      2470	0.000592551	
      2471	0.000555594	
      2472	0.000521526	
      2473	0.000489899	
      2474	0.00046051	
      2475	0.000432931	
      2476	0.000405739	
      2477	0.00038027	
      2478	0.000356607	
      2479	0.000334605	
      2480	0.000314311	
      2481	0.000296202	
      2482	0.000279445	
      2483	0.000263773	
      2484	0.000249105	
      2485	0.000235458	
      2486	0.000223095	
      2487	0.000211559	
      2488	0.000200711	
      2489	0.000190501	
      2490	0.000180576	
      2491	0.000169399	
      2492	0.000158678	
      2493	0.00014867	
      2494	0.000139323	
      2495	0.00013099	
      2496	0.00012537	
      2497	0.000120391	
      2498	0.000115638	
      2499	0.000111101	
      2500	0.000106601	
      2501	2.52074e-05	
      2502	7.25542e-06	
      2503	2.37923e-06	
      2504	8.57527e-07	
      2505	3.32302e-07	
      2506	1.36219e-07	
      2507	5.85746e-08	
      2508	2.62288e-08	
      2509	1.21609e-08	
      2510	5.81327e-09	
      2511	2.85778e-09	
      2512	1.43909e-09	
      2513	7.40385e-10	
      2514	3.88382e-10	
      2515	2.07368e-10	
      2516	1.12574e-10	
      2517	6.20323e-11	
      2518	3.4657e-11	
      2519	1.96124e-11	
      2520	1.12343e-11	
      2521	6.51291e-12	
      2522	3.81632e-12	
      2523	2.25837e-12	
      2524	1.34889e-12	
      2525	8.1295e-13	
      2526	4.9466e-13	
      2527	3.03436e-13	
      2528	1.87535e-13	
      2529	1.16735e-13	
      2530	7.31449e-14	
      2531	4.60341e-14	
      2532	2.91464e-14	
      2533	1.85641e-14	
      2534	1.18916e-14	
      2535	7.66091e-15	
      2536	4.96566e-15	
      2537	3.2357e-15	
      2538	2.11875e-15	
      2539	1.39392e-15	
      2540	9.21229e-16	
      2541	6.11772e-16	
      2542	4.07994e-16	
      2543	2.73212e-16	
      2544	1.83683e-16	
      2545	1.23969e-16	
      2546	8.39433e-17	
      2547	5.70468e-17	
      2548	3.89046e-17	
      2549	2.66227e-17	
      2550	1.82785e-17	
      2551	1.25846e-17	
      2552	8.69163e-18	
      2553	6.02123e-18	
      2554	4.18368e-18	
      2555	2.91533e-18	
      2556	2.03634e-18	
      2557	1.42629e-18	
      2558	1.00168e-18	
      2559	7.05316e-19	
      2560	4.98017e-19	
      2561	3.52834e-19	
      2562	2.50641e-19	
      2563	1.78472e-19	
      2564	1.2738e-19	
      2565	9.1122e-20	
      2566	6.53013e-20	
      2567	4.68996e-20	
      2568	3.37555e-20	
      2569	2.43461e-20	
      2570	1.75957e-20	
      2571	1.27368e-20	
      2572	9.23786e-21	
      2573	6.71306e-21	
      2574	4.88755e-21	
      2575	3.56508e-21	
      2576	2.60518e-21	
      2577	1.90715e-21	
      2578	1.3986e-21	
      2579	1.02742e-21	
      2580	7.55864e-22	
      2581	5.56246e-22	
      2582	4.09918e-22	
      2583	3.02567e-22	
      2584	2.23679e-22	
      2585	1.65692e-22	
      2586	1.23322e-22	
      2587	9.19679e-23	
      2588	6.86868e-23	
      2589	5.1374e-23	
      2590	3.84712e-23	
      2591	2.87964e-23	
      2592	2.15796e-23	
      2593	1.61935e-23	
      2594	1.21681e-23	
      2595	9.15754e-24	
      2596	6.90727e-24	
      2597	5.21787e-24	
      2598	3.94668e-24	
      2599	2.98891e-24	
      2600	2.26636e-24	
      2601	1.13552e-24	
      2602	7.6559e-25	
      2603	5.45882e-25	
      2604	4.00985e-25	
      2605	3.00321e-25	
      2606	2.2789e-25	
      2607	1.74802e-25	
      2608	1.35247e-25	
      2609	1.05395e-25	
      2610	8.26323e-26	
      2611	6.51572e-26	
      2612	5.16144e-26	
      2613	4.10537e-26	
      2614	3.27734e-26	
      2615	 2.625e-26	
      2616	2.10685e-26	
      2617	1.69566e-26	
      2618	1.3682e-26	
      2619	1.1066e-26	
      2620	8.9656e-27	
      2621	7.25445e-27	
      2622	5.87823e-27	
      2623	4.77161e-27	
      2624	3.87985e-27	
      2625	3.16367e-27	
      2626	2.60152e-27	
      2627	2.14505e-27	
      2628	1.77115e-27	
      2629	1.46439e-27	
      2630	1.21172e-27	
      2631	1.00097e-27	
      2632	8.27455e-28	
      2633	6.84804e-28	
      2634	5.67371e-28	
      2635	4.70463e-28	
      2636	3.89554e-28	
      2637	3.22798e-28	
      2638	2.67736e-28	
      2639	2.2227e-28	
      2640	1.84782e-28	
      2641	1.5421e-28	
      2642	1.28871e-28	
      2643	1.07785e-28	
      2644	9.0223e-29	
      2645	7.55818e-29	
      2646	6.33024e-29	
      2647	5.30578e-29	
      2648	4.45038e-29	
      2649	3.73556e-29	
      2650	3.13775e-29	
      2651	2.63477e-29	
      2652	2.2139e-29	
      2653	1.86147e-29	
      2654	1.56614e-29	
      2655	1.31883e-29	
      2656	1.11238e-29	
      2657	9.39051e-30	
      2658	7.93202e-30	
      2659	6.70396e-30	
      2660	5.66785e-30	
      2661	4.78727e-30	
      2662	4.04469e-30	
      2663	3.41914e-30	
      2664	2.89186e-30	
      2665	2.44841e-30	
      2666	2.0783e-30	
      2667	1.76593e-30	
      2668	1.50127e-30	
      2669	1.2769e-30	
      2670	1.08631e-30	
      2671	9.22249e-31	
      2672	7.83128e-31	
      2673	 6.653e-31	
      2674	5.65455e-31	
      2675	4.80933e-31	
      2676	4.09651e-31	
      2677	3.49177e-31	
      2678	2.9776e-31	
      2679	2.54023e-31	
      2680	2.16801e-31	
      2681	1.85111e-31	
      2682	1.58118e-31	
      2683	1.35116e-31	
      2684	1.15507e-31	
      2685	9.87829e-32	
      2686	8.44247e-32	
      2687	7.21812e-32	
      2688	6.17367e-32	
      2689	5.28233e-32	
      2690	4.52137e-32	
      2691	3.87349e-32	
      2692	3.31967e-32	
      2693	2.84605e-32	
      2694	2.44088e-32	
      2695	2.09413e-32	
      2696	1.79631e-32	
      2697	1.54137e-32	
      2698	1.32306e-32	
      2699	1.13606e-32	
      2700	9.76074e-33	
      2701	1.19285e-32	
      2702	1.45915e-32	
      2703	1.78613e-32	
      2704	2.18791e-32	
      2705	2.68193e-32	
      2706	3.28982e-32	
      2707	4.03837e-32	
      2708	4.96079e-32	
      2709	6.09832e-32	
      2710	7.50216e-32	
      2711	 9.241e-32	
      2712	1.13913e-31	
      2713	1.40526e-31	
      2714	1.73487e-31	
      2715	2.14344e-31	
      2716	2.64882e-31	
      2717	3.2759e-31	
      2718	4.05462e-31	
      2719	5.02244e-31	
      2720	6.22626e-31	
      2721	7.72061e-31	
      2722	9.58141e-31	
      2723	1.19005e-30	
      2724	1.47932e-30	
      2725	1.84096e-30	
      2726	2.29422e-30	
      2727	2.86234e-30	
      2728	3.57424e-30	
      2729	4.46712e-30	
      2730	 5.588e-30	
      2731	6.98862e-30	
      2732	8.74821e-30	
      2733	1.09608e-29	
      2734	1.37458e-29	
      2735	1.72545e-29	
      2736	2.16914e-29	
      2737	2.72953e-29	
      2738	3.43802e-29	
      2739	4.33466e-29	
      2740	5.47056e-29	
      2741	6.91494e-29	
      2742	8.74955e-29	
      2743	1.10823e-28	
      2744	1.40515e-28	
      2745	1.78351e-28	
      2746	2.26488e-28	
      2747	2.87927e-28	
      2748	3.66432e-28	
      2749	4.66857e-28	
      2750	5.95472e-28	
      2751	7.59948e-28	
      2752	9.70967e-28	
      2753	1.24202e-27	
      2754	1.59062e-27	
      2755	2.0395e-27	
      2756	2.61822e-27	
      2757	3.36528e-27	
      2758	4.33088e-27	
      2759	5.58059e-27	
      2760	7.20012e-27	
      2761	9.30712e-27	
      2762	1.20466e-26	
      2763	1.56133e-26	
      2764	2.02635e-26	
      2765	2.63351e-26	
      2766	3.42938e-26	
      2767	4.47213e-26	
      2768	5.8404e-26	
      2769	7.6385e-26	
      2770	1.00022e-25	
      2771	1.31019e-25	
      2772	1.71836e-25	
      2773	2.25721e-25	
      2774	2.96975e-25	
      2775	3.91354e-25	
      2776	5.16881e-25	
      2777	6.83817e-25	
      2778	9.0621e-25	
      2779	1.20302e-24	
      2780	1.59987e-24	
      2781	2.13273e-24	
      2782	2.8483e-24	
      2783	3.81107e-24	
      2784	5.10902e-24	
      2785	6.86235e-24	
      2786	9.23568e-24	
      2787	1.2455e-23	
      2788	1.68312e-23	
      2789	2.27929e-23	
      2790	3.09329e-23	
      2791	4.20469e-23	
      2792	5.72823e-23	
      2793	7.82173e-23	
      2794	1.07054e-22	
      2795	1.46919e-22	
      2796	2.02246e-22	
      2797	2.79195e-22	
      2798	3.86414e-22	
      2799	5.3622e-22	
      2800	7.46115e-22	
      2801	9.39713e-22	
      2802	1.18471e-21	
      2803	1.49508e-21	
      2804	1.88868e-21	
      2805	2.38909e-21	
      2806	3.0271e-21	
      2807	3.84076e-21	
      2808	4.87837e-21	
      2809	6.20308e-21	
      2810	7.89626e-21	
      2811	1.00629e-20	
      2812	1.28388e-20	
      2813	1.63995e-20	
      2814	2.09723e-20	
      2815	2.68523e-20	
      2816	3.44015e-20	
      2817	4.41275e-20	
      2818	5.66742e-20	
      2819	7.28813e-20	
      2820	9.38447e-20	
      2821	1.20922e-19	
      2822	1.5602e-19	
      2823	2.01581e-19	
      2824	2.60807e-19	
      2825	3.38017e-19	
      2826	4.38989e-19	
      2827	5.71139e-19	
      2828	7.4418e-19	
      2829	9.71121e-19	
      2830	1.26923e-18	
      2831	1.66042e-18	
      2832	2.17567e-18	
      2833	2.85548e-18	
      2834	3.75396e-18	
      2835	4.94356e-18	
      2836	6.51731e-18	
      2837	8.60729e-18	
      2838	1.13881e-17	
      2839	1.50951e-17	
      2840	2.00466e-17	
      2841	2.66907e-17	
      2842	3.56072e-17	
      2843	4.75984e-17	
      2844	6.37591e-17	
      2845	8.55874e-17	
      2846	1.15063e-16	
      2847	1.55032e-16	
      2848	2.09359e-16	
      2849	2.83381e-16	
      2850	3.84489e-16	
      2851	5.22947e-16	
      2852	7.13052e-16	
      2853	9.74771e-16	
      2854	1.33608e-15	
      2855	1.8363e-15	
      2856	2.53253e-15	
      2857	3.5028e-15	
      2858	4.85918e-15	
      2859	6.76142e-15	
      2860	9.43799e-15	
      2861	1.32169e-14	
      2862	1.85711e-14	
      2863	2.61847e-14	
      2864	3.70521e-14	
      2865	5.26242e-14	
      2866	7.49277e-14	
      2867	1.07108e-13	
      2868	1.53741e-13	
      2869	2.21623e-13	
      2870	3.21007e-13	
      2871	4.67431e-13	
      2872	6.84164e-13	
      2873	1.00644e-12	
      2874	1.48832e-12	
      2875	2.21379e-12	
      2876	3.31415e-12	
      2877	4.9932e-12	
      2878	7.57079e-12	
      2879	1.15559e-11	
      2880	1.77636e-11	
      2881	2.74728e-11	
      2882	4.28257e-11	
      2883	6.73212e-11	
      2884	1.06779e-10	
      2885	1.70991e-10	
      2886	2.76835e-10	
      2887	4.53184e-10	
      2888	7.50815e-10	
      2889	1.26025e-09	
      2890	2.14582e-09	
      2891	3.71178e-09	
      2892	6.53447e-09	
      2893	1.17341e-08	
      2894	2.15546e-08	
      2895	4.06569e-08	
      2896	7.91131e-08	
      2897	1.60221e-07	
      2898	3.42553e-07	
      2899	7.9851e-07	
      2900	2.41797e-06	
      2901	2.49641e-06	
      2902	2.57764e-06	
      2903	2.66177e-06	
      2904	2.7489e-06	
      2905	2.83916e-06	
      2906	2.93063e-06	
      2907	3.02533e-06	
      2908	3.12341e-06	
      2909	3.22498e-06	
      2910	3.33019e-06	
      2911	3.43676e-06	
      2912	3.5471e-06	
      2913	3.66135e-06	
      2914	3.77966e-06	
      2915	3.90219e-06	
      2916	4.03198e-06	
      2917	4.16654e-06	
      2918	4.30605e-06	
      2919	4.45073e-06	
      2920	4.60078e-06	
      2921	4.75642e-06	
      2922	4.91788e-06	
      2923	5.08541e-06	
      2924	5.25925e-06	
      2925	5.43968e-06	
      2926	5.62696e-06	
      2927	5.82139e-06	
      2928	6.02327e-06	
      2929	6.23292e-06	
      2930	6.45066e-06	
      2931	6.67201e-06	
      2932	6.90182e-06	
      2933	7.14043e-06	
      2934	7.38825e-06	
      2935	7.64565e-06	
      2936	7.91886e-06	
      2937	8.20295e-06	
      2938	8.49839e-06	
      2939	8.80569e-06	
      2940	9.12539e-06	
      2941	9.45104e-06	
      2942	9.78971e-06	
      2943	1.0142e-05	
      2944	1.05084e-05	
      2945	1.08938e-05	
      2946	1.13034e-05	
      2947	1.17346e-05	
      2948	1.21843e-05	
      2949	1.26531e-05	
      2950	1.31422e-05	
      2951	1.36524e-05	
      2952	1.41847e-05	
      2953	1.47403e-05	
      2954	1.53204e-05	
      2955	1.5926e-05	
      2956	1.6546e-05	
      2957	1.71932e-05	
      2958	1.7869e-05	
      2959	1.85747e-05	
      2960	1.93119e-05	
      2961	2.00974e-05	
      2962	2.09189e-05	
      2963	2.17783e-05	
      2964	2.26775e-05	
      2965	2.36187e-05	
      2966	2.45853e-05	
      2967	2.55969e-05	
      2968	2.66557e-05	
      2969	2.77643e-05	
      2970	2.89254e-05	
      2971	3.0165e-05	
      2972	3.1465e-05	
      2973	3.28287e-05	
      2974	3.42597e-05	
      2975	3.57618e-05	
      2976	3.73103e-05	
      2977	3.89357e-05	
      2978	4.06423e-05	
      2979	4.24349e-05	
      2980	4.43185e-05	
      2981	4.63343e-05	
      2982	4.84556e-05	
      2983	5.06885e-05	
      2984	5.30401e-05	
      2985	5.55177e-05	
      2986	5.80837e-05	
      2987	6.07877e-05	
      2988	6.36382e-05	
      2989	6.66447e-05	
      2990	6.98174e-05	
      2991	7.32246e-05	
      2992	7.68263e-05	
      2993	8.0636e-05	
      2994	8.4668e-05	
      2995	8.89381e-05	
      2996	9.34634e-05	
      2997	9.82629e-05	
      2998	0.000103357	
      2999	0.00010877	
      3000	0.000114526	
      3001	0.000114513	
      3002	0.000114499	
      3003	0.000114485	
      3004	0.000114471	
      3005	0.000114457	
      3006	0.000114534	
      3007	0.000114611	
      3008	0.000114688	
      3009	0.000114766	
      3010	0.000114843	
      3011	0.000114921	
      3012	0.000114999	
      3013	0.000115076	
      3014	0.000115154	
      3015	0.000115233	
      3016	0.000115218	
      3017	0.000115204	
      3018	0.000115189	
      3019	0.000115174	
      3020	0.000115159	
      3021	0.000115144	
      3022	0.000115129	
      3023	0.000115113	
      3024	0.000115098	
      3025	0.000115082	
      3026	0.000115161	
      3027	0.000115239	
      3028	0.000115318	
      3029	0.000115397	
      3030	0.000115476	
      3031	0.00011546	
      3032	0.000115444	
      3033	0.000115428	
      3034	0.000115412	
      3035	0.000115396	
      3036	0.000115285	
      3037	0.000115173	
      3038	0.00011506	
      3039	0.000114947	
      3040	0.000114882	
      3041	0.000115106	
      3042	0.000115378	
      3043	0.000115651	
      3044	0.000115924	
      3045	0.000116199	
      3046	0.000116377	
      3047	0.000116556	
      3048	0.000116736	
      3049	0.000116916	
      3050	0.000117097	
      3051	0.00011718	
      3052	0.000117264	
      3053	0.000117348	
      3054	0.000117432	
      3055	0.000117517	
      3056	0.000117602	
      3057	0.000117687	
      3058	0.000117772	
      3059	0.000117858	
      3060	0.000117944	
      3061	0.000117832	
      3062	0.00011772	
      3063	0.000117608	
      3064	0.000117495	
      3065	0.000117432	
      3066	0.000117469	
      3067	0.000117556	
      3068	0.000117644	
      3069	0.000117732	
      3070	0.00011782	
      3071	0.00011801	
      3072	0.000118201	
      3073	0.000118393	
      3074	0.000118585	
      3075	0.000118779	
      3076	0.000118769	
      3077	0.000118761	
      3078	0.000118752	
      3079	0.000118744	
      3080	0.000118736	
      3081	0.000118728	
      3082	0.000118721	
      3083	0.000118714	
      3084	0.000118708	
      3085	0.000118703	
      3086	0.000118697	
      3087	0.000118693	
      3088	0.000118689	
      3089	0.000118686	
      3090	0.000118683	
      3091	0.000118681	
      3092	0.000118681	
      3093	0.000118681	
      3094	0.000118682	
      3095	0.000118684	
      3096	0.000118688	
      3097	0.000118693	
      3098	 0.0001187	
      3099	0.000118708	
      3100	0.000118718	
      3101	0.000116834	
      3102	0.000116487	
      3103	0.000116581	
      3104	0.000116915	
      3105	0.00011741	
      3106	0.000117919	
      3107	0.000118521	
      3108	 0.0001192	
      3109	0.000119946	
      3110	0.00012075	
      3111	0.000121497	
      3112	0.00012229	
      3113	0.000123126	
      3114	0.000124002	
      3115	0.000124972	
      3116	0.000126096	
      3117	0.000127316	
      3118	0.000128575	
      3119	0.000129872	
      3120	0.000131206	
      3121	0.000132577	
      3122	0.000133984	
      3123	0.000135429	
      3124	0.000136909	
      3125	0.000138426	
      3126	0.00013998	
      3127	0.000141571	
      3128	0.000143199	
      3129	0.000144865	
      3130	0.000146568	
      3131	0.00014831	
      3132	0.00015009	
      3133	0.00015191	
      3134	0.00015377	
      3135	0.00015567	
      3136	0.000157463	
      3137	0.000159295	
      3138	0.000161165	
      3139	0.000163074	
      3140	0.000165022	
      3141	0.000167169	
      3142	0.000169361	
      3143	 0.0001716	
      3144	0.000173886	
      3145	0.00017622	
      3146	0.000178434	
      3147	0.000180694	
      3148	  0.000183	
      3149	0.000185353	
      3150	0.000187754	
      3151	0.000190388	
      3152	0.000193077	
      3153	0.000195823	
      3154	0.000198629	
      3155	0.000201494	
      3156	0.00020442	
      3157	0.000207409	
      3158	0.000210463	
      3159	0.000213583	
      3160	0.000216771	
      3161	0.00022024	
      3162	0.000223788	
      3163	0.000227416	
      3164	0.000231126	
      3165	0.00023492	
      3166	0.000238339	
      3167	0.000241833	
      3168	0.000245401	
      3169	0.000249048	
      3170	0.000252897	
      3171	0.000257083	
      3172	0.000261494	
      3173	0.000266008	
      3174	0.00027063	
      3175	0.000275362	
      3176	0.00027966	
      3177	0.000284056	
      3178	0.000288551	
      3179	0.00029315	
      3180	0.000297854	
      3181	0.000302966	
      3182	0.000308202	
      3183	0.000313564	
      3184	0.000319056	
      3185	0.000324684	
      3186	0.000330777	
      3187	0.000337026	
      3188	0.000343436	
      3189	0.000350012	
      3190	0.000356758	
      3191	0.000363321	
      3192	0.000370053	
      3193	0.000376958	
      3194	0.000384044	
      3195	0.000391315	
      3196	0.000398381	
      3197	0.00040563	
      3198	0.000413068	
      3199	 0.0004207	
      3200	0.00042875	
      3201	0.000425407	
      3202	0.000422313	
      3203	0.000419253	
      3204	0.000416225	
      3205	0.000413229	
      3206	0.000409853	
      3207	0.000406513	
      3208	0.00040321	
      3209	0.000399943	
      3210	0.000396711	
      3211	0.000393115	
      3212	0.000389559	
      3213	0.000386042	
      3214	0.000382564	
      3215	0.000379123	
      3216	0.000376104	
      3217	0.000373116	
      3218	0.000370159	
      3219	0.000367233	
      3220	0.000364336	
      3221	0.000361469	
      3222	0.000358631	
      3223	0.000355822	
      3224	0.000353041	
      3225	0.000350288	
      3226	0.000347921	
      3227	0.000345576	
      3228	0.000343253	
      3229	0.000340952	
      3230	0.000338672	
      3231	0.000336066	
      3232	0.000333485	
      3233	0.00033093	
      3234	0.000328399	
      3235	0.000325892	
      3236	0.00032341	
      3237	0.000320951	
      3238	0.000318516	
      3239	0.000316104	
      3240	0.000313714	
      3241	0.000311347	
      3242	0.000309002	
      3243	0.000306679	
      3244	0.000304378	
      3245	0.000302098	
      3246	0.000300153	
      3247	0.000298225	
      3248	0.000296314	
      3249	0.000294419	
      3250	0.000292541	
      3251	0.000290069	
      3252	0.000287622	
      3253	0.000285197	
      3254	0.000282795	
      3255	0.000280416	
      3256	0.000278355	
      3257	0.000276311	
      3258	0.000274286	
      3259	0.000272279	
      3260	0.00027029	
      3261	0.000268318	
      3262	0.000266364	
      3263	0.000264427	
      3264	0.000262507	
      3265	0.000260604	
      3266	0.000258717	
      3267	0.000256847	
      3268	0.000254992	
      3269	0.000253154	
      3270	0.000251332	
      3271	0.000249526	
      3272	0.000247735	
      3273	0.000245959	
      3274	0.000244199	
      3275	0.000242453	
      3276	0.000240723	
      3277	0.000239007	
      3278	0.000237305	
      3279	0.000235618	
      3280	0.000233945	
      3281	0.000232287	
      3282	0.000230642	
      3283	0.000229011	
      3284	0.000227393	
      3285	0.000225789	
      3286	0.000224444	
      3287	0.000223108	
      3288	0.000221783	
      3289	0.000220468	
      3290	0.000219044	
      3291	0.000217154	
      3292	0.000215163	
      3293	0.00021319	
      3294	0.000211234	
      3295	0.000209413	
      3296	0.000207838	
      3297	0.000206392	
      3298	0.000204958	
      3299	0.000203535	
      3300	0.000202124	
      3301	0.000205799	
      3302	0.000209556	
      3303	0.000213394	
      3304	0.000217318	
      3305	0.000221329	
      3306	0.000224925	
      3307	0.000228595	
      3308	0.00023234	
      3309	0.000236161	
      3310	0.000240062	
      3311	0.00024432	
      3312	0.000248671	
      3313	0.000253119	
      3314	0.000257665	
      3315	0.000262313	
      3316	0.000266457	
      3317	0.000270685	
      3318	0.000274999	
      3319	0.000279402	
      3320	0.000284058	
      3321	0.000289484	
      3322	0.000295208	
      3323	0.000301072	
      3324	0.000307079	
      3325	0.000313234	
      3326	0.000318802	
      3327	0.000324497	
      3328	0.000330322	
      3329	0.000336282	
      3330	0.00034238	
      3331	0.00034903	
      3332	0.000355843	
      3333	0.000362825	
      3334	0.000369982	
      3335	0.000377318	
      3336	0.00038484	
      3337	0.000392554	
      3338	0.000400465	
      3339	0.000408581	
      3340	0.000416907	
      3341	0.000425452	
      3342	0.000434222	
      3343	0.000443225	
      3344	0.00045247	
      3345	0.000461964	
      3346	0.000471153	
      3347	0.000480585	
      3348	0.000490267	
      3349	0.000500209	
      3350	0.000510419	
      3351	0.000521536	
      3352	0.000532971	
      3353	0.000544734	
      3354	0.00055684	
      3355	 0.0005693	
      3356	0.000582128	
      3357	0.00059534	
      3358	0.000608949	
      3359	0.000622972	
      3360	0.000637426	
      3361	0.000652327	
      3362	0.000667696	
      3363	0.000683551	
      3364	0.000699913	
      3365	0.000716804	
      3366	0.000734246	
      3367	0.000752265	
      3368	0.000770885	
      3369	0.000790136	
      3370	0.000810044	
      3371	0.000830641	
      3372	0.000851961	
      3373	0.000874037	
      3374	0.000896907	
      3375	0.00092061	
      3376	0.000945188	
      3377	0.000970687	
      3378	0.000997154	
      3379	0.00102464	
      3380	 0.0010532	
      3381	0.00108426	
      3382	0.00111659	
      3383	0.00115028	
      3384	 0.0011854	
      3385	0.00122205	
      3386	0.00125873	
      3387	0.00129703	
      3388	0.00133705	
      3389	 0.0013789	
      3390	0.00142271	
      3391	0.00146862	
      3392	0.00151677	
      3393	0.00156733	
      3394	0.00162048	
      3395	0.00167642	
      3396	0.00173318	
      3397	0.00179304	
      3398	0.00185628	
      3399	0.00192319	
      3400	0.00199541	
      3401	0.00201548	
      3402	0.00203713	
      3403	0.00205909	
      3404	0.00208136	
      3405	0.00210261	
      3406	0.00211875	
      3407	0.00213371	
      3408	0.00214886	
      3409	0.00216418	
      3410	0.00218109	
      3411	0.00220106	
      3412	0.00222274	
      3413	0.00224473	
      3414	0.00226703	
      3415	0.00228965	
      3416	0.00230962	
      3417	0.00232986	
      3418	0.00235038	
      3419	0.00237119	
      3420	0.00239229	
      3421	0.00241369	
      3422	0.00243539	
      3423	0.00245741	
      3424	0.00247974	
      3425	 0.0025024	
      3426	 0.0025254	
      3427	0.00254873	
      3428	0.00257241	
      3429	0.00259645	
      3430	0.00262085	
      3431	0.00264912	
      3432	0.00267783	
      3433	0.00270702	
      3434	0.00273669	
      3435	0.00276685	
      3436	0.00279383	
      3437	0.00282124	
      3438	 0.0028491	
      3439	0.00287741	
      3440	 0.0029062	
      3441	0.00293546	
      3442	0.00296522	
      3443	0.00299548	
      3444	0.00302626	
      3445	0.00305757	
      3446	0.00308943	
      3447	0.00312186	
      3448	0.00315486	
      3449	0.00318847	
      3450	0.00322268	
      3451	 0.0032619	
      3452	0.00330188	
      3453	0.00334264	
      3454	 0.0033842	
      3455	 0.0034266	
      3456	0.00346519	
      3457	0.00350454	
      3458	0.00354468	
      3459	0.00358563	
      3460	0.00362742	
      3461	0.00367505	
      3462	0.00372371	
      3463	0.00377343	
      3464	0.00382426	
      3465	0.00387624	
      3466	0.00392409	
      3467	0.00397302	
      3468	0.00402308	
      3469	0.00407431	
      3470	0.00412675	
      3471	0.00418046	
      3472	0.00423549	
      3473	0.00429189	
      3474	0.00434972	
      3475	0.00440905	
      3476	0.00446995	
      3477	0.00453249	
      3478	0.00459675	
      3479	0.00466281	
      3480	0.00473076	
      3481	0.00480734	
      3482	0.00488624	
      3483	0.00496759	
      3484	0.00505152	
      3485	0.00513818	
      3486	0.00522054	
      3487	0.00530573	
      3488	0.00539395	
      3489	0.00548539	
      3490	 0.0055803	
      3491	0.00567895	
      3492	0.00578165	
      3493	0.00588873	
      3494	0.00600062	
      3495	0.00611778	
      3496	0.00624078	
      3497	0.00637031	
      3498	0.00650721	
      3499	0.00665255	
      3500	0.00680775	
      3501	0.00681506	
      3502	0.00682241	
      3503	0.00682979	
      3504	0.00683719	
      3505	0.00684462	
      3506	0.00684242	
      3507	0.00684024	
      3508	0.00683806	
      3509	0.00683589	
      3510	0.00683373	
      3511	0.00683158	
      3512	0.00682944	
      3513	 0.0068273	
      3514	0.00682518	
      3515	0.00682306	
      3516	0.00682096	
      3517	0.00681886	
      3518	0.00681678	
      3519	 0.0068147	
      3520	0.00681264	
      3521	 0.0068204	
      3522	 0.0068282	
      3523	0.00683602	
      3524	0.00684389	
      3525	0.00685179	
      3526	0.00684986	
      3527	0.00684793	
      3528	0.00684603	
      3529	0.00684414	
      3530	0.00684226	
      3531	0.00685032	
      3532	0.00685843	
      3533	0.00686657	
      3534	0.00687476	
      3535	0.00688298	
      3536	0.00688126	
      3537	0.00687956	
      3538	0.00687788	
      3539	0.00687621	
      3540	0.00687457	
      3541	0.00688299	
      3542	0.00689146	
      3543	0.00689998	
      3544	0.00690854	
      3545	0.00691715	
      3546	 0.0069157	
      3547	0.00691428	
      3548	0.00691288	
      3549	0.00691151	
      3550	0.00691016	
      3551	0.00690884	
      3552	0.00690755	
      3553	0.00690629	
      3554	0.00690506	
      3555	0.00690387	
      3556	 0.0069027	
      3557	0.00690157	
      3558	0.00690048	
      3559	0.00689942	
      3560	0.00689839	
      3561	0.00690772	
      3562	0.00691711	
      3563	0.00692658	
      3564	0.00693611	
      3565	0.00694572	
      3566	0.00694502	
      3567	0.00694437	
      3568	0.00694377	
      3569	0.00694323	
      3570	0.00694274	
      3571	 0.0069423	
      3572	0.00694192	
      3573	0.00694161	
      3574	0.00694135	
      3575	0.00694117	
      3576	0.00694105	
      3577	0.00694101	
      3578	0.00694104	
      3579	0.00694115	
      3580	0.00694134	
      3581	0.00695224	
      3582	0.00696326	
      3583	0.00697441	
      3584	 0.0069857	
      3585	0.00699713	
      3586	0.00699801	
      3587	0.00699901	
      3588	0.00700013	
      3589	 0.0070014	
      3590	 0.0070028	
      3591	0.00700436	
      3592	0.00700609	
      3593	0.00700798	
      3594	0.00701007	
      3595	0.00701236	
      3596	0.00702576	
      3597	0.00703944	
      3598	0.00705343	
      3599	0.00706774	
      3600	 0.0070824	
      3601	0.00707664	
      3602	0.00707087	
      3603	0.00706509	
      3604	0.00705932	
      3605	0.00705354	
      3606	0.00704775	
      3607	0.00704197	
      3608	0.00703617	
      3609	0.00703038	
      3610	0.00702458	
      3611	0.00702985	
      3612	0.00703513	
      3613	0.00704043	
      3614	0.00704574	
      3615	0.00705106	
      3616	0.00704529	
      3617	0.00703951	
      3618	0.00703373	
      3619	0.00702794	
      3620	0.00702216	
      3621	0.00702752	
      3622	 0.0070329	
      3623	 0.0070383	
      3624	 0.0070437	
      3625	0.00704913	
      3626	0.00704337	
      3627	0.00703761	
      3628	0.00703185	
      3629	0.00702608	
      3630	0.00702032	
      3631	0.00702579	
      3632	0.00703128	
      3633	0.00703678	
      3634	0.00704231	
      3635	0.00704784	
      3636	0.00704211	
      3637	0.00703638	
      3638	0.00703065	
      3639	0.00702492	
      3640	0.00701918	
      3641	0.00702478	
      3642	0.00703039	
      3643	0.00703602	
      3644	0.00704167	
      3645	0.00704734	
      3646	0.00704165	
      3647	0.00703597	
      3648	0.00703028	
      3649	0.00702459	
      3650	0.00701891	
      3651	0.00701322	
      3652	0.00700754	
      3653	0.00700186	
      3654	0.00699618	
      3655	 0.0069905	
      3656	 0.0069963	
      3657	0.00700211	
      3658	0.00700795	
      3659	0.00701381	
      3660	 0.0070197	
      3661	 0.0070256	
      3662	0.00703153	
      3663	0.00703749	
      3664	0.00704346	
      3665	0.00704947	
      3666	0.00703236	
      3667	0.00701524	
      3668	0.00699811	
      3669	0.00698097	
      3670	0.00696961	
      3671	0.00696987	
      3672	0.00697596	
      3673	0.00698208	
      3674	0.00698822	
      3675	 0.0069944	
      3676	0.00698894	
      3677	0.00698349	
      3678	0.00697805	
      3679	0.00697263	
      3680	0.00696721	
      3681	0.00696181	
      3682	0.00695643	
      3683	0.00695105	
      3684	 0.0069457	
      3685	0.00694036	
      3686	0.00694681	
      3687	 0.0069533	
      3688	0.00695984	
      3689	0.00696641	
      3690	0.00697304	
      3691	0.00696787	
      3692	0.00696274	
      3693	0.00695763	
      3694	0.00695254	
      3695	0.00694749	
      3696	0.00694247	
      3697	0.00693748	
      3698	0.00693253	
      3699	0.00692762	
      3700	0.00692274	
      3701	0.00692927	
      3702	0.00693582	
      3703	0.00694239	
      3704	0.00694899	
      3705	0.00695561	
      3706	0.00695025	
      3707	0.00694489	
      3708	0.00693954	
      3709	0.00693419	
      3710	0.00692883	
      3711	0.00693554	
      3712	0.00694228	
      3713	0.00694904	
      3714	0.00695583	
      3715	0.00696264	
      3716	0.00695736	
      3717	0.00695207	
      3718	0.00694679	
      3719	0.00694151	
      3720	0.00693624	
      3721	0.00694314	
      3722	0.00695007	
      3723	0.00695703	
      3724	0.00696401	
      3725	0.00697102	
      3726	0.00696582	
      3727	0.00696061	
      3728	0.00695541	
      3729	0.00695021	
      3730	0.00694502	
      3731	0.00695213	
      3732	0.00695926	
      3733	0.00696643	
      3734	0.00697362	
      3735	0.00698084	
      3736	0.00696335	
      3737	0.00694584	
      3738	 0.0069283	
      3739	0.00691074	
      3740	0.00689937	
      3741	0.00690042	
      3742	0.00690771	
      3743	0.00691503	
      3744	0.00692238	
      3745	0.00692975	
      3746	0.00692466	
      3747	0.00691957	
      3748	0.00691448	
      3749	 0.0069094	
      3750	0.00690432	
      3751	 0.0069118	
      3752	0.00691932	
      3753	0.00692687	
      3754	0.00693446	
      3755	0.00694207	
      3756	0.00693708	
      3757	0.00693209	
      3758	 0.0069271	
      3759	0.00692212	
      3760	0.00691715	
      3761	0.00692488	
      3762	0.00693265	
      3763	0.00694045	
      3764	0.00694829	
      3765	0.00695615	
      3766	0.00696406	
      3767	0.00697199	
      3768	0.00697996	
      3769	0.00698797	
      3770	0.00699601	
      3771	0.00699123	
      3772	0.00698646	
      3773	 0.0069817	
      3774	0.00697694	
      3775	0.00697219	
      3776	0.00696744	
      3777	 0.0069627	
      3778	0.00695797	
      3779	0.00695325	
      3780	0.00694853	
      3781	0.00695682	
      3782	0.00696516	
      3783	0.00697353	
      3784	0.00698193	
      3785	0.00699038	
      3786	0.00698579	
      3787	0.00698121	
      3788	0.00697663	
      3789	0.00697206	
      3790	0.00696751	
      3791	0.00697612	
      3792	0.00698478	
      3793	0.00699348	
      3794	0.00700222	
      3795	  0.007011	
      3796	0.00700659	
      3797	0.00700218	
      3798	0.00699779	
      3799	0.00699341	
      3800	0.00698904	
      3801	0.00693155	
      3802	0.00688708	
      3803	0.00685012	
      3804	0.00681822	
      3805	0.00679001	
      3806	0.00675178	
      3807	0.00671595	
      3808	 0.0066821	
      3809	0.00664995	
      3810	0.00661925	
      3811	0.00660253	
      3812	0.00658688	
      3813	0.00657219	
      3814	0.00655837	
      3815	0.00654533	
      3816	0.00652045	
      3817	0.00649628	
      3818	0.00647276	
      3819	0.00644986	
      3820	0.00642752	
      3821	0.00641817	
      3822	0.00640929	
      3823	0.00640086	
      3824	0.00639284	
      3825	0.00638521	
      3826	0.00637796	
      3827	0.00637108	
      3828	0.00636454	
      3829	0.00635833	
      3830	0.00635243	
      3831	0.00633453	
      3832	0.00631693	
      3833	0.00629965	
      3834	0.00628266	
      3835	0.00626595	
      3836	 0.0062618	
      3837	 0.0062579	
      3838	0.00625424	
      3839	0.00625083	
      3840	0.00624765	
      3841	0.00623246	
      3842	0.00621751	
      3843	0.00620279	
      3844	0.00618829	
      3845	0.00617402	
      3846	0.00617219	
      3847	0.00617056	
      3848	0.00616914	
      3849	0.00616792	
      3850	0.00616691	
      3851	0.00615388	
      3852	0.00614106	
      3853	0.00612844	
      3854	0.00611601	
      3855	0.00610378	
      3856	0.00609784	
      3857	 0.0060921	
      3858	0.00608045	
      3859	0.00607509	
      3860	0.00606993	
      3861	0.00606496	
      3862	0.00606629	
      3863	0.00606171	
      3864	0.00606343	
      3865	0.00605924	
      3866	0.00604913	
      3867	0.00604534	
      3868	0.00603562	
      3869	0.00603223	
      3870	0.00602292	
      3871	0.00602607	
      3872	0.00602944	
      3873	0.00603303	
      3874	0.00603685	
      3875	 0.0060409	
      3876	0.00603289	
      3877	0.00603126	
      3878	0.00602371	
      3879	0.00602257	
      3880	 0.0060155	
      3881	0.00601487	
      3882	 0.0060145	
      3883	0.00601441	
      3884	 0.0060146	
      3885	 0.0060151	
      3886	0.00602212	
      3887	0.00602947	
      3888	0.00604341	
      3889	 0.0060515	
      3890	0.00605998	
      3891	0.00605638	
      3892	0.00605318	
      3893	0.00605667	
      3894	0.00605435	
      3895	0.00605252	
      3896	 0.0060638	
      3897	0.00606938	
      3898	0.00608192	
      3899	0.00608884	
      3900	0.00610286	
      3901	  0.006115	
      3902	0.00612722	
      3903	0.00613311	
      3904	0.00614547	
      3905	 0.0061579	
      3906	0.00616398	
      3907	0.00616367	
      3908	0.00616984	
      3909	 0.0061696	
      3910	0.00617588	
      3911	0.00618872	
      3912	0.00619513	
      3913	0.00620813	
      3914	0.00621467	
      3915	0.00622784	
      3916	0.00622795	
      3917	0.00622811	
      3918	 0.0062349	
      3919	0.00623515	
      3920	0.00623544	
      3921	0.00624905	
      3922	0.00626276	
      3923	 0.0062699	
      3924	0.00628381	
      3925	0.00629782	
      3926	0.00629851	
      3927	0.00630598	
      3928	0.00630678	
      3929	 0.0063144	
      3930	0.00631533	
      3931	0.00632989	
      3932	0.00633777	
      3933	0.00635256	
      3934	0.00636064	
      3935	0.00637567	
      3936	0.00638396	
      3937	0.00638545	
      3938	0.00639392	
      3939	0.00639557	
      3940	0.00640424	
      3941	0.00641301	
      3942	0.00642887	
      3943	0.00643789	
      3944	0.00645403	
      3945	 0.0064633	
      3946	0.00646566	
      3947	 0.0064681	
      3948	0.00647772	
      3949	0.00648038	
      3950	0.00648314	
      3951	0.00649313	
      3952	0.00651043	
      3953	0.00652074	
      3954	 0.0065384	
      3955	0.00654905	
      3956	0.00655986	
      3957	0.00657084	
      3958	0.00657472	
      3959	0.00658604	
      3960	0.00659754	
      3961	0.00661658	
      3962	0.00663585	
      3963	  0.006648	
      3964	0.00666776	
      3965	 0.0066878	
      3966	0.00669322	
      3967	 0.0067063	
      3968	0.00671214	
      3969	0.00672572	
      3970	0.00673202	
      3971	0.00675369	
      3972	0.00676811	
      3973	0.00679046	
      3974	0.00680554	
      3975	0.00682863	
      3976	0.00684444	
      3977	 0.0068529	
      3978	0.00686945	
      3979	0.00687865	
      3980	0.00689603	
      3981	0.00691387	
      3982	0.00693221	
      3983	0.00695897	
      3984	0.00697843	
      3985	0.00699849	
      3986	0.00702717	
      3987	 0.0070486	
      3988	0.00707883	
      3989	0.00710186	
      3990	 0.0071339	
      3991	0.00715067	
      3992	0.00717663	
      3993	0.00719555	
      3994	  0.007224	
      3995	0.00724565	
      3996	0.00728568	
      3997	0.00731941	
      3998	0.00736401	
      3999	0.00740313	
      4000	0.00745455	
