280	0.000145113
281	0.000278889
282	0.000493701
283	0.000618846
284	0.000584903
285	0.000389202
286	0.000514116
287	0.000759215
288	0.000718752
289	0.000911645
290	0.00130312
291	0.0014757
292	0.00140254
293	0.00136982
294	0.0013913
295	0.00142373
296	0.00152121
297	0.00140293
298	0.00146878
299	0.00139949
300	0.00138338
301	0.0021633
302	0.00349272
303	0.00693756
304	0.0115376
305	0.0181938
306	0.0203015
307	0.0257144
308	0.0330981
309	0.0360699
310	0.042175
311	0.0632566
312	0.0698737
313	0.0783214
314	0.0906207
315	0.0974436
316	0.0950782
317	0.120702
318	0.128444
319	0.131704
320	0.154108
321	0.160275
322	0.158955
323	0.154968
324	0.178565
325	0.213581
326	0.25804
327	0.271698
328	0.268478
329	0.291516
330	0.325165
331	0.305587
332	0.307376
333	0.304382
334	0.309806
335	0.327857
336	0.299381
337	0.283317
338	0.316982
339	0.339034
340	0.366375
341	0.354271
342	0.361532
343	0.3764
344	0.326254
345	0.340733
346	0.363396
347	0.36912
348	0.362589
349	0.360151
350	0.400393
351	0.421472
352	0.396549
353	0.406737
354	0.463825
355	0.472359
356	0.434437
357	0.371774
358	0.339252
359	0.376717
360	0.463406
361	0.422307
362	0.431557
363	0.473812
364	0.478729
365	0.507538
366	0.580292
367	0.581273
368	0.547243
369	0.564225
370	0.59437
371	0.565353
372	0.550217
373	0.496034
374	0.453658
375	0.487738
376	0.545876
377	0.591699
378	0.688
379	0.62084
380	0.585615
381	0.617327
382	0.493234
383	0.387382
384	0.432915
385	0.544688
386	0.530336
387	0.545054
388	0.535858
389	0.581632
390	0.665855
391	0.711403
392	0.659656
393	0.424548
394	0.436971
395	0.673054
396	0.621523
397	0.433111
398	0.713056
399	0.906528
400	0.957705
401	0.99509
402	1.0249
403	1.00539
404	1.01086
405	0.99601
406	0.972941
407	0.961282
408	1.00158
409	1.03995
410	0.945985
411	1.01778
412	1.07444
413	1.04822
414	1.03753
415	1.07056
416	1.09848
417	1.07774
418	1.04604
419	1.06015
420	1.01565
421	1.10323
422	1.10509
423	1.07801
424	1.07653
425	1.09857
426	1.07335
427	1.04473
428	1.0381
429	0.955588
430	0.790812
431	0.773442
432	1.10486
433	1.0932
434	1.03516
435	1.11424
436	1.21094
437	1.22301
438	1.10608
439	1.07904
440	1.18905
441	1.20664
442	1.27003
443	1.29369
444	1.27645
445	1.29765
446	1.22134
447	1.32506
448	1.35741
449	1.36359
450	1.40802
451	1.44581
452	1.39571
453	1.32046
454	1.37535
455	1.38482
456	1.41934
457	1.43407
458	1.41152
459	1.39925
460	1.40082
461	1.43638
462	1.45541
463	1.45518
464	1.42324
465	1.40345
466	1.41623
467	1.3821
468	1.42053
469	1.42886
470	1.39264
471	1.41337
472	1.46546
473	1.43614
474	1.44889
475	1.48505
476	1.45819
477	1.47095
478	1.50363
479	1.48743
480	1.50111
481	1.50097
482	1.49988
483	1.48232
484	1.45917
485	1.41759
486	1.22715
487	1.31279
488	1.40419
489	1.3732
490	1.47325
491	1.44209
492	1.39784
493	1.45363
494	1.4501
495	1.50513
496	1.46527
497	1.46912
498	1.44026
499	1.43655
500	1.43281
501	1.40084
502	1.40538
503	1.44657
504	1.40031
505	1.46604
506	1.51587
507	1.46852
508	1.43616
509	1.47753
510	1.45644
511	1.47429
512	1.49596
513	1.42922
514	1.39658
515	1.42866
516	1.40831
517	1.23124
518	1.3196
519	1.32294
520	1.41155
521	1.43852
522	1.45784
523	1.40801
524	1.47727
525	1.48025
526	1.42353
527	1.30894
528	1.43512
529	1.50359
530	1.47756
531	1.53085
532	1.49915
533	1.38613
534	1.43942
535	1.47631
536	1.50645
537	1.43573
538	1.46973
539	1.44451
540	1.39883
541	1.36874
542	1.45251
543	1.45259
544	1.48581
545	1.46345
546	1.45569
547	1.46256
548	1.44107
549	1.46454
550	1.45866
551	1.46112
552	1.47924
553	1.45229
554	1.47137
555	1.47869
556	1.45755
557	1.42953
558	1.43975
559	1.394
560	1.41303
561	1.46644
562	1.43046
563	1.46029
564	1.4508
565	1.44425
566	1.39835
567	1.45865
568	1.4619
569	1.44349
570	1.43393
571	1.40294
572	1.46162
573	1.47712
574	1.46813
575	1.4425
576	1.43661
577	1.45339
578	1.424
579	1.43103
580	1.43909
581	1.44225
582	1.45529
583	1.46245
584	1.45684
585	1.44533
586	1.42005
587	1.44304
588	1.41679
589	1.30677
590	1.35541
591	1.4169
592	1.41433
593	1.41274
594	1.41379
595	1.41188
596	1.42584
597	1.43193
598	1.41024
599	1.40344
600	1.40762
601	1.39088
602	1.38114
603	1.40247
604	1.42495
605	1.42345
606	1.41903
607	1.41975
608	1.41455
609	1.40343
610	1.39759
611	1.39534
612	1.4114
613	1.39283
614	1.36603
615	1.38823
616	1.36236
617	1.35282
618	1.39045
619	1.40453
620	1.40836
621	1.41218
622	1.39022
623	1.38679
624	1.3792
625	1.36124
626	1.36499
627	1.3978
628	1.4047
629	1.40433
630	1.3925
631	1.37823
632	1.34306
633	1.38407
634	1.37601
635	1.3763
636	1.35877
637	1.38839
638	1.39917
639	1.38475
640	1.35872
641	1.3558
642	1.35919
643	1.37101
644	1.36385
645	1.37146
646	1.35159
647	1.36025
648	1.35197
649	1.31822
650	1.30987
651	1.35781
652	1.35586
653	1.35921
654	1.34233
655	1.28169
656	1.15477
657	1.1901
658	1.30036
659	1.32091
660	1.33614
661	1.34604
662	1.34735
663	1.34115
664	1.33707
665	1.34914
666	1.34398
667	1.33017
668	1.32063
669	1.32723
670	1.30531
671	1.29532
672	1.27975
673	1.27949
674	1.27013
675	1.26212
676	1.26903
677	1.25727
678	1.25718
679	1.24368
680	1.2397
681	1.2379
682	1.23516
683	1.22628
684	1.2175
685	1.21087
686	1.18884
687	1.20917
688	1.21817
689	1.21795
690	1.21571
691	1.21047
692	1.20113
693	1.20834
694	1.21046
695	1.2012
696	1.20239
697	1.20367
698	1.19558
699	1.20228
700	1.19963
701	1.19497
702	1.19255
703	1.2031
704	1.21609
705	1.22624
706	1.21851
707	1.21558
708	1.22
709	1.22267
710	1.24027
711	1.20156
712	1.16807
713	1.14577
714	1.1353
715	1.10894
716	1.10828
717	1.10026
718	1.07992
719	1.04458
720	1.06504
721	1.06768
722	1.06939
723	1.06233
724	1.0632
725	1.05942
726	1.05814
727	1.06292
728	1.06293
729	1.03904
730	1.07257
731	1.06918
732	1.0834
733	1.08372
734	1.10727
735	1.11079
736	1.10662
737	1.11395
738	1.11532
739	1.10508
740	1.13441
741	1.13021
742	1.12715
743	1.14865
744	1.15909
745	1.15506
746	1.15557
747	1.15614
748	1.15117
749	1.15079
750	1.14602
751	1.14702
752	1.14936
753	1.152
754	1.15928
755	1.15863
756	1.1455
757	1.14483
758	1.14982
759	1.13888
760	1.14269
761	1.13742
762	1.13669
763	1.10836
764	1.0871
765	1.05808
766	1.01191
767	1.00271
768	1.01091
769	1.00572
770	1.009
771	1.01461
772	1.02052
773	1.0268
774	1.03352
775	1.04079
776	1.04772
777	1.05018
778	1.06074
779	1.07881
780	1.09185
781	1.09022
782	1.09548
783	1.08819
784	1.08094
785	1.08628
786	1.08707
787	1.0856
788	1.07844
789	1.07586
790	1.0676
791	1.05822
792	1.04885
793	1.0395
794	1.0313
795	1.0311
796	1.04001
797	1.05348
798	1.0476
799	1.03718
800	1.02449
801	1.02073
802	1.0107
803	0.990552
804	0.984843
805	0.963566
806	0.973296
807	0.965002
808	0.957083
809	0.940953
810	0.94108
811	0.939261
812	0.941812
813	0.93923
814	0.934693
815	0.925087
816	0.920824
817	0.915005
818	0.896993
819	0.879212
820	0.874919
821	0.875817
822	0.863601
823	0.869714
824	0.865711
825	0.87293
826	0.88677
827	0.895051
828	0.896681
829	0.899026
830	0.908798
831	0.92134
832	0.926585
833	0.911657
834	0.924317
835	0.930534
836	0.939152
837	0.936859
838	0.938115
839	0.936282
840	0.94607
841	0.945933
842	0.933384
843	0.929879
844	0.920725
845	0.93992
846	0.941024
847	0.921704
848	0.919439
849	0.909229
850	0.852028
851	0.901196
852	0.906055
853	0.887498
854	0.817419
855	0.853203
856	0.907303
857	0.930247
858	0.93464
859	0.935861
860	0.931594
861	0.931111
862	0.938781
863	0.937833
864	0.922109
865	0.89521
866	0.820237
867	0.85874
868	0.896199
869	0.896528
870	0.906404
871	0.900333
872	0.906718
873	0.899358
874	0.884886
875	0.876944
876	0.894047
877	0.898912
878	0.895396
879	0.884299
880	0.881237
881	0.831437
882	0.827572
883	0.815024
884	0.80841
885	0.803614
886	0.777874
887	0.767371
888	0.771532
889	0.768417
890	0.760981
891	0.752489
892	0.741534
893	0.727351
894	0.72459
895	0.72229
896	0.721783
897	0.713684
898	0.705975
899	0.695774
900	0.689268
901	0.67436
902	0.661541
903	0.680975
904	0.680663
905	0.674433
906	0.671953
907	0.676333
908	0.67054
909	0.664441
910	0.671084
911	0.675266
912	0.675351
913	0.683165
914	0.685073
915	0.682916
916	0.685499
917	0.68271
918	0.68203
919	0.683653
920	0.67865
921	0.668755
922	0.660493
923	0.646176
924	0.665268
925	0.669477
926	0.603192
927	0.5769
928	0.543617
929	0.515143
930	0.490945
931	0.471971
932	0.452551
933	0.437896
934	0.421667
935	0.403725
936	0.389262
937	0.378272
938	0.382601
939	0.38396
940	0.380367
941	0.377916
942	0.373082
943	0.384298
944	0.382643
945	0.386536
946	0.392026
947	0.394508
948	0.398532
949	0.40736
950	0.41398
951	0.419467
952	0.429567
953	0.43787
954	0.441409
955	0.435867
956	0.458406
957	0.475184
958	0.49133
959	0.50735
960	0.518699
961	0.532482
962	0.551985
963	0.57125
964	0.592025
965	0.627044
966	0.625471
967	0.63159
968	0.629604
969	0.633573
970	0.637735
971	0.636214
972	0.641363
973	0.639664
974	0.635238
975	0.640688
976	0.64869
977	0.648193
978	0.653709
979	0.652226
980	0.660161
981	0.663096
982	0.669148
983	0.66951
984	0.66846
985	0.671778
986	0.672087
987	0.674875
988	0.676357
989	0.67443
990	0.679767
991	0.687779
992	0.690574
993	0.696692
994	0.702642
995	0.699672
996	0.697517
997	0.690714
998	0.689718
999	0.689412
1000	0.690742
1001	0.693926
1002	0.693636
1003	0.686827
1004	0.675715
1005	0.646327
1006	0.666399
1007	0.679967
1008	0.682708
1009	0.680678
1010	0.681337
1011	0.678256
1012	0.676698
1013	0.67374
1014	0.674178
1015	0.666781
1016	0.666981
1017	0.663795
1018	0.66729
1019	0.655209
1020	0.65695
1021	0.658108
1022	0.652355
1023	0.655993
1024	0.658233
1025	0.657426
1026	0.657219
1027	0.655599
1028	0.655521
1029	0.651334
1030	0.652093
1031	0.651337
1032	0.650119
1033	0.642536
1034	0.644649
1035	0.647019
1036	0.646929
1037	0.642113
1038	0.640281
1039	0.643458
1040	0.641208
1041	0.641375
1042	0.64082
1043	0.636948
1044	0.637942
1045	0.63347
1046	0.622218
1047	0.628801
1048	0.634073
1049	0.632213
1050	0.629165
1051	0.628969
1052	0.626157
1053	0.624771
1054	0.623623
1055	0.625329
1056	0.62418
1057	0.622556
1058	0.615936
1059	0.603844
1060	0.612799
1061	0.606538
1062	0.613
1063	0.608519
1064	0.613668
1065	0.612403
1066	0.602798
1067	0.604149
1068	0.601207
1069	0.57887
1070	0.590456
1071	0.584918
1072	0.579394
1073	0.567086
1074	0.568613
1075	0.55821
1076	0.557871
1077	0.554889
1078	0.551023
1079	0.540974
1080	0.542423
1081	0.530128
1082	0.523559
1083	0.525875
1084	0.527493
1085	0.52508
1086	0.52275
1087	0.506982
1088	0.512872
1089	0.51349
1090	0.509194
1091	0.508317
1092	0.499636
1093	0.490524
1094	0.471431
1095	0.48073
1096	0.483904
1097	0.485442
1098	0.481551
1099	0.478521
1100	0.487559
1101	0.433102
1102	0.390121
1103	0.367843
1104	0.345401
1105	0.325305
1106	0.307932
1107	0.291757
1108	0.278691
1109	0.266559
1110	0.255742
1111	0.244531
1112	0.234873
1113	0.225171
1114	0.218607
1115	0.210561
1116	0.202002
1117	0.19675
1118	0.188176
1119	0.181835
1120	0.175791
1121	0.180884
1122	0.186289
1123	0.190945
1124	0.195562
1125	0.199261
1126	0.200433
1127	0.208086
1128	0.216249
1129	0.22277
1130	0.228559
1131	0.229169
1132	0.229071
1133	0.226314
1134	0.225722
1135	0.22538
1136	0.224844
1137	0.220175
1138	0.217116
1139	0.219077
1140	0.2193
1141	0.215721
1142	0.21792
1143	0.216323
1144	0.21439
1145	0.215356
1146	0.222713
1147	0.228976
1148	0.234213
1149	0.2402
1150	0.246737
1151	0.253938
1152	0.26123
1153	0.270634
1154	0.281949
1155	0.292364
1156	0.301339
1157	0.315237
1158	0.328791
1159	0.340663
1160	0.354824
1161	0.372497
1162	0.382962
1163	0.389142
1164	0.388536
1165	0.394766
1166	0.393062
1167	0.400978
1168	0.406798
1169	0.402725
1170	0.413707
1171	0.417107
1172	0.417874
1173	0.416583
1174	0.416867
1175	0.41171
1176	0.407728
1177	0.414998
1178	0.413513
1179	0.413439
1180	0.418087
1181	0.417334
1182	0.414463
1183	0.40016
1184	0.41277
1185	0.419152
1186	0.42018
1187	0.42071
1188	0.416129
1189	0.402998
1190	0.415895
1191	0.424123
1192	0.424848
1193	0.425278
1194	0.425936
1195	0.424105
1196	0.424592
1197	0.422886
1198	0.415073
1199	0.406588
1200	0.423279
1201	0.429882
1202	0.429145
1203	0.417119
1204	0.416217
1205	0.425589
1206	0.425756
1207	0.425855
1208	0.416817
1209	0.403415
1210	0.416532
1211	0.412689
1212	0.419577
1213	0.421676
1214	0.420483
1215	0.421248
1216	0.421179
1217	0.420816
1218	0.419606
1219	0.417665
1220	0.419107
1221	0.419168
1222	0.417953
1223	0.415893
1224	0.419749
1225	0.419386
1226	0.419288
1227	0.413071
1228	0.417004
1229	0.420449
1230	0.420427
1231	0.42013
1232	0.418135
1233	0.419998
1234	0.419972
1235	0.419619
1236	0.422938
1237	0.424489
1238	0.425519
1239	0.424854
1240	0.428526
1241	0.429489
1242	0.426723
1243	0.421618
1244	0.418668
1245	0.418413
1246	0.419465
1247	0.418495
1248	0.419383
1249	0.418024
1250	0.416018
1251	0.412577
1252	0.408937
1253	0.409053
1254	0.408403
1255	0.406866
1256	0.405017
1257	0.402411
1258	0.402391
1259	0.400153
1260	0.400383
1261	0.398622
1262	0.394437
1263	0.395813
1264	0.391885
1265	0.391617
1266	0.392355
1267	0.387152
1268	0.384285
1269	0.386256
1270	0.387578
1271	0.388521
1272	0.387691
1273	0.387608
1274	0.386484
1275	0.388843
1276	0.3905
1277	0.39122
1278	0.390998
1279	0.389392
1280	0.386619
1281	0.373954
1282	0.346064
1283	0.367715
1284	0.383272
1285	0.387614
1286	0.389399
1287	0.391349
1288	0.391363
1289	0.392844
1290	0.389785
1291	0.385593
1292	0.382701
1293	0.378794
1294	0.371645
1295	0.370498
1296	0.368898
1297	0.364521
1298	0.360086
1299	0.360236
1300	0.357568
1301	0.354673
1302	0.350263
1303	0.346909
1304	0.344479
1305	0.34549
1306	0.344646
1307	0.343328
1308	0.341532
1309	0.34009
1310	0.337664
1311	0.335484
1312	0.331296
1313	0.323866
1314	0.327993
1315	0.321802
1316	0.321789
1317	0.324858
1318	0.321754
1319	0.323864
1320	0.322167
1321	0.281839
1322	0.256652
1323	0.237566
1324	0.221865
1325	0.208066
1326	0.195562
1327	0.184379
1328	0.175264
1329	0.163966
1330	0.157828
1331	0.151807
1332	0.143573
1333	0.139662
1334	0.134627
1335	0.129213
1336	0.123583
1337	0.119243
1338	0.114557
1339	0.10949
1340	0.105592
1341	0.103712
1342	0.100329
1343	0.0971807
1344	0.0942491
1345	0.0913364
1346	0.0880343
1347	0.085713
1348	0.0831588
1349	0.0805299
1350	0.0775466
1351	0.0721496
1352	0.0676226
1353	0.063064
1354	0.0587803
1355	0.0545597
1356	0.0511778
1357	0.0477732
1358	0.0454743
1359	0.0428472
1360	0.0402038
1361	0.0383505
1362	0.0362157
1363	0.0338857
1364	0.0323948
1365	0.0307555
1366	0.029184
1367	0.0275738
1368	0.0263704
1369	0.0247983
1370	0.0235869
1371	0.0225362
1372	0.021696
1373	0.0207558
1374	0.0197998
1375	0.0186832
1376	0.0177545
1377	0.0171196
1378	0.0164058
1379	0.0158011
1380	0.0150779
1381	0.0144547
1382	0.0137372
1383	0.0132042
1384	0.0127237
1385	0.0121452
1386	0.0117168
1387	0.0111921
1388	0.0108017
1389	0.0103988
1390	0.00988328
1391	0.00959644
1392	0.00925427
1393	0.00887335
1394	0.00851051
1395	0.00820314
1396	0.00850131
1397	0.00880171
1398	0.00912624
1399	0.00939924
1400	0.0095227
1401	0.00984992
1402	0.0103086
1403	0.0106202
1404	0.0110217
1405	0.0114263
1406	0.0119068
1407	0.0123443
1408	0.0127985
1409	0.0133237
1410	0.0138207
1411	0.0142629
1412	0.0145597
1413	0.0152707
1414	0.0160772
1415	0.0167711
1416	0.0174259
1417	0.0182582
1418	0.0190907
1419	0.0197657
1420	0.0206061
1421	0.021633
1422	0.0223116
1423	0.0232962
1424	0.0244058
1425	0.0257828
1426	0.0265413
1427	0.0280648
1428	0.0296767
1429	0.0307686
1430	0.0323368
1431	0.0342698
1432	0.0367764
1433	0.0388828
1434	0.0406171
1435	0.0431391
1436	0.0458326
1437	0.0487893
1438	0.0517886
1439	0.0552451
1440	0.0570431
1441	0.0612896
1442	0.0658399
1443	0.0694599
1444	0.0713747
1445	0.0732211
1446	0.0753195
1447	0.0768396
1448	0.0792537
1449	0.0811721
1450	0.0827778
1451	0.0841488
1452	0.0863649
1453	0.0889285
1454	0.0910343
1455	0.0933143
1456	0.0956664
1457	0.0991317
1458	0.103323
1459	0.10691
1460	0.109621
1461	0.112762
1462	0.115684
1463	0.11702
1464	0.117158
1465	0.118106
1466	0.117201
1467	0.118482
1468	0.117577
1469	0.118431
1470	0.117813
1471	0.116148
1472	0.116483
1473	0.116202
1474	0.113965
1475	0.115351
1476	0.115927
1477	0.115696
1478	0.11809
1479	0.121685
1480	0.12478
1481	0.12671
1482	0.130175
1483	0.131511
1484	0.136066
1485	0.141043
1486	0.143568
1487	0.144481
1488	0.137488
1489	0.152681
1490	0.160592
1491	0.166111
1492	0.170443
1493	0.178078
1494	0.185148
1495	0.191496
1496	0.195478
1497	0.207621
1498	0.210493
1499	0.210762
1500	0.215276
1501	0.216809
1502	0.21439
1503	0.201832
1504	0.20774
1505	0.205459
1506	0.214613
1507	0.22332
1508	0.224058
1509	0.225457
1510	0.231297
1511	0.233963
1512	0.233064
1513	0.234611
1514	0.236766
1515	0.241801
1516	0.245126
1517	0.248605
1518	0.256232
1519	0.260179
1520	0.27087
1521	0.26628
1522	0.265365
1523	0.268358
1524	0.268875
1525	0.26515
1526	0.269842
1527	0.269097
1528	0.270141
1529	0.267287
1530	0.257786
1531	0.267566
1532	0.26941
1533	0.266979
1534	0.263741
1535	0.266033
1536	0.26898
1537	0.268869
1538	0.26428
1539	0.266537
1540	0.259561
1541	0.260389
1542	0.261281
1543	0.260864
1544	0.2616
1545	0.261679
1546	0.26005
1547	0.25636
1548	0.251206
1549	0.253679
1550	0.251854
1551	0.252036
1552	0.253395
1553	0.250488
1554	0.24575
1555	0.245543
1556	0.243395
1557	0.247121
1558	0.246137
1559	0.245861
1560	0.24466
1561	0.247844
1562	0.247233
1563	0.246164
1564	0.244053
1565	0.246229
1566	0.244366
1567	0.244473
1568	0.242496
1569	0.244245
1570	0.244255
1571	0.248597
1572	0.249224
1573	0.246707
1574	0.244186
1575	0.235448
1576	0.240583
1577	0.228662
1578	0.241168
1579	0.247163
1580	0.249141
1581	0.248637
1582	0.241308
1583	0.242227
1584	0.240679
1585	0.245254
1586	0.242891
1587	0.239582
1588	0.233469
1589	0.221247
1590	0.22595
1591	0.227712
1592	0.236509
1593	0.240866
1594	0.239952
1595	0.239293
1596	0.23059
1597	0.2324
1598	0.236771
1599	0.233469
1600	0.233661
1601	0.228637
1602	0.230234
1603	0.230565
1604	0.230658
1605	0.228456
1606	0.227637
1607	0.226602
1608	0.229476
1609	0.227298
1610	0.216849
1611	0.220893
1612	0.222775
1613	0.226399
1614	0.225994
1615	0.224792
1616	0.217329
1617	0.220087
1618	0.226368
1619	0.22545
1620	0.220099
1621	0.220031
1622	0.223273
1623	0.227752
1624	0.228387
1625	0.225867
1626	0.228166
1627	0.229489
1628	0.231198
1629	0.232062
1630	0.231148
1631	0.232066
1632	0.231895
1633	0.229287
1634	0.227175
1635	0.229669
1636	0.22889
1637	0.22156
1638	0.219698
1639	0.216498
1640	0.21851
1641	0.217495
1642	0.217819
1643	0.221043
1644	0.219303
1645	0.218659
1646	0.221397
1647	0.221843
1648	0.221205
1649	0.218021
1650	0.219796
1651	0.217825
1652	0.219854
1653	0.218369
1654	0.219063
1655	0.217338
1656	0.218391
1657	0.218487
1658	0.217365
1659	0.215287
1660	0.216468
1661	0.217282
1662	0.216531
1663	0.215664
1664	0.215272
1665	0.213556
1666	0.211967
1667	0.211944
1668	0.209381
1669	0.210808
1670	0.213809
1671	0.212455
1672	0.206284
1673	0.208437
1674	0.210705
1675	0.208514
1676	0.206208
1677	0.207396
1678	0.207977
1679	0.204396
1680	0.197455
1681	0.190966
1682	0.193856
1683	0.198671
1684	0.201232
1685	0.201557
1686	0.199296
1687	0.199309
1688	0.198742
1689	0.196305
1690	0.196116
1691	0.198641
1692	0.198711
1693	0.197731
1694	0.19734
1695	0.196967
1696	0.195891
1697	0.194834
1698	0.194361
1699	0.193076
1700	0.190648
1701	0.190074
1702	0.189821
1703	0.189341
1704	0.188819
1705	0.188236
1706	0.187188
1707	0.186071
1708	0.18496
1709	0.183853
1710	0.182934
1711	0.183121
1712	0.183493
1713	0.183866
1714	0.18424
1715	0.184461
1716	0.183715
1717	0.182817
1718	0.181923
1719	0.181032
1720	0.180216
1721	0.179804
1722	0.179467
1723	0.179132
1724	0.178799
1725	0.178404
1726	0.177595
1727	0.176725
1728	0.175857
1729	0.174993
1730	0.173977
1731	0.172009
1732	0.169891
1733	0.167778
1734	0.16567
1735	0.163996
1736	0.164877
1737	0.166188
1738	0.167498
1739	0.168806
1740	0.169845
1741	0.157673
1742	0.149151
1743	0.142324
1744	0.136518
1745	0.131475
1746	0.127256
1747	0.123483
1748	0.120025
1749	0.116829
1750	0.113873
1751	0.111192
1752	0.10869
1753	0.10633
1754	0.104096
1755	0.101937
1756	0.0996335
1757	0.0973963
1758	0.0952553
1759	0.0932029
1760	0.0912574
1761	0.0895346
1762	0.0879005
1763	0.0863258
1764	0.0848065
1765	0.0833392
1766	0.0819206
1767	0.0805478
1768	0.0792183
1769	0.0779297
1770	0.0766498
1771	0.0752144
1772	0.0737912
1773	0.0724081
1774	0.0710632
1775	0.0697943
1776	0.0687937
1777	0.0678575
1778	0.066945
1779	0.0660552
1780	0.0651686
1781	0.0641936
1782	0.0632238
1783	0.0622769
1784	0.0613519
1785	0.0604654
1786	0.0597018
1787	0.0589719
1788	0.0582576
1789	0.0575585
1790	0.0568511
1791	0.0560098
1792	0.0551637
1793	0.0543353
1794	0.0535238
1795	0.0527289
1796	0.0519499
1797	0.0511865
1798	0.050438
1799	0.0497042
1800	0.0490136
1801	0.045616
1802	0.0426154
1803	0.0399234
1804	0.0374933
1805	0.035284
1806	0.0332386
1807	0.0313637
1808	0.0296424
1809	0.028057
1810	0.0265375
1811	0.0248182
1812	0.0231827
1813	0.0216722
1814	0.0202745
1815	0.0190379
1816	0.0182204
1817	0.0175061
1818	0.0168325
1819	0.0161965
1820	0.0155901
1821	0.0149881
1822	0.014414
1823	0.0138702
1824	0.0133547
1825	0.012852
1826	0.0122944
1827	0.0117546
1828	0.0112438
1829	0.0107601
1830	0.0103068
1831	0.00990421
1832	0.00952621
1833	0.00916638
1834	0.00882364
1835	0.00849589
1836	0.00817504
1837	0.00786809
1838	0.00757525
1839	0.00729572
1840	0.00702786
1841	0.00676497
1842	0.006513
1843	0.00627219
1844	0.00604196
1845	0.00582479
1846	0.0056331
1847	0.00545204
1848	0.00527818
1849	0.00511116
1850	0.00494905
1851	0.00478383
1852	0.00462369
1853	0.0044699
1854	0.00432218
1855	0.00418023
1856	0.00404379
1857	0.00391259
1858	0.00378641
1859	0.00366501
1860	0.00354818
1861	0.00359951
1862	0.0036518
1863	0.00370507
1864	0.00375933
1865	0.00381539
1866	0.00387623
1867	0.0039391
1868	0.00400326
1869	0.00406875
1870	0.00412653
1871	0.00412888
1872	0.00412089
1873	0.00411159
1874	0.00410092
1875	0.00411144
1876	0.0042582
1877	0.00443274
1878	0.00461263
1879	0.00479803
1880	0.00497555
1881	0.00507547
1882	0.00516373
1883	0.00525396
1884	0.00534623
1885	0.00543612
1886	0.00549912
1887	0.00555841
1888	0.00561846
1889	0.0056793
1890	0.00574502
1891	0.0058368
1892	0.00593481
1893	0.00603503
1894	0.00613751
1895	0.00624685
1896	0.00638646
1897	0.00653457
1898	0.00668679
1899	0.00684326
1900	0.00700062
1901	0.00713889
1902	0.00727709
1903	0.00741884
1904	0.00756425
1905	0.00771234
1906	0.00785523
1907	0.00800059
1908	0.00814964
1909	0.0083025
1910	0.00846117
1911	0.00863285
1912	0.00881118
1913	0.00899448
1914	0.00918294
1915	0.00937675
1916	0.00957612
1917	0.00978127
1918	0.00999241
1919	0.0102098
1920	0.0104336
1921	0.0101854
1922	0.010203
1923	0.0102787
1924	0.0103873
1925	0.0105153
1926	0.010638
1927	0.0107721
1928	0.0109197
1929	0.0110799
1930	0.0112609
1931	0.0115066
1932	0.0117758
1933	0.0120601
1934	0.0123601
1935	0.0126695
1936	0.0129504
1937	0.0132392
1938	0.0135436
1939	0.0138643
1940	0.0141804
1941	0.0143787
1942	0.0145642
1943	0.0147592
1944	0.0149642
1945	0.0152304
1946	0.0158246
1947	0.0165091
1948	0.0172368
1949	0.0180117
1950	0.0188233
1951	0.0195976
1952	0.02041
1953	0.0212812
1954	0.022218
1955	0.0232099
1956	0.0241692
1957	0.0251902
1958	0.0263026
1959	0.0275205
1960	0.0288571
1961	0.0296268
1962	0.0304286
1963	0.0312699
1964	0.0321541
1965	0.0331117
1966	0.0342888
1967	0.035564
1968	0.0369172
1969	0.0383565
1970	0.0398681
1971	0.0413298
1972	0.0428707
1973	0.0445262
1974	0.0463118
1975	0.0482466
1976	0.0503539
1977	0.0526636
1978	0.0552138
1979	0.0580555
1980	0.0612736
1981	0.0650313
1982	0.069434
1983	0.0747258
1984	0.0814016
1985	0.0907196
1986	0.07982
1987	0.0737764
1988	0.0692808
1989	0.065638
1990	0.062502
1991	0.059473
1992	0.0567302
1993	0.0542569
1994	0.0520048
1995	0.0499721
1996	0.0482767
1997	0.0467364
1998	0.0453014
1999	0.0439592
2000	0.0426811
2001	0.0413712
2002	0.0401171
2003	0.0389301
2004	0.0378043
2005	0.0367504
2006	0.0374647
2007	0.0382209
2008	0.0390045
2009	0.0398172
2010	0.0406538
2011	0.0414653
2012	0.0423019
2013	0.043173
2014	0.0440811
2015	0.0450213
2016	0.0459397
2017	0.0468932
2018	0.0478936
2019	0.0489455
2020	0.0500764
2021	0.051409
2022	0.0528443
2023	0.0543694
2024	0.0559958
2025	0.0577119
2026	0.0593997
2027	0.0612025
2028	0.0631735
2029	0.0653496
2030	0.0678017
2031	0.0706818
2032	0.0740579
2033	0.078155
2034	0.0835457
2035	0.0929227
2036	0.0920335
2037	0.0911882
2038	0.0903907
2039	0.0896321
2040	0.0889726
2041	0.0887047
2042	0.0885236
2043	0.0883605
2044	0.0882134
2045	0.0880233
2046	0.0874727
2047	0.0868797
2048	0.0863003
2049	0.0857336
2050	0.0852028
2051	0.0847951
2052	0.0844212
2053	0.0840563
2054	0.0837001
2055	0.0833362
2056	0.0828535
2057	0.0823633
2058	0.0818809
2059	0.0814062
2060	0.0809626
2061	0.0806359
2062	0.0803393
2063	0.0800492
2064	0.0797655
2065	0.079488
2066	0.0795733
2067	0.0796612
2068	0.0797518
2069	0.0798452
2070	0.0799652
2071	0.0801997
2072	0.0804622
2073	0.0807292
2074	0.0810008
2075	0.0812452
2076	0.0812846
2077	0.0812953
2078	0.0813097
2079	0.0813281
2080	0.0813672
2081	0.0814933
2082	0.0816416
2083	0.0817963
2084	0.0819577
2085	0.0821348
2086	0.0823368
2087	0.0825561
2088	0.0827853
2089	0.0830253
2090	0.0832603
2091	0.0834228
2092	0.0835822
2093	0.0837575
2094	0.0839514
2095	0.0842022
2096	0.0847088
2097	0.0852865
2098	0.0859091
2099	0.0865904
2100	0.0873443
2101	0.087323
2102	0.087293
2103	0.0872635
2104	0.0872344
2105	0.0871875
2106	0.0870318
2107	0.0868583
2108	0.0866851
2109	0.0865123
2110	0.086349
2111	0.0862592
2112	0.086179
2113	0.0860994
2114	0.0860204
2115	0.0859421
2116	0.085846
2117	0.0857506
2118	0.0856559
2119	0.085562
2120	0.0854688
2121	0.085358
2122	0.0852481
2123	0.0851391
2124	0.0850311
2125	0.0849516
2126	0.0850208
2127	0.0851191
2128	0.085219
2129	0.0853205
2130	0.0853868
2131	0.0852514
2132	0.0850807
2133	0.0849117
2134	0.0847448
2135	0.0846078
2136	0.0846593
2137	0.0847417
2138	0.0848278
2139	0.0849179
2140	0.0849847
2141	0.0848886
2142	0.0847702
2143	0.0846586
2144	0.0845553
2145	0.0844906
2146	0.0845711
2147	0.0846984
2148	0.0848517
2149	0.0848045
2150	0.0847479
2151	0.0845969
2152	0.0844365
2153	0.0842761
2154	0.0841159
2155	0.0839557
2156	0.0837578
2157	0.0835599
2158	0.0833622
2159	0.0831645
2160	0.0828536
2161	0.0818445
2162	0.0807223
2163	0.0796004
2164	0.0784788
2165	0.0775744
2166	0.0779908
2167	0.0786241
2168	0.0792573
2169	0.0798904
2170	0.0804574
2171	0.0805906
2172	0.0806579
2173	0.0807251
2174	0.0807924
2175	0.080822
2176	0.0806254
2177	0.0803912
2178	0.0801571
2179	0.0799231
2180	0.0797174
2181	0.0797001
2182	0.0797111
2183	0.0797222
2184	0.0797332
2185	0.0797066
2186	0.0794353
2187	0.0791265
2188	0.0788177
2189	0.078509
2190	0.0782474
2191	0.0782682
2192	0.078336
2193	0.0784039
2194	0.0784717
2195	0.0785114
2196	0.0784006
2197	0.0782616
2198	0.0781227
2199	0.0779766
2200	0.0778023
2201	0.0774591
2202	0.0770878
2203	0.0767167
2204	0.0763457
2205	0.0760219
2206	0.0759424
2207	0.0759099
2208	0.0758774
2209	0.075845
2210	0.0758033
2211	0.0757241
2212	0.0756355
2213	0.0755471
2214	0.0754587
2215	0.0753704
2216	0.0752821
2217	0.075194
2218	0.0751058
2219	0.0750178
2220	0.0749111
2221	0.0746921
2222	0.0744544
2223	0.0742169
2224	0.0739795
2225	0.073761
2226	0.0736548
2227	0.0735674
2228	0.07348
2229	0.0733927
2230	0.0733055
2231	0.0731997
2232	0.0730939
2233	0.0729882
2234	0.0728825
2235	0.0727582
2236	0.0725032
2237	0.0722297
2238	0.0719563
2239	0.071683
2240	0.0714378
2241	0.0713607
2242	0.0713117
2243	0.0712627
2244	0.0712138
2245	0.0711462
2246	0.0709854
2247	0.0708061
2248	0.0706269
2249	0.0704477
2250	0.0702686
2251	0.0700524
2252	0.0698362
2253	0.0696201
2254	0.0694041
2255	0.0692069
2256	0.06914
2257	0.0690918
2258	0.0690437
2259	0.0689956
2260	0.0689383
2261	0.0687879
2262	0.0686283
2263	0.0684688
2264	0.0683094
2265	0.0681686
2266	0.0681022
2267	0.0680545
2268	0.0680069
2269	0.0679592
2270	0.0679023
2271	0.0676552
2272	0.067405
2273	0.0671605
2274	0.0669211
2275	0.0666681
2276	0.0663279
2277	0.0659738
2278	0.065624
2279	0.0652782
2280	0.0649634
2281	0.0648155
2282	0.0646974
2283	0.0645816
2284	0.0644682
2285	0.0643568
2286	0.0642115
2287	0.0640683
2288	0.063927
2289	0.0637875
2290	0.0636141
2291	0.0632104
2292	0.0627735
2293	0.0623391
2294	0.0619071
2295	0.0615306
2296	0.0614398
2297	0.0614031
2298	0.0613675
2299	0.0613329
2300	0.0612904
2301	0.0611785
2302	0.0610588
2303	0.0609403
2304	0.0608227
2305	0.0606975
2306	0.0605383
2307	0.0603715
2308	0.0602057
2309	0.0600409
2310	0.0598772
2311	0.0596797
2312	0.0594833
2313	0.0592879
2314	0.0590935
2315	0.0589001
2316	0.0587249
2317	0.0585506
2318	0.0583771
2319	0.0582046
2320	0.0580071
2321	0.0576218
2322	0.0572122
2323	0.0568039
2324	0.0563969
2325	0.056051
2326	0.0560302
2327	0.0560694
2328	0.0561089
2329	0.0561486
2330	0.0561631
2331	0.0560422
2332	0.0558965
2333	0.0557514
2334	0.0556069
2335	0.055463
2336	0.0553198
2337	0.0551771
2338	0.055035
2339	0.0548934
2340	0.0547608
2341	0.0546791
2342	0.0546062
2343	0.0545336
2344	0.0544615
2345	0.054373
2346	0.0542015
2347	0.0540138
2348	0.0538268
2349	0.0536404
2350	0.0534379
2351	0.0531197
2352	0.0527858
2353	0.0524527
2354	0.0521205
2355	0.0518387
2356	0.0518222
2357	0.0518554
2358	0.0518887
2359	0.0519221
2360	0.0519474
2361	0.0509188
2362	0.0499783
2363	0.0491138
2364	0.0483113
2365	0.0475533
2366	0.0467802
2367	0.04604
2368	0.0453354
2369	0.0446625
2370	0.0440109
2371	0.0433434
2372	0.0426934
2373	0.0420661
2374	0.0414597
2375	0.0408991
2376	0.0404876
2377	0.0401156
2378	0.0397555
2379	0.0394066
2380	0.0390176
2381	0.0383513
2382	0.0376511
2383	0.0369667
2384	0.0362973
2385	0.0357025
2386	0.035479
2387	0.0353205
2388	0.0351664
2389	0.0350166
2390	0.0348476
2391	0.0345453
2392	0.0342266
2393	0.0339141
2394	0.0336078
2395	0.0333073
2396	0.0330015
2397	0.0327012
2398	0.0324064
2399	0.0321167
2400	0.0318321
2401	0.0315629
2402	0.0312983
2403	0.031038
2404	0.030782
2405	0.0305302
2406	0.0302925
2407	0.0300586
2408	0.0298283
2409	0.0296016
2410	0.0293534
2411	0.0289611
2412	0.0285498
2413	0.0281443
2414	0.0277443
2415	0.0273883
2416	0.0272468
2417	0.0271452
2418	0.0270451
2419	0.0269464
2420	0.0268351
2421	0.026633
2422	0.0264198
2423	0.0262093
2424	0.0260015
2425	0.0258008
2426	0.0256295
2427	0.0254648
2428	0.025302
2429	0.0251413
2430	0.0249781
2431	0.0247734
2432	0.0245669
2433	0.0243628
2434	0.024161
2435	0.0239658
2436	0.0238066
2437	0.0236533
2438	0.0235018
2439	0.023352
2440	0.0231997
2441	0.0230163
2442	0.0228308
2443	0.0226473
2444	0.0224658
2445	0.0222822
2446	0.0220847
2447	0.0218852
2448	0.0216879
2449	0.0214926
2450	0.0213071
2451	0.0206619
2452	0.0200575
2453	0.0194833
2454	0.018937
2455	0.0184231
2456	0.0179657
2457	0.0175347
2458	0.0171219
2459	0.0167262
2460	0.0163434
2461	0.0159522
2462	0.0155733
2463	0.0152088
2464	0.0148578
2465	0.0145142
2466	0.0141567
2467	0.0138069
2468	0.0134694
2469	0.0131436
2470	0.0128336
2471	0.0125669
2472	0.0123133
2473	0.0120676
2474	0.0118295
2475	0.011592
2476	0.0113191
2477	0.0110483
2478	0.0107859
2479	0.0105314
2480	0.0102905
2481	0.0100838
2482	0.00988867
2483	0.00969889
2484	0.00951428
2485	0.00933825
2486	0.00918458
2487	0.00903825
2488	0.00889552
2489	0.00875626
2490	0.00860549
2491	0.00836753
2492	0.00812185
2493	0.00788307
2494	0.00765094
2495	0.00744801
2496	0.007379
2497	0.00733315
2498	0.00728769
2499	0.0072426
2500	0.00718668
2501	0.00451523
2502	0.00301895
2503	0.00210507
2504	0.00151317
2505	0.00111323
2506	0.000832833
2507	0.000632634
2508	0.000486862
2509	0.000378896
2510	0.000297823
2511	0.000236407
2512	0.00018914
2513	0.000152371
2514	0.000123518
2515	0.0001007
2516	8.256e-05
2517	6.80133e-05
2518	5.62788e-05
2519	4.67612e-05
2520	3.90107e-05
2521	3.26892e-05
2522	2.74902e-05
2523	2.31915e-05
2524	1.96236e-05
2525	1.6655e-05
2526	1.41912e-05
2527	1.21252e-05
2528	1.0385e-05
2529	8.91501e-06
2530	7.66829e-06
2531	6.59588e-06
2532	5.68359e-06
2533	4.90685e-06
2534	4.24404e-06
2535	3.678e-06
2536	3.19558e-06
2537	2.78155e-06
2538	2.42498e-06
2539	2.11732e-06
2540	1.85139e-06
2541	1.62185e-06
2542	1.42271e-06
2543	1.24966e-06
2544	1.09907e-06
2545	9.67825e-07
2546	8.52909e-07
2547	7.52511e-07
2548	6.64682e-07
2549	5.87748e-07
2550	5.20273e-07
2551	4.60821e-07
2552	4.08575e-07
2553	3.62606e-07
2554	3.22117e-07
2555	2.86415e-07
2556	2.54789e-07
2557	2.26855e-07
2558	2.02157e-07
2559	1.80299e-07
2560	1.60972e-07
2561	1.43959e-07
2562	1.28873e-07
2563	1.15456e-07
2564	1.03515e-07
2565	9.28758e-08
2566	8.33535e-08
2567	7.486e-08
2568	6.72781e-08
2569	6.05049e-08
2570	5.44494e-08
2571	4.90098e-08
2572	4.41415e-08
2573	3.97814e-08
2574	3.58737e-08
2575	3.23692e-08
2576	2.92241e-08
2577	2.63997e-08
2578	2.38617e-08
2579	2.15797e-08
2580	1.9522e-08
2581	1.76459e-08
2582	1.59547e-08
2583	1.44328e-08
2584	1.30626e-08
2585	1.18337e-08
2586	1.07603e-08
2587	9.79356e-09
2588	8.91792e-09
2589	8.12438e-09
2590	7.40316e-09
2591	6.73659e-09
2592	6.13134e-09
2593	5.58291e-09
2594	5.08572e-09
2595	4.63585e-09
2596	4.23148e-09
2597	3.86488e-09
2598	3.53148e-09
2599	3.22814e-09
2600	2.95203e-09
2601	2.36088e-09
2602	2.07854e-09
2603	1.86336e-09
2604	1.68658e-09
2605	1.53616e-09
2606	1.40418e-09
2607	1.288e-09
2608	1.18473e-09
2609	1.09226e-09
2610	1.00898e-09
2611	9.34066e-10
2612	8.65993e-10
2613	8.03937e-10
2614	7.47207e-10
2615	6.9522e-10
2616	6.46866e-10
2617	6.02409e-10
2618	5.61468e-10
2619	5.23706e-10
2620	4.88596e-10
2621	4.54612e-10
2622	4.23037e-10
2623	3.93871e-10
2624	3.66905e-10
2625	3.42373e-10
2626	3.21845e-10
2627	3.03062e-10
2628	2.85503e-10
2629	2.69075e-10
2630	2.53573e-10
2631	2.38363e-10
2632	2.24043e-10
2633	2.1066e-10
2634	1.98147e-10
2635	1.86396e-10
2636	1.74971e-10
2637	1.64256e-10
2638	1.54243e-10
2639	1.44882e-10
2640	1.36194e-10
2641	1.28446e-10
2642	1.21232e-10
2643	1.14454e-10
2644	1.08083e-10
2645	1.02093e-10
2646	9.63626e-11
2647	9.09759e-11
2648	8.59106e-11
2649	8.11459e-11
2650	7.66627e-11
2651	7.23706e-11
2652	6.83333e-11
2653	6.45346e-11
2654	6.09595e-11
2655	5.76084e-11
2656	5.45073e-11
2657	5.15961e-11
2658	4.88499e-11
2659	4.62584e-11
2660	4.38014e-11
2661	4.14194e-11
2662	3.91637e-11
2663	3.7037e-11
2664	3.50317e-11
2665	3.31573e-11
2666	3.14528e-11
2667	2.98561e-11
2668	2.83451e-11
2669	2.69147e-11
2670	2.55541e-11
2671	2.42038e-11
2672	2.29224e-11
2673	2.1712e-11
2674	2.05683e-11
2675	1.94927e-11
2676	1.84951e-11
2677	1.75555e-11
2678	1.6666e-11
2679	1.58237e-11
2680	1.5026e-11
2681	1.42704e-11
2682	1.35546e-11
2683	1.28764e-11
2684	1.22337e-11
2685	1.16246e-11
2686	1.10356e-11
2687	1.04777e-11
2688	9.94917e-12
2689	9.44843e-12
2690	8.97394e-12
2691	8.52878e-12
2692	8.10664e-12
2693	7.70628e-12
2694	7.32652e-12
2695	6.96626e-12
2696	6.6209e-12
2697	6.29335e-12
2698	5.98263e-12
2699	5.68786e-12
2700	5.40963e-12
2701	5.76512e-12
2702	6.14698e-12
2703	6.55557e-12
2704	6.99288e-12
2705	7.46103e-12
2706	7.96232e-12
2707	8.49924e-12
2708	9.07444e-12
2709	9.69083e-12
2710	1.03515e-11
2711	1.10659e-11
2712	1.18324e-11
2713	1.2655e-11
2714	1.35382e-11
2715	1.44865e-11
2716	1.54966e-11
2717	1.65813e-11
2718	1.77464e-11
2719	1.89983e-11
2720	2.03436e-11
2721	2.17779e-11
2722	2.33193e-11
2723	2.49765e-11
2724	2.67585e-11
2725	2.86833e-11
2726	3.0772e-11
2727	3.30311e-11
2728	3.5466e-11
2729	3.8091e-11
2730	4.09221e-11
2731	4.39273e-11
2732	4.71669e-11
2733	5.06602e-11
2734	5.44284e-11
2735	5.84942e-11
2736	6.29181e-11
2737	6.76973e-11
2738	7.28623e-11
2739	7.84459e-11
2740	8.44843e-11
2741	9.10681e-11
2742	9.8197e-11
2743	1.05919e-10
2744	1.14286e-10
2745	1.23357e-10
2746	1.33117e-10
2747	1.43699e-10
2748	1.55178e-10
2749	1.67632e-10
2750	1.81151e-10
2751	1.9572e-10
2752	2.11539e-10
2753	2.28722e-10
2754	2.47393e-10
2755	2.67691e-10
2756	2.89767e-10
2757	3.13786e-10
2758	3.39932e-10
2759	3.68406e-10
2760	3.99429e-10
2761	4.33495e-10
2762	4.70666e-10
2763	5.11244e-10
2764	5.55563e-10
2765	6.03992e-10
2766	6.57321e-10
2767	7.15686e-10
2768	7.79596e-10
2769	8.49615e-10
2770	9.26098e-10
2771	1.00878e-09
2772	1.09906e-09
2773	1.19802e-09
2774	1.30655e-09
2775	1.42565e-09
2776	1.55735e-09
2777	1.70213e-09
2778	1.86138e-09
2779	2.03667e-09
2780	2.22973e-09
2781	2.44396e-09
2782	2.68035e-09
2783	2.94137e-09
2784	3.22979e-09
2785	3.54871e-09
2786	3.90161e-09
2787	4.2924e-09
2788	4.72546e-09
2789	5.20573e-09
2790	5.73879e-09
2791	6.32708e-09
2792	6.9807e-09
2793	7.70752e-09
2794	8.51641e-09
2795	9.42031e-09
2796	1.04347e-08
2797	1.15712e-08
2798	1.28421e-08
2799	1.42647e-08
2800	1.58587e-08
2801	1.70601e-08
2802	1.83582e-08
2803	1.97615e-08
2804	2.12789e-08
2805	2.29274e-08
2806	2.47271e-08
2807	2.66855e-08
2808	2.88089e-08
2809	3.11122e-08
2810	3.36117e-08
2811	3.63251e-08
2812	3.92721e-08
2813	4.24739e-08
2814	4.59543e-08
2815	4.9739e-08
2816	5.3823e-08
2817	5.82656e-08
2818	6.31002e-08
2819	6.8364e-08
2820	7.40977e-08
2821	8.02963e-08
2822	8.70506e-08
2823	9.44143e-08
2824	1.02446e-07
2825	1.11247e-07
2826	1.20935e-07
2827	1.3157e-07
2828	1.4321e-07
2829	1.55955e-07
2830	1.69919e-07
2831	1.8511e-07
2832	2.01764e-07
2833	2.20031e-07
2834	2.40082e-07
2835	2.62102e-07
2836	2.8612e-07
2837	3.12517e-07
2838	3.41546e-07
2839	3.73494e-07
2840	4.08676e-07
2841	4.47737e-07
2842	4.90843e-07
2843	5.38447e-07
2844	5.9106e-07
2845	6.49255e-07
2846	7.13214e-07
2847	7.84029e-07
2848	8.62504e-07
2849	9.4954e-07
2850	1.04616e-06
2851	1.15351e-06
2852	1.2729e-06
2853	1.40582e-06
2854	1.55392e-06
2855	1.71914e-06
2856	1.90488e-06
2857	2.11264e-06
2858	2.3453e-06
2859	2.60613e-06
2860	2.89891e-06
2861	3.22795e-06
2862	3.59821e-06
2863	4.01541e-06
2864	4.48615e-06
2865	5.01804e-06
2866	5.61242e-06
2867	6.28519e-06
2868	7.04791e-06
2869	7.91403e-06
2870	8.90228e-06
2871	1.00356e-05
2872	1.13346e-05
2873	1.28224e-05
2874	1.45301e-05
2875	1.65e-05
2876	1.87844e-05
2877	2.1434e-05
2878	2.45074e-05
2879	2.80818e-05
2880	3.22506e-05
2881	3.70769e-05
2882	4.27338e-05
2883	4.9387e-05
2884	5.72408e-05
2885	6.6548e-05
2886	7.7678e-05
2887	9.09932e-05
2888	0.000107003
2889	0.000126359
2890	0.000149905
2891	0.000178745
2892	0.000214344
2893	0.000258679
2894	0.000314474
2895	0.000385577
2896	0.000477299
2897	0.000598496
2898	0.00076369
2899	0.00100203
2900	0.00143129
2901	0.00144539
2902	0.00145968
2903	0.00147415
2904	0.00148881
2905	0.00150366
2906	0.00151765
2907	0.00153181
2908	0.00154616
2909	0.00156068
2910	0.00157539
2911	0.00158918
2912	0.00160313
2913	0.00161724
2914	0.00163154
2915	0.00164601
2916	0.00166183
2917	0.00167787
2918	0.00169412
2919	0.00171058
2920	0.00172726
2921	0.00174417
2922	0.0017613
2923	0.00177867
2924	0.00179627
2925	0.00181411
2926	0.0018322
2927	0.00185053
2928	0.00186912
2929	0.00188797
2930	0.00190708
2931	0.00192507
2932	0.00194329
2933	0.00196176
2934	0.00198049
2935	0.00199947
2936	0.00202019
2937	0.00204121
2938	0.00206254
2939	0.00208418
2940	0.00210614
2941	0.00212685
2942	0.00214786
2943	0.00216917
2944	0.00219079
2945	0.00221355
2946	0.00223831
2947	0.00226431
2948	0.00229073
2949	0.00231758
2950	0.00234486
2951	0.0023726
2952	0.00240078
2953	0.00242944
2954	0.00245857
2955	0.00248819
2956	0.00251641
2957	0.0025451
2958	0.00257426
2959	0.00260391
2960	0.00263405
2961	0.00266672
2962	0.00269996
2963	0.0027338
2964	0.00276823
2965	0.00280329
2966	0.00283681
2967	0.00287093
2968	0.00290565
2969	0.002941
2970	0.00297698
2971	0.00301593
2972	0.00305562
2973	0.00309606
2974	0.00313728
2975	0.0031793
2976	0.00321966
2977	0.0032608
2978	0.00330273
2979	0.00334548
2980	0.00338907
2981	0.0034362
2982	0.0034843
2983	0.0035334
2984	0.00358354
2985	0.00363475
2986	0.00368419
2987	0.00373468
2988	0.00378625
2989	0.00383895
2990	0.00389282
2991	0.00395098
2992	0.0040105
2993	0.00407141
2994	0.00413378
2995	0.00419765
2996	0.0042631
2997	0.00433018
2998	0.00439899
2999	0.00446958
3000	0.00454206
3001	0.00453699
3002	0.00453192
3003	0.00452685
3004	0.00452177
3005	0.00451668
3006	0.0045152
3007	0.00451371
3008	0.00451222
3009	0.00451073
3010	0.00450924
3011	0.00450775
3012	0.00450625
3013	0.00450476
3014	0.00450327
3015	0.00450177
3016	0.00449666
3017	0.00449154
3018	0.00448642
3019	0.0044813
3020	0.00447617
3021	0.00447103
3022	0.0044659
3023	0.00446076
3024	0.00445561
3025	0.00445046
3026	0.00444894
3027	0.00444742
3028	0.0044459
3029	0.00444438
3030	0.00444286
3031	0.0044377
3032	0.00443253
3033	0.00442736
3034	0.00442218
3035	0.004417
3036	0.00440816
3037	0.00439932
3038	0.00439047
3039	0.00438161
3040	0.00437457
3041	0.00437851
3042	0.00438429
3043	0.00439007
3044	0.00439587
3045	0.00440166
3046	0.0044038
3047	0.00440594
3048	0.00440808
3049	0.00441022
3050	0.00441237
3051	0.00441084
3052	0.00440931
3053	0.00440779
3054	0.00440626
3055	0.00440473
3056	0.00440321
3057	0.00440168
3058	0.00440015
3059	0.00439863
3060	0.0043971
3061	0.00438818
3062	0.00437925
3063	0.00437032
3064	0.00436138
3065	0.00435428
3066	0.00435088
3067	0.00434934
3068	0.0043478
3069	0.00434626
3070	0.00434472
3071	0.00434689
3072	0.00434907
3073	0.00435125
3074	0.00435344
3075	0.00435563
3076	0.00435038
3077	0.00434512
3078	0.00433987
3079	0.00433461
3080	0.00432934
3081	0.00432407
3082	0.00431881
3083	0.00431353
3084	0.00430826
3085	0.00430298
3086	0.0042977
3087	0.00429242
3088	0.00428714
3089	0.00428185
3090	0.00427656
3091	0.00427127
3092	0.00426598
3093	0.00426068
3094	0.00425538
3095	0.00425008
3096	0.00424478
3097	0.00423948
3098	0.00423418
3099	0.00422887
3100	0.00422356
3101	0.00420382
3102	0.00419637
3103	0.00419404
3104	0.00419465
3105	0.00419723
3106	0.00419749
3107	0.00419885
3108	0.0042011
3109	0.00420409
3110	0.00420771
3111	0.00420806
3112	0.00420888
3113	0.00421011
3114	0.00421171
3115	0.00421557
3116	0.00422364
3117	0.00423397
3118	0.00424461
3119	0.00425556
3120	0.00426679
3121	0.0042783
3122	0.00429007
3123	0.0043021
3124	0.00431438
3125	0.0043269
3126	0.00433965
3127	0.00435264
3128	0.00436585
3129	0.00437929
3130	0.00439295
3131	0.00440682
3132	0.00442091
3133	0.00443522
3134	0.00444973
3135	0.00446446
3136	0.0044752
3137	0.00448612
3138	0.00449721
3139	0.00450846
3140	0.00451989
3141	0.00453577
3142	0.00455185
3143	0.00456814
3144	0.00458464
3145	0.00460135
3146	0.00461388
3147	0.00462659
3148	0.00463946
3149	0.0046525
3150	0.00466571
3151	0.00468358
3152	0.00470167
3153	0.00471997
3154	0.0047385
3155	0.00475724
3156	0.0047762
3157	0.0047954
3158	0.00481481
3159	0.00483446
3160	0.00485434
3161	0.00487917
3162	0.00490429
3163	0.00492969
3164	0.00495539
3165	0.00498139
3166	0.00499801
3167	0.00501484
3168	0.00503186
3169	0.0050491
3170	0.00506902
3171	0.00509415
3172	0.00512208
3173	0.00515034
3174	0.00517893
3175	0.00520786
3176	0.00522692
3177	0.00524622
3178	0.00526576
3179	0.00528554
3180	0.00530557
3181	0.00533111
3182	0.00535696
3183	0.00538314
3184	0.00540965
3185	0.00543649
3186	0.00546908
3187	0.00550209
3188	0.00553552
3189	0.00556938
3190	0.00560367
3191	0.00563283
3192	0.00566236
3193	0.00569229
3194	0.00572262
3195	0.00575336
3196	0.00577875
3197	0.00580449
3198	0.00583059
3199	0.00585705
3200	0.00588684
3201	0.00586997
3202	0.00585614
3203	0.00584239
3204	0.00582872
3205	0.00581513
3206	0.00579579
3207	0.00577655
3208	0.00575741
3209	0.00573837
3210	0.00571944
3211	0.00569483
3212	0.00567035
3213	0.005646
3214	0.00562176
3215	0.00559764
3216	0.00557934
3217	0.00556114
3218	0.00554302
3219	0.00552499
3220	0.00550705
3221	0.00548919
3222	0.00547142
3223	0.00545374
3224	0.00543614
3225	0.00541863
3226	0.00540677
3227	0.00539497
3228	0.00538323
3229	0.00537154
3230	0.00535991
3231	0.00534282
3232	0.00532581
3233	0.00530887
3234	0.00529201
3235	0.00527523
3236	0.00525852
3237	0.00524189
3238	0.00522533
3239	0.00520884
3240	0.00519243
3241	0.00517608
3242	0.00515981
3243	0.00514361
3244	0.00512748
3245	0.00511142
3246	0.00510076
3247	0.00509016
3248	0.0050796
3249	0.00506908
3250	0.00505861
3251	0.00503761
3252	0.0050167
3253	0.00499587
3254	0.00497513
3255	0.00495448
3256	0.00493914
3257	0.00492386
3258	0.00490865
3259	0.0048935
3260	0.00487841
3261	0.00486338
3262	0.00484841
3263	0.0048335
3264	0.00481865
3265	0.00480386
3266	0.00478912
3267	0.00477445
3268	0.00475983
3269	0.00474527
3270	0.00473077
3271	0.00471632
3272	0.00470193
3273	0.00468759
3274	0.00467331
3275	0.00465909
3276	0.00464492
3277	0.0046308
3278	0.00461674
3279	0.00460272
3280	0.00458877
3281	0.00457486
3282	0.00456101
3283	0.00454721
3284	0.00453346
3285	0.00451976
3286	0.00451105
3287	0.00450236
3288	0.00449371
3289	0.00448508
3290	0.00447404
3291	0.00445328
3292	0.00443016
3293	0.00440712
3294	0.00438416
3295	0.00436372
3296	0.00434818
3297	0.00433512
3298	0.00432211
3299	0.00430914
3300	0.00429621
3301	0.00432119
3302	0.00434641
3303	0.00437187
3304	0.00439757
3305	0.00442352
3306	0.00443978
3307	0.00445617
3308	0.00447271
3309	0.00448938
3310	0.0045062
3311	0.00452829
3312	0.00455058
3313	0.0045731
3314	0.00459583
3315	0.00461878
3316	0.00463139
3317	0.0046441
3318	0.00465692
3319	0.00466983
3320	0.00468556
3321	0.00471232
3322	0.00474211
3323	0.00477221
3324	0.00480264
3325	0.0048334
3326	0.00485326
3327	0.00487331
3328	0.00489356
3329	0.00491403
3330	0.0049347
3331	0.0049614
3332	0.00498839
3333	0.00501569
3334	0.00504329
3335	0.00507121
3336	0.00509945
3337	0.00512801
3338	0.00515692
3339	0.00518616
3340	0.00521575
3341	0.0052457
3342	0.00527601
3343	0.00530669
3344	0.00533776
3345	0.00536921
3346	0.00539462
3347	0.00542035
3348	0.0054464
3349	0.00547278
3350	0.00549949
3351	0.00553323
3352	0.00556743
3353	0.00560208
3354	0.00563722
3355	0.00567285
3356	0.00570898
3357	0.00574562
3358	0.0057828
3359	0.00582052
3360	0.0058588
3361	0.00589765
3362	0.00593709
3363	0.00597714
3364	0.00601782
3365	0.00605914
3366	0.00610112
3367	0.00614379
3368	0.00618716
3369	0.00623126
3370	0.00627612
3371	0.00632174
3372	0.00636818
3373	0.00641544
3374	0.00646356
3375	0.00651256
3376	0.00656249
3377	0.00661338
3378	0.00666526
3379	0.00671817
3380	0.00677215
3381	0.00683579
3382	0.00690075
3383	0.0069671
3384	0.00703488
3385	0.00710416
3386	0.00716604
3387	0.00722937
3388	0.00729424
3389	0.0073607
3390	0.00742886
3391	0.0074988
3392	0.00757061
3393	0.00764441
3394	0.0077203
3395	0.00779843
3396	0.00786895
3397	0.00794175
3398	0.00801702
3399	0.00809493
3400	0.00818092
3401	0.00821088
3402	0.00824631
3403	0.00828198
3404	0.0083179
3405	0.00834874
3406	0.00835844
3407	0.00836287
3408	0.00836737
3409	0.00837191
3410	0.00838192
3411	0.00840286
3412	0.0084294
3413	0.00845615
3414	0.00848309
3415	0.00851024
3416	0.00852659
3417	0.00854307
3418	0.0085597
3419	0.00857648
3420	0.0085934
3421	0.00861048
3422	0.00862771
3423	0.00864509
3424	0.00866264
3425	0.00868035
3426	0.00869823
3427	0.00871627
3428	0.00873449
3429	0.00875289
3430	0.00877146
3431	0.0088018
3432	0.00883241
3433	0.00886329
3434	0.00889445
3435	0.00892589
3436	0.00894583
3437	0.00896598
3438	0.00898635
3439	0.00900693
3440	0.00902774
3441	0.00904878
3442	0.00907006
3443	0.00909157
3444	0.00911333
3445	0.00913533
3446	0.0091576
3447	0.00918013
3448	0.00920293
3449	0.009226
3450	0.00924936
3451	0.00928548
3452	0.00932199
3453	0.00935891
3454	0.00939624
3455	0.009434
3456	0.00945949
3457	0.00948532
3458	0.0095115
3459	0.00953805
3460	0.00956498
3461	0.00960527
3462	0.00964608
3463	0.00968741
3464	0.00972928
3465	0.00977171
3466	0.00980145
3467	0.00983166
3468	0.00986236
3469	0.00989358
3470	0.00992531
3471	0.0099576
3472	0.00999045
3473	0.0100239
3474	0.0100579
3475	0.0100926
3476	0.010128
3477	0.010164
3478	0.0102008
3479	0.0102383
3480	0.0102767
3481	0.0103301
3482	0.0103845
3483	0.01044
3484	0.0104967
3485	0.0105545
3486	0.010599
3487	0.0106446
3488	0.0106915
3489	0.0107396
3490	0.0107893
3491	0.0108404
3492	0.0108932
3493	0.0109478
3494	0.0110043
3495	0.0110631
3496	0.0111242
3497	0.011188
3498	0.0112549
3499	0.0113253
3500	0.0113998
3501	0.0114037
3502	0.0114077
3503	0.0114117
3504	0.0114157
3505	0.0114197
3506	0.0114076
3507	0.0113956
3508	0.0113835
3509	0.0113714
3510	0.0113594
3511	0.0113473
3512	0.0113352
3513	0.0113232
3514	0.0113111
3515	0.0112991
3516	0.011287
3517	0.011275
3518	0.011263
3519	0.0112509
3520	0.0112389
3521	0.011243
3522	0.0112472
3523	0.0112514
3524	0.0112556
3525	0.0112598
3526	0.0112478
3527	0.0112358
3528	0.0112239
3529	0.0112119
3530	0.0111999
3531	0.0112042
3532	0.0112085
3533	0.0112129
3534	0.0112172
3535	0.0112216
3536	0.0112097
3537	0.0111978
3538	0.0111859
3539	0.011174
3540	0.0111622
3541	0.0111666
3542	0.0111711
3543	0.0111756
3544	0.0111801
3545	0.0111847
3546	0.0111729
3547	0.0111611
3548	0.0111494
3549	0.0111376
3550	0.0111259
3551	0.0111142
3552	0.0111025
3553	0.0110908
3554	0.0110791
3555	0.0110675
3556	0.0110558
3557	0.0110442
3558	0.0110326
3559	0.011021
3560	0.0110094
3561	0.0110142
3562	0.0110191
3563	0.0110241
3564	0.011029
3565	0.0110341
3566	0.0110226
3567	0.0110112
3568	0.0109998
3569	0.0109885
3570	0.0109771
3571	0.0109658
3572	0.0109545
3573	0.0109433
3574	0.010932
3575	0.0109208
3576	0.0109097
3577	0.0108986
3578	0.0108875
3579	0.0108764
3580	0.0108654
3581	0.010871
3582	0.0108767
3583	0.0108824
3584	0.0108882
3585	0.0108941
3586	0.0108834
3587	0.0108728
3588	0.0108622
3589	0.0108517
3590	0.0108412
3591	0.0108309
3592	0.0108206
3593	0.0108103
3594	0.0108002
3595	0.0107902
3596	0.0107969
3597	0.0108039
3598	0.0108109
3599	0.0108181
3600	0.0108254
3601	0.0108112
3602	0.010797
3603	0.0107827
3604	0.0107685
3605	0.0107542
3606	0.01074
3607	0.0107257
3608	0.0107115
3609	0.0106972
3610	0.0106829
3611	0.0106855
3612	0.0106881
3613	0.0106906
3614	0.0106932
3615	0.0106958
3616	0.0106815
3617	0.0106672
3618	0.010653
3619	0.0106387
3620	0.0106244
3621	0.010627
3622	0.0106296
3623	0.0106322
3624	0.0106348
3625	0.0106374
3626	0.0106232
3627	0.0106089
3628	0.0105946
3629	0.0105803
3630	0.010566
3631	0.0105687
3632	0.0105713
3633	0.0105739
3634	0.0105766
3635	0.0105792
3636	0.0105649
3637	0.0105506
3638	0.0105363
3639	0.0105221
3640	0.0105078
3641	0.0105104
3642	0.0105131
3643	0.0105158
3644	0.0105184
3645	0.0105211
3646	0.0105068
3647	0.0104925
3648	0.0104783
3649	0.010464
3650	0.0104497
3651	0.0104354
3652	0.0104211
3653	0.0104068
3654	0.0103925
3655	0.0103782
3656	0.0103809
3657	0.0103836
3658	0.0103863
3659	0.010389
3660	0.0103918
3661	0.0103945
3662	0.0103973
3663	0.0104
3664	0.0104028
3665	0.0104056
3666	0.0103742
3667	0.0103429
3668	0.0103115
3669	0.0102801
3670	0.0102573
3671	0.0102515
3672	0.0102543
3673	0.0102571
3674	0.0102599
3675	0.0102627
3676	0.0102484
3677	0.0102341
3678	0.0102198
3679	0.0102055
3680	0.0101912
3681	0.0101769
3682	0.0101626
3683	0.0101483
3684	0.010134
3685	0.0101197
3686	0.0101226
3687	0.0101254
3688	0.0101283
3689	0.0101312
3690	0.0101341
3691	0.0101198
3692	0.0101055
3693	0.0100912
3694	0.010077
3695	0.0100627
3696	0.0100484
3697	0.0100341
3698	0.0100199
3699	0.0100056
3700	0.0099913
3701	0.00999439
3702	0.00999749
3703	0.0100006
3704	0.0100037
3705	0.0100068
3706	0.00999269
3707	0.00997856
3708	0.00996443
3709	0.00995029
3710	0.00993615
3711	0.0099393
3712	0.00994245
3713	0.00994561
3714	0.00994878
3715	0.00995196
3716	0.00993784
3717	0.00992371
3718	0.00990958
3719	0.00989545
3720	0.00988132
3721	0.00988452
3722	0.00988774
3723	0.00989096
3724	0.00989419
3725	0.00989743
3726	0.00988332
3727	0.0098692
3728	0.00985507
3729	0.00984095
3730	0.00982682
3731	0.00983009
3732	0.00983337
3733	0.00983666
3734	0.00983996
3735	0.00984327
3736	0.00981174
3737	0.00978019
3738	0.00974862
3739	0.00971705
3740	0.00969418
3741	0.00968877
3742	0.00969209
3743	0.00969542
3744	0.00969876
3745	0.00970211
3746	0.00968799
3747	0.00967386
3748	0.00965973
3749	0.00964561
3750	0.00963147
3751	0.00963486
3752	0.00963826
3753	0.00964166
3754	0.00964508
3755	0.00964851
3756	0.0096344
3757	0.0096203
3758	0.00960619
3759	0.00959207
3760	0.00957796
3761	0.00958143
3762	0.00958491
3763	0.0095884
3764	0.0095919
3765	0.00959542
3766	0.00959894
3767	0.00960248
3768	0.00960603
3769	0.0096096
3770	0.00961317
3771	0.00959912
3772	0.00958506
3773	0.00957101
3774	0.00955695
3775	0.00954289
3776	0.00952883
3777	0.00951478
3778	0.00950072
3779	0.00948666
3780	0.0094726
3781	0.00947626
3782	0.00947993
3783	0.00948361
3784	0.00948731
3785	0.00949102
3786	0.009477
3787	0.00946297
3788	0.00944895
3789	0.00943493
3790	0.00942092
3791	0.00942468
3792	0.00942846
3793	0.00943225
3794	0.00943606
3795	0.00943989
3796	0.00942591
3797	0.00941194
3798	0.00939796
3799	0.00938399
3800	0.00937002
3801	0.00934625
3802	0.00932663
3803	0.00930984
3804	0.00929513
3805	0.009282
3806	0.00925249
3807	0.00922407
3808	0.00919655
3809	0.00916981
3810	0.00914375
3811	0.00913585
3812	0.00912845
3813	0.0091215
3814	0.00911495
3815	0.00910877
3816	0.00908543
3817	0.00906242
3818	0.00903971
3819	0.00901729
3820	0.00899514
3821	0.0089907
3822	0.00898648
3823	0.00898246
3824	0.00897864
3825	0.00897501
3826	0.00897155
3827	0.00896827
3828	0.00896514
3829	0.00896218
3830	0.00895936
3831	0.0089393
3832	0.00891938
3833	0.00889961
3834	0.00887998
3835	0.00886048
3836	0.00885849
3837	0.00885661
3838	0.00885485
3839	0.0088532
3840	0.00885167
3841	0.00883289
3842	0.00881422
3843	0.00879566
3844	0.00877721
3845	0.00875887
3846	0.00875797
3847	0.00875717
3848	0.00875646
3849	0.00875586
3850	0.00875534
3851	0.00873759
3852	0.00871993
3853	0.00870237
3854	0.0086849
3855	0.00866752
3856	0.0086589
3857	0.00865038
3858	0.00863327
3859	0.00862493
3860	0.00861668
3861	0.00860852
3862	0.00860911
3863	0.00860114
3864	0.00860192
3865	0.00859413
3866	0.00857776
3867	0.00857015
3868	0.00855397
3869	0.00854655
3870	0.00853056
3871	0.00853202
3872	0.00853358
3873	0.00853525
3874	0.00853702
3875	0.0085389
3876	0.00852352
3877	0.00851694
3878	0.00850177
3879	0.00849542
3880	0.00848048
3881	0.00847436
3882	0.00846837
3883	0.00846251
3884	0.00845678
3885	0.00845119
3886	0.00845447
3887	0.0084579
3888	0.00847023
3889	0.00847401
3890	0.00847797
3891	0.00846465
3892	0.00845152
3893	0.00844734
3894	0.00843462
3895	0.00842213
3896	0.00842741
3897	0.00842419
3898	0.00843005
3899	0.00842746
3900	0.00843401
3901	0.00843946
3902	0.00844494
3903	0.00844164
3904	0.00844717
3905	0.00845273
3906	0.0084495
3907	0.00843745
3908	0.00843425
3909	0.00842222
3910	0.00841905
3911	0.00842475
3912	0.00842162
3913	0.00842737
3914	0.00842428
3915	0.00843009
3916	0.00841818
3917	0.00840627
3918	0.00840326
3919	0.00839138
3920	0.00837951
3921	0.00838547
3922	0.00839146
3923	0.00838857
3924	0.00839464
3925	0.00840074
3926	0.00838899
3927	0.00838621
3928	0.0083745
3929	0.00837176
3930	0.00836009
3931	0.00836638
3932	0.00836373
3933	0.0083701
3934	0.00836752
3935	0.00837398
3936	0.00837147
3937	0.00835997
3938	0.00835752
3939	0.00834607
3940	0.00834369
3941	0.00834134
3942	0.00834808
3943	0.00834582
3944	0.00835266
3945	0.00835048
3946	0.00833926
3947	0.00832807
3948	0.00832601
3949	0.00831488
3950	0.00830379
3951	0.00830185
3952	0.00830909
3953	0.00830726
3954	0.00831463
3955	0.00831292
3956	0.00831126
3957	0.00830966
3958	0.00829894
3959	0.00829745
3960	0.00829603
3961	0.00830388
3962	0.00831181
3963	0.00831061
3964	0.00831872
3965	0.00832692
3966	0.00831672
3967	0.00831584
3968	0.00830577
3969	0.00830506
3970	0.00829515
3971	0.00830391
3972	0.00830349
3973	0.00831249
3974	0.00831229
3975	0.00832154
3976	0.00832159
3977	0.0083124
3978	0.0083127
3979	0.00830375
3980	0.00830432
3981	0.00830505
3982	0.00830594
3983	0.00831643
3984	0.00831769
3985	0.00831914
3986	0.00833027
3987	0.00833216
3988	0.00834379
3989	0.00834618
3990	0.00835838
3991	0.00835182
3992	0.00835511
3993	0.00834918
3994	0.00835318
3995	0.00834799
3996	0.00836246
3997	0.00836783
3998	0.00838342
3999	0.00839002
4000	0.00840702
