       280	2.02828e-22	
       281	4.77323e-22	
       282	1.03066e-21	
       283	1.56983e-21	
       284	1.79623e-21	
       285	1.44175e-21	
       286	2.28916e-21	
       287	4.04927e-21	
       288	4.57639e-21	
       289	6.9067e-21	
       290	1.17093e-20	
       291	1.56775e-20	
       292	1.75625e-20	
       293	2.0157e-20	
       294	2.39882e-20	
       295	2.86793e-20	
       296	3.57004e-20	
       297	3.82535e-20	
       298	4.64062e-20	
       299	5.11011e-20	
       300	5.82275e-20	
       301	1.73344e-18	
       302	5.31485e-17	
       303	1.99999e-15	
       304	6.28645e-14	
       305	1.86932e-12	
       306	7.36349e-12	
       307	3.28527e-11	
       308	1.48628e-10	
       309	 5.681e-10	
       310	2.32498e-09	
       311	8.12576e-09	
       312	2.08739e-08	
       313	5.43073e-08	
       314	1.45568e-07	
       315	3.61949e-07	
       316	5.29301e-07	
       317	1.00529e-06	
       318	1.59765e-06	
       319	2.44239e-06	
       320	4.25361e-06	
       321	6.12812e-06	
       322	8.40556e-06	
       323	1.13156e-05	
       324	1.79764e-05	
       325	2.95992e-05	
       326	4.41251e-05	
       327	5.72445e-05	
       328	6.9596e-05	
       329	9.28447e-05	
       330	0.000127064	
       331	0.000136032	
       332	0.000155667	
       333	0.000175145	
       334	0.000202289	
       335	0.000242621	
       336	0.000244105	
       337	0.000254222	
       338	0.000312647	
       339	0.000367146	
       340	0.000435117	
       341	0.000457441	
       342	0.000506982	
       343	0.000572634	
       344	0.000537908	
       345	0.000608197	
       346	0.000698134	
       347	0.000762472	
       348	0.000804535	
       349	0.000857576	
       350	0.00102217	
       351	0.00114726	
       352	0.00114988	
       353	 0.0012553	
       354	0.00152225	
       355	0.00164713	
       356	 0.0016082	
       357	 0.0014598	
       358	0.00141182	
       359	0.00166024	
       360	0.00216111	
       361	0.00207848	
       362	0.00223991	
       363	0.00259148	
       364	0.00275717	
       365	0.00307584	
       366	 0.0036979	
       367	0.00389225	
       368	0.00384784	
       369	0.00416308	
       370	0.00459893	
       371	0.00458435	
       372	0.00467275	
       373	0.00440918	
       374	0.00421809	
       375	0.00474081	
       376	0.00554343	
       377	 0.0062741	
       378	0.00761296	
       379	0.00716497	
       380	 0.0070449	
       381	0.00773691	
       382	0.00643667	
       383	0.00526105	
       384	0.00611554	
       385	 0.0079994	
       386	0.00809316	
       387	 0.0086387	
       388	0.00881635	
       389	0.00992907	
       390	 0.0117884	
       391	 0.0130559	
       392	 0.0125436	
       393	0.00836089	
       394	0.00890851	
       395	 0.0141984	
       396	 0.0135612	
       397	0.00977029	
       398	 0.0166233	
       399	 0.0218315	
       400	 0.0238159	
       401	 0.0255423	
       402	 0.0271437	
       403	  0.027463	
       404	 0.0284683	
       405	 0.0289089	
       406	 0.0290933	
       407	 0.0296031	
       408	 0.0317539	
       409	 0.0339311	
       410	 0.0317535	
       411	 0.0351349	
       412	 0.0381325	
       413	 0.0382341	
       414	 0.0388815	
       415	 0.0412059	
       416	 0.0434118	
       417	 0.0437181	
       418	 0.0435407	
       419	 0.0452672	
       420	 0.0444735	
       421	  0.049526	
       422	 0.0508453	
       423	 0.0508208	
       424	 0.0519858	
       425	 0.0543257	
       426	 0.0543404	
       427	 0.0541338	
       428	 0.0550395	
       429	  0.051828	
       430	 0.0438644	
       431	 0.0438633	
       432	 0.0640483	
       433	 0.0647617	
       434	  0.062653	
       435	 0.0688849	
       436	 0.0764491	
       437	 0.0788289	
       438	 0.0727696	
       439	 0.0724452	
       440	 0.0814484	
       441	 0.0842411	
       442	   0.09035	
       443	  0.093761	
       444	  0.094228	
       445	 0.0975498	
       446	 0.0934782	
       447	  0.103235	
       448	  0.107629	
       449	  0.110014	
       450	  0.115566	
       451	  0.120701	
       452	  0.118492	
       453	   0.11398	
       454	  0.120684	
       455	  0.123505	
       456	  0.128633	
       457	  0.132049	
       458	  0.132031	
       459	  0.132933	
       460	  0.135143	
       461	  0.140658	
       462	  0.144642	
       463	  0.146746	
       464	  0.145612	
       465	  0.145653	
       466	  0.149069	
       467	  0.147523	
       468	  0.153734	
       469	  0.156763	
       470	  0.154868	
       471	  0.159288	
       472	  0.167356	
       473	  0.166167	
       474	  0.169825	
       475	  0.176305	
       476	  0.175321	
       477	  0.179083	
       478	  0.185344	
       479	  0.185606	
       480	  0.189599	
       481	  0.191712	
       482	  0.193703	
       483	  0.193538	
       484	  0.192585	
       485	  0.189106	
       486	  0.165439	
       487	   0.17884	
       488	  0.193276	
       489	  0.190948	
       490	  0.206936	
       491	  0.204479	
       492	   0.20006	
       493	  0.209968	
       494	  0.211371	
       495	  0.221373	
       496	  0.217433	
       497	  0.219924	
       498	   0.21748	
       499	  0.218785	
       500	  0.220069	
       501	  0.216905	
       502	  0.219354	
       503	   0.22757	
       504	  0.222016	
       505	  0.234232	
       506	   0.24404	
       507	  0.238197	
       508	   0.23468	
       509	  0.243214	
       510	   0.24148	
       511	  0.246323	
       512	  0.251847	
       513	  0.242423	
       514	  0.238649	
       515	  0.245925	
       516	  0.244183	
       517	  0.215015	
       518	  0.232081	
       519	    0.2343	
       520	  0.251727	
       521	  0.257806	
       522	   0.26254	
       523	  0.254782	
       524	  0.268575	
       525	  0.270364	
       526	  0.261192	
       527	  0.241242	
       528	  0.265665	
       529	  0.279547	
       530	  0.275878	
       531	  0.287259	
       532	  0.282699	
       533	  0.262657	
       534	  0.274064	
       535	  0.282415	
       536	  0.289523	
       537	  0.277197	
       538	  0.285045	
       539	  0.281402	
       540	  0.273699	
       541	  0.269117	
       542	  0.286958	
       543	  0.288336	
       544	   0.29631	
       545	  0.293198	
       546	  0.292972	
       547	  0.295677	
       548	  0.292626	
       549	  0.298693	
       550	  0.298779	
       551	  0.299949	
       552	  0.304329	
       553	  0.299415	
       554	  0.303975	
       555	  0.306099	
       556	  0.302312	
       557	   0.29706	
       558	  0.299735	
       559	  0.290731	
       560	  0.295211	
       561	  0.306884	
       562	  0.299843	
       563	  0.306579	
       564	  0.305054	
       565	  0.304126	
       566	  0.294882	
       567	  0.308022	
       568	  0.309121	
       569	  0.305621	
       570	  0.303972	
       571	  0.297319	
       572	  0.310351	
       573	  0.314531	
       574	  0.313654	
       575	  0.309293	
       576	  0.309202	
       577	  0.314045	
       578	  0.308935	
       579	  0.311734	
       580	  0.314788	
       581	    0.3168	
       582	  0.321007	
       583	  0.323946	
       584	  0.324066	
       585	  0.322867	
       586	   0.31856	
       587	  0.325084	
       588	  0.320515	
       589	  0.296868	
       590	  0.309208	
       591	  0.324587	
       592	  0.325345	
       593	  0.326328	
       594	  0.328574	
       595	  0.330148	
       596	  0.335464	
       597	  0.338973	
       598	  0.335902	
       599	  0.336358	
       600	  0.339468	
       601	  0.337545	
       602	  0.337314	
       603	  0.344734	
       604	   0.35256	
       605	  0.354563	
       606	  0.355924	
       607	  0.358713	
       608	  0.360228	
       609	  0.360634	
       610	  0.363524	
       611	  0.366008	
       612	  0.373342	
       613	  0.371523	
       614	  0.367424	
       615	  0.376506	
       616	   0.37256	
       617	  0.373011	
       618	  0.386548	
       619	  0.393671	
       620	  0.397974	
       621	   0.40231	
       622	  0.399274	
       623	  0.401514	
       624	  0.402541	
       625	  0.400493	
       626	  0.404815	
       627	  0.417856	
       628	  0.423263	
       629	   0.42651	
       630	   0.42626	
       631	    0.4246	
       632	  0.416409	
       633	  0.431855	
       634	  0.432061	
       635	   0.43488	
       636	  0.432042	
       637	  0.444226	
       638	  0.450467	
       639	  0.448593	
       640	  0.442887	
       641	  0.444659	
       642	  0.448507	
       643	  0.455176	
       644	  0.455558	
       645	  0.460882	
       646	  0.456949	
       647	  0.462648	
       648	  0.462591	
       649	  0.453738	
       650	  0.453551	
       651	  0.472942	
       652	  0.475053	
       653	  0.479034	
       654	   0.47586	
       655	  0.457021	
       656	  0.414162	
       657	  0.429598	
       658	  0.472425	
       659	  0.482978	
       660	  0.491678	
       661	  0.498483	
       662	  0.502149	
       663	  0.503009	
       664	  0.504656	
       665	  0.512422	
       666	  0.513672	
       667	  0.511583	
       668	  0.503202	
       669	  0.500225	
       670	  0.489248	
       671	  0.483778	
       672	  0.476806	
       673	  0.475925	
       674	  0.471929	
       675	  0.468653	
       676	  0.471081	
       677	  0.466719	
       678	  0.466804	
       679	  0.462006	
       680	  0.460824	
       681	  0.460527	
       682	  0.459942	
       683	   0.45713	
       684	  0.454396	
       685	  0.452506	
       686	  0.444885	
       687	  0.453157	
       688	  0.457237	
       689	  0.457891	
       690	  0.457817	
       691	  0.459344	
       692	  0.459328	
       693	  0.465705	
       694	  0.470212	
       695	  0.470352	
       696	   0.47464	
       697	  0.479055	
       698	  0.479821	
       699	  0.486624	
       700	  0.489775	
       701	  0.492218	
       702	  0.495716	
       703	   0.50482	
       704	  0.515266	
       705	  0.524888	
       706	  0.527231	
       707	  0.532109	
       708	  0.540989	
       709	  0.550678	
       710	  0.575665	
       711	  0.526124	
       712	  0.496247	
       713	  0.475528	
       714	     0.462	
       715	  0.443551	
       716	  0.436454	
       717	  0.427187	
       718	  0.413821	
       719	  0.398595	
       720	  0.404764	
       721	  0.404199	
       722	  0.403347	
       723	  0.399254	
       724	  0.398211	
       725	  0.399155	
       726	  0.403622	
       727	  0.410606	
       728	  0.415973	
       729	  0.412092	
       730	  0.431296	
       731	  0.436116	
       732	  0.448525	
       733	   0.45568	
       734	  0.473249	
       735	  0.483063	
       736	  0.490305	
       737	  0.503724	
       738	  0.516069	
       739	  0.525528	
       740	  0.560714	
       741	  0.560858	
       742	  0.561593	
       743	  0.574651	
       744	  0.582295	
       745	  0.582756	
       746	  0.585577	
       747	   0.58854	
       748	  0.588813	
       749	  0.591606	
       750	  0.592412	
       751	  0.596669	
       752	   0.60263	
       753	  0.608108	
       754	  0.613577	
       755	  0.614861	
       756	   0.60951	
       757	  0.610779	
       758	  0.614974	
       759	  0.610547	
       760	   0.61402	
       761	  0.612605	
       762	  0.613626	
       763	  0.564951	
       764	  0.529258	
       765	  0.498757	
       766	   0.46453	
       767	  0.449846	
       768	  0.451424	
       769	  0.454564	
       770	   0.46176	
       771	  0.470357	
       772	  0.479491	
       773	  0.489261	
       774	  0.499801	
       775	  0.511302	
       776	   0.52351	
       777	  0.534637	
       778	  0.551648	
       779	   0.57601	
       780	  0.616265	
       781	  0.614185	
       782	  0.616484	
       783	  0.612007	
       784	  0.607734	
       785	   0.61067	
       786	  0.611141	
       787	  0.610411	
       788	  0.606538	
       789	  0.605286	
       790	  0.600869	
       791	  0.595847	
       792	  0.590854	
       793	  0.585887	
       794	  0.581582	
       795	  0.581796	
       796	  0.587173	
       797	  0.595145	
       798	  0.592195	
       799	   0.58668	
       800	  0.579883	
       801	  0.562249	
       802	  0.546764	
       803	  0.528099	
       804	  0.518489	
       805	  0.501627	
       806	  0.501542	
       807	  0.492599	
       808	  0.484275	
       809	  0.472188	
       810	  0.468565	
       811	  0.464187	
       812	  0.462146	
       813	  0.457744	
       814	  0.452553	
       815	  0.445078	
       816	  0.440327	
       817	  0.434357	
       818	  0.422812	
       819	  0.411611	
       820	  0.406899	
       821	  0.404708	
       822	  0.396577	
       823	   0.39696	
       824	  0.395512	
       825	  0.405889	
       826	  0.420016	
       827	  0.432307	
       828	  0.442228	
       829	    0.4535	
       830	  0.469956	
       831	  0.490047	
       832	  0.502352	
       833	  0.497492	
       834	  0.507811	
       835	  0.514813	
       836	   0.52338	
       837	  0.526107	
       838	  0.531081	
       839	  0.534632	
       840	  0.545293	
       841	   0.54676	
       842	  0.541054	
       843	   0.54059	
       844	  0.536847	
       845	  0.549681	
       846	  0.552004	
       847	   0.54235	
       848	  0.542733	
       849	  0.538448	
       850	  0.506255	
       851	  0.537308	
       852	  0.542126	
       853	  0.532987	
       854	  0.492807	
       855	  0.516499	
       856	  0.551687	
       857	  0.568415	
       858	  0.574344	
       859	  0.579265	
       860	  0.583981	
       861	  0.584103	
       862	  0.589347	
       863	  0.589187	
       864	   0.57974	
       865	  0.563249	
       866	  0.516465	
       867	  0.541117	
       868	  0.565149	
       869	  0.565786	
       870	  0.572455	
       871	  0.569056	
       872	   0.57353	
       873	  0.569311	
       874	  0.560579	
       875	  0.555975	
       876	  0.567253	
       877	  0.570779	
       878	  0.568984	
       879	  0.562364	
       880	  0.560848	
       881	  0.489036	
       882	  0.468841	
       883	  0.448326	
       884	  0.433633	
       885	  0.421518	
       886	  0.399788	
       887	   0.38703	
       888	  0.382337	
       889	  0.374525	
       890	  0.365105	
       891	  0.355649	
       892	  0.345466	
       893	  0.334206	
       894	  0.328529	
       895	  0.323295	
       896	  0.319062	
       897	  0.311684	
       898	  0.304708	
       899	  0.296882	
       900	  0.290835	
       901	  0.281456	
       902	  0.273176	
       903	   0.27828	
       904	  0.275323	
       905	  0.270083	
       906	  0.271427	
       907	  0.275597	
       908	  0.275665	
       909	  0.275617	
       910	  0.280911	
       911	  0.285273	
       912	  0.287981	
       913	  0.294081	
       914	  0.297746	
       915	  0.299716	
       916	  0.301103	
       917	   0.30013	
       918	  0.300082	
       919	  0.301046	
       920	  0.299091	
       921	  0.294974	
       922	  0.291569	
       923	  0.285483	
       924	  0.294158	
       925	  0.296259	
       926	    0.2255	
       927	  0.188424	
       928	   0.15802	
       929	   0.13491	
       930	   0.11687	
       931	  0.103641	
       932	 0.0920935	
       933	 0.0829002	
       934	 0.0745092	
       935	 0.0667765	
       936	 0.0604183	
       937	 0.0552191	
       938	 0.0566784	
       939	 0.0577285	
       940	 0.0580475	
       941	 0.0585465	
       942	  0.058679	
       943	 0.0613718	
       944	 0.0620536	
       945	 0.0636633	
       946	 0.0655833	
       947	 0.0670454	
       948	 0.0688127	
       949	 0.0733209	
       950	 0.0777554	
       951	 0.0823089	
       952	   0.08817	
       953	 0.0941403	
       954	 0.0995578	
       955	  0.103308	
       956	  0.114396	
       957	  0.125128	
       958	  0.136866	
       959	  0.149951	
       960	  0.163237	
       961	  0.179209	
       962	  0.199773	
       963	  0.223969	
       964	  0.254116	
       965	  0.299745	
       966	   0.30173	
       967	  0.307522	
       968	  0.309467	
       969	  0.314436	
       970	  0.319633	
       971	  0.322096	
       972	  0.328066	
       973	   0.33067	
       974	  0.331962	
       975	  0.338565	
       976	  0.346757	
       977	  0.350633	
       978	  0.357998	
       979	   0.36179	
       980	  0.371122	
       981	  0.376033	
       982	  0.382888	
       983	  0.386668	
       984	  0.389796	
       985	  0.395673	
       986	   0.40002	
       987	  0.406121	
       988	  0.411777	
       989	  0.415736	
       990	   0.42469	
       991	  0.436093	
       992	   0.44526	
       993	  0.458301	
       994	  0.468219	
       995	  0.466794	
       996	  0.465911	
       997	  0.461918	
       998	  0.461805	
       999	  0.462155	
      1000	  0.463606	
      1001	  0.466308	
      1002	  0.466681	
      1003	  0.462665	
      1004	  0.455738	
      1005	  0.436456	
      1006	  0.450569	
      1007	  0.460316	
      1008	  0.462752	
      1009	  0.461958	
      1010	  0.462993	
      1011	  0.461489	
      1012	  0.461023	
      1013	  0.459604	
      1014	  0.460505	
      1015	  0.456055	
      1016	    0.4568	
      1017	  0.455231	
      1018	  0.458251	
      1019	  0.450574	
      1020	  0.452402	
      1021	   0.45384	
      1022	  0.450519	
      1023	  0.453692	
      1024	  0.455916	
      1025	  0.456045	
      1026	  0.456605	
      1027	  0.456198	
      1028	  0.456882	
      1029	  0.454719	
      1030	  0.456032	
      1031	  0.456315	
      1032	  0.456308	
      1033	  0.451865	
      1034	  0.454287	
      1035	  0.456966	
      1036	  0.458002	
      1037	  0.455809	
      1038	   0.45591	
      1039	  0.459891	
      1040	  0.460613	
      1041	  0.460939	
      1042	  0.460745	
      1043	  0.458165	
      1044	  0.459083	
      1045	  0.456066	
      1046	  0.448163	
      1047	  0.453104	
      1048	  0.457103	
      1049	  0.455963	
      1050	  0.453962	
      1051	  0.454019	
      1052	  0.452186	
      1053	  0.451381	
      1054	  0.450746	
      1055	  0.452174	
      1056	  0.451538	
      1057	  0.450556	
      1058	  0.445956	
      1059	  0.437388	
      1060	  0.444064	
      1061	  0.439714	
      1062	  0.444588	
      1063	  0.441524	
      1064	  0.445448	
      1065	  0.444717	
      1066	  0.437926	
      1067	  0.439092	
      1068	  0.437136	
      1069	   0.42107	
      1070	  0.429676	
      1071	  0.405722	
      1072	  0.393113	
      1073	  0.378145	
      1074	  0.373578	
      1075	   0.36193	
      1076	  0.357383	
      1077	  0.351535	
      1078	  0.345468	
      1079	  0.335851	
      1080	  0.333624	
      1081	  0.323173	
      1082	  0.316458	
      1083	  0.315263	
      1084	  0.313743	
      1085	  0.309929	
      1086	  0.306277	
      1087	   0.29491	
      1088	  0.296257	
      1089	  0.294601	
      1090	  0.290202	
      1091	  0.287829	
      1092	  0.281125	
      1093	  0.274291	
      1094	  0.262017	
      1095	  0.265598	
      1096	  0.265793	
      1097	  0.265112	
      1098	  0.261509	
      1099	  0.258426	
      1100	  0.261875	
      1101	  0.183554	
      1102	  0.139113	
      1103	  0.113568	
      1104	 0.0939464	
      1105	 0.0788924	
      1106	 0.0671878	
      1107	 0.0576781	
      1108	 0.0502062	
      1109	 0.0439693	
      1110	 0.0387839	
      1111	 0.0342142	
      1112	 0.0304138	
      1113	 0.0270586	
      1114	 0.0244387	
      1115	 0.0219468	
      1116	 0.0196698	
      1117	 0.0179312	
      1118	 0.0160782	
      1119	 0.0145884	
      1120	 0.0132619	
      1121	 0.0143483	
      1122	 0.0155515	
      1123	 0.0167921	
      1124	 0.0181362	
      1125	 0.0195087	
      1126	 0.0207414	
      1127	 0.0227892	
      1128	 0.0250992	
      1129	 0.0274429	
      1130	 0.0299328	
      1131	 0.0298882	
      1132	 0.0297517	
      1133	 0.0292721	
      1134	 0.0290751	
      1135	 0.0289117	
      1136	 0.0287245	
      1137	 0.0280127	
      1138	 0.0275105	
      1139	 0.0276456	
      1140	 0.0275609	
      1141	 0.0270009	
      1142	 0.0271655	
      1143	 0.0268571	
      1144	 0.0265095	
      1145	 0.0265215	
      1146	 0.0289789	
      1147	  0.031524	
      1148	 0.0341704	
      1149	 0.0371999	
      1150	 0.0406393	
      1151	 0.0445744	
      1152	 0.0489822	
      1153	 0.0543498	
      1154	 0.0608261	
      1155	 0.0679919	
      1156	 0.0758542	
      1157	 0.0863153	
      1158	 0.0985217	
      1159	  0.112582	
      1160	  0.130688	
      1161	  0.155258	
      1162	   0.16266	
      1163	  0.168517	
      1164	  0.171638	
      1165	  0.178002	
      1166	  0.181024	
      1167	  0.188757	
      1168	  0.195895	
      1169	  0.198574	
      1170	  0.209094	
      1171	  0.211841	
      1172	  0.213276	
      1173	  0.213673	
      1174	   0.21489	
      1175	  0.213305	
      1176	  0.212319	
      1177	  0.217218	
      1178	  0.217566	
      1179	  0.218669	
      1180	    0.2223	
      1181	  0.223088	
      1182	  0.222753	
      1183	  0.216244	
      1184	  0.224293	
      1185	  0.229037	
      1186	    0.2309	
      1187	  0.232517	
      1188	  0.231322	
      1189	  0.225342	
      1190	  0.233941	
      1191	  0.240013	
      1192	    0.2419	
      1193	  0.243654	
      1194	  0.245576	
      1195	  0.246095	
      1196	   0.24799	
      1197	  0.248639	
      1198	  0.245702	
      1199	  0.242344	
      1200	  0.254074	
      1201	  0.256709	
      1202	  0.255924	
      1203	  0.248745	
      1204	  0.248376	
      1205	  0.254257	
      1206	  0.254729	
      1207	  0.255226	
      1208	  0.250291	
      1209	  0.242753	
      1210	  0.251216	
      1211	  0.249499	
      1212	   0.25431	
      1213	  0.256269	
      1214	  0.256261	
      1215	  0.257479	
      1216	  0.258222	
      1217	  0.258819	
      1218	  0.258925	
      1219	  0.258609	
      1220	  0.260423	
      1221	  0.261419	
      1222	  0.261658	
      1223	  0.261401	
      1224	  0.264912	
      1225	  0.265818	
      1226	  0.266942	
      1227	  0.264209	
      1228	  0.268023	
      1229	  0.271616	
      1230	  0.273059	
      1231	  0.274412	
      1232	  0.274748	
      1233	  0.277741	
      1234	  0.279639	
      1235	  0.281499	
      1236	  0.286075	
      1237	  0.289813	
      1238	  0.293723	
      1239	  0.297436	
      1240	  0.309008	
      1241	  0.307868	
      1242	  0.304192	
      1243	  0.298985	
      1244	  0.295421	
      1245	  0.293846	
      1246	  0.293251	
      1247	  0.291299	
      1248	  0.290692	
      1249	  0.288575	
      1250	  0.286062	
      1251	  0.282613	
      1252	  0.279081	
      1253	  0.278152	
      1254	  0.276732	
      1255	  0.274743	
      1256	  0.272575	
      1257	  0.269931	
      1258	  0.269048	
      1259	  0.266707	
      1260	  0.266035	
      1261	   0.26406	
      1262	  0.260508	
      1263	   0.26065	
      1264	  0.257318	
      1265	  0.256413	
      1266	  0.256178	
      1267	  0.252085	
      1268	   0.24954	
      1269	  0.250149	
      1270	  0.250343	
      1271	  0.250632	
      1272	  0.250338	
      1273	  0.250786	
      1274	  0.250724	
      1275	  0.253046	
      1276	  0.255021	
      1277	  0.256482	
      1278	  0.257414	
      1279	  0.257516	
      1280	   0.25692	
      1281	   0.24979	
      1282	  0.232441	
      1283	   0.24845	
      1284	  0.260615	
      1285	   0.26539	
      1286	  0.268623	
      1287	  0.272218	
      1288	  0.274784	
      1289	  0.278835	
      1290	  0.280402	
      1291	  0.270185	
      1292	   0.26291	
      1293	  0.255946	
      1294	  0.247484	
      1295	  0.243499	
      1296	  0.239541	
      1297	  0.234063	
      1298	  0.228803	
      1299	  0.226647	
      1300	  0.222869	
      1301	  0.219102	
      1302	  0.214543	
      1303	  0.210762	
      1304	  0.207655	
      1305	  0.206704	
      1306	  0.204712	
      1307	  0.202513	
      1308	  0.200104	
      1309	  0.197974	
      1310	  0.195339	
      1311	  0.192915	
      1312	   0.18941	
      1313	  0.184142	
      1314	  0.185507	
      1315	  0.181099	
      1316	  0.180248	
      1317	  0.181191	
      1318	  0.178788	
      1319	  0.179429	
      1320	  0.178228	
      1321	  0.120985	
      1322	 0.0914075	
      1323	 0.0723689	
      1324	 0.0588937	
      1325	 0.0487544	
      1326	 0.0408449	
      1327	 0.0345872	
      1328	 0.0297125	
      1329	 0.0252517	
      1330	 0.0221786	
      1331	 0.0195393	
      1332	  0.016983	
      1333	 0.0152278	
      1334	 0.0135663	
      1335	 0.0120628	
      1336	 0.0107118	
      1337	0.00961527	
      1338	0.00860937	
      1339	0.00768204	
      1340	0.00692737	
      1341	0.00637132	
      1342	 0.0057794	
      1343	 0.0052559	
      1344	0.00479152	
      1345	0.00436976	
      1346	0.00396775	
      1347	0.00364296	
      1348	0.00333615	
      1349	0.00305222	
      1350	0.00277919	
      1351	0.00222849	
      1352	0.00180979	
      1353	0.00146947	
      1354	0.00119764	
      1355	0.000975851	
      1356	0.000806417	
      1357	0.000665348	
      1358	0.00056147	
      1359	0.000470316	
      1360	0.00039334	
      1361	0.000335239	
      1362	0.000283495	
      1363	0.00023804	
      1364	0.000204626	
      1365	0.000175016	
      1366	0.000149879	
      1367	0.000128017	
      1368	0.000110855	
      1369	9.45338e-05	
      1370	8.16565e-05	
      1371	7.0951e-05	
      1372	6.21994e-05	
      1373	5.42528e-05	
      1374	4.72439e-05	
      1375	4.07419e-05	
      1376	3.54232e-05	
      1377	3.12844e-05	
      1378	2.74873e-05	
      1379	2.42971e-05	
      1380	2.12988e-05	
      1381	1.87747e-05	
      1382	1.64209e-05	
      1383	1.45386e-05	
      1384	1.2915e-05	
      1385	1.13739e-05	
      1386	1.01315e-05	
      1387	8.94269e-06	
      1388	7.98105e-06	
      1389	  7.11e-06	
      1390	6.25762e-06	
      1391	5.63031e-06	
      1392	5.03458e-06	
      1393	4.47903e-06	
      1394	3.98838e-06	
      1395	3.57132e-06	
      1396	3.94463e-06	
      1397	4.36873e-06	
      1398	4.85401e-06	
      1399	5.36344e-06	
      1400	5.83558e-06	
      1401	6.48807e-06	
      1402	7.30472e-06	
      1403	8.1024e-06	
      1404	9.06044e-06	
      1405	1.01292e-05	
      1406	1.13916e-05	
      1407	1.27563e-05	
      1408	1.42972e-05	
      1409	1.61033e-05	
      1410	1.80882e-05	
      1411	2.02317e-05	
      1412	2.24045e-05	
      1413	2.55156e-05	
      1414	2.91974e-05	
      1415	3.31371e-05	
      1416	3.74991e-05	
      1417	4.28372e-05	
      1418	4.88885e-05	
      1419	5.53122e-05	
      1420	6.30888e-05	
      1421	7.2555e-05	
      1422	8.20812e-05	
      1423	9.41358e-05	
      1424	0.000108479	
      1425	0.000126245	
      1426	0.000143393	
      1427	0.000167575	
      1428	0.000196185	
      1429	0.000225615	
      1430	0.000263524	
      1431	0.000311033	
      1432	0.000372563	
      1433	0.000440713	
      1434	0.000516394	
      1435	0.000616889	
      1436	0.000739366	
      1437	0.000890741	
      1438	 0.0010738	
      1439	0.00130589	
      1440	0.00154376	
      1441	0.00190795	
      1442	0.00237006	
      1443	 0.0027605	
      1444	0.00297843	
      1445	0.00321038	
      1446	 0.0034722	
      1447	0.00372712	
      1448	0.00404788	
      1449	0.00436898	
      1450	0.00469913	
      1451	0.00504271	
      1452	0.00546854	
      1453	0.00595556	
      1454	0.00645488	
      1455	0.00701323	
      1456	0.00763015	
      1457	0.00840125	
      1458	 0.0093171	
      1459	  0.010273	
      1460	 0.0112426	
      1461	  0.012365	
      1462	 0.0135894	
      1463	 0.0142449	
      1464	 0.0142738	
      1465	 0.0144017	
      1466	 0.0143038	
      1467	  0.014473	
      1468	 0.0143756	
      1469	 0.0144933	
      1470	 0.0144313	
      1471	  0.014241	
      1472	 0.0142962	
      1473	  0.014276	
      1474	 0.0140158	
      1475	 0.0142014	
      1476	  0.014288	
      1477	 0.0142757	
      1478	 0.0152419	
      1479	 0.0164438	
      1480	 0.0176714	
      1481	 0.0188254	
      1482	 0.0203122	
      1483	 0.0215779	
      1484	 0.0235063	
      1485	 0.0256916	
      1486	 0.0276171	
      1487	 0.0294007	
      1488	  0.029653	
      1489	 0.0349758	
      1490	 0.0391681	
      1491	 0.0432536	
      1492	 0.0475334	
      1493	 0.0533881	
      1494	 0.0599395	
      1495	 0.0673145	
      1496	 0.0751369	
      1497	 0.0880901	
      1498	 0.0907583	
      1499	 0.0923798	
      1500	 0.0959543	
      1501	 0.0983085	
      1502	  0.098932	
      1503	 0.0948259	
      1504	 0.0994184	
      1505	  0.100207	
      1506	  0.106734	
      1507	  0.113321	
      1508	  0.116086	
      1509	  0.119357	
      1510	  0.125226	
      1511	  0.129671	
      1512	  0.132385	
      1513	  0.136763	
      1514	  0.141874	
      1515	  0.149238	
      1516	  0.156234	
      1517	  0.164208	
      1518	  0.176312	
      1519	  0.188201	
      1520	  0.211029	
      1521	  0.207323	
      1522	  0.206594	
      1523	  0.208984	
      1524	  0.209505	
      1525	  0.206765	
      1526	   0.21063	
      1527	  0.210291	
      1528	  0.211384	
      1529	  0.209458	
      1530	  0.202343	
      1531	    0.2104	
      1532	  0.212273	
      1533	  0.210825	
      1534	  0.208784	
      1535	  0.211192	
      1536	  0.214234	
      1537	  0.215003	
      1538	  0.212465	
      1539	  0.216258	
      1540	  0.208121	
      1541	  0.206992	
      1542	  0.206212	
      1543	  0.204586	
      1544	  0.203995	
      1545	  0.202988	
      1546	  0.200739	
      1547	  0.196983	
      1548	  0.192184	
      1549	  0.193274	
      1550	  0.191125	
      1551	  0.190538	
      1552	  0.190867	
      1553	  0.188014	
      1554	  0.183831	
      1555	  0.183071	
      1556	   0.18089	
      1557	  0.183088	
      1558	  0.181808	
      1559	   0.18206	
      1560	  0.181631	
      1561	  0.184471	
      1562	  0.184499	
      1563	  0.184192	
      1564	  0.183108	
      1565	  0.185252	
      1566	  0.184368	
      1567	  0.184979	
      1568	  0.184022	
      1569	  0.185905	
      1570	  0.186483	
      1571	  0.190396	
      1572	  0.191493	
      1573	  0.190189	
      1574	   0.18889	
      1575	  0.182775	
      1576	  0.187447	
      1577	  0.178837	
      1578	  0.189369	
      1579	  0.193875	
      1580	  0.195226	
      1581	  0.194635	
      1582	  0.188711	
      1583	  0.189245	
      1584	  0.187855	
      1585	  0.191246	
      1586	  0.189227	
      1587	  0.186478	
      1588	  0.181556	
      1589	  0.171898	
      1590	  0.175398	
      1591	  0.176612	
      1592	  0.183278	
      1593	  0.186169	
      1594	  0.184995	
      1595	  0.184032	
      1596	  0.176914	
      1597	  0.177886	
      1598	  0.180817	
      1599	  0.177896	
      1600	  0.177653	
      1601	   0.17346	
      1602	  0.174304	
      1603	  0.174193	
      1604	   0.17391	
      1605	  0.171906	
      1606	  0.170953	
      1607	  0.169847	
      1608	  0.171674	
      1609	  0.169726	
      1610	  0.161625	
      1611	   0.16519	
      1612	  0.167167	
      1613	  0.170482	
      1614	   0.17079	
      1615	   0.17051	
      1616	  0.165477	
      1617	  0.168236	
      1618	  0.173741	
      1619	  0.173767	
      1620	  0.170388	
      1621	  0.171117	
      1622	  0.174475	
      1623	  0.178881	
      1624	  0.180351	
      1625	  0.179401	
      1626	   0.18238	
      1627	  0.184742	
      1628	  0.187654	
      1629	  0.190326	
      1630	  0.193148	
      1631	  0.193698	
      1632	   0.19336	
      1633	  0.191008	
      1634	  0.189088	
      1635	  0.191012	
      1636	  0.190223	
      1637	  0.184003	
      1638	  0.182337	
      1639	  0.179569	
      1640	   0.18113	
      1641	  0.180187	
      1642	  0.180358	
      1643	  0.182932	
      1644	  0.181402	
      1645	  0.180782	
      1646	  0.182961	
      1647	  0.183267	
      1648	  0.182683	
      1649	  0.180002	
      1650	  0.181421	
      1651	  0.179752	
      1652	  0.181386	
      1653	  0.180126	
      1654	  0.180667	
      1655	  0.179216	
      1656	  0.180059	
      1657	  0.180116	
      1658	  0.179172	
      1659	  0.177442	
      1660	  0.178401	
      1661	  0.179061	
      1662	  0.178432	
      1663	  0.177711	
      1664	  0.177384	
      1665	  0.175968	
      1666	  0.174659	
      1667	  0.174643	
      1668	  0.172536	
      1669	   0.17372	
      1670	  0.176203	
      1671	    0.1751	
      1672	  0.170028	
      1673	   0.17182	
      1674	   0.17371	
      1675	  0.171926	
      1676	   0.17005	
      1677	  0.171058	
      1678	  0.171569	
      1679	  0.167538	
      1680	  0.160972	
      1681	  0.154933	
      1682	  0.156589	
      1683	  0.159828	
      1684	  0.161275	
      1685	  0.160958	
      1686	  0.158612	
      1687	  0.158108	
      1688	  0.157168	
      1689	  0.154776	
      1690	   0.15418	
      1691	   0.15573	
      1692	  0.155363	
      1693	   0.15419	
      1694	  0.153491	
      1695	  0.152819	
      1696	  0.151615	
      1697	  0.150438	
      1698	  0.149724	
      1699	  0.148396	
      1700	  0.146203	
      1701	  0.145445	
      1702	   0.14494	
      1703	  0.144269	
      1704	  0.143573	
      1705	  0.142839	
      1706	   0.14176	
      1707	  0.140636	
      1708	  0.139525	
      1709	  0.138425	
      1710	  0.137474	
      1711	  0.137358	
      1712	  0.137385	
      1713	  0.137415	
      1714	  0.137449	
      1715	  0.137371	
      1716	  0.136577	
      1717	  0.135676	
      1718	  0.134782	
      1719	  0.133897	
      1720	  0.133072	
      1721	  0.132549	
      1722	  0.132085	
      1723	  0.131626	
      1724	  0.131172	
      1725	  0.130676	
      1726	   0.12988	
      1727	  0.129043	
      1728	  0.128213	
      1729	  0.127389	
      1730	  0.126459	
      1731	  0.124841	
      1732	  0.123122	
      1733	  0.121413	
      1734	  0.119712	
      1735	  0.118332	
      1736	  0.118798	
      1737	  0.119572	
      1738	  0.120345	
      1739	  0.121116	
      1740	  0.121692	
      1741	 0.0977975	
      1742	 0.0834099	
      1743	 0.0730299	
      1744	 0.0649551	
      1745	 0.0584268	
      1746	 0.0531051	
      1747	 0.0485949	
      1748	 0.0446961	
      1749	  0.041286	
      1750	  0.038281	
      1751	 0.0356333	
      1752	 0.0332655	
      1753	 0.0311309	
      1754	 0.0291967	
      1755	 0.0274262	
      1756	 0.0257448	
      1757	 0.0241965	
      1758	 0.0227751	
      1759	 0.0214665	
      1760	 0.0202643	
      1761	 0.0191837	
      1762	 0.0181859	
      1763	 0.0172578	
      1764	 0.0163931	
      1765	  0.015586	
      1766	 0.0148314	
      1767	 0.0141249	
      1768	 0.0134625	
      1769	 0.0128406	
      1770	 0.0122512	
      1771	 0.0116667	
      1772	 0.0111127	
      1773	 0.0105912	
      1774	 0.0100998	
      1775	 0.0096419	
      1776	0.00924105	
      1777	0.00886646	
      1778	0.00851127	
      1779	0.00817419	
      1780	0.00785185	
      1781	0.00753268	
      1782	0.00722748	
      1783	0.00693748	
      1784	0.00666173	
      1785	0.00640123	
      1786	0.00616381	
      1787	0.00593905	
      1788	 0.0057245	
      1789	0.00551958	
      1790	0.00532162	
      1791	0.00511882	
      1792	0.00492325	
      1793	0.00473654	
      1794	 0.0045582	
      1795	0.00438778	
      1796	0.00422486	
      1797	0.00406906	
      1798	0.00391999	
      1799	0.00377732	
      1800	0.00364289	
      1801	 0.0029278	
      1802	0.00237743	
      1803	0.00194687	
      1804	0.00160618	
      1805	0.00133374	
      1806	0.00111306	
      1807	0.000933777	
      1808	0.000787211	
      1809	0.000666627	
      1810	0.00056567	
      1811	0.000475818	
      1812	0.00040071	
      1813	0.00033847	
      1814	0.000286692	
      1815	0.000244212	
      1816	0.000212412	
      1817	0.000185792	
      1818	0.000162894	
      1819	0.000143138	
      1820	0.000126007	
      1821	0.000110944	
      1822	9.7841e-05	
      1823	8.64458e-05	
      1824	7.65131e-05	
      1825	6.77657e-05	
      1826	5.97258e-05	
      1827	5.26661e-05	
      1828	4.65096e-05	
      1829	4.11311e-05	
      1830	3.64427e-05	
      1831	3.24211e-05	
      1832	2.8895e-05	
      1833	2.57845e-05	
      1834	2.30365e-05	
      1835	2.06026e-05	
      1836	1.84279e-05	
      1837	1.64985e-05	
      1838	1.47865e-05	
      1839	1.32657e-05	
      1840	1.19114e-05	
      1841	1.06946e-05	
      1842	9.60975e-06	
      1843	8.64261e-06	
      1844	7.77955e-06	
      1845	7.01225e-06	
      1846	6.34407e-06	
      1847	5.74724e-06	
      1848	5.21067e-06	
      1849	4.72785e-06	
      1850	4.2916e-06	
      1851	3.89081e-06	
      1852	3.5288e-06	
      1853	3.20269e-06	
      1854	2.90869e-06	
      1855	2.64342e-06	
      1856	2.40389e-06	
      1857	2.18745e-06	
      1858	1.99172e-06	
      1859	1.8146e-06	
      1860	1.65421e-06	
      1861	1.73709e-06	
      1862	1.82448e-06	
      1863	1.91662e-06	
      1864	2.01382e-06	
      1865	2.11679e-06	
      1866	2.2276e-06	
      1867	2.34518e-06	
      1868	2.46949e-06	
      1869	2.60093e-06	
      1870	2.73396e-06	
      1871	2.83559e-06	
      1872	2.93407e-06	
      1873	3.03546e-06	
      1874	3.13977e-06	
      1875	3.26498e-06	
      1876	3.50793e-06	
      1877	3.78884e-06	
      1878	4.09129e-06	
      1879	4.41698e-06	
      1880	4.75474e-06	
      1881	5.03569e-06	
      1882	5.32007e-06	
      1883	5.62197e-06	
      1884	5.94257e-06	
      1885	6.27795e-06	
      1886	6.59939e-06	
      1887	6.93303e-06	
      1888	7.28508e-06	
      1889	7.65664e-06	
      1890	8.05465e-06	
      1891	8.5119e-06	
      1892	9.00415e-06	
      1893	9.52769e-06	
      1894	1.00847e-05	
      1895	1.06853e-05	
      1896	1.13745e-05	
      1897	1.21208e-05	
      1898	1.29202e-05	
      1899	1.37768e-05	
      1900	1.46878e-05	
      1901	1.56131e-05	
      1902	1.65942e-05	
      1903	1.76433e-05	
      1904	1.87656e-05	
      1905	1.99638e-05	
      1906	2.12222e-05	
      1907	2.25652e-05	
      1908	2.40026e-05	
      1909	2.55417e-05	
      1910	2.71964e-05	
      1911	2.90001e-05	
      1912	3.09434e-05	
      1913	3.30315e-05	
      1914	3.52763e-05	
      1915	3.76909e-05	
      1916	4.02897e-05	
      1917	4.30883e-05	
      1918	4.61039e-05	
      1919	4.93553e-05	
      1920	5.28631e-05	
      1921	4.93228e-05	
      1922	4.97805e-05	
      1923	5.10877e-05	
      1924	5.29161e-05	
      1925	5.51369e-05	
      1926	5.75982e-05	
      1927	6.03818e-05	
      1928	6.35107e-05	
      1929	6.69977e-05	
      1930	7.09181e-05	
      1931	7.55985e-05	
      1932	8.08374e-05	
      1933	8.66316e-05	
      1934	9.30407e-05	
      1935	0.00010008	
      1936	 0.0001075	
      1937	0.000115643	
      1938	0.000124658	
      1939	0.00013465	
      1940	0.000145521	
      1941	0.000156136	
      1942	0.000167589	
      1943	0.000180234	
      1944	0.000194227	
      1945	0.000210444	
      1946	0.000233151	
      1947	0.000259809	
      1948	0.000290265	
      1949	0.000325176	
      1950	0.000365049	
      1951	0.000409136	
      1952	0.000459726	
      1953	0.000518435	
      1954	0.000586913	
      1955	0.000666713	
      1956	0.000757286	
      1957	0.000863829	
      1958	0.000990869	
      1959	0.00114369	
      1960	 0.0013292	
      1961	  0.001453	
      1962	0.00159074	
      1963	0.00174462	
      1964	0.00191701	
      1965	0.00211239	
      1966	0.00234414	
      1967	0.00260952	
      1968	0.00291226	
      1969	0.00325898	
      1970	 0.0036557	
      1971	0.00409871	
      1972	0.00460908	
      1973	0.00520326	
      1974	0.00589963	
      1975	0.00672192	
      1976	0.00770132	
      1977	0.00887965	
      1978	 0.0103143	
      1979	 0.0120862	
      1980	 0.0143175	
      1981	 0.0172079	
      1982	 0.0210482	
      1983	 0.0263693	
      1984	 0.0342632	
      1985	 0.0476355	
      1986	 0.0323101	
      1987	 0.0253834	
      1988	  0.020919	
      1989	 0.0177073	
      1990	  0.015245	
      1991	 0.0132302	
      1992	 0.0115874	
      1993	 0.0102304	
      1994	0.00909262	
      1995	0.00813245	
      1996	0.00733657	
      1997	0.00665129	
      1998	 0.0060527	
      1999	0.00552648	
      2000	0.00505911	
      2001	0.00463204	
      2002	0.00424977	
      2003	0.00390797	
      2004	0.00360124	
      2005	0.00332652	
      2006	0.00352932	
      2007	0.00374946	
      2008	0.00398708	
      2009	0.00424396	
      2010	0.00452132	
      2011	0.00481542	
      2012	0.00513374	
      2013	0.00547988	
      2014	0.00585707	
      2015	0.00626794	
      2016	 0.0067083	
      2017	0.00718991	
      2018	0.00771952	
      2019	0.00830378	
      2020	0.00895463	
      2021	0.00970427	
      2022	 0.0105476	
      2023	 0.0114961	
      2024	 0.0125686	
      2025	 0.0137832	
      2026	 0.0151351	
      2027	 0.0166891	
      2028	 0.0185033	
      2029	 0.0206501	
      2030	 0.0232415	
      2031	 0.0264694	
      2032	 0.0305927	
      2033	 0.0361332	
      2034	 0.0443615	
      2035	 0.0613366	
      2036	 0.0600199	
      2037	 0.0588202	
      2038	 0.0577209	
      2039	 0.0567032	
      2040	 0.0557952	
      2041	 0.0551707	
      2042	 0.0546308	
      2043	 0.0541285	
      2044	 0.0536594	
      2045	 0.0531854	
      2046	 0.0525142	
      2047	 0.0518381	
      2048	 0.0511891	
      2049	  0.050565	
      2050	 0.0499783	
      2051	 0.0494783	
      2052	 0.0490111	
      2053	 0.0485615	
      2054	 0.0481285	
      2055	  0.047702	
      2056	 0.0472183	
      2057	 0.0467408	
      2058	  0.046278	
      2059	 0.0458292	
      2060	 0.0454072	
      2061	 0.0450594	
      2062	 0.0447365	
      2063	 0.0444251	
      2064	 0.0441248	
      2065	 0.0438355	
      2066	 0.0441541	
      2067	 0.0444794	
      2068	 0.0448118	
      2069	 0.0451517	
      2070	 0.0455128	
      2071	  0.045946	
      2072	  0.046403	
      2073	 0.0468709	
      2074	 0.0473501	
      2075	 0.0478223	
      2076	 0.0481823	
      2077	  0.048533	
      2078	 0.0488942	
      2079	 0.0492664	
      2080	 0.0496605	
      2081	 0.0501179	
      2082	 0.0506005	
      2083	 0.0510995	
      2084	  0.051616	
      2085	 0.0521567	
      2086	 0.0527289	
      2087	 0.0533294	
      2088	 0.0539549	
      2089	 0.0546081	
      2090	 0.0552805	
      2091	 0.0559291	
      2092	 0.0566023	
      2093	 0.0573164	
      2094	 0.0580777	
      2095	 0.0589188	
      2096	  0.059989	
      2097	 0.0611723	
      2098	 0.0624658	
      2099	 0.0639027	
      2100	 0.0655308	
      2101	 0.0655806	
      2102	 0.0656246	
      2103	 0.0656696	
      2104	 0.0657156	
      2105	  0.065749	
      2106	  0.065701	
      2107	   0.06564	
      2108	 0.0655799	
      2109	 0.0655207	
      2110	 0.0654694	
      2111	 0.0654745	
      2112	 0.0654877	
      2113	 0.0655023	
      2114	 0.0655183	
      2115	 0.0655357	
      2116	 0.0655406	
      2117	 0.0655471	
      2118	 0.0655552	
      2119	  0.065565	
      2120	 0.0655765	
      2121	 0.0655759	
      2122	 0.0655772	
      2123	 0.0655806	
      2124	 0.0655862	
      2125	 0.0656155	
      2126	 0.0657615	
      2127	 0.0659322	
      2128	 0.0661065	
      2129	 0.0662847	
      2130	 0.0664383	
      2131	 0.0664376	
      2132	 0.0664119	
      2133	 0.0663904	
      2134	 0.0663736	
      2135	 0.0663837	
      2136	 0.0665459	
      2137	 0.0667376	
      2138	 0.0669379	
      2139	  0.067148	
      2140	 0.0673475	
      2141	 0.0674267	
      2142	 0.0674986	
      2143	 0.0675891	
      2144	 0.0677037	
      2145	 0.0678735	
      2146	 0.0681976	
      2147	 0.0686255	
      2148	 0.0692257	
      2149	 0.0691781	
      2150	 0.0691229	
      2151	 0.0689908	
      2152	 0.0688511	
      2153	 0.0687116	
      2154	 0.0685723	
      2155	 0.0684331	
      2156	 0.0682633	
      2157	 0.0680937	
      2158	 0.0679242	
      2159	  0.067755	
      2160	 0.0674936	
      2161	 0.0666636	
      2162	 0.0657418	
      2163	 0.0648206	
      2164	 0.0638998	
      2165	 0.0631562	
      2166	  0.063488	
      2167	 0.0639964	
      2168	 0.0645046	
      2169	 0.0650127	
      2170	 0.0654669	
      2171	 0.0655683	
      2172	 0.0656159	
      2173	 0.0656637	
      2174	 0.0657115	
      2175	 0.0657288	
      2176	 0.0655622	
      2177	 0.0653652	
      2178	 0.0651683	
      2179	 0.0649716	
      2180	  0.064798	
      2181	 0.0647777	
      2182	 0.0647805	
      2183	 0.0647833	
      2184	 0.0647863	
      2185	 0.0647587	
      2186	 0.0645324	
      2187	 0.0642757	
      2188	 0.0640192	
      2189	 0.0637629	
      2190	  0.063545	
      2191	 0.0635565	
      2192	 0.0636062	
      2193	 0.0636561	
      2194	  0.063706	
      2195	 0.0637331	
      2196	 0.0636382	
      2197	 0.0635205	
      2198	 0.0634029	
      2199	 0.0632618	
      2200	 0.0630981	
      2201	 0.0627976	
      2202	 0.0624746	
      2203	 0.0621521	
      2204	   0.06183	
      2205	 0.0615464	
      2206	 0.0614608	
      2207	 0.0614133	
      2208	  0.061366	
      2209	 0.0613188	
      2210	 0.0612642	
      2211	 0.0611795	
      2212	 0.0610873	
      2213	 0.0609953	
      2214	 0.0609036	
      2215	  0.060812	
      2216	 0.0607206	
      2217	 0.0606293	
      2218	 0.0605383	
      2219	 0.0604474	
      2220	 0.0603416	
      2221	 0.0601455	
      2222	 0.0599347	
      2223	 0.0597241	
      2224	 0.0595138	
      2225	 0.0593188	
      2226	 0.0592144	
      2227	 0.0591252	
      2228	 0.0590362	
      2229	 0.0589473	
      2230	 0.0588586	
      2231	 0.0587551	
      2232	 0.0586517	
      2233	 0.0585485	
      2234	 0.0584455	
      2235	 0.0583276	
      2236	 0.0581052	
      2237	  0.057868	
      2238	 0.0576312	
      2239	 0.0573946	
      2240	 0.0571808	
      2241	 0.0571016	
      2242	  0.057045	
      2243	 0.0569885	
      2244	 0.0569321	
      2245	 0.0568609	
      2246	 0.0567153	
      2247	 0.0565551	
      2248	  0.056395	
      2249	 0.0562352	
      2250	 0.0560755	
      2251	 0.0558864	
      2252	 0.0556974	
      2253	 0.0555087	
      2254	 0.0553203	
      2255	 0.0551468	
      2256	 0.0550775	
      2257	 0.0550231	
      2258	 0.0549687	
      2259	 0.0549145	
      2260	  0.054853	
      2261	 0.0547176	
      2262	  0.054575	
      2263	 0.0544325	
      2264	 0.0542902	
      2265	 0.0541629	
      2266	 0.0540948	
      2267	 0.0540416	
      2268	 0.0539885	
      2269	 0.0539354	
      2270	 0.0538751	
      2271	 0.0534261	
      2272	 0.0529858	
      2273	 0.0525602	
      2274	 0.0521478	
      2275	 0.0517334	
      2276	 0.0512596	
      2277	 0.0507831	
      2278	 0.0503175	
      2279	 0.0498619	
      2280	 0.0494366	
      2281	 0.0491439	
      2282	 0.0488787	
      2283	 0.0486197	
      2284	 0.0483666	
      2285	 0.0481191	
      2286	 0.0478501	
      2287	 0.0475864	
      2288	 0.0473278	
      2289	 0.0470739	
      2290	 0.0467984	
      2291	 0.0463573	
      2292	 0.0458961	
      2293	  0.045441	
      2294	 0.0449917	
      2295	 0.0445865	
      2296	 0.0443913	
      2297	 0.0442375	
      2298	 0.0440863	
      2299	 0.0439378	
      2300	 0.0437855	
      2301	 0.0435855	
      2302	 0.0433821	
      2303	 0.0431815	
      2304	 0.0429835	
      2305	 0.0427819	
      2306	 0.0425584	
      2307	 0.0423314	
      2308	  0.042107	
      2309	 0.0418852	
      2310	 0.0416659	
      2311	  0.041425	
      2312	 0.0411866	
      2313	 0.0409507	
      2314	 0.0407172	
      2315	 0.0404861	
      2316	 0.0402692	
      2317	 0.0400544	
      2318	 0.0398418	
      2319	 0.0396312	
      2320	 0.0394052	
      2321	 0.0390534	
      2322	 0.0386872	
      2323	  0.038324	
      2324	 0.0379638	
      2325	 0.0376466	
      2326	  0.037549	
      2327	 0.0374924	
      2328	 0.0374366	
      2329	 0.0373816	
      2330	 0.0373104	
      2331	 0.0371502	
      2332	 0.0369745	
      2333	 0.0368003	
      2334	 0.0366276	
      2335	 0.0364563	
      2336	 0.0362864	
      2337	 0.0361179	
      2338	 0.0359507	
      2339	 0.0357849	
      2340	 0.0356259	
      2341	 0.0355007	
      2342	 0.0353821	
      2343	 0.0352644	
      2344	 0.0351477	
      2345	 0.0350212	
      2346	 0.0348421	
      2347	 0.0346535	
      2348	 0.0344663	
      2349	 0.0342804	
      2350	 0.0340852	
      2351	 0.0338173	
      2352	 0.0335406	
      2353	 0.0332658	
      2354	 0.0329927	
      2355	 0.0327526	
      2356	  0.032681	
      2357	 0.0326411	
      2358	 0.0326015	
      2359	 0.0325624	
      2360	 0.0325185	
      2361	 0.0306242	
      2362	 0.0289672	
      2363	 0.0274987	
      2364	 0.0261814	
      2365	 0.0249847	
      2366	 0.0238625	
      2367	 0.0228286	
      2368	 0.0218743	
      2369	 0.0209897	
      2370	 0.0201633	
      2371	 0.0193728	
      2372	 0.0186297	
      2373	  0.017932	
      2374	 0.0172754	
      2375	 0.0166671	
      2376	 0.0161447	
      2377	 0.0156598	
      2378	 0.0151993	
      2379	 0.0147614	
      2380	 0.0143258	
      2381	 0.0138069	
      2382	 0.0132954	
      2383	  0.012808	
      2384	 0.0123431	
      2385	 0.0119194	
      2386	 0.0116321	
      2387	 0.0113751	
      2388	 0.0111278	
      2389	 0.0108896	
      2390	 0.0106529	
      2391	 0.0103834	
      2392	 0.0101172	
      2393	0.00986079	
      2394	0.00961372	
      2395	0.00937549	
      2396	 0.0091426	
      2397	0.00891782	
      2398	0.00870076	
      2399	0.00849105	
      2400	0.00828835	
      2401	0.00809504	
      2402	0.00790799	
      2403	0.00772692	
      2404	0.00755157	
      2405	0.00738168	
      2406	0.00721946	
      2407	0.00706215	
      2408	0.00690955	
      2409	0.00676147	
      2410	0.00661213	
      2411	0.00643434	
      2412	0.00625673	
      2413	0.00608466	
      2414	0.00591793	
      2415	0.00576439	
      2416	0.00565902	
      2417	0.00556416	
      2418	0.00547162	
      2419	0.00538134	
      2420	0.00529049	
      2421	0.00518388	
      2422	0.00507743	
      2423	0.00497379	
      2424	0.00487287	
      2425	0.00477539	
      2426	0.00468533	
      2427	0.00459832	
      2428	0.00451344	
      2429	0.00443063	
      2430	0.00434906	
      2431	0.00426199	
      2432	0.00417635	
      2433	0.00409284	
      2434	0.00401139	
      2435	0.00393263	
      2436	0.00386124	
      2437	 0.0037922	
      2438	0.00372474	
      2439	0.00365883	
      2440	0.00359377	
      2441	0.00352517	
      2442	0.00345755	
      2443	 0.0033915	
      2444	0.00332698	
      2445	0.00326336	
      2446	0.00319889	
      2447	0.00313535	
      2448	0.00307328	
      2449	0.00301264	
      2450	0.00295447	
      2451	0.00270208	
      2452	0.00247739	
      2453	0.00227583	
      2454	0.00209448	
      2455	0.00193157	
      2456	0.00178746	
      2457	0.00165719	
      2458	0.00153856	
      2459	0.00143032	
      2460	0.00133112	
      2461	0.00123845	
      2462	0.00115332	
      2463	0.00107519	
      2464	0.00100338	
      2465	0.000936927	
      2466	0.000874078	
      2467	0.000815861	
      2468	0.000762164	
      2469	0.000712577	
      2470	0.000666982	
      2471	0.000626413	
      2472	0.000588961	
      2473	0.000554136	
      2474	0.000521723	
      2475	0.00049125	
      2476	0.000461113	
      2477	0.000432835	
      2478	0.000406521	
      2479	0.000382015	
      2480	0.000359383	
      2481	0.000339179	
      2482	0.000320462	
      2483	0.00030293	
      2484	0.000286497	
      2485	0.000271189	
      2486	0.000257314	
      2487	0.000244352	
      2488	0.000232145	
      2489	0.000220642	
      2490	0.000209433	
      2491	0.000196737	
      2492	0.000184535	
      2493	0.000173128	
      2494	0.000162459	
      2495	0.000152944	
      2496	0.000146574	
      2497	0.000140936	
      2498	0.000135548	
      2499	0.000130396	
      2500	0.000125275	
      2501	3.07428e-05	
      2502	9.13643e-06	
      2503	3.08312e-06	
      2504	1.14074e-06	
      2505	4.52941e-07	
      2506	1.89962e-07	
      2507	8.34681e-08	
      2508	3.81521e-08	
      2509	1.80404e-08	
      2510	8.78825e-09	
      2511	4.39958e-09	
      2512	2.25478e-09	
      2513	1.17996e-09	
      2514	6.29285e-10	
      2515	3.41436e-10	
      2516	1.8828e-10	
      2517	1.05345e-10	
      2518	5.97398e-11	
      2519	3.43033e-11	
      2520	1.99321e-11	
      2521	1.17181e-11	
      2522	6.96118e-12	
      2523	4.17522e-12	
      2524	 2.527e-12	
      2525	1.5429e-12	
      2526	9.50894e-13	
      2527	5.90685e-13	
      2528	3.69618e-13	
      2529	 2.329e-13	
      2530	1.47699e-13	
      2531	9.40644e-14	
      2532	6.02575e-14	
      2533	3.88254e-14	
      2534	2.51556e-14	
      2535	1.63894e-14	
      2536	1.07422e-14	
      2537	7.07712e-15	
      2538	4.68477e-15	
      2539	3.11539e-15	
      2540	2.08094e-15	
      2541	1.39652e-15	
      2542	9.41092e-16	
      2543	6.36724e-16	
      2544	4.32466e-16	
      2545	2.94835e-16	
      2546	2.0165e-16	
      2547	1.38404e-16	
      2548	9.53198e-17	
      2549	6.58658e-17	
      2550	4.56603e-17	
      2551	3.1739e-17	
      2552	2.21295e-17	
      2553	1.54753e-17	
      2554	1.08534e-17	
      2555	7.63331e-18	
      2556	5.38101e-18	
      2557	3.80344e-18	
      2558	2.6954e-18	
      2559	1.91503e-18	
      2560	1.36429e-18	
      2561	9.75153e-19	
      2562	6.98825e-19	
      2563	5.01964e-19	
      2564	3.6138e-19	
      2565	2.60748e-19	
      2566	1.88465e-19	
      2567	1.3651e-19	
      2568	9.90833e-20	
      2569	7.20649e-20	
      2570	5.25189e-20	
      2571	3.83322e-20	
      2572	2.80314e-20	
      2573	2.05373e-20	
      2574	1.50745e-20	
      2575	1.10848e-20	
      2576	8.1655e-21	
      2577	6.02553e-21	
      2578	4.45401e-21	
      2579	3.29789e-21	
      2580	2.44534e-21	
      2581	1.81365e-21	
      2582	1.34696e-21	
      2583	1.00192e-21	
      2584	7.46403e-22	
      2585	5.57144e-22	
      2586	4.1784e-22	
      2587	3.13971e-22	
      2588	2.36263e-22	
      2589	1.7804e-22	
      2590	1.34321e-22	
      2591	1.0129e-22	
      2592	7.64678e-23	
      2593	5.7805e-23	
      2594	4.37543e-23	
      2595	3.31693e-23	
      2596	2.52005e-23	
      2597	1.91746e-23	
      2598	1.46077e-23	
      2599	1.1142e-23	
      2600	8.50882e-24	
      2601	4.33936e-24	
      2602	2.95548e-24	
      2603	2.12572e-24	
      2604	1.5739e-24	
      2605	1.18758e-24	
      2606	9.0755e-25	
      2607	7.00877e-25	
      2608	5.45851e-25	
      2609	4.28094e-25	
      2610	3.37733e-25	
      2611	2.67936e-25	
      2612	2.13518e-25	
      2613	1.7083e-25	
      2614	1.37164e-25	
      2615	1.10489e-25	
      2616	8.91784e-26	
      2617	7.21723e-26	
      2618	5.85545e-26	
      2619	4.76158e-26	
      2620	3.87852e-26	
      2621	3.15496e-26	
      2622	2.56991e-26	
      2623	2.09699e-26	
      2624	1.71391e-26	
      2625	1.40472e-26	
      2626	 1.161e-26	
      2627	9.62123e-27	
      2628	7.98404e-27	
      2629	6.63409e-27	
      2630	5.51661e-27	
      2631	4.57953e-27	
      2632	3.80419e-27	
      2633	3.16365e-27	
      2634	2.63379e-27	
      2635	2.19442e-27	
      2636	1.82571e-27	
      2637	1.52003e-27	
      2638	1.2667e-27	
      2639	1.05654e-27	
      2640	8.82446e-28	
      2641	7.39875e-28	
      2642	6.21166e-28	
      2643	5.21926e-28	
      2644	4.38889e-28	
      2645	3.69347e-28	
      2646	3.10747e-28	
      2647	2.61637e-28	
      2648	2.20445e-28	
      2649	1.85868e-28	
      2650	1.56822e-28	
      2651	1.3227e-28	
      2652	1.11635e-28	
      2653	9.42787e-29	
      2654	7.96705e-29	
      2655	6.7384e-29	
      2656	5.70841e-29	
      2657	4.83993e-29	
      2658	4.10596e-29	
      2659	3.48527e-29	
      2660	2.95932e-29	
      2661	2.51029e-29	
      2662	2.12999e-29	
      2663	1.80825e-29	
      2664	1.53589e-29	
      2665	1.30589e-29	
      2666	1.11317e-29	
      2667	9.4985e-30	
      2668	8.10885e-30	
      2669	6.92584e-30	
      2670	5.91671e-30	
      2671	5.04405e-30	
      2672	4.30094e-30	
      2673	3.66895e-30	
      2674	3.1312e-30	
      2675	2.67412e-30	
      2676	2.28712e-30	
      2677	1.95747e-30	
      2678	1.67604e-30	
      2679	1.43567e-30	
      2680	1.23028e-30	
      2681	1.0547e-30	
      2682	9.04543e-31	
      2683	7.7607e-31	
      2684	6.66104e-31	
      2685	5.71942e-31	
      2686	4.90763e-31	
      2687	4.21264e-31	
      2688	3.61741e-31	
      2689	3.10741e-31	
      2690	2.67029e-31	
      2691	2.29669e-31	
      2692	1.97606e-31	
      2693	1.7008e-31	
      2694	1.46438e-31	
      2695	1.26127e-31	
      2696	1.08611e-31	
      2697	9.35594e-32	
      2698	8.06203e-32	
      2699	6.94935e-32	
      2700	5.99379e-32	
      2701	7.28695e-32	
      2702	8.86739e-32	
      2703	1.07978e-31	
      2704	1.31574e-31	
      2705	1.60435e-31	
      2706	1.95762e-31	
      2707	2.39032e-31	
      2708	2.92071e-31	
      2709	3.5713e-31	
      2710	4.36992e-31	
      2711	5.35389e-31	
      2712	6.56417e-31	
      2713	8.05393e-31	
      2714	9.88909e-31	
      2715	1.21515e-30	
      2716	1.49345e-30	
      2717	1.83688e-30	
      2718	2.26101e-30	
      2719	2.78523e-30	
      2720	3.43366e-30	
      2721	4.23407e-30	
      2722	5.2252e-30	
      2723	6.45351e-30	
      2724	7.97703e-30	
      2725	9.87102e-30	
      2726	1.22316e-29	
      2727	1.51736e-29	
      2728	1.88391e-29	
      2729	2.34101e-29	
      2730	2.91154e-29	
      2731	3.62025e-29	
      2732	4.50543e-29	
      2733	5.61204e-29	
      2734	6.99674e-29	
      2735	8.73105e-29	
      2736	1.09114e-28	
      2737	1.36489e-28	
      2738	1.70894e-28	
      2739	2.14175e-28	
      2740	2.68677e-28	
      2741	3.37567e-28	
      2742	4.24541e-28	
      2743	5.34458e-28	
      2744	6.73516e-28	
      2745	8.49625e-28	
      2746	1.07229e-27	
      2747	1.35473e-27	
      2748	1.71338e-27	
      2749	2.16932e-27	
      2750	2.74958e-27	
      2751	3.48693e-27	
      2752	4.42695e-27	
      2753	5.62676e-27	
      2754	7.15995e-27	
      2755	9.12152e-27	
      2756	1.16342e-26	
      2757	1.48568e-26	
      2758	1.8995e-26	
      2759	2.43159e-26	
      2760	3.1166e-26	
      2761	4.00196e-26	
      2762	5.14545e-26	
      2763	6.62431e-26	
      2764	8.5395e-26	
      2765	1.10232e-25	
      2766	1.42571e-25	
      2767	1.84652e-25	
      2768	2.39492e-25	
      2769	3.11063e-25	
      2770	4.04493e-25	
      2771	5.26148e-25	
      2772	6.85218e-25	
      2773	8.93738e-25	
      2774	1.16752e-24	
      2775	1.52757e-24	
      2776	2.00305e-24	
      2777	2.63082e-24	
      2778	3.46109e-24	
      2779	4.56108e-24	
      2780	6.02103e-24	
      2781	 7.967e-24	
      2782	1.05608e-23	
      2783	1.40245e-23	
      2784	1.8659e-23	
      2785	2.4872e-23	
      2786	3.32178e-23	
      2787	4.44517e-23	
      2788	5.96045e-23	
      2789	8.00868e-23	
      2790	1.07833e-22	
      2791	1.45416e-22	
      2792	1.96527e-22	
      2793	2.66196e-22	
      2794	3.61386e-22	
      2795	4.91914e-22	
      2796	6.71596e-22	
      2797	9.1944e-22	
      2798	1.26191e-21	
      2799	1.73639e-21	
      2800	2.39557e-21	
      2801	2.99915e-21	
      2802	3.75841e-21	
      2803	4.71449e-21	
      2804	5.91962e-21	
      2805	7.44255e-21	
      2806	9.37259e-21	
      2807	1.1819e-20	
      2808	1.49196e-20	
      2809	1.88537e-20	
      2810	2.38509e-20	
      2811	3.02058e-20	
      2812	3.82965e-20	
      2813	4.86092e-20	
      2814	 6.177e-20	
      2815	7.85857e-20	
      2816	1.00036e-19	
      2817	1.27493e-19	
      2818	1.62687e-19	
      2819	2.07853e-19	
      2820	2.65894e-19	
      2821	3.40368e-19	
      2822	4.36269e-19	
      2823	5.59933e-19	
      2824	7.19622e-19	
      2825	9.26416e-19	
      2826	1.19506e-18	
      2827	1.54428e-18	
      2828	1.99846e-18	
      2829	2.59005e-18	
      2830	3.36182e-18	
      2831	4.36751e-18	
      2832	5.68293e-18	
      2833	7.40634e-18	
      2834	9.66809e-18	
      2835	1.26415e-17	
      2836	1.65469e-17	
      2837	2.16961e-17	
      2838	2.84979e-17	
      2839	3.74995e-17	
      2840	4.94352e-17	
      2841	6.53344e-17	
      2842	8.65132e-17	
      2843	1.14783e-16	
      2844	1.52596e-16	
      2845	2.03284e-16	
      2846	2.71205e-16	
      2847	3.62601e-16	
      2848	4.85867e-16	
      2849	6.52514e-16	
      2850	8.78353e-16	
      2851	1.18517e-15	
      2852	1.60308e-15	
      2853	2.1738e-15	
      2854	2.9553e-15	
      2855	4.02841e-15	
      2856	5.5098e-15	
      2857	7.5571e-15	
      2858	1.03951e-14	
      2859	1.43415e-14	
      2860	1.98468e-14	
      2861	2.75526e-14	
      2862	3.83753e-14	
      2863	5.36297e-14	
      2864	7.52096e-14	
      2865	1.05854e-13	
      2866	1.49343e-13	
      2867	2.11514e-13	
      2868	3.0077e-13	
      2869	4.29477e-13	
      2870	6.16127e-13	
      2871	8.88489e-13	
      2872	1.28772e-12	
      2873	1.8755e-12	
      2874	2.74558e-12	
      2875	4.04226e-12	
      2876	5.98887e-12	
      2877	8.92828e-12	
      2878	1.33929e-11	
      2879	2.02214e-11	
      2880	3.07418e-11	
      2881	4.70121e-11	
      2882	7.2449e-11	
      2883	1.12566e-10	
      2884	1.76428e-10	
      2885	2.7911e-10	
      2886	 4.463e-10	
      2887	7.21376e-10	
      2888	1.17969e-09	
      2889	1.95386e-09	
      2890	3.28148e-09	
      2891	5.5966e-09	
      2892	9.71004e-09	
      2893	1.71754e-08	
      2894	3.10592e-08	
      2895	5.76343e-08	
      2896	1.10239e-07	
      2897	2.19231e-07	
      2898	4.5962e-07	
      2899	1.04827e-06	
      2900	3.08495e-06	
      2901	3.18235e-06	
      2902	3.28313e-06	
      2903	3.38742e-06	
      2904	3.49534e-06	
      2905	3.60704e-06	
      2906	3.72007e-06	
      2907	3.83701e-06	
      2908	 3.958e-06	
      2909	4.08319e-06	
      2910	4.21276e-06	
      2911	4.34382e-06	
      2912	4.47938e-06	
      2913	4.61963e-06	
      2914	4.76474e-06	
      2915	4.9149e-06	
      2916	5.07391e-06	
      2917	5.23861e-06	
      2918	5.40923e-06	
      2919	5.58601e-06	
      2920	5.76919e-06	
      2921	5.95902e-06	
      2922	6.15579e-06	
      2923	6.35976e-06	
      2924	6.57123e-06	
      2925	6.79051e-06	
      2926	7.01792e-06	
      2927	7.25379e-06	
      2928	7.49848e-06	
      2929	7.75234e-06	
      2930	8.01578e-06	
      2931	8.28316e-06	
      2932	8.56051e-06	
      2933	8.84822e-06	
      2934	9.14674e-06	
      2935	9.45653e-06	
      2936	9.78523e-06	
      2937	1.01267e-05	
      2938	1.04815e-05	
      2939	1.08501e-05	
      2940	1.12333e-05	
      2941	1.1623e-05	
      2942	1.20279e-05	
      2943	1.24486e-05	
      2944	1.28859e-05	
      2945	1.33454e-05	
      2946	1.38337e-05	
      2947	1.43473e-05	
      2948	1.48823e-05	
      2949	1.54397e-05	
      2950	1.60205e-05	
      2951	1.66258e-05	
      2952	1.72567e-05	
      2953	1.79146e-05	
      2954	1.86007e-05	
      2955	1.93163e-05	
      2956	2.00478e-05	
      2957	2.08106e-05	
      2958	2.16062e-05	
      2959	2.24363e-05	
      2960	2.33025e-05	
      2961	2.42249e-05	
      2962	2.51886e-05	
      2963	2.61957e-05	
      2964	2.72484e-05	
      2965	2.83491e-05	
      2966	2.94777e-05	
      2967	3.06574e-05	
      2968	3.1891e-05	
      2969	3.31812e-05	
      2970	3.45311e-05	
      2971	3.59713e-05	
      2972	 3.748e-05	
      2973	3.90609e-05	
      2974	4.0718e-05	
      2975	4.24555e-05	
      2976	4.42438e-05	
      2977	4.61187e-05	
      2978	4.80851e-05	
      2979	5.01482e-05	
      2980	5.23136e-05	
      2981	5.46294e-05	
      2982	5.70634e-05	
      2983	5.96227e-05	
      2984	6.23147e-05	
      2985	6.51476e-05	
      2986	6.80768e-05	
      2987	7.11597e-05	
      2988	7.44058e-05	
      2989	7.78254e-05	
      2990	8.14295e-05	
      2991	8.52969e-05	
      2992	8.93802e-05	
      2993	9.36937e-05	
      2994	9.82533e-05	
      2995	0.000103076	
      2996	0.00010818	
      2997	0.000113587	
      2998	0.000119318	
      2999	0.000125399	
      3000	0.000131858	
      3001	0.000131837	
      3002	0.000131816	
      3003	0.000131795	
      3004	0.000131774	
      3005	0.000131753	
      3006	0.000131837	
      3007	0.00013192	
      3008	0.000132004	
      3009	0.000132088	
      3010	0.000132172	
      3011	0.000132257	
      3012	0.000132341	
      3013	0.000132425	
      3014	0.00013251	
      3015	0.000132595	
      3016	0.000132573	
      3017	0.000132551	
      3018	0.000132529	
      3019	0.000132507	
      3020	0.000132485	
      3021	0.000132462	
      3022	0.00013244	
      3023	0.000132417	
      3024	0.000132394	
      3025	0.000132371	
      3026	0.000132456	
      3027	0.000132541	
      3028	0.000132626	
      3029	0.000132711	
      3030	0.000132797	
      3031	0.000132774	
      3032	0.000132751	
      3033	0.000132727	
      3034	0.000132704	
      3035	0.00013268	
      3036	0.000132546	
      3037	0.000132412	
      3038	0.000132278	
      3039	0.000132143	
      3040	0.000132063	
      3041	0.000132314	
      3042	0.000132622	
      3043	0.00013293	
      3044	0.00013324	
      3045	0.00013355	
      3046	0.00013375	
      3047	0.00013395	
      3048	0.000134151	
      3049	0.000134352	
      3050	0.000134555	
      3051	0.000134645	
      3052	0.000134736	
      3053	0.000134827	
      3054	0.000134918	
      3055	0.00013501	
      3056	0.000135102	
      3057	0.000135195	
      3058	0.000135287	
      3059	0.00013538	
      3060	0.000135474	
      3061	0.00013534	
      3062	0.000135205	
      3063	0.00013507	
      3064	0.000134935	
      3065	0.000134857	
      3066	0.000134894	
      3067	0.000134989	
      3068	0.000135084	
      3069	0.00013518	
      3070	0.000135276	
      3071	0.000135488	
      3072	0.000135701	
      3073	0.000135916	
      3074	0.000136131	
      3075	0.000136347	
      3076	0.000136331	
      3077	0.000136315	
      3078	0.000136299	
      3079	0.000136284	
      3080	0.000136269	
      3081	0.000136254	
      3082	0.00013624	
      3083	0.000136227	
      3084	0.000136214	
      3085	0.000136201	
      3086	0.000136189	
      3087	0.000136178	
      3088	0.000136167	
      3089	0.000136157	
      3090	0.000136148	
      3091	0.00013614	
      3092	0.000136133	
      3093	0.000136127	
      3094	0.000136122	
      3095	0.000136118	
      3096	0.000136116	
      3097	0.000136115	
      3098	0.000136116	
      3099	0.000136119	
      3100	0.000136123	
      3101	0.000134013	
      3102	0.00013362	
      3103	0.00013372	
      3104	0.00013409	
      3105	0.000134639	
      3106	0.000135201	
      3107	0.000135866	
      3108	0.000136618	
      3109	0.000137444	
      3110	0.000138335	
      3111	0.000139159	
      3112	0.000140034	
      3113	0.000140956	
      3114	0.000141922	
      3115	0.000142996	
      3116	0.000144243	
      3117	0.000145599	
      3118	0.000146998	
      3119	0.000148439	
      3120	0.00014992	
      3121	0.000151442	
      3122	0.000153005	
      3123	0.000154607	
      3124	0.00015625	
      3125	0.000157933	
      3126	0.000159656	
      3127	0.000161419	
      3128	0.000163223	
      3129	0.000165069	
      3130	0.000166955	
      3131	0.000168883	
      3132	0.000170854	
      3133	0.000172868	
      3134	0.000174925	
      3135	0.000177026	
      3136	0.000179004	
      3137	0.000181023	
      3138	0.000183084	
      3139	0.000185188	
      3140	0.000187334	
      3141	0.000189703	
      3142	0.000192121	
      3143	0.00019459	
      3144	0.00019711	
      3145	0.000199683	
      3146	0.000202116	
      3147	0.000204599	
      3148	0.000207132	
      3149	0.000209717	
      3150	0.000212353	
      3151	0.000215248	
      3152	0.000218204	
      3153	0.000221222	
      3154	0.000224303	
      3155	0.000227449	
      3156	0.000230661	
      3157	0.000233941	
      3158	0.00023729	
      3159	0.00024071	
      3160	0.000244203	
      3161	0.00024801	
      3162	0.000251901	
      3163	0.000255878	
      3164	0.000259944	
      3165	0.000264101	
      3166	0.000267832	
      3167	0.000271642	
      3168	0.000275533	
      3169	0.000279506	
      3170	0.000283703	
      3171	0.000288274	
      3172	0.000293091	
      3173	0.000298019	
      3174	0.000303062	
      3175	0.000308223	
      3176	0.000312894	
      3177	0.000317668	
      3178	0.000322549	
      3179	0.000327539	
      3180	0.000332642	
      3181	0.000338194	
      3182	0.000343877	
      3183	0.000349696	
      3184	0.000355653	
      3185	0.000361753	
      3186	0.000368366	
      3187	0.000375144	
      3188	0.000382093	
      3189	0.000389218	
      3190	0.000396525	
      3191	0.00040362	
      3192	0.000410893	
      3193	0.000418351	
      3194	0.000425999	
      3195	0.000433844	
      3196	0.000441451	
      3197	0.000449252	
      3198	0.000457252	
      3199	0.000465457	
      3200	0.000474113	
      3201	0.000470505	
      3202	0.00046717	
      3203	0.000463871	
      3204	0.000460607	
      3205	0.000457377	
      3206	0.000453723	
      3207	0.000450109	
      3208	0.000446534	
      3209	0.000442996	
      3210	0.000439496	
      3211	0.000435592	
      3212	0.00043173	
      3213	0.00042791	
      3214	0.00042413	
      3215	0.000420391	
      3216	0.000417118	
      3217	0.000413878	
      3218	0.000410671	
      3219	0.000407497	
      3220	0.000404354	
      3221	0.000401243	
      3222	0.000398163	
      3223	0.000395113	
      3224	0.000392093	
      3225	0.000389104	
      3226	0.000386541	
      3227	0.000384003	
      3228	0.000381488	
      3229	0.000378995	
      3230	0.000376526	
      3231	0.000373693	
      3232	0.000370887	
      3233	0.000368108	
      3234	0.000365355	
      3235	0.000362628	
      3236	0.000359927	
      3237	0.000357251	
      3238	 0.0003546	
      3239	0.000351973	
      3240	0.000349371	
      3241	0.000346793	
      3242	0.000344239	
      3243	0.000341708	
      3244	 0.0003392	
      3245	0.000336715	
      3246	0.000334603	
      3247	0.000332509	
      3248	0.000330433	
      3249	0.000328374	
      3250	0.000326332	
      3251	0.000323628	
      3252	0.00032095	
      3253	0.000318296	
      3254	0.000315667	
      3255	0.000313062	
      3256	0.000310811	
      3257	0.00030858	
      3258	0.000306367	
      3259	0.000304175	
      3260	0.000302001	
      3261	0.000299846	
      3262	0.00029771	
      3263	0.000295592	
      3264	0.000293493	
      3265	0.000291411	
      3266	0.000289347	
      3267	0.000287301	
      3268	0.000285272	
      3269	0.000283261	
      3270	0.000281266	
      3271	0.000279288	
      3272	0.000277327	
      3273	0.000275383	
      3274	0.000273455	
      3275	0.000271542	
      3276	0.000269646	
      3277	0.000267766	
      3278	0.000265901	
      3279	0.000264052	
      3280	0.000262218	
      3281	0.000260399	
      3282	0.000258595	
      3283	0.000256805	
      3284	0.000255031	
      3285	0.000253271	
      3286	 0.0002518	
      3287	0.00025034	
      3288	0.000248892	
      3289	0.000247454	
      3290	0.000245892	
      3291	0.000243808	
      3292	0.000241609	
      3293	0.000239429	
      3294	0.000237269	
      3295	0.000235259	
      3296	0.000233525	
      3297	0.000231935	
      3298	0.000230358	
      3299	0.000228793	
      3300	0.000227241	
      3301	0.000231266	
      3302	0.000235377	
      3303	0.000239577	
      3304	0.000243867	
      3305	0.000248251	
      3306	0.000252166	
      3307	0.000256158	
      3308	0.00026023	
      3309	0.000264384	
      3310	0.000268622	
      3311	0.000273254	
      3312	0.000277986	
      3313	0.000282821	
      3314	0.00028776	
      3315	0.000292807	
      3316	0.000297287	
      3317	0.000301855	
      3318	0.000306514	
      3319	0.000311266	
      3320	0.000316295	
      3321	0.000322174	
      3322	0.00032838	
      3323	0.000334733	
      3324	0.000341238	
      3325	0.000347899	
      3326	0.000353901	
      3327	0.000360037	
      3328	0.000366311	
      3329	0.000372725	
      3330	0.000379286	
      3331	0.000386449	
      3332	0.000393785	
      3333	0.000401298	
      3334	0.000408996	
      3335	0.000416882	
      3336	0.000424964	
      3337	0.000433246	
      3338	0.000441737	
      3339	0.000450443	
      3340	0.000459369	
      3341	0.000468525	
      3342	0.000477917	
      3343	0.000487554	
      3344	0.000497443	
      3345	0.000507593	
      3346	0.000517396	
      3347	0.000527452	
      3348	0.000537768	
      3349	0.000548355	
      3350	0.000559222	
      3351	0.000571067	
      3352	0.000583244	
      3353	0.000595763	
      3354	0.000608639	
      3355	0.000621884	
      3356	0.000635513	
      3357	0.000649539	
      3358	0.00066398	
      3359	0.000678851	
      3360	0.000694169	
      3361	0.000709952	
      3362	0.00072622	
      3363	0.000742991	
      3364	0.000760289	
      3365	0.000778133	
      3366	0.00079655	
      3367	0.000815562	
      3368	0.000835196	
      3369	0.000855482	
      3370	0.000876446	
      3371	0.000898123	
      3372	0.000920544	
      3373	0.000943744	
      3374	0.000967763	
      3375	0.000992639	
      3376	0.00101842	
      3377	0.00104514	
      3378	0.00107286	
      3379	0.00110163	
      3380	 0.0011315	
      3381	0.00116399	
      3382	0.00119779	
      3383	0.00123299	
      3384	0.00126965	
      3385	0.00130787	
      3386	0.00134606	
      3387	 0.0013859	
      3388	 0.0014275	
      3389	0.00147097	
      3390	0.00151644	
      3391	0.00156404	
      3392	0.00161392	
      3393	0.00166625	
      3394	0.00172122	
      3395	0.00177903	
      3396	0.00183756	
      3397	0.00189925	
      3398	0.00196435	
      3399	0.00203317	
      3400	0.00210741	
      3401	0.00212809	
      3402	0.00215043	
      3403	0.00217309	
      3404	0.00219605	
      3405	0.00221793	
      3406	0.00223439	
      3407	0.00224962	
      3408	0.00226502	
      3409	0.00228061	
      3410	0.00229786	
      3411	0.00231831	
      3412	0.00234055	
      3413	 0.0023631	
      3414	0.00238597	
      3415	0.00240916	
      3416	0.00242955	
      3417	 0.0024502	
      3418	0.00247114	
      3419	0.00249237	
      3420	0.00251389	
      3421	0.00253571	
      3422	0.00255784	
      3423	0.00258028	
      3424	0.00260303	
      3425	0.00262612	
      3426	0.00264953	
      3427	0.00267329	
      3428	0.00269739	
      3429	0.00272185	
      3430	0.00274668	
      3431	0.00277553	
      3432	0.00280484	
      3433	0.00283462	
      3434	0.00286488	
      3435	0.00289563	
      3436	0.00292304	
      3437	0.00295088	
      3438	0.00297916	
      3439	 0.0030079	
      3440	 0.0030371	
      3441	0.00306679	
      3442	0.00309696	
      3443	0.00312764	
      3444	0.00315884	
      3445	0.00319057	
      3446	0.00322285	
      3447	0.00325568	
      3448	 0.0032891	
      3449	0.00332311	
      3450	0.00335772	
      3451	0.00339753	
      3452	0.00343809	
      3453	0.00347944	
      3454	0.00352158	
      3455	0.00356455	
      3456	0.00360352	
      3457	0.00364326	
      3458	0.00368378	
      3459	0.00372511	
      3460	0.00376727	
      3461	0.00381545	
      3462	0.00386466	
      3463	0.00391493	
      3464	 0.0039663	
      3465	 0.0040188	
      3466	0.00406699	
      3467	0.00411624	
      3468	0.00416662	
      3469	0.00421815	
      3470	0.00427089	
      3471	0.00432488	
      3472	0.00438018	
      3473	0.00443683	
      3474	0.00449491	
      3475	0.00455448	
      3476	0.00461559	
      3477	0.00467833	
      3478	0.00474276	
      3479	0.00480898	
      3480	0.00487708	
      3481	0.00495398	
      3482	0.00503318	
      3483	0.00511479	
      3484	0.00519897	
      3485	0.00528585	
      3486	0.00536819	
      3487	0.00545332	
      3488	0.00554143	
      3489	0.00563274	
      3490	0.00572747	
      3491	0.00582589	
      3492	0.00592829	
      3493	0.00603503	
      3494	 0.0061465	
      3495	0.00626316	
      3496	0.00638559	
      3497	0.00651445	
      3498	0.00665057	
      3499	0.00679502	
      3500	0.00694917	
      3501	0.00695645	
      3502	0.00696375	
      3503	0.00697108	
      3504	0.00697844	
      3505	0.00698583	
      3506	0.00698339	
      3507	0.00698096	
      3508	0.00697854	
      3509	0.00697613	
      3510	0.00697372	
      3511	0.00697133	
      3512	0.00696894	
      3513	0.00696656	
      3514	0.00696419	
      3515	0.00696183	
      3516	0.00695948	
      3517	0.00695714	
      3518	0.00695481	
      3519	0.00695248	
      3520	0.00695017	
      3521	0.00695789	
      3522	0.00696563	
      3523	0.00697341	
      3524	0.00698123	
      3525	0.00698908	
      3526	0.00698689	
      3527	0.00698472	
      3528	0.00698257	
      3529	0.00698043	
      3530	 0.0069783	
      3531	0.00698631	
      3532	0.00699436	
      3533	0.00700245	
      3534	0.00701058	
      3535	0.00701875	
      3536	0.00701678	
      3537	0.00701482	
      3538	0.00701289	
      3539	0.00701097	
      3540	0.00700907	
      3541	0.00701744	
      3542	0.00702585	
      3543	0.00703431	
      3544	0.00704281	
      3545	0.00705136	
      3546	0.00704966	
      3547	0.00704798	
      3548	0.00704632	
      3549	0.00704469	
      3550	0.00704309	
      3551	0.00704151	
      3552	0.00703996	
      3553	0.00703844	
      3554	0.00703695	
      3555	0.00703549	
      3556	0.00703407	
      3557	0.00703268	
      3558	0.00703132	
      3559	   0.00703	
      3560	0.00702871	
      3561	0.00703797	
      3562	0.00704729	
      3563	0.00705668	
      3564	0.00706615	
      3565	0.00707568	
      3566	0.00707472	
      3567	 0.0070738	
      3568	0.00707294	
      3569	0.00707212	
      3570	0.00707136	
      3571	0.00707065	
      3572	   0.00707	
      3573	0.00706942	
      3574	0.00706889	
      3575	0.00706843	
      3576	0.00706804	
      3577	0.00706772	
      3578	0.00706748	
      3579	0.00706731	
      3580	0.00706723	
      3581	0.00707804	
      3582	0.00708897	
      3583	0.00710003	
      3584	0.00711123	
      3585	0.00712257	
      3586	0.00712316	
      3587	0.00712388	
      3588	0.00712472	
      3589	0.00712569	
      3590	 0.0071268	
      3591	0.00712807	
      3592	 0.0071295	
      3593	0.00713111	
      3594	 0.0071329	
      3595	0.00713489	
      3596	0.00714818	
      3597	0.00716174	
      3598	0.00717561	
      3599	 0.0071898	
      3600	0.00720434	
      3601	0.00719834	
      3602	0.00719233	
      3603	0.00718632	
      3604	0.00718031	
      3605	0.00717429	
      3606	0.00716827	
      3607	0.00716224	
      3608	0.00715621	
      3609	0.00715018	
      3610	0.00714415	
      3611	0.00714937	
      3612	 0.0071546	
      3613	0.00715985	
      3614	 0.0071651	
      3615	0.00717038	
      3616	0.00716436	
      3617	0.00715835	
      3618	0.00715233	
      3619	 0.0071463	
      3620	0.00714028	
      3621	0.00714559	
      3622	0.00715092	
      3623	0.00715626	
      3624	0.00716162	
      3625	0.00716699	
      3626	  0.007161	
      3627	  0.007155	
      3628	0.00714899	
      3629	0.00714299	
      3630	0.00713698	
      3631	 0.0071424	
      3632	0.00714784	
      3633	0.00715329	
      3634	0.00715876	
      3635	0.00716424	
      3636	0.00715827	
      3637	 0.0071523	
      3638	0.00714633	
      3639	0.00714035	
      3640	0.00713438	
      3641	0.00713992	
      3642	0.00714548	
      3643	0.00715105	
      3644	0.00715665	
      3645	0.00716226	
      3646	0.00715633	
      3647	 0.0071504	
      3648	0.00714447	
      3649	0.00713854	
      3650	0.00713261	
      3651	0.00712668	
      3652	0.00712076	
      3653	0.00711484	
      3654	0.00710891	
      3655	0.00710299	
      3656	0.00710873	
      3657	0.00711449	
      3658	0.00712027	
      3659	0.00712607	
      3660	0.00713189	
      3661	0.00713774	
      3662	0.00714361	
      3663	 0.0071495	
      3664	0.00715541	
      3665	0.00716136	
      3666	0.00714382	
      3667	0.00712628	
      3668	0.00710871	
      3669	0.00709114	
      3670	0.00707945	
      3671	0.00707955	
      3672	0.00708558	
      3673	0.00709163	
      3674	0.00709771	
      3675	0.00710383	
      3676	0.00709812	
      3677	0.00709242	
      3678	0.00708673	
      3679	0.00708106	
      3680	 0.0070754	
      3681	0.00706975	
      3682	0.00706411	
      3683	0.00705849	
      3684	0.00705288	
      3685	0.00704729	
      3686	0.00705368	
      3687	 0.0070601	
      3688	0.00706656	
      3689	0.00707307	
      3690	0.00707962	
      3691	 0.0070742	
      3692	0.00706881	
      3693	0.00706344	
      3694	0.00705811	
      3695	 0.0070528	
      3696	0.00704752	
      3697	0.00704227	
      3698	0.00703706	
      3699	0.00703189	
      3700	0.00702676	
      3701	0.00703321	
      3702	0.00703968	
      3703	0.00704618	
      3704	 0.0070527	
      3705	0.00705924	
      3706	0.00705363	
      3707	0.00704802	
      3708	0.00704241	
      3709	 0.0070368	
      3710	0.00703119	
      3711	0.00703782	
      3712	0.00704448	
      3713	0.00705116	
      3714	0.00705787	
      3715	 0.0070646	
      3716	0.00705905	
      3717	0.00705351	
      3718	0.00704797	
      3719	0.00704244	
      3720	 0.0070369	
      3721	0.00704372	
      3722	0.00705057	
      3723	0.00705744	
      3724	0.00706434	
      3725	0.00707127	
      3726	 0.0070658	
      3727	0.00706034	
      3728	0.00705487	
      3729	0.00704941	
      3730	0.00704395	
      3731	0.00705098	
      3732	0.00705803	
      3733	 0.0070651	
      3734	0.00707221	
      3735	0.00707934	
      3736	0.00706141	
      3737	0.00704346	
      3738	0.00702549	
      3739	0.00700749	
      3740	0.00699577	
      3741	0.00699664	
      3742	0.00700384	
      3743	0.00701106	
      3744	0.00701832	
      3745	 0.0070256	
      3746	0.00702024	
      3747	0.00701488	
      3748	0.00700953	
      3749	0.00700418	
      3750	0.00699883	
      3751	0.00700622	
      3752	0.00701365	
      3753	 0.0070211	
      3754	0.00702858	
      3755	 0.0070361	
      3756	0.00703084	
      3757	0.00702558	
      3758	0.00702033	
      3759	0.00701508	
      3760	0.00700983	
      3761	0.00701746	
      3762	0.00702513	
      3763	0.00703283	
      3764	0.00704056	
      3765	0.00704832	
      3766	0.00705612	
      3767	0.00706395	
      3768	0.00707182	
      3769	0.00707971	
      3770	0.00708765	
      3771	 0.0070826	
      3772	0.00707755	
      3773	0.00707251	
      3774	0.00706748	
      3775	0.00706245	
      3776	0.00705743	
      3777	0.00705241	
      3778	 0.0070474	
      3779	 0.0070424	
      3780	 0.0070374	
      3781	0.00704558	
      3782	 0.0070538	
      3783	0.00706205	
      3784	0.00707035	
      3785	0.00707868	
      3786	0.00707381	
      3787	0.00706894	
      3788	0.00706408	
      3789	0.00705923	
      3790	0.00705439	
      3791	0.00706289	
      3792	0.00707142	
      3793	   0.00708	
      3794	0.00708862	
      3795	0.00709728	
      3796	0.00709258	
      3797	0.00708789	
      3798	0.00708321	
      3799	0.00707854	
      3800	0.00707388	
      3801	0.00701711	
      3802	0.00697318	
      3803	0.00693668	
      3804	0.00690516	
      3805	 0.0068773	
      3806	0.00683921	
      3807	0.00680349	
      3808	0.00676974	
      3809	0.00673765	
      3810	  0.006707	
      3811	0.00669048	
      3812	0.00667502	
      3813	0.00666051	
      3814	0.00664685	
      3815	0.00663397	
      3816	0.00660906	
      3817	0.00658486	
      3818	 0.0065613	
      3819	0.00653834	
      3820	0.00651594	
      3821	0.00650671	
      3822	0.00649793	
      3823	0.00648959	
      3824	0.00648167	
      3825	0.00647413	
      3826	0.00646697	
      3827	0.00646016	
      3828	0.00645369	
      3829	0.00644755	
      3830	0.00644173	
      3831	0.00642371	
      3832	  0.006406	
      3833	 0.0063886	
      3834	0.00637148	
      3835	0.00635465	
      3836	0.00635055	
      3837	0.00634669	
      3838	0.00634308	
      3839	 0.0063397	
      3840	0.00633656	
      3841	0.00632123	
      3842	0.00630613	
      3843	0.00629126	
      3844	0.00627661	
      3845	0.00626219	
      3846	0.00626037	
      3847	0.00625876	
      3848	0.00625736	
      3849	0.00625615	
      3850	0.00625515	
      3851	0.00624196	
      3852	0.00622896	
      3853	0.00621617	
      3854	0.00620356	
      3855	0.00619116	
      3856	0.00618513	
      3857	 0.0061793	
      3858	0.00616746	
      3859	  0.006162	
      3860	0.00615674	
      3861	0.00615167	
      3862	0.00615298	
      3863	0.00614829	
      3864	0.00614999	
      3865	0.00614569	
      3866	0.00613538	
      3867	0.00613147	
      3868	0.00612156	
      3869	0.00611804	
      3870	0.00610852	
      3871	0.00611163	
      3872	0.00611496	
      3873	0.00611851	
      3874	0.00612228	
      3875	0.00612628	
      3876	0.00611805	
      3877	0.00611628	
      3878	 0.0061085	
      3879	 0.0061072	
      3880	 0.0060999	
      3881	0.00609911	
      3882	0.00609858	
      3883	0.00609833	
      3884	0.00609837	
      3885	 0.0060987	
      3886	0.00610563	
      3887	0.00611289	
      3888	0.00612682	
      3889	0.00613481	
      3890	0.00614319	
      3891	0.00613931	
      3892	0.00613583	
      3893	0.00613911	
      3894	 0.0061365	
      3895	0.00613436	
      3896	0.00614551	
      3897	0.00615086	
      3898	0.00616324	
      3899	0.00616991	
      3900	0.00618376	
      3901	0.00619574	
      3902	 0.0062078	
      3903	0.00621345	
      3904	0.00622564	
      3905	0.00623791	
      3906	0.00624375	
      3907	 0.0062431	
      3908	0.00624903	
      3909	0.00624845	
      3910	0.00625448	
      3911	0.00626714	
      3912	 0.0062733	
      3913	0.00628612	
      3914	0.00629241	
      3915	 0.0063054	
      3916	0.00630517	
      3917	0.00630498	
      3918	0.00631151	
      3919	0.00631141	
      3920	0.00631135	
      3921	0.00632477	
      3922	0.00633829	
      3923	0.00634516	
      3924	0.00635887	
      3925	0.00637268	
      3926	0.00637301	
      3927	 0.0063802	
      3928	0.00638064	
      3929	0.00638798	
      3930	0.00638854	
      3931	 0.0064029	
      3932	0.00641048	
      3933	0.00642506	
      3934	0.00643284	
      3935	0.00644765	
      3936	0.00645563	
      3937	0.00645675	
      3938	0.00646492	
      3939	0.00646619	
      3940	0.00647454	
      3941	  0.006483	
      3942	0.00649862	
      3943	0.00650732	
      3944	0.00652322	
      3945	0.00653217	
      3946	0.00653412	
      3947	0.00653617	
      3948	0.00654546	
      3949	 0.0065477	
      3950	0.00655005	
      3951	0.00655971	
      3952	0.00657673	
      3953	 0.0065867	
      3954	0.00660408	
      3955	0.00661437	
      3956	0.00662482	
      3957	0.00663544	
      3958	0.00663888	
      3959	0.00664983	
      3960	0.00666096	
      3961	0.00667968	
      3962	0.00669865	
      3963	0.00671041	
      3964	0.00672984	
      3965	0.00674955	
      3966	0.00675449	
      3967	0.00676717	
      3968	0.00677253	
      3969	0.00678568	
      3970	0.00679149	
      3971	0.00681279	
      3972	0.00682677	
      3973	0.00684874	
      3974	0.00686337	
      3975	0.00688606	
      3976	 0.0069014	
      3977	0.00690932	
      3978	0.00692538	
      3979	0.00693402	
      3980	 0.0069509	
      3981	0.00696823	
      3982	0.00698604	
      3983	0.00701232	
      3984	0.00703122	
      3985	0.00705072	
      3986	0.00707889	
      3987	0.00709972	
      3988	 0.0071294	
      3989	 0.0071518	
      3990	0.00718325	
      3991	0.00719929	
      3992	0.00722456	
      3993	 0.0072427	
      3994	0.00727041	
      3995	0.00729122	
      3996	0.00733048	
      3997	0.00736334	
      3998	0.00740707	
      3999	0.00744518	
      4000	0.00749553	
