280	7.90174e-23
281	1.86821e-22
282	4.05233e-22
283	6.19988e-22
284	7.1252e-22
285	5.7437e-22
286	9.15818e-22
287	1.6267e-21
288	1.84595e-21
289	2.79703e-21
290	4.76054e-21
291	6.39837e-21
292	7.19479e-21
293	8.28826e-21
294	9.89949e-21
295	1.18777e-20
296	1.48375e-20
297	1.59533e-20
298	1.94188e-20
299	2.14545e-20
300	2.45263e-20
301	7.81185e-19
302	2.56244e-17
303	1.03153e-15
304	3.4684e-14
305	1.1032e-12
306	4.47317e-12
307	2.05419e-11
308	9.56506e-11
309	3.76278e-10
310	1.58482e-09
311	5.6474e-09
312	1.47908e-08
313	3.92312e-08
314	1.07203e-07
315	2.71729e-07
316	4.0107e-07
317	7.6881e-07
318	1.23312e-06
319	1.90246e-06
320	3.34364e-06
321	4.85326e-06
322	6.7066e-06
323	9.0955e-06
324	1.45562e-05
325	2.4144e-05
326	3.61667e-05
327	4.71449e-05
328	5.75904e-05
329	7.71922e-05
330	0.000106139
331	0.000113971
332	0.000130807
333	0.000147607
334	0.000170977
335	0.000205655
336	0.000207374
337	0.000216444
338	0.000266764
339	0.000313936
340	0.000372845
341	0.000392727
342	0.000436083
343	0.000493476
344	0.000464406
345	0.000526047
346	0.000604855
347	0.000661695
348	0.000699345
349	0.00074666
350	0.000891389
351	0.00100195
352	0.00100569
353	0.00109946
354	0.00133515
355	0.00144669
356	0.00141444
357	0.00128565
358	0.00124506
359	0.00146606
360	0.00191082
361	0.00184004
362	0.00198536
363	0.00229974
364	0.00244968
365	0.002736
366	0.00329312
367	0.00347014
368	0.00343439
369	0.00371986
370	0.0041138
371	0.00410516
372	0.00418876
373	0.00395662
374	0.00378906
375	0.00426294
376	0.00498967
377	0.00565295
378	0.00686597
379	0.00646817
380	0.00636583
381	0.00699771
382	0.00582709
383	0.00476717
384	0.00554645
385	0.00726147
386	0.00735305
387	0.00785552
388	0.00802393
389	0.00904429
390	0.0107469
391	0.0119122
392	0.0114542
393	0.00764084
394	0.00814777
395	0.0129961
396	0.0124225
397	0.00895672
398	0.0152506
399	0.0200436
400	0.0218816
401	0.0234848
402	0.0249752
403	0.0252869
404	0.0262309
405	0.0266553
406	0.0268436
407	0.0273324
408	0.0293378
409	0.03137
410	0.0293759
411	0.032525
412	0.0353224
413	0.0354387
414	0.0360611
415	0.0382404
416	0.0403118
417	0.0406206
418	0.0404797
419	0.0421094
420	0.041395
421	0.0461241
422	0.0473795
423	0.0473831
424	0.048496
425	0.0507065
426	0.0507475
427	0.0505815
428	0.0514548
429	0.0484777
430	0.04105
431	0.0410699
432	0.0599996
433	0.060698
434	0.0587505
435	0.0646257
436	0.0717567
437	0.0740256
438	0.0683676
439	0.0680945
440	0.0765922
441	0.079253
442	0.0850369
443	0.0882849
444	0.088762
445	0.0919294
446	0.0881287
447	0.0973666
448	0.101552
449	0.103844
450	0.109128
451	0.11402
452	0.111977
453	0.107754
454	0.114135
455	0.116847
456	0.121743
457	0.125021
458	0.125049
459	0.125948
460	0.128088
461	0.13336
462	0.137183
463	0.139226
464	0.138196
465	0.13828
466	0.141569
467	0.140145
468	0.146092
469	0.149017
470	0.147261
471	0.151511
472	0.159233
473	0.158149
474	0.161678
475	0.167897
476	0.167009
477	0.170641
478	0.176657
479	0.176957
480	0.180813
481	0.182876
482	0.184822
483	0.184711
484	0.183847
485	0.18057
486	0.158009
487	0.17085
488	0.184684
489	0.182503
490	0.197829
491	0.195522
492	0.191338
493	0.200857
494	0.202241
495	0.211854
496	0.208126
497	0.210553
498	0.208254
499	0.209545
500	0.210815
501	0.207823
502	0.210208
503	0.218121
504	0.212835
505	0.224586
506	0.234031
507	0.228466
508	0.225132
509	0.233358
510	0.231732
511	0.236422
512	0.241766
513	0.232759
514	0.229174
515	0.236201
516	0.234567
517	0.206581
518	0.223014
519	0.225182
520	0.241969
521	0.247841
522	0.25242
523	0.244987
524	0.258278
525	0.260027
526	0.251231
527	0.232066
528	0.255586
529	0.268968
530	0.265464
531	0.276447
532	0.272089
533	0.252828
534	0.263836
535	0.271905
536	0.278778
537	0.266938
538	0.274524
539	0.271043
540	0.26365
541	0.259265
542	0.276484
543	0.277841
544	0.285555
545	0.282586
546	0.282398
547	0.285035
548	0.282122
549	0.288
550	0.288111
551	0.289255
552	0.293493
553	0.288768
554	0.293179
555	0.295241
556	0.291602
557	0.286549
558	0.289141
559	0.280466
560	0.2848
561	0.296073
562	0.28929
563	0.2958
564	0.294339
565	0.293454
566	0.284543
567	0.297232
568	0.298301
569	0.294933
570	0.29335
571	0.286935
572	0.299534
573	0.303595
574	0.302778
575	0.298598
576	0.298541
577	0.30325
578	0.298347
579	0.301081
580	0.304063
581	0.306039
582	0.310136
583	0.313009
584	0.313158
585	0.312031
586	0.307902
587	0.31424
588	0.309856
589	0.287025
590	0.298987
591	0.313889
592	0.314655
593	0.315637
594	0.317852
595	0.319415
596	0.324601
597	0.32804
598	0.32511
599	0.325595
600	0.328648
601	0.326829
602	0.326649
603	0.333879
604	0.341505
605	0.343491
606	0.344858
607	0.34761
608	0.349131
609	0.349584
610	0.35247
611	0.354948
612	0.36213
613	0.360434
614	0.356526
615	0.365408
616	0.361646
617	0.362153
618	0.375366
619	0.382355
620	0.386607
621	0.390892
622	0.388014
623	0.390263
624	0.391333
625	0.389414
626	0.393689
627	0.406445
628	0.411779
629	0.415013
630	0.414845
631	0.41329
632	0.405377
633	0.420474
634	0.420736
635	0.423543
636	0.420839
637	0.432768
638	0.438911
639	0.437148
640	0.431648
641	0.433436
642	0.437248
643	0.443812
644	0.444247
645	0.4495
646	0.445726
647	0.451347
648	0.451354
649	0.442777
650	0.442654
651	0.461642
652	0.463765
653	0.467715
654	0.464678
655	0.446341
656	0.404538
657	0.419677
658	0.461583
659	0.471963
660	0.480536
661	0.487258
662	0.490913
663	0.491825
664	0.493506
665	0.501173
666	0.502468
667	0.500496
668	0.492236
669	0.48926
670	0.478499
671	0.473139
672	0.46632
673	0.465463
674	0.461564
675	0.458373
676	0.460763
677	0.456514
678	0.456616
679	0.451943
680	0.450808
681	0.450541
682	0.449993
683	0.447265
684	0.444616
685	0.442792
686	0.435361
687	0.443482
688	0.447503
689	0.448171
690	0.448127
691	0.44969
692	0.449742
693	0.456055
694	0.460541
695	0.460749
696	0.465022
697	0.469423
698	0.470249
699	0.476994
700	0.480163
701	0.482639
702	0.486154
703	0.49517
704	0.505509
705	0.515047
706	0.51745
707	0.522348
708	0.53119
709	0.54085
710	0.565678
711	0.516527
712	0.486965
713	0.466466
714	0.453061
715	0.434856
716	0.427799
717	0.418628
718	0.405453
719	0.390516
720	0.396544
721	0.395974
722	0.395124
723	0.391101
724	0.390066
725	0.391036
726	0.395498
727	0.402431
728	0.407783
729	0.404073
730	0.423005
731	0.427838
732	0.440125
733	0.447267
734	0.464642
735	0.474418
736	0.481685
737	0.49504
738	0.50737
739	0.516908
740	0.551872
741	0.552058
742	0.552825
743	0.565726
744	0.573298
745	0.5738
746	0.576627
747	0.579595
748	0.579917
749	0.582723
750	0.583575
751	0.587834
752	0.593788
753	0.599266
754	0.604691
755	0.605994
756	0.600756
757	0.602043
758	0.606212
759	0.601881
760	0.605337
761	0.603974
762	0.605013
763	0.556516
764	0.520974
765	0.490699
766	0.456835
767	0.442235
768	0.443761
769	0.446942
770	0.454118
771	0.462678
772	0.471774
773	0.481506
774	0.492006
775	0.503464
776	0.515637
777	0.526766
778	0.543725
779	0.56799
780	0.608237
781	0.606167
782	0.608432
783	0.604014
784	0.599802
785	0.602706
786	0.603178
787	0.602467
788	0.598654
789	0.597428
790	0.593079
791	0.588133
792	0.583216
793	0.578323
794	0.574086
795	0.574308
796	0.579627
797	0.587508
798	0.584608
799	0.579176
800	0.572477
801	0.554831
802	0.539397
803	0.520864
804	0.511285
805	0.494572
806	0.49441
807	0.485524
808	0.477255
809	0.465285
810	0.461661
811	0.457295
812	0.455236
813	0.450854
814	0.445697
815	0.438294
816	0.433576
817	0.427651
818	0.41624
819	0.405172
820	0.400494
821	0.398299
822	0.39026
823	0.390602
824	0.389186
825	0.399515
826	0.413548
827	0.425789
828	0.435711
829	0.446985
830	0.463395
831	0.483432
832	0.495728
833	0.490989
834	0.501232
835	0.508205
836	0.516728
837	0.519489
838	0.524474
839	0.528059
840	0.538675
841	0.540153
842	0.534546
843	0.534116
844	0.530447
845	0.543159
846	0.545486
847	0.535977
848	0.536387
849	0.532184
850	0.500397
851	0.531124
852	0.53592
853	0.526921
854	0.487232
855	0.510693
856	0.545528
857	0.562116
858	0.568033
859	0.572966
860	0.577761
861	0.577891
862	0.583089
863	0.582941
864	0.573604
865	0.557297
866	0.511018
867	0.535419
868	0.559208
869	0.559849
870	0.566459
871	0.563105
872	0.567543
873	0.563378
874	0.554749
875	0.550202
876	0.561374
877	0.564874
878	0.563108
879	0.556567
880	0.555077
881	0.483401
882	0.463158
883	0.442682
884	0.428001
885	0.415895
886	0.394326
887	0.381629
888	0.376895
889	0.369097
890	0.359724
891	0.350323
892	0.340216
893	0.329055
894	0.323397
895	0.31818
896	0.313952
897	0.306634
898	0.299716
899	0.291965
900	0.285968
901	0.276698
902	0.268513
903	0.273486
904	0.270537
905	0.265346
906	0.266705
907	0.270843
908	0.270951
909	0.270944
910	0.27619
911	0.280523
912	0.283231
913	0.289276
914	0.292929
915	0.294915
916	0.296285
917	0.295333
918	0.295292
919	0.296247
920	0.294328
921	0.290282
922	0.286937
923	0.280953
924	0.289495
925	0.291569
926	0.221323
927	0.184529
928	0.154463
929	0.13165
930	0.113869
931	0.100848
932	0.0895017
933	0.0804731
934	0.0722471
935	0.0646801
936	0.0584614
937	0.0533776
938	0.0548016
939	0.0558306
940	0.0561531
941	0.0566499
942	0.0567924
943	0.0594136
944	0.060089
945	0.0616635
946	0.0635397
947	0.0649731
948	0.0667033
949	0.0711217
950	0.0754757
951	0.0799529
952	0.0857094
953	0.0915825
954	0.0969286
955	0.100661
956	0.111559
957	0.122132
958	0.133712
959	0.146637
960	0.159793
961	0.175621
962	0.196005
963	0.220031
964	0.250018
965	0.295429
966	0.297431
967	0.303188
968	0.305153
969	0.310102
970	0.31528
971	0.317763
972	0.323708
973	0.326335
974	0.327669
975	0.33425
976	0.342403
977	0.346298
978	0.353645
979	0.357466
980	0.366768
981	0.371676
982	0.378508
983	0.382305
984	0.385459
985	0.391336
986	0.395705
987	0.401814
988	0.407488
989	0.411491
990	0.420448
991	0.431843
992	0.441042
993	0.454111
994	0.464037
995	0.462636
996	0.461771
997	0.457824
998	0.457724
999	0.458081
1000	0.459531
1001	0.462219
1002	0.4626
1003	0.45863
1004	0.451775
1005	0.43267
1006	0.446672
1007	0.456346
1008	0.458772
1009	0.457996
1010	0.459033
1011	0.457554
1012	0.457103
1013	0.455708
1014	0.456612
1015	0.452211
1016	0.452961
1017	0.451417
1018	0.454424
1019	0.446822
1020	0.448647
1021	0.450085
1022	0.446802
1023	0.449961
1024	0.452179
1025	0.45232
1026	0.452888
1027	0.452497
1028	0.453189
1029	0.451057
1030	0.452373
1031	0.452668
1032	0.452676
1033	0.448283
1034	0.450702
1035	0.453376
1036	0.454422
1037	0.452267
1038	0.452389
1039	0.456369
1040	0.457132
1041	0.457461
1042	0.457273
1043	0.454717
1044	0.455633
1045	0.452643
1046	0.444804
1047	0.449713
1048	0.453686
1049	0.452559
1050	0.450578
1051	0.450638
1052	0.448823
1053	0.448029
1054	0.447404
1055	0.448826
1056	0.448199
1057	0.447229
1058	0.442667
1059	0.434167
1060	0.440798
1061	0.436484
1062	0.441326
1063	0.438289
1064	0.442189
1065	0.441467
1066	0.434731
1067	0.435892
1068	0.433955
1069	0.41801
1070	0.426557
1071	0.402474
1072	0.389827
1073	0.37488
1074	0.370263
1075	0.358642
1076	0.354068
1077	0.348213
1078	0.342147
1079	0.33257
1080	0.330315
1081	0.319922
1082	0.313233
1083	0.312009
1084	0.310465
1085	0.306655
1086	0.303005
1087	0.291727
1088	0.293027
1089	0.291358
1090	0.286977
1091	0.284601
1092	0.277944
1093	0.271161
1094	0.259002
1095	0.262518
1096	0.262686
1097	0.261989
1098	0.258405
1099	0.255337
1100	0.258723
1101	0.180648
1102	0.136528
1103	0.111196
1104	0.0917959
1105	0.0769432
1106	0.0654155
1107	0.0560669
1108	0.0487302
1109	0.0426157
1110	0.0375387
1111	0.0330726
1112	0.0293621
1113	0.0260913
1114	0.0235374
1115	0.0211134
1116	0.0189021
1117	0.0172128
1118	0.015418
1119	0.013975
1120	0.0126917
1121	0.0137426
1122	0.0149074
1123	0.0161103
1124	0.0174149
1125	0.0187494
1126	0.0199521
1127	0.0219423
1128	0.0241893
1129	0.0264736
1130	0.0289044
1131	0.0288595
1132	0.0287259
1133	0.028261
1134	0.028069
1135	0.0279094
1136	0.0277269
1137	0.0270381
1138	0.0265517
1139	0.0266804
1140	0.026597
1141	0.0260549
1142	0.026212
1143	0.0259128
1144	0.0255759
1145	0.0255858
1146	0.0279816
1147	0.0304671
1148	0.033056
1149	0.0360217
1150	0.0393916
1151	0.0432508
1152	0.0475788
1153	0.0528517
1154	0.0592184
1155	0.0662758
1156	0.074035
1157	0.0843607
1158	0.0964321
1159	0.11037
1160	0.128346
1161	0.152783
1162	0.160117
1163	0.165935
1164	0.169063
1165	0.175391
1166	0.17843
1167	0.186119
1168	0.193229
1169	0.195947
1170	0.206411
1171	0.209141
1172	0.210574
1173	0.210984
1174	0.212203
1175	0.210655
1176	0.2097
1177	0.214556
1178	0.214919
1179	0.216027
1180	0.219634
1181	0.220432
1182	0.220121
1183	0.213708
1184	0.221684
1185	0.226393
1186	0.228256
1187	0.229877
1188	0.228718
1189	0.222827
1190	0.231353
1191	0.237381
1192	0.239272
1193	0.241032
1194	0.242959
1195	0.243498
1196	0.245399
1197	0.246069
1198	0.243189
1199	0.239893
1200	0.251534
1201	0.254119
1202	0.253338
1203	0.246234
1204	0.245873
1205	0.2517
1206	0.252174
1207	0.252674
1208	0.247797
1209	0.240343
1210	0.248732
1211	0.247042
1212	0.251817
1213	0.253768
1214	0.253773
1215	0.254992
1216	0.255741
1217	0.256345
1218	0.256465
1219	0.256167
1220	0.257979
1221	0.258982
1222	0.259235
1223	0.258998
1224	0.262495
1225	0.263411
1226	0.264545
1227	0.261857
1228	0.265659
1229	0.269243
1230	0.270697
1231	0.272064
1232	0.272425
1233	0.275422
1234	0.277335
1235	0.279214
1236	0.283792
1237	0.287545
1238	0.291476
1239	0.295229
1240	0.306855
1241	0.305695
1242	0.302018
1243	0.296822
1244	0.293262
1245	0.291676
1246	0.291064
1247	0.289107
1248	0.288486
1249	0.286366
1250	0.283854
1251	0.280416
1252	0.276894
1253	0.275957
1254	0.274533
1255	0.272545
1256	0.27038
1257	0.267743
1258	0.266854
1259	0.26452
1260	0.26384
1261	0.261869
1262	0.258334
1263	0.258463
1264	0.255148
1265	0.254238
1266	0.253995
1267	0.249926
1268	0.247392
1269	0.247985
1270	0.248168
1271	0.24845
1272	0.248165
1273	0.248619
1274	0.248569
1275	0.250885
1276	0.252859
1277	0.254325
1278	0.255267
1279	0.255387
1280	0.254817
1281	0.247767
1282	0.230579
1283	0.246484
1284	0.258581
1285	0.263348
1286	0.26659
1287	0.270195
1288	0.272784
1289	0.276855
1290	0.278472
1291	0.268211
1292	0.260905
1293	0.253927
1294	0.245473
1295	0.24147
1296	0.237498
1297	0.232025
1298	0.226772
1299	0.224599
1300	0.220823
1301	0.217059
1302	0.212513
1303	0.208741
1304	0.205638
1305	0.204671
1306	0.202675
1307	0.200475
1308	0.198069
1309	0.19594
1310	0.193312
1311	0.190896
1312	0.18741
1313	0.182181
1314	0.183516
1315	0.179141
1316	0.178285
1317	0.179205
1318	0.176816
1319	0.177442
1320	0.176251
1321	0.119151
1322	0.0897495
1323	0.0708761
1324	0.0575501
1325	0.0475458
1326	0.039758
1327	0.0336082
1328	0.028824
1329	0.0244586
1330	0.02145
1331	0.0188705
1332	0.0163792
1333	0.014667
1334	0.01305
1335	0.0115894
1336	0.010279
1337	0.00921596
1338	0.00824242
1339	0.00734642
1340	0.0066175
1341	0.00607985
1342	0.00550925
1343	0.0050051
1344	0.0045583
1345	0.00415297
1346	0.00376726
1347	0.00345559
1348	0.0031616
1349	0.00288986
1350	0.00262897
1351	0.00210295
1352	0.00170387
1353	0.00138035
1354	0.00112257
1355	0.000912746
1356	0.000752718
1357	0.0006198
1358	0.000522011
1359	0.000436429
1360	0.000364318
1361	0.000309937
1362	0.000261629
1363	0.000219294
1364	0.000188187
1365	0.000160683
1366	0.000137376
1367	0.000117145
1368	0.000101277
1369	8.62294e-05
1370	7.4367e-05
1371	6.45176e-05
1372	5.64736e-05
1373	4.91847e-05
1374	4.27672e-05
1375	3.68275e-05
1376	3.19737e-05
1377	2.81976e-05
1378	2.47403e-05
1379	2.18385e-05
1380	1.91173e-05
1381	1.68288e-05
1382	1.46991e-05
1383	1.29968e-05
1384	1.15301e-05
1385	1.0141e-05
1386	9.02166e-06
1387	7.95286e-06
1388	7.08865e-06
1389	6.30705e-06
1390	5.54402e-06
1391	4.98208e-06
1392	4.44948e-06
1393	3.95369e-06
1394	3.51635e-06
1395	3.14488e-06
1396	3.47716e-06
1397	3.85526e-06
1398	4.28834e-06
1399	4.74385e-06
1400	5.16745e-06
1401	5.752e-06
1402	6.48372e-06
1403	7.2004e-06
1404	8.06158e-06
1405	9.02358e-06
1406	1.01608e-05
1407	1.13924e-05
1408	1.27846e-05
1409	1.44182e-05
1410	1.62163e-05
1411	1.81618e-05
1412	2.01389e-05
1413	2.29662e-05
1414	2.63157e-05
1415	2.99076e-05
1416	3.38915e-05
1417	3.87705e-05
1418	4.43104e-05
1419	5.02049e-05
1420	5.73472e-05
1421	6.60498e-05
1422	7.48343e-05
1423	8.59558e-05
1424	9.92058e-05
1425	0.000115635
1426	0.000131552
1427	0.000153988
1428	0.000180577
1429	0.000208016
1430	0.000243386
1431	0.000287767
1432	0.000345311
1433	0.000409223
1434	0.000480392
1435	0.000574979
1436	0.000690487
1437	0.00083353
1438	0.00100691
1439	0.00122716
1440	0.00145388
1441	0.00180096
1442	0.00224244
1443	0.00261607
1444	0.00282485
1445	0.00304729
1446	0.0032985
1447	0.0035436
1448	0.0038518
1449	0.00416089
1450	0.00447919
1451	0.00481093
1452	0.00522186
1453	0.0056921
1454	0.00617508
1455	0.00671558
1456	0.00731339
1457	0.00806043
1458	0.00894815
1459	0.00987645
1460	0.0108201
1461	0.0119132
1462	0.0131075
1463	0.0137478
1464	0.0137759
1465	0.0138995
1466	0.0138052
1467	0.0139688
1468	0.0138749
1469	0.0139888
1470	0.0139291
1471	0.0137457
1472	0.0137992
1473	0.0137799
1474	0.013529
1475	0.0137084
1476	0.0137923
1477	0.0137806
1478	0.0147241
1479	0.015897
1480	0.0170968
1481	0.0182275
1482	0.0196827
1483	0.0209263
1484	0.0228157
1485	0.0249581
1486	0.0268525
1487	0.0286129
1488	0.0288857
1489	0.0341041
1490	0.0382309
1491	0.0422635
1492	0.0464971
1493	0.0522857
1494	0.0587751
1495	0.0660952
1496	0.0738831
1497	0.0867595
1498	0.0894109
1499	0.0910327
1500	0.0945811
1501	0.0969286
1502	0.0975713
1503	0.0935492
1504	0.0981094
1505	0.0989186
1506	0.105395
1507	0.111936
1508	0.114706
1509	0.11798
1510	0.123827
1511	0.128271
1512	0.131008
1513	0.135398
1514	0.140521
1515	0.147886
1516	0.1549
1517	0.162901
1518	0.175026
1519	0.186981
1520	0.209915
1521	0.206224
1522	0.205498
1523	0.207876
1524	0.208397
1525	0.205675
1526	0.209523
1527	0.20919
1528	0.210283
1529	0.208373
1530	0.2013
1531	0.209322
1532	0.211193
1533	0.20976
1534	0.207738
1535	0.210144
1536	0.213182
1537	0.21396
1538	0.211452
1539	0.215258
1540	0.20712
1541	0.205968
1542	0.205169
1543	0.20353
1544	0.202924
1545	0.201905
1546	0.199652
1547	0.195902
1548	0.191116
1549	0.192187
1550	0.190038
1551	0.189444
1552	0.18976
1553	0.186913
1554	0.182744
1555	0.181979
1556	0.179802
1557	0.181978
1558	0.180697
1559	0.180955
1560	0.180537
1561	0.183367
1562	0.183404
1563	0.183106
1564	0.182038
1565	0.184177
1566	0.183307
1567	0.183923
1568	0.18298
1569	0.184862
1570	0.185447
1571	0.189348
1572	0.190449
1573	0.189162
1574	0.187881
1575	0.18181
1576	0.186468
1577	0.177915
1578	0.188405
1579	0.192884
1580	0.194226
1581	0.193635
1582	0.187738
1583	0.188267
1584	0.186882
1585	0.190252
1586	0.188241
1587	0.185504
1588	0.180605
1589	0.170995
1590	0.174474
1591	0.17568
1592	0.182309
1593	0.185176
1594	0.184001
1595	0.183037
1596	0.17595
1597	0.17691
1598	0.179819
1599	0.176908
1600	0.17666
1601	0.172484
1602	0.173317
1603	0.173202
1604	0.172915
1605	0.170917
1606	0.169964
1607	0.168859
1608	0.170671
1609	0.168729
1610	0.16067
1611	0.164223
1612	0.166198
1613	0.169504
1614	0.16982
1615	0.169552
1616	0.164558
1617	0.167312
1618	0.172798
1619	0.172836
1620	0.169487
1621	0.170225
1622	0.173579
1623	0.177977
1624	0.179456
1625	0.178528
1626	0.181511
1627	0.183883
1628	0.186807
1629	0.189498
1630	0.192362
1631	0.192905
1632	0.192565
1633	0.19022
1634	0.188306
1635	0.19022
1636	0.189432
1637	0.183237
1638	0.181576
1639	0.178818
1640	0.180371
1641	0.17943
1642	0.179599
1643	0.182162
1644	0.180636
1645	0.180018
1646	0.182187
1647	0.182491
1648	0.181909
1649	0.179239
1650	0.180651
1651	0.178988
1652	0.180616
1653	0.179361
1654	0.179899
1655	0.178454
1656	0.179294
1657	0.17935
1658	0.17841
1659	0.176687
1660	0.177642
1661	0.178299
1662	0.177673
1663	0.176956
1664	0.17663
1665	0.17522
1666	0.173917
1667	0.173902
1668	0.171804
1669	0.172983
1670	0.175456
1671	0.174358
1672	0.169308
1673	0.171093
1674	0.172976
1675	0.1712
1676	0.169333
1677	0.170338
1678	0.170848
1679	0.166817
1680	0.160265
1681	0.15424
1682	0.155878
1683	0.159093
1684	0.160523
1685	0.160198
1686	0.157854
1687	0.157345
1688	0.156401
1689	0.154014
1690	0.153414
1691	0.154949
1692	0.154577
1693	0.153404
1694	0.152703
1695	0.152028
1696	0.150824
1697	0.149647
1698	0.148932
1699	0.147606
1700	0.145419
1701	0.14466
1702	0.144153
1703	0.14348
1704	0.142784
1705	0.142049
1706	0.140971
1707	0.13985
1708	0.13874
1709	0.137642
1710	0.136692
1711	0.136574
1712	0.136596
1713	0.136622
1714	0.136652
1715	0.136571
1716	0.135778
1717	0.134878
1718	0.133986
1719	0.133102
1720	0.132279
1721	0.131756
1722	0.131292
1723	0.130832
1724	0.130377
1725	0.129881
1726	0.129086
1727	0.128252
1728	0.127424
1729	0.126601
1730	0.125674
1731	0.124064
1732	0.122353
1733	0.120651
1734	0.118959
1735	0.117585
1736	0.118044
1737	0.118811
1738	0.119577
1739	0.12034
1740	0.12091
1741	0.0969414
1742	0.0825407
1743	0.072168
1744	0.0641098
1745	0.0576025
1746	0.0523025
1747	0.0478148
1748	0.0439392
1749	0.0405524
1750	0.0375704
1751	0.0349447
1752	0.0325983
1753	0.0304844
1754	0.0285705
1755	0.0268199
1756	0.0251592
1757	0.023631
1758	0.022229
1759	0.0209391
1760	0.0197547
1761	0.0186905
1762	0.0177082
1763	0.0167952
1764	0.0159449
1765	0.0151517
1766	0.0144106
1767	0.013717
1768	0.0130671
1769	0.0124572
1770	0.0118796
1771	0.0113073
1772	0.0107652
1773	0.0102551
1774	0.00977478
1775	0.00932732
1776	0.00893549
1777	0.00856944
1778	0.0082225
1779	0.0078934
1780	0.00757884
1781	0.00726765
1782	0.00697024
1783	0.00668775
1784	0.00641927
1785	0.00616571
1786	0.00593461
1787	0.00571591
1788	0.00550722
1789	0.00530798
1790	0.0051156
1791	0.00491875
1792	0.004729
1793	0.00454792
1794	0.00437502
1795	0.00420987
1796	0.00405205
1797	0.00390118
1798	0.00375689
1799	0.00361884
1800	0.00348878
1801	0.00279727
1802	0.00226627
1803	0.0018518
1804	0.00152453
1805	0.00126337
1806	0.00105226
1807	0.000881085
1808	0.000741413
1809	0.00062671
1810	0.000530861
1811	0.00044577
1812	0.000374774
1813	0.000316042
1814	0.000267262
1815	0.000227302
1816	0.000197397
1817	0.000172395
1818	0.000150922
1819	0.000132423
1820	0.000116405
1821	0.000102344
1822	9.01296e-05
1823	7.95222e-05
1824	7.02889e-05
1825	6.21692e-05
1826	5.47204e-05
1827	4.8189e-05
1828	4.25006e-05
1829	3.75376e-05
1830	3.32167e-05
1831	2.95142e-05
1832	2.62717e-05
1833	2.34149e-05
1834	2.08941e-05
1835	1.86642e-05
1836	1.66743e-05
1837	1.49109e-05
1838	1.33482e-05
1839	1.19615e-05
1840	1.07281e-05
1841	9.62135e-06
1842	8.63565e-06
1843	7.75792e-06
1844	6.97552e-06
1845	6.28066e-06
1846	5.67604e-06
1847	5.13654e-06
1848	4.65203e-06
1849	4.21652e-06
1850	3.82343e-06
1851	3.46276e-06
1852	3.13734e-06
1853	2.84449e-06
1854	2.58074e-06
1855	2.34301e-06
1856	2.12856e-06
1857	1.93498e-06
1858	1.7601e-06
1859	1.602e-06
1860	1.45898e-06
1861	1.53294e-06
1862	1.61096e-06
1863	1.69328e-06
1864	1.78016e-06
1865	1.87225e-06
1866	1.97139e-06
1867	2.07664e-06
1868	2.18797e-06
1869	2.30577e-06
1870	2.42511e-06
1871	2.51672e-06
1872	2.60566e-06
1873	2.69729e-06
1874	2.79163e-06
1875	2.90468e-06
1876	3.12268e-06
1877	3.37476e-06
1878	3.64636e-06
1879	3.93901e-06
1880	4.24279e-06
1881	4.49623e-06
1882	4.75306e-06
1883	5.02588e-06
1884	5.31577e-06
1885	5.61927e-06
1886	5.91068e-06
1887	6.2134e-06
1888	6.53302e-06
1889	6.87058e-06
1890	7.23233e-06
1891	7.6478e-06
1892	8.09529e-06
1893	8.57152e-06
1894	9.07853e-06
1895	9.62547e-06
1896	1.02531e-05
1897	1.0933e-05
1898	1.16618e-05
1899	1.24433e-05
1900	1.32751e-05
1901	1.41209e-05
1902	1.50184e-05
1903	1.59788e-05
1904	1.70069e-05
1905	1.81053e-05
1906	1.92599e-05
1907	2.04931e-05
1908	2.18139e-05
1909	2.3229e-05
1910	2.47516e-05
1911	2.64121e-05
1912	2.82024e-05
1913	3.01274e-05
1914	3.21984e-05
1915	3.44277e-05
1916	3.68288e-05
1917	3.94164e-05
1918	4.22068e-05
1919	4.52177e-05
1920	4.84684e-05
1921	4.51903e-05
1922	4.56153e-05
1923	4.68271e-05
1924	4.85225e-05
1925	5.05826e-05
1926	5.28681e-05
1927	5.54544e-05
1928	5.8363e-05
1929	6.16063e-05
1930	6.52543e-05
1931	6.96089e-05
1932	7.44858e-05
1933	7.98836e-05
1934	8.58588e-05
1935	9.24276e-05
1936	9.93595e-05
1937	0.000106975
1938	0.000115412
1939	0.000124772
1940	0.000134967
1941	0.000144945
1942	0.000155723
1943	0.000167635
1944	0.000180829
1945	0.000196127
1946	0.000217516
1947	0.000242647
1948	0.000271389
1949	0.000304374
1950	0.000342094
1951	0.000383869
1952	0.000431867
1953	0.000487639
1954	0.000552776
1955	0.000628792
1956	0.000715222
1957	0.000817044
1958	0.000938637
1959	0.00108514
1960	0.00126325
1961	0.00138232
1962	0.00151493
1963	0.00166324
1964	0.00182956
1965	0.00201825
1966	0.00224219
1967	0.0024989
1968	0.00279209
1969	0.00312828
1970	0.00351344
1971	0.00394424
1972	0.00444119
1973	0.00502053
1974	0.00570044
1975	0.00650443
1976	0.00746345
1977	0.00861903
1978	0.0100282
1979	0.0117717
1980	0.0139712
1981	0.0168256
1982	0.0206261
1983	0.0259045
1984	0.0337558
1985	0.0470992
1986	0.0318115
1987	0.0249257
1988	0.0204983
1989	0.0173194
1990	0.0148868
1991	0.0128999
1992	0.0112825
1993	0.00994833
1994	0.00883105
1995	0.00788931
1996	0.00710931
1997	0.00643839
1998	0.00585296
1999	0.00533883
2000	0.00488265
2001	0.00446634
2002	0.00409407
2003	0.00376151
2004	0.00346332
2005	0.00319647
2006	0.00339354
2007	0.00360759
2008	0.00383879
2009	0.0040889
2010	0.00435914
2011	0.00464595
2012	0.00495662
2013	0.00529467
2014	0.00566333
2015	0.00606521
2016	0.00649637
2017	0.00696829
2018	0.00748765
2019	0.00806108
2020	0.00870035
2021	0.00943701
2022	0.0102665
2023	0.0112001
2024	0.0122569
2025	0.013455
2026	0.0147902
2027	0.0163268
2028	0.0181227
2029	0.0202503
2030	0.0228217
2031	0.0260287
2032	0.0301314
2033	0.0356536
2034	0.0438712
2035	0.060874
2036	0.0595555
2037	0.0583547
2038	0.0572547
2039	0.0562367
2040	0.0553283
2041	0.0547017
2042	0.0541596
2043	0.0536552
2044	0.0531842
2045	0.0527086
2046	0.052038
2047	0.0513629
2048	0.050715
2049	0.0500922
2050	0.0495065
2051	0.0490071
2052	0.0485404
2053	0.0480913
2054	0.0476589
2055	0.0472331
2056	0.0467509
2057	0.046275
2058	0.0458138
2059	0.0453666
2060	0.0449461
2061	0.0445992
2062	0.0442771
2063	0.0439665
2064	0.0436671
2065	0.0433786
2066	0.0436983
2067	0.0440247
2068	0.0443584
2069	0.0446994
2070	0.0450617
2071	0.0454954
2072	0.045953
2073	0.0464214
2074	0.0469012
2075	0.0473743
2076	0.0477364
2077	0.0480895
2078	0.0484531
2079	0.0488278
2080	0.0492244
2081	0.049684
2082	0.0501688
2083	0.05067
2084	0.0511889
2085	0.0517322
2086	0.0523069
2087	0.0529101
2088	0.0535385
2089	0.0541947
2090	0.0548704
2091	0.0555231
2092	0.0562006
2093	0.0569193
2094	0.0576856
2095	0.0585319
2096	0.0596068
2097	0.0607951
2098	0.0620946
2099	0.0635383
2100	0.0651746
2101	0.0652253
2102	0.0652701
2103	0.065316
2104	0.0653629
2105	0.0653973
2106	0.0653507
2107	0.0652912
2108	0.0652326
2109	0.0651749
2110	0.0651251
2111	0.0651314
2112	0.0651458
2113	0.0651616
2114	0.0651787
2115	0.0651973
2116	0.0652035
2117	0.0652113
2118	0.0652206
2119	0.0652317
2120	0.0652446
2121	0.0652454
2122	0.0652481
2123	0.0652529
2124	0.06526
2125	0.0652907
2126	0.0654374
2127	0.0656089
2128	0.065784
2129	0.0659629
2130	0.0661174
2131	0.0661185
2132	0.0660947
2133	0.0660751
2134	0.0660602
2135	0.0660723
2136	0.0662357
2137	0.0664285
2138	0.0666301
2139	0.0668416
2140	0.0670425
2141	0.0671238
2142	0.0671981
2143	0.0672911
2144	0.0674083
2145	0.0675808
2146	0.0679074
2147	0.0683383
2148	0.0689432
2149	0.0688957
2150	0.0688406
2151	0.0687089
2152	0.0685696
2153	0.0684306
2154	0.0682917
2155	0.068153
2156	0.0679838
2157	0.0678148
2158	0.0676459
2159	0.0674772
2160	0.0672168
2161	0.0663901
2162	0.0654721
2163	0.0645545
2164	0.0636374
2165	0.0628968
2166	0.0632271
2167	0.0637333
2168	0.0642394
2169	0.0647453
2170	0.0651976
2171	0.0652984
2172	0.0653458
2173	0.0653933
2174	0.0654408
2175	0.0654579
2176	0.065292
2177	0.0650957
2178	0.0648995
2179	0.0647036
2180	0.0645306
2181	0.0645103
2182	0.064513
2183	0.0645158
2184	0.0645187
2185	0.0644912
2186	0.0642658
2187	0.0640101
2188	0.0637546
2189	0.0634992
2190	0.0632822
2191	0.0632936
2192	0.0633431
2193	0.0633927
2194	0.0634424
2195	0.0634693
2196	0.0633747
2197	0.0632575
2198	0.0631403
2199	0.0629995
2200	0.0628361
2201	0.0625365
2202	0.0622145
2203	0.061893
2204	0.061572
2205	0.0612892
2206	0.0612036
2207	0.061156
2208	0.0611086
2209	0.0610613
2210	0.0610066
2211	0.0609219
2212	0.0608298
2213	0.0607379
2214	0.0606462
2215	0.0605547
2216	0.0604634
2217	0.0603722
2218	0.0602813
2219	0.0601905
2220	0.0600849
2221	0.0598893
2222	0.0596791
2223	0.0594691
2224	0.0592594
2225	0.059065
2226	0.0589607
2227	0.0588716
2228	0.0587827
2229	0.058694
2230	0.0586054
2231	0.058502
2232	0.0583988
2233	0.0582957
2234	0.0581929
2235	0.0580753
2236	0.0578535
2237	0.0576171
2238	0.057381
2239	0.0571452
2240	0.0569321
2241	0.056853
2242	0.0567963
2243	0.0567398
2244	0.0566834
2245	0.0566123
2246	0.0564671
2247	0.0563073
2248	0.0561477
2249	0.0559883
2250	0.0558292
2251	0.0556406
2252	0.0554522
2253	0.0552641
2254	0.0550762
2255	0.0549033
2256	0.054834
2257	0.0547796
2258	0.0547253
2259	0.0546711
2260	0.0546096
2261	0.0544746
2262	0.0543324
2263	0.0541903
2264	0.0540484
2265	0.0539215
2266	0.0538534
2267	0.0538002
2268	0.0537471
2269	0.0536941
2270	0.0536338
2271	0.0531828
2272	0.0527406
2273	0.0523132
2274	0.0518991
2275	0.0514832
2276	0.0510083
2277	0.0505309
2278	0.0500644
2279	0.0496081
2280	0.049182
2281	0.0488879
2282	0.0486212
2283	0.0483608
2284	0.0481064
2285	0.0478576
2286	0.0475875
2287	0.0473228
2288	0.0470631
2289	0.0468082
2290	0.0465319
2291	0.046091
2292	0.0456302
2293	0.0451755
2294	0.0447267
2295	0.0443218
2296	0.0441257
2297	0.0439707
2298	0.0438185
2299	0.0436689
2300	0.0435156
2301	0.0433149
2302	0.0431109
2303	0.0429096
2304	0.042711
2305	0.0425089
2306	0.042285
2307	0.0420577
2308	0.0418331
2309	0.041611
2310	0.0413915
2311	0.0411505
2312	0.0409121
2313	0.0406761
2314	0.0404427
2315	0.0402116
2316	0.0399945
2317	0.0397797
2318	0.039567
2319	0.0393564
2320	0.0391305
2321	0.0387798
2322	0.0384147
2323	0.0380527
2324	0.0376936
2325	0.0373773
2326	0.0372792
2327	0.0372217
2328	0.037165
2329	0.037109
2330	0.0370371
2331	0.0368767
2332	0.0367011
2333	0.0365269
2334	0.0363542
2335	0.036183
2336	0.0360132
2337	0.0358447
2338	0.0356777
2339	0.0355119
2340	0.035353
2341	0.0352277
2342	0.0351088
2343	0.0349909
2344	0.034874
2345	0.0347474
2346	0.0345685
2347	0.0343804
2348	0.0341936
2349	0.0340081
2350	0.0338134
2351	0.0335466
2352	0.0332711
2353	0.0329975
2354	0.0327256
2355	0.0324865
2356	0.0324144
2357	0.0323739
2358	0.0323337
2359	0.032294
2360	0.0322495
2361	0.0303511
2362	0.0286917
2363	0.0272218
2364	0.0259041
2365	0.0247077
2366	0.0235865
2367	0.0225542
2368	0.0216018
2369	0.0207194
2370	0.0198953
2371	0.0191078
2372	0.0183676
2373	0.017673
2374	0.0170197
2375	0.0164144
2376	0.0158943
2377	0.0154116
2378	0.0149534
2379	0.0145178
2380	0.0140848
2381	0.0135703
2382	0.0130634
2383	0.0125806
2384	0.0121203
2385	0.0117008
2386	0.0114153
2387	0.0111599
2388	0.0109142
2389	0.0106775
2390	0.0104426
2391	0.0101756
2392	0.009912
2393	0.00965824
2394	0.00941376
2395	0.00917808
2396	0.00894778
2397	0.00872557
2398	0.00851103
2399	0.00830382
2400	0.00810358
2401	0.00791264
2402	0.00772793
2403	0.00754917
2404	0.00737609
2405	0.00720845
2406	0.00704839
2407	0.00689322
2408	0.00674272
2409	0.00659671
2410	0.00644956
2411	0.00627473
2412	0.00610017
2413	0.00593111
2414	0.00576732
2415	0.00561647
2416	0.00551262
2417	0.00541905
2418	0.0053278
2419	0.00523879
2420	0.00514927
2421	0.00504446
2422	0.00493985
2423	0.00483803
2424	0.0047389
2425	0.00464317
2426	0.00455469
2427	0.00446921
2428	0.00438584
2429	0.00430453
2430	0.00422445
2431	0.00413907
2432	0.00405512
2433	0.00397327
2434	0.00389345
2435	0.00381628
2436	0.0037463
2437	0.00367862
2438	0.00361251
2439	0.00354792
2440	0.00348419
2441	0.00341706
2442	0.0033509
2443	0.00328629
2444	0.00322319
2445	0.00316099
2446	0.00309799
2447	0.00303591
2448	0.00297528
2449	0.00291606
2450	0.00285925
2451	0.00261251
2452	0.00239304
2453	0.00219636
2454	0.00201955
2455	0.00186085
2456	0.00172055
2457	0.00159382
2458	0.00147852
2459	0.0013734
2460	0.00127713
2461	0.0011873
2462	0.00110483
2463	0.00102921
2464	0.000959758
2465	0.000895541
2466	0.000834864
2467	0.000778705
2468	0.000726941
2469	0.000679173
2470	0.000635279
2471	0.000596235
2472	0.000560211
2473	0.000526737
2474	0.000495602
2475	0.000466352
2476	0.000437462
2477	0.000410374
2478	0.000385184
2479	0.000361739
2480	0.000340099
2481	0.000320783
2482	0.000302898
2483	0.000286155
2484	0.000270472
2485	0.000255869
2486	0.000242636
2487	0.000230281
2488	0.000218651
2489	0.000207698
2490	0.000197036
2491	0.000184988
2492	0.000173418
2493	0.000162608
2494	0.000152504
2495	0.000143494
2496	0.000137444
2497	0.000132086
2498	0.000126969
2499	0.000122079
2500	0.000117222
2501	2.83307e-05
2502	8.30937e-06
2503	2.77115e-06
2504	1.01431e-06
2505	3.98725e-07
2506	1.65659e-07
2507	7.2145e-08
2508	3.26985e-08
2509	1.5337e-08
2510	7.41344e-09
2511	3.68363e-09
2512	1.87424e-09
2513	9.73974e-10
2514	5.15907e-10
2515	2.78073e-10
2516	1.52355e-10
2517	8.47104e-11
2518	4.77441e-11
2519	2.72511e-11
2520	1.57416e-11
2521	9.20134e-12
2522	5.43533e-12
2523	3.24202e-12
2524	1.95154e-12
2525	1.18518e-12
2526	7.26598e-13
2527	4.49023e-13
2528	2.79544e-13
2529	1.75261e-13
2530	1.10597e-13
2531	7.00922e-14
2532	4.46852e-14
2533	2.86552e-14
2534	1.84792e-14
2535	1.1984e-14
2536	7.81878e-15
2537	5.12789e-15
2538	3.37931e-15
2539	2.23733e-15
2540	1.48791e-15
2541	9.94227e-16
2542	6.67127e-16
2543	4.49455e-16
2544	3.03993e-16
2545	2.06388e-16
2546	1.40578e-16
2547	9.60934e-17
2548	6.59132e-17
2549	4.53638e-17
2550	3.1323e-17
2551	2.16874e-17
2552	1.50623e-17
2553	1.04925e-17
2554	7.33051e-18
2555	5.13604e-18
2556	3.60693e-18
2557	2.53993e-18
2558	1.7933e-18
2559	1.26941e-18
2560	9.01025e-19
2561	6.41687e-19
2562	4.58193e-19
2563	3.2794e-19
2564	2.35254e-19
2565	1.69144e-19
2566	1.21826e-19
2567	8.79334e-20
2568	6.36039e-20
2569	4.61009e-20
2570	3.34821e-20
2571	2.43546e-20
2572	1.77498e-20
2573	1.29607e-20
2574	9.48149e-21
2575	6.94892e-21
2576	5.10197e-21
2577	3.75253e-21
2578	2.76478e-21
2579	2.04049e-21
2580	1.50811e-21
2581	1.11494e-21
2582	8.25402e-22
2583	6.12015e-22
2584	4.54496e-22
2585	3.38187e-22
2586	2.52837e-22
2587	1.89395e-22
2588	1.42078e-22
2589	1.06736e-22
2590	8.02799e-23
2591	6.03539e-23
2592	4.54251e-23
2593	3.42349e-23
2594	2.58356e-23
2595	1.95269e-23
2596	1.47915e-23
2597	1.12212e-23
2598	8.52337e-24
2599	6.48213e-24
2600	4.93572e-24
2601	2.49886e-24
2602	1.69485e-24
2603	1.21466e-24
2604	8.96417e-25
2605	6.74319e-25
2606	5.1382e-25
2607	3.95702e-25
2608	3.07345e-25
2609	2.40408e-25
2610	1.89178e-25
2611	1.49706e-25
2612	1.19008e-25
2613	9.4985e-26
2614	7.60852e-26
2615	6.11449e-26
2616	4.92378e-26
2617	3.97575e-26
2618	3.21833e-26
2619	2.61128e-26
2620	2.12232e-26
2621	1.72262e-26
2622	1.40015e-26
2623	1.14005e-26
2624	9.29806e-27
2625	7.60462e-27
2626	6.27208e-27
2627	5.18691e-27
2628	4.29542e-27
2629	3.56185e-27
2630	2.95586e-27
2631	2.44881e-27
2632	2.03014e-27
2633	1.68494e-27
2634	1.39997e-27
2635	1.16412e-27
2636	9.66626e-28
2637	8.03215e-28
2638	6.68053e-28
2639	5.5614e-28
2640	4.63611e-28
2641	3.87967e-28
2642	3.251e-28
2643	2.72645e-28
2644	2.28836e-28
2645	1.92215e-28
2646	1.61418e-28
2647	1.35654e-28
2648	1.14086e-28
2649	9.60141e-29
2650	8.08608e-29
2651	6.80767e-29
2652	5.73515e-29
2653	4.83471e-29
2654	4.0782e-29
2655	3.44306e-29
2656	2.91154e-29
2657	2.46417e-29
2658	2.08675e-29
2659	1.76816e-29
2660	1.49868e-29
2661	1.26903e-29
2662	1.07489e-29
2663	9.10922e-30
2664	7.72371e-30
2665	6.55565e-30
2666	5.57848e-30
2667	4.75179e-30
2668	4.0496e-30
2669	3.45285e-30
2670	2.9447e-30
2671	2.50609e-30
2672	2.13324e-30
2673	1.81669e-30
2674	1.54779e-30
2675	1.31962e-30
2676	1.12674e-30
2677	9.6272e-31
2678	8.22927e-31
2679	7.03729e-31
2680	6.02047e-31
2681	5.15268e-31
2682	4.41176e-31
2683	3.7789e-31
2684	3.2381e-31
2685	2.77578e-31
2686	2.37789e-31
2687	2.0378e-31
2688	1.74701e-31
2689	1.49827e-31
2690	1.28541e-31
2691	1.10378e-31
2692	9.48154e-32
2693	8.14759e-32
2694	7.00378e-32
2695	6.02263e-32
2696	5.17795e-32
2697	4.45324e-32
2698	3.83125e-32
2699	3.29723e-32
2700	2.83933e-32
2701	3.45932e-32
2702	4.21864e-32
2703	5.14813e-32
2704	6.28669e-32
2705	7.68235e-32
2706	9.39437e-32
2707	1.1496e-31
2708	1.40776e-31
2709	1.72513e-31
2710	2.11558e-31
2711	2.59769e-31
2712	3.192e-31
2713	3.92518e-31
2714	4.83038e-31
2715	5.9488e-31
2716	7.32774e-31
2717	9.03324e-31
2718	1.11443e-30
2719	1.37595e-30
2720	1.70017e-30
2721	2.10132e-30
2722	2.59919e-30
2723	3.21764e-30
2724	3.98649e-30
2725	4.94453e-30
2726	6.14134e-30
2727	7.63641e-30
2728	9.50357e-30
2729	1.18375e-29
2730	1.47575e-29
2731	1.83935e-29
2732	2.29458e-29
2733	2.86506e-29
2734	3.58063e-29
2735	4.47903e-29
2736	5.61121e-29
2737	7.0362e-29
2738	8.83149e-29
2739	1.10955e-28
2740	1.39536e-28
2741	1.75751e-28
2742	2.21586e-28
2743	2.79658e-28
2744	3.53311e-28
2745	4.46824e-28
2746	5.65361e-28
2747	7.16105e-28
2748	9.08017e-28
2749	1.15261e-27
2750	1.46471e-27
2751	1.86234e-27
2752	2.37059e-27
2753	3.02101e-27
2754	3.85434e-27
2755	4.92334e-27
2756	6.29632e-27
2757	8.06193e-27
2758	1.03353e-26
2759	1.32662e-26
2760	1.70498e-26
2761	2.19533e-26
2762	2.83037e-26
2763	3.65392e-26
2764	4.72342e-26
2765	6.11427e-26
2766	7.93021e-26
2767	1.02999e-25
2768	1.33968e-25
2769	1.74501e-25
2770	2.27565e-25
2771	2.96862e-25
2772	3.87734e-25
2773	5.07204e-25
2774	6.64523e-25
2775	8.72026e-25
2776	1.14685e-24
2777	1.51079e-24
2778	1.99356e-24
2779	2.6351e-24
2780	3.48916e-24
2781	4.63099e-24
2782	6.15761e-24
2783	8.20259e-24
2784	1.09473e-23
2785	1.46383e-23
2786	1.96121e-23
2787	2.63284e-23
2788	3.54166e-23
2789	4.77408e-23
2790	6.44902e-23
2791	8.72519e-23
2792	1.18308e-22
2793	1.60782e-22
2794	2.19008e-22
2795	2.99118e-22
2796	4.09767e-22
2797	5.6291e-22
2798	7.7525e-22
2799	1.07046e-21
2800	1.48203e-21
2801	1.86002e-21
2802	2.33668e-21
2803	2.93839e-21
2804	3.69873e-21
2805	4.66197e-21
2806	5.88574e-21
2807	7.44082e-21
2808	9.41675e-21
2809	1.19302e-20
2810	1.51311e-20
2811	1.92121e-20
2812	2.44213e-20
2813	3.10784e-20
2814	3.95961e-20
2815	5.05079e-20
2816	6.44639e-20
2817	8.23762e-20
2818	1.05396e-19
2819	1.35018e-19
2820	1.73186e-19
2821	2.22294e-19
2822	2.85704e-19
2823	3.67694e-19
2824	4.73859e-19
2825	6.11718e-19
2826	7.91301e-19
2827	1.0254e-18
2828	1.33071e-18
2829	1.72952e-18
2830	2.25127e-18
2831	2.93311e-18
2832	3.82752e-18
2833	5.00272e-18
2834	6.54951e-18
2835	8.58894e-18
2836	1.12755e-17
2837	1.48284e-17
2838	1.95354e-17
2839	2.57834e-17
2840	3.40931e-17
2841	4.51955e-17
2842	6.003e-17
2843	7.98922e-17
2844	1.06543e-16
2845	1.42379e-16
2846	1.90551e-16
2847	2.55577e-16
2848	3.43561e-16
2849	4.6289e-16
2850	6.25131e-16
2851	8.4627e-16
2852	1.14847e-15
2853	1.56254e-15
2854	2.13144e-15
2855	2.91527e-15
2856	4.00098e-15
2857	5.50662e-15
2858	7.60102e-15
2859	1.05236e-14
2860	1.46151e-14
2861	2.03625e-14
2862	2.84637e-14
2863	3.99238e-14
2864	5.61958e-14
2865	7.93889e-14
2866	1.12428e-13
2867	1.59841e-13
2868	2.28171e-13
2869	3.27085e-13
2870	4.71094e-13
2871	6.82066e-13
2872	9.92555e-13
2873	1.45155e-12
2874	2.13382e-12
2875	3.15487e-12
2876	4.69419e-12
2877	7.02863e-12
2878	1.059e-11
2879	1.60612e-11
2880	2.45287e-11
2881	3.76849e-11
2882	5.83499e-11
2883	9.10968e-11
2884	1.43481e-10
2885	2.28126e-10
2886	3.66647e-10
2887	5.95737e-10
2888	9.79461e-10
2889	1.63118e-09
2890	2.75505e-09
2891	4.72618e-09
2892	8.24923e-09
2893	1.46824e-08
2894	2.67229e-08
2895	4.99227e-08
2896	9.61665e-08
2897	1.92683e-07
2898	4.07235e-07
2899	9.37176e-07
2900	2.79061e-06
2901	2.87971e-06
2902	2.97194e-06
2903	3.06741e-06
2904	3.16624e-06
2905	3.26857e-06
2906	3.37218e-06
2907	3.4794e-06
2908	3.59038e-06
2909	3.70527e-06
2910	3.8242e-06
2911	3.94457e-06
2912	4.06913e-06
2913	4.19804e-06
2914	4.33147e-06
2915	4.46958e-06
2916	4.61586e-06
2917	4.76742e-06
2918	4.92449e-06
2919	5.08729e-06
2920	5.25604e-06
2921	5.43099e-06
2922	5.61239e-06
2923	5.8005e-06
2924	5.99561e-06
2925	6.19799e-06
2926	6.40795e-06
2927	6.62581e-06
2928	6.8519e-06
2929	7.08655e-06
2930	7.33015e-06
2931	7.57754e-06
2932	7.83426e-06
2933	8.10067e-06
2934	8.3772e-06
2935	8.66426e-06
2936	8.9689e-06
2937	9.28549e-06
2938	9.61455e-06
2939	9.95663e-06
2940	1.03123e-05
2941	1.06743e-05
2942	1.10505e-05
2943	1.14416e-05
2944	1.18483e-05
2945	1.22757e-05
2946	1.273e-05
2947	1.3208e-05
2948	1.37061e-05
2949	1.42252e-05
2950	1.47663e-05
2951	1.53306e-05
2952	1.59189e-05
2953	1.65327e-05
2954	1.7173e-05
2955	1.78411e-05
2956	1.85246e-05
2957	1.92376e-05
2958	1.99815e-05
2959	2.0758e-05
2960	2.15687e-05
2961	2.24321e-05
2962	2.33347e-05
2963	2.42782e-05
2964	2.52649e-05
2965	2.62969e-05
2966	2.73559e-05
2967	2.84634e-05
2968	2.96219e-05
2969	3.08341e-05
2970	3.21029e-05
2971	3.3457e-05
2972	3.48761e-05
2973	3.63639e-05
2974	3.7924e-05
2975	3.95606e-05
2976	4.12461e-05
2977	4.30142e-05
2978	4.48694e-05
2979	4.68167e-05
2980	4.88615e-05
2981	5.10489e-05
2982	5.33492e-05
2983	5.5769e-05
2984	5.83155e-05
2985	6.09965e-05
2986	6.37707e-05
2987	6.66918e-05
2988	6.97691e-05
2989	7.30125e-05
2990	7.64327e-05
2991	8.01039e-05
2992	8.3982e-05
2993	8.80809e-05
2994	9.24158e-05
2995	9.70032e-05
2996	0.000101861
2997	0.000107009
2998	0.00011247
2999	0.000118267
3000	0.000124427
3001	0.00012441
3002	0.000124392
3003	0.000124374
3004	0.000124356
3005	0.000124338
3006	0.000124419
3007	0.0001245
3008	0.000124581
3009	0.000124662
3010	0.000124744
3011	0.000124825
3012	0.000124907
3013	0.000124989
3014	0.00012507
3015	0.000125152
3016	0.000125134
3017	0.000125115
3018	0.000125096
3019	0.000125078
3020	0.000125058
3021	0.000125039
3022	0.00012502
3023	0.000125
3024	0.000124981
3025	0.000124961
3026	0.000125043
3027	0.000125125
3028	0.000125208
3029	0.00012529
3030	0.000125373
3031	0.000125354
3032	0.000125334
3033	0.000125313
3034	0.000125293
3035	0.000125273
3036	0.000125149
3037	0.000125024
3038	0.000124899
3039	0.000124774
3040	0.0001247
3041	0.00012494
3042	0.000125232
3043	0.000125525
3044	0.00012582
3045	0.000126115
3046	0.000126305
3047	0.000126497
3048	0.000126689
3049	0.000126881
3050	0.000127074
3051	0.000127162
3052	0.000127249
3053	0.000127338
3054	0.000127426
3055	0.000127515
3056	0.000127604
3057	0.000127693
3058	0.000127783
3059	0.000127873
3060	0.000127964
3061	0.000127839
3062	0.000127714
3063	0.000127589
3064	0.000127463
3065	0.000127392
3066	0.000127429
3067	0.000127521
3068	0.000127613
3069	0.000127705
3070	0.000127798
3071	0.000128001
3072	0.000128205
3073	0.000128409
3074	0.000128615
3075	0.000128821
3076	0.000128808
3077	0.000128795
3078	0.000128783
3079	0.000128771
3080	0.000128759
3081	0.000128747
3082	0.000128736
3083	0.000128726
3084	0.000128716
3085	0.000128706
3086	0.000128697
3087	0.000128689
3088	0.000128681
3089	0.000128674
3090	0.000128668
3091	0.000128663
3092	0.000128659
3093	0.000128655
3094	0.000128653
3095	0.000128652
3096	0.000128652
3097	0.000128654
3098	0.000128658
3099	0.000128663
3100	0.00012867
3101	0.000126656
3102	0.000126283
3103	0.00012638
3104	0.000126735
3105	0.000127261
3106	0.0001278
3107	0.000128439
3108	0.00012916
3109	0.000129952
3110	0.000130807
3111	0.000131598
3112	0.000132438
3113	0.000133324
3114	0.000134252
3115	0.000135282
3116	0.000136477
3117	0.000137776
3118	0.000139116
3119	0.000140495
3120	0.000141914
3121	0.000143372
3122	0.000144869
3123	0.000146405
3124	0.000147979
3125	0.000149591
3126	0.000151243
3127	0.000152933
3128	0.000154663
3129	0.000156432
3130	0.000158241
3131	0.000160091
3132	0.000161981
3133	0.000163912
3134	0.000165886
3135	0.000167902
3136	0.000169802
3137	0.000171742
3138	0.000173723
3139	0.000175744
3140	0.000177807
3141	0.000180082
3142	0.000182405
3143	0.000184776
3144	0.000187197
3145	0.000189669
3146	0.00019201
3147	0.000194399
3148	0.000196836
3149	0.000199323
3150	0.00020186
3151	0.000204645
3152	0.000207489
3153	0.000210392
3154	0.000213357
3155	0.000216384
3156	0.000219475
3157	0.000222633
3158	0.000225857
3159	0.000229151
3160	0.000232515
3161	0.00023618
3162	0.000239926
3163	0.000243756
3164	0.000247671
3165	0.000251675
3166	0.000255275
3167	0.000258952
3168	0.000262707
3169	0.000266543
3170	0.000270594
3171	0.000275002
3172	0.000279648
3173	0.000284402
3174	0.000289268
3175	0.000294248
3176	0.000298762
3177	0.000303377
3178	0.000308096
3179	0.000312922
3180	0.000317857
3181	0.000323224
3182	0.000328719
3183	0.000334346
3184	0.000340108
3185	0.000346009
3186	0.000352404
3187	0.00035896
3188	0.000365682
3189	0.000372576
3190	0.000379648
3191	0.000386519
3192	0.000393565
3193	0.000400791
3194	0.000408203
3195	0.000415807
3196	0.000423188
3197	0.000430757
3198	0.000438521
3199	0.000446487
3200	0.000454889
3201	0.000451392
3202	0.000448159
3203	0.00044496
3204	0.000441794
3205	0.000438662
3206	0.000435125
3207	0.000431627
3208	0.000428166
3209	0.000424742
3210	0.000421354
3211	0.00041758
3212	0.000413847
3213	0.000410155
3214	0.000406502
3215	0.000402889
3216	0.000399722
3217	0.000396588
3218	0.000393487
3219	0.000390416
3220	0.000387377
3221	0.000384369
3222	0.00038139
3223	0.000378442
3224	0.000375523
3225	0.000372632
3226	0.000370152
3227	0.000367695
3228	0.000365261
3229	0.000362849
3230	0.000360459
3231	0.000357721
3232	0.00035501
3233	0.000352325
3234	0.000349666
3235	0.000347032
3236	0.000344423
3237	0.000341838
3238	0.000339278
3239	0.000336742
3240	0.000334229
3241	0.00033174
3242	0.000329274
3243	0.000326831
3244	0.00032441
3245	0.000322011
3246	0.00031997
3247	0.000317946
3248	0.000315939
3249	0.000313949
3250	0.000311976
3251	0.00030937
3252	0.000306789
3253	0.000304232
3254	0.000301699
3255	0.000299189
3256	0.000297018
3257	0.000294866
3258	0.000292732
3259	0.000290618
3260	0.000288522
3261	0.000286444
3262	0.000284385
3263	0.000282343
3264	0.000280319
3265	0.000278313
3266	0.000276324
3267	0.000274352
3268	0.000272397
3269	0.000270458
3270	0.000268537
3271	0.000266631
3272	0.000264742
3273	0.000262869
3274	0.000261011
3275	0.000259169
3276	0.000257343
3277	0.000255532
3278	0.000253736
3279	0.000251955
3280	0.000250189
3281	0.000248438
3282	0.000246701
3283	0.000244979
3284	0.00024327
3285	0.000241576
3286	0.000240158
3287	0.000238751
3288	0.000237355
3289	0.000235968
3290	0.000234465
3291	0.000232463
3292	0.000230352
3293	0.000228259
3294	0.000226186
3295	0.000224255
3296	0.000222589
3297	0.00022106
3298	0.000219543
3299	0.000218038
3300	0.000216545
3301	0.000220423
3302	0.000224385
3303	0.000228432
3304	0.000232568
3305	0.000236795
3306	0.000240576
3307	0.000244432
3308	0.000248367
3309	0.000252381
3310	0.000256477
3311	0.000260952
3312	0.000265524
3313	0.000270196
3314	0.00027497
3315	0.000279849
3316	0.000284188
3317	0.000288614
3318	0.000293128
3319	0.000297733
3320	0.000302606
3321	0.000308295
3322	0.000314298
3323	0.000320445
3324	0.000326741
3325	0.00033319
3326	0.00033901
3327	0.000344961
3328	0.000351046
3329	0.000357271
3330	0.000363638
3331	0.000370585
3332	0.000377702
3333	0.000384993
3334	0.000392463
3335	0.000400119
3336	0.000407966
3337	0.000416011
3338	0.000424259
3339	0.000432717
3340	0.000441393
3341	0.000450293
3342	0.000459425
3343	0.000468796
3344	0.000478416
3345	0.000488291
3346	0.000497838
3347	0.000507633
3348	0.000517685
3349	0.000528003
3350	0.000538595
3351	0.000550136
3352	0.000562003
3353	0.000574207
3354	0.000586761
3355	0.000599678
3356	0.000612973
3357	0.000626659
3358	0.000640753
3359	0.000655271
3360	0.000670228
3361	0.000685644
3362	0.000701537
3363	0.000717927
3364	0.000734834
3365	0.000752282
3366	0.000770292
3367	0.000788891
3368	0.000808104
3369	0.000827958
3370	0.000848483
3371	0.000869711
3372	0.000891674
3373	0.000914407
3374	0.000937948
3375	0.000962337
3376	0.000987617
3377	0.00101383
3378	0.00104103
3379	0.00106927
3380	0.0010986
3381	0.00113049
3382	0.00116368
3383	0.00119825
3384	0.00123428
3385	0.00127184
3386	0.00130941
3387	0.00134861
3388	0.00138956
3389	0.00143236
3390	0.00147714
3391	0.00152404
3392	0.00157321
3393	0.00162481
3394	0.00167903
3395	0.00173606
3396	0.00179387
3397	0.0018548
3398	0.00191913
3399	0.00198717
3400	0.00206058
3401	0.00208101
3402	0.00210307
3403	0.00212543
3404	0.00214811
3405	0.00216973
3406	0.00218606
3407	0.00220118
3408	0.00221648
3409	0.00223196
3410	0.00224907
3411	0.00226933
3412	0.00229133
3413	0.00231365
3414	0.00233629
3415	0.00235925
3416	0.00237946
3417	0.00239995
3418	0.00242072
3419	0.00244177
3420	0.00246312
3421	0.00248477
3422	0.00250672
3423	0.00252899
3424	0.00255158
3425	0.00257449
3426	0.00259773
3427	0.00262131
3428	0.00264525
3429	0.00266954
3430	0.00269419
3431	0.0027228
3432	0.00275187
3433	0.0027814
3434	0.00281142
3435	0.00284193
3436	0.00286916
3437	0.00289683
3438	0.00292494
3439	0.00295351
3440	0.00298254
3441	0.00301205
3442	0.00304206
3443	0.00307257
3444	0.0031036
3445	0.00313516
3446	0.00316727
3447	0.00319994
3448	0.00323319
3449	0.00326703
3450	0.00330149
3451	0.00334106
3452	0.00338138
3453	0.00342249
3454	0.00346439
3455	0.00350713
3456	0.00354595
3457	0.00358553
3458	0.0036259
3459	0.00366707
3460	0.00370909
3461	0.00375705
3462	0.00380603
3463	0.00385608
3464	0.00390723
3465	0.00395953
3466	0.00400758
3467	0.00405671
3468	0.00410695
3469	0.00415837
3470	0.00421099
3471	0.00426487
3472	0.00432006
3473	0.00437662
3474	0.0044346
3475	0.00449408
3476	0.00455511
3477	0.00461777
3478	0.00468214
3479	0.0047483
3480	0.00481635
3481	0.00489312
3482	0.0049722
3483	0.00505372
3484	0.0051378
3485	0.0052246
3486	0.00530696
3487	0.00539212
3488	0.00548029
3489	0.00557166
3490	0.00566647
3491	0.005765
3492	0.00586753
3493	0.00597442
3494	0.00608607
3495	0.00620296
3496	0.00632563
3497	0.00645478
3498	0.00659123
3499	0.00673606
3500	0.00689066
3501	0.00689795
3502	0.00690528
3503	0.00691263
3504	0.00692
3505	0.00692741
3506	0.00692507
3507	0.00692275
3508	0.00692043
3509	0.00691811
3510	0.00691581
3511	0.00691352
3512	0.00691123
3513	0.00690895
3514	0.00690669
3515	0.00690443
3516	0.00690218
3517	0.00689994
3518	0.00689771
3519	0.00689549
3520	0.00689328
3521	0.00690102
3522	0.00690878
3523	0.00691658
3524	0.00692442
3525	0.00693229
3526	0.00693021
3527	0.00692815
3528	0.00692609
3529	0.00692406
3530	0.00692203
3531	0.00693007
3532	0.00693814
3533	0.00694625
3534	0.00695441
3535	0.0069626
3536	0.00696073
3537	0.00695888
3538	0.00695705
3539	0.00695524
3540	0.00695345
3541	0.00696184
3542	0.00697027
3543	0.00697876
3544	0.00698729
3545	0.00699586
3546	0.00699426
3547	0.00699269
3548	0.00699114
3549	0.00698962
3550	0.00698812
3551	0.00698665
3552	0.00698521
3553	0.0069838
3554	0.00698242
3555	0.00698107
3556	0.00697975
3557	0.00697847
3558	0.00697722
3559	0.006976
3560	0.00697483
3561	0.00698411
3562	0.00699347
3563	0.00700289
3564	0.00701238
3565	0.00702195
3566	0.0070211
3567	0.00702029
3568	0.00701954
3569	0.00701883
3570	0.00701818
3571	0.00701759
3572	0.00701706
3573	0.00701658
3574	0.00701617
3575	0.00701582
3576	0.00701555
3577	0.00701534
3578	0.00701521
3579	0.00701516
3580	0.00701519
3581	0.00702604
3582	0.00703701
3583	0.00704811
3584	0.00705934
3585	0.00707072
3586	0.00707143
3587	0.00707227
3588	0.00707322
3589	0.00707432
3590	0.00707555
3591	0.00707694
3592	0.0070785
3593	0.00708022
3594	0.00708214
3595	0.00708425
3596	0.00709759
3597	0.0071112
3598	0.00712512
3599	0.00713936
3600	0.00715395
3601	0.00714805
3602	0.00714214
3603	0.00713623
3604	0.00713031
3605	0.00712439
3606	0.00711847
3607	0.00711254
3608	0.00710661
3609	0.00710068
3610	0.00709474
3611	0.00709998
3612	0.00710524
3613	0.0071105
3614	0.00711578
3615	0.00712108
3616	0.00711516
3617	0.00710925
3618	0.00710332
3619	0.0070974
3620	0.00709147
3621	0.00709681
3622	0.00710216
3623	0.00710752
3624	0.0071129
3625	0.0071183
3626	0.0071124
3627	0.0071065
3628	0.00710059
3629	0.00709469
3630	0.00708878
3631	0.00709423
3632	0.00709968
3633	0.00710516
3634	0.00711065
3635	0.00711616
3636	0.00711028
3637	0.00710441
3638	0.00709854
3639	0.00709266
3640	0.00708679
3641	0.00709235
3642	0.00709793
3643	0.00710353
3644	0.00710915
3645	0.00711479
3646	0.00710896
3647	0.00710313
3648	0.0070973
3649	0.00709147
3650	0.00708564
3651	0.00707982
3652	0.00707399
3653	0.00706817
3654	0.00706235
3655	0.00705653
3656	0.00706229
3657	0.00706807
3658	0.00707387
3659	0.0070797
3660	0.00708555
3661	0.00709142
3662	0.00709731
3663	0.00710323
3664	0.00710918
3665	0.00711514
3666	0.00709779
3667	0.00708042
3668	0.00706303
3669	0.00704564
3670	0.00703408
3671	0.00703425
3672	0.0070403
3673	0.00704638
3674	0.00705249
3675	0.00705863
3676	0.00705303
3677	0.00704743
3678	0.00704185
3679	0.00703628
3680	0.00703072
3681	0.00702517
3682	0.00701964
3683	0.00701412
3684	0.00700862
3685	0.00700313
3686	0.00700955
3687	0.007016
3688	0.00702249
3689	0.00702903
3690	0.00703561
3691	0.00703029
3692	0.00702501
3693	0.00701975
3694	0.00701452
3695	0.00700931
3696	0.00700414
3697	0.006999
3698	0.0069939
3699	0.00698884
3700	0.00698381
3701	0.00699029
3702	0.0069968
3703	0.00700333
3704	0.00700988
3705	0.00701646
3706	0.00701095
3707	0.00700544
3708	0.00699994
3709	0.00699443
3710	0.00698893
3711	0.0069956
3712	0.00700229
3713	0.007009
3714	0.00701574
3715	0.0070225
3716	0.00701707
3717	0.00701164
3718	0.0070062
3719	0.00700077
3720	0.00699534
3721	0.0070022
3722	0.00700908
3723	0.00701599
3724	0.00702293
3725	0.00702989
3726	0.00702453
3727	0.00701917
3728	0.00701382
3729	0.00700847
3730	0.00700312
3731	0.00701017
3732	0.00701726
3733	0.00702437
3734	0.00703151
3735	0.00703868
3736	0.00702094
3737	0.00700317
3738	0.00698537
3739	0.00696756
3740	0.00695598
3741	0.00695693
3742	0.00696416
3743	0.00697143
3744	0.00697872
3745	0.00698604
3746	0.00698079
3747	0.00697555
3748	0.0069703
3749	0.00696506
3750	0.00695982
3751	0.00696726
3752	0.00697472
3753	0.00698221
3754	0.00698974
3755	0.00699729
3756	0.00699215
3757	0.006987
3758	0.00698186
3759	0.00697672
3760	0.00697159
3761	0.00697926
3762	0.00698697
3763	0.00699471
3764	0.00700248
3765	0.00701029
3766	0.00701813
3767	0.00702601
3768	0.00703392
3769	0.00704186
3770	0.00704984
3771	0.0070449
3772	0.00703997
3773	0.00703504
3774	0.00703012
3775	0.00702521
3776	0.0070203
3777	0.0070154
3778	0.00701051
3779	0.00700562
3780	0.00700074
3781	0.00700897
3782	0.00701723
3783	0.00702553
3784	0.00703388
3785	0.00704226
3786	0.0070375
3787	0.00703275
3788	0.00702801
3789	0.00702328
3790	0.00701855
3791	0.0070271
3792	0.00703568
3793	0.00704431
3794	0.00705298
3795	0.0070617
3796	0.00705711
3797	0.00705254
3798	0.00704798
3799	0.00704343
3800	0.00703889
3801	0.00698182
3802	0.00693767
3803	0.00690097
3804	0.00686929
3805	0.00684128
3806	0.00680314
3807	0.00676737
3808	0.00673358
3809	0.00670146
3810	0.00667079
3811	0.00665419
3812	0.00663865
3813	0.00662406
3814	0.00661034
3815	0.00659739
3816	0.00657249
3817	0.0065483
3818	0.00652476
3819	0.00650182
3820	0.00647945
3821	0.00647017
3822	0.00646135
3823	0.00645297
3824	0.006445
3825	0.00643743
3826	0.00643023
3827	0.00642339
3828	0.00641689
3829	0.00641072
3830	0.00640487
3831	0.0063869
3832	0.00636924
3833	0.00635188
3834	0.00633482
3835	0.00631804
3836	0.00631391
3837	0.00631004
3838	0.00630641
3839	0.00630302
3840	0.00629986
3841	0.00628459
3842	0.00626955
3843	0.00625474
3844	0.00624015
3845	0.00622579
3846	0.00622397
3847	0.00622235
3848	0.00622094
3849	0.00621973
3850	0.00621872
3851	0.0062056
3852	0.00619268
3853	0.00617995
3854	0.00616742
3855	0.00615508
3856	0.0061491
3857	0.0061433
3858	0.00613154
3859	0.00612613
3860	0.0061209
3861	0.00611587
3862	0.00611719
3863	0.00611255
3864	0.00611426
3865	0.00611001
3866	0.00609978
3867	0.00609592
3868	0.00608608
3869	0.00608262
3870	0.00607318
3871	0.00607631
3872	0.00607966
3873	0.00608322
3874	0.00608701
3875	0.00609104
3876	0.0060829
3877	0.00608118
3878	0.0060735
3879	0.00607227
3880	0.00606507
3881	0.00606434
3882	0.00606388
3883	0.00606369
3884	0.00606379
3885	0.00606419
3886	0.00607116
3887	0.00607846
3888	0.00609239
3889	0.00610043
3890	0.00610885
3891	0.00610509
3892	0.00610172
3893	0.00610509
3894	0.0061026
3895	0.00610058
3896	0.00611179
3897	0.00611724
3898	0.00612968
3899	0.00613645
3900	0.00615038
3901	0.00616242
3902	0.00617455
3903	0.0061803
3904	0.00619256
3905	0.0062049
3906	0.00621084
3907	0.00621033
3908	0.00621636
3909	0.00621592
3910	0.00622205
3911	0.00623479
3912	0.00624105
3913	0.00625395
3914	0.00626034
3915	0.0062734
3916	0.00627332
3917	0.00627327
3918	0.00627991
3919	0.00627995
3920	0.00628004
3921	0.00629354
3922	0.00630714
3923	0.00631412
3924	0.00632791
3925	0.00634181
3926	0.00634229
3927	0.00634959
3928	0.00635019
3929	0.00635764
3930	0.00635835
3931	0.00637279
3932	0.0063805
3933	0.00639517
3934	0.00640307
3935	0.00641797
3936	0.00642608
3937	0.00642736
3938	0.00643565
3939	0.00643708
3940	0.00644556
3941	0.00645415
3942	0.00646987
3943	0.0064787
3944	0.0064947
3945	0.00650378
3946	0.0065059
3947	0.00650811
3948	0.00651754
3949	0.00651996
3950	0.00652247
3951	0.00653227
3952	0.00654941
3953	0.00655952
3954	0.00657701
3955	0.00658745
3956	0.00659805
3957	0.00660882
3958	0.00661245
3959	0.00662355
3960	0.00663483
3961	0.00665369
3962	0.00667278
3963	0.0066847
3964	0.00670427
3965	0.00672411
3966	0.00672925
3967	0.0067421
3968	0.00674766
3969	0.00676098
3970	0.006767
3971	0.00678845
3972	0.00680262
3973	0.00682474
3974	0.00683956
3975	0.00686241
3976	0.00687795
3977	0.00688609
3978	0.00690236
3979	0.00691123
3980	0.00692831
3981	0.00694586
3982	0.00696389
3983	0.00699036
3984	0.0070095
3985	0.00702923
3986	0.00705761
3987	0.00707869
3988	0.0071086
3989	0.00713126
3990	0.00716295
3991	0.00717929
3992	0.00720485
3993	0.00722331
3994	0.00725133
3995	0.00727248
3996	0.00731207
3997	0.00734528
3998	0.00738937
3999	0.0074279
4000	0.00747869
