       280	1.2035e-21	
       281	2.80751e-21	
       282	6.01017e-21	
       283	9.07737e-21	
       284	1.03009e-20	
       285	8.20116e-21	
       286	1.29181e-20	
       287	2.26729e-20	
       288	2.54285e-20	
       289	3.80888e-20	
       290	6.40986e-20	
       291	8.52007e-20	
       292	9.47682e-20	
       293	1.0801e-19	
       294	1.2766e-19	
       295	1.51601e-19	
       296	1.8747e-19	
       297	1.99576e-19	
       298	2.4057e-19	
       299	2.63254e-19	
       300	2.98125e-19	
       301	7.81191e-18	
       302	2.10845e-16	
       303	6.98504e-15	
       304	1.93313e-13	
       305	5.06169e-12	
       306	1.88786e-11	
       307	7.97575e-11	
       308	3.41709e-10	
       309	1.23702e-09	
       310	4.7952e-09	
       311	1.61562e-08	
       312	4.00131e-08	
       313	1.00373e-07	
       314	2.59433e-07	
       315	6.22066e-07	
       316	8.93884e-07	
       317	1.66836e-06	
       318	2.60577e-06	
       319	3.91524e-06	
       320	6.70225e-06	
       321	9.52051e-06	
       322	1.28766e-05	
       323	1.70939e-05	
       324	2.67809e-05	
       325	4.34901e-05	
       326	6.42454e-05	
       327	8.2597e-05	
       328	9.95212e-05	
       329	0.000131588	
       330	0.000178498	
       331	0.000190021	
       332	0.000216237	
       333	0.000241953	
       334	0.000277925	
       335	0.000331533	
       336	0.000332164	
       337	0.000344499	
       338	0.000421939	
       339	0.000493488	
       340	0.000582515	
       341	0.000610189	
       342	0.000673858	
       343	0.000758439	
       344	0.000709969	
       345	0.000799986	
       346	0.000915364	
       347	0.000996585	
       348	0.00104831	
       349	0.00111401	
       350	0.00132383	
       351	0.00148171	
       352	0.00148103	
       353	0.00161245	
       354	0.00195014	
       355	 0.0021046	
       356	0.00204955	
       357	0.00185567	
       358	0.00179017	
       359	0.00209995	
       360	0.00272677	
       361	0.00261641	
       362	0.00281313	
       363	 0.0032473	
       364	 0.0034472	
       365	0.00383714	
       366	0.00460315	
       367	 0.0048347	
       368	0.00476943	
       369	0.00514941	
       370	0.00567683	
       371	0.00564735	
       372	0.00574473	
       373	   0.00541	
       374	0.00516546	
       375	0.00579443	
       376	 0.0067626	
       377	0.00763964	
       378	0.00925281	
       379	0.00869247	
       380	0.00853144	
       381	0.00935286	
       382	0.00776744	
       383	0.00633781	
       384	0.00735463	
       385	  0.009604	
       386	0.00970045	
       387	 0.0103374	
       388	 0.0105329	
       389	 0.0118433	
       390	  0.014039	
       391	 0.0155242	
       392	 0.0148922	
       393	0.00991126	
       394	 0.0105446	
       395	 0.0167812	
       396	 0.0160047	
       397	 0.0115141	
       398	 0.0195623	
       399	 0.0256552	
       400	 0.0279484	
       401	 0.0299331	
       402	 0.0317668	
       403	 0.0320975	
       404	 0.0332284	
       405	 0.0336987	
       406	 0.0338698	
       407	 0.0344195	
       408	 0.0368738	
       409	  0.039353	
       410	 0.0367822	
       411	 0.0406497	
       412	 0.0440649	
       413	   0.04413	
       414	 0.0448247	
       415	 0.0474495	
       416	 0.0499324	
       417	 0.0502279	
       418	 0.0499683	
       419	 0.0518924	
       420	 0.0509268	
       421	 0.0566514	
       422	 0.0580986	
       423	 0.0580094	
       424	 0.0592774	
       425	 0.0618819	
       426	 0.0618357	
       427	 0.0615387	
       428	  0.062506	
       429	  0.058801	
       430	 0.0497176	
       431	 0.0496687	
       432	 0.0724563	
       433	 0.0731946	
       434	 0.0707455	
       435	 0.0777109	
       436	 0.0861661	
       437	 0.0887685	
       438	 0.0818724	
       439	 0.0814359	
       440	 0.0914769	
       441	 0.0945355	
       442	  0.101308	
       443	  0.105048	
       444	  0.105488	
       445	   0.10912	
       446	  0.104485	
       447	  0.115301	
       448	  0.120118	
       449	  0.122687	
       450	  0.128783	
       451	  0.134406	
       452	   0.13185	
       453	  0.126739	
       454	  0.134098	
       455	  0.137136	
       456	   0.14273	
       457	   0.14642	
       458	    0.1463	
       459	    0.1472	
       460	  0.149548	
       461	   0.15555	
       462	  0.159853	
       463	  0.162076	
       464	  0.160723	
       465	  0.160669	
       466	  0.164337	
       467	  0.162534	
       468	  0.169276	
       469	  0.172509	
       470	  0.170324	
       471	  0.175083	
       472	  0.183847	
       473	  0.182437	
       474	  0.186348	
       475	  0.193352	
       476	  0.192168	
       477	  0.196185	
       478	  0.202934	
       479	  0.203114	
       480	  0.207374	
       481	  0.209585	
       482	  0.211659	
       483	  0.211379	
       484	   0.21024	
       485	  0.206346	
       486	  0.180439	
       487	  0.194967	
       488	  0.210611	
       489	  0.207982	
       490	  0.225298	
       491	  0.222532	
       492	  0.217635	
       493	  0.228323	
       494	  0.229758	
       495	  0.240536	
       496	  0.236164	
       497	  0.238779	
       498	  0.236037	
       499	  0.237365	
       500	   0.23867	
       501	  0.235157	
       502	  0.237729	
       503	   0.24655	
       504	  0.240451	
       505	  0.253597	
       506	  0.264129	
       507	  0.257721	
       508	  0.253835	
       509	  0.262982	
       510	  0.261025	
       511	  0.266172	
       512	  0.272052	
       513	  0.261786	
       514	  0.257628	
       515	  0.265398	
       516	  0.263436	
       517	  0.231896	
       518	  0.250225	
       519	  0.252541	
       520	  0.271244	
       521	  0.277735	
       522	  0.282776	
       523	  0.274362	
       524	  0.289157	
       525	  0.291025	
       526	  0.281096	
       527	  0.259576	
       528	  0.285801	
       529	  0.300679	
       530	  0.296677	
       531	   0.30885	
       532	  0.303881	
       533	  0.282279	
       534	  0.294477	
       535	  0.303388	
       536	  0.310961	
       537	  0.297663	
       538	  0.306032	
       539	  0.302062	
       540	  0.293738	
       541	   0.28876	
       542	  0.307839	
       543	  0.309253	
       544	  0.317741	
       545	  0.314342	
       546	  0.314038	
       547	  0.316876	
       548	  0.313545	
       549	  0.319986	
       550	  0.320018	
       551	  0.321241	
       552	  0.325901	
       553	   0.32061	
       554	  0.325463	
       555	  0.327709	
       556	  0.323627	
       557	  0.317979	
       558	  0.320816	
       559	  0.311155	
       560	  0.315926	
       561	  0.328395	
       562	  0.320837	
       563	  0.328023	
       564	  0.326369	
       565	  0.325356	
       566	  0.315447	
       567	  0.329484	
       568	   0.33064	
       569	  0.326878	
       570	  0.325097	
       571	  0.317971	
       572	  0.331862	
       573	  0.336274	
       574	  0.335276	
       575	  0.330551	
       576	   0.33039	
       577	    0.3355	
       578	  0.329975	
       579	  0.332898	
       580	  0.336093	
       581	  0.338173	
       582	  0.342595	
       583	  0.345664	
       584	  0.345723	
       585	  0.344375	
       586	  0.339714	
       587	  0.346603	
       588	  0.341665	
       589	  0.316396	
       590	  0.329484	
       591	  0.345804	
       592	  0.346545	
       593	  0.347525	
       594	  0.349831	
       595	  0.351419	
       596	  0.356988	
       597	  0.360633	
       598	  0.357278	
       599	  0.357675	
       600	  0.360892	
       601	  0.358757	
       602	  0.358422	
       603	  0.366215	
       604	  0.374433	
       605	  0.376462	
       606	  0.377808	
       607	  0.380664	
       608	  0.382162	
       609	   0.38247	
       610	  0.385357	
       611	   0.38785	
       612	  0.395477	
       613	  0.393408	
       614	  0.388927	
       615	  0.398397	
       616	   0.39408	
       617	  0.394417	
       618	  0.408585	
       619	  0.415967	
       620	  0.420366	
       621	  0.424796	
       622	  0.421442	
       623	  0.423659	
       624	  0.424594	
       625	  0.422288	
       626	  0.426698	
       627	  0.440292	
       628	  0.445836	
       629	  0.449102	
       630	  0.448685	
       631	  0.446815	
       632	  0.438075	
       633	  0.454199	
       634	  0.454292	
       635	  0.457131	
       636	  0.454024	
       637	  0.466701	
       638	  0.473131	
       639	  0.471037	
       640	  0.464921	
       641	  0.466656	
       642	   0.47057	
       643	  0.477442	
       644	  0.477716	
       645	  0.483172	
       646	  0.478924	
       647	  0.484771	
       648	  0.484586	
       649	   0.47519	
       650	  0.474871	
       651	  0.495047	
       652	  0.497129	
       653	  0.501168	
       654	  0.497721	
       655	  0.477896	
       656	  0.432971	
       657	  0.448981	
       658	  0.493604	
       659	   0.50449	
       660	  0.513436	
       661	  0.520398	
       662	  0.524081	
       663	  0.524835	
       664	  0.526409	
       665	  0.534364	
       666	  0.535523	
       667	    0.5332	
       668	  0.524589	
       669	  0.521619	
       670	  0.510225	
       671	  0.504542	
       672	  0.497274	
       673	  0.496346	
       674	  0.492162	
       675	  0.488721	
       676	  0.491223	
       677	  0.486641	
       678	  0.486692	
       679	  0.481649	
       680	  0.480374	
       681	  0.480019	
       682	  0.479363	
       683	  0.476383	
       684	  0.473485	
       685	  0.471464	
       686	  0.463473	
       687	  0.472037	
       688	  0.476233	
       689	  0.476858	
       690	  0.476724	
       691	  0.478178	
       692	  0.478023	
       693	  0.484519	
       694	  0.489066	
       695	  0.489066	
       696	  0.493378	
       697	  0.497817	
       698	   0.49846	
       699	  0.505371	
       700	  0.508483	
       701	  0.510854	
       702	  0.514315	
       703	  0.523583	
       704	  0.534231	
       705	   0.54401	
       706	  0.546231	
       707	   0.55106	
       708	  0.560008	
       709	  0.569741	
       710	  0.595017	
       711	  0.544759	
       712	  0.514287	
       713	  0.493154	
       714	    0.4794	
       715	  0.460485	
       716	  0.453319	
       717	  0.443872	
       718	  0.430144	
       719	  0.414353	
       720	  0.420802	
       721	  0.420248	
       722	  0.419392	
       723	  0.415166	
       724	  0.414108	
       725	  0.414999	
       726	   0.41947	
       727	  0.426548	
       728	  0.431936	
       729	  0.427715	
       730	  0.447442	
       731	  0.452228	
       732	  0.464867	
       733	  0.472042	
       734	  0.489978	
       735	  0.499854	
       736	  0.507039	
       737	   0.52057	
       738	  0.532931	
       739	   0.54222	
       740	  0.577814	
       741	  0.577875	
       742	  0.578543	
       743	  0.591904	
       744	  0.599683	
       745	  0.600063	
       746	  0.602869	
       747	  0.605819	
       748	  0.605996	
       749	  0.608762	
       750	  0.609474	
       751	  0.613725	
       752	  0.619692	
       753	  0.625168	
       754	  0.630718	
       755	  0.631967	
       756	  0.626395	
       757	  0.627627	
       758	   0.63187	
       759	  0.627258	
       760	  0.630762	
       761	  0.629246	
       762	  0.630232	
       763	  0.581247	
       764	   0.54529	
       765	  0.514369	
       766	  0.479453	
       767	  0.464617	
       768	  0.466301	
       769	  0.469352	
       770	  0.476583	
       771	  0.485245	
       772	  0.494446	
       773	  0.504284	
       774	  0.514894	
       775	  0.526467	
       776	  0.538736	
       777	  0.549849	
       778	  0.566949	
       779	  0.591482	
       780	   0.63172	
       781	  0.629622	
       782	  0.631989	
       783	  0.627397	
       784	  0.623008	
       785	  0.626005	
       786	  0.626473	
       787	  0.625707	
       788	  0.621719	
       789	  0.620416	
       790	  0.615869	
       791	  0.610701	
       792	  0.605562	
       793	   0.60045	
       794	  0.596017	
       795	  0.596214	
       796	  0.601701	
       797	  0.609847	
       798	  0.606802	
       799	  0.601128	
       800	   0.59414	
       801	  0.576546	
       802	  0.560974	
       803	  0.542061	
       804	  0.532397	
       805	  0.515254	
       806	  0.515322	
       807	  0.506274	
       808	  0.497847	
       809	  0.485538	
       810	  0.481923	
       811	  0.477523	
       812	  0.475521	
       813	  0.471084	
       814	   0.46583	
       815	  0.458218	
       816	  0.453406	
       817	  0.447354	
       818	  0.435552	
       819	  0.424097	
       820	  0.419322	
       821	   0.41714	
       822	  0.408832	
       823	  0.409299	
       824	  0.407787	
       825	  0.418251	
       826	  0.432553	
       827	  0.444934	
       828	  0.454841	
       829	    0.4661	
       830	  0.482633	
       831	  0.502818	
       832	  0.515128	
       833	  0.510033	
       834	  0.520496	
       835	   0.52755	
       836	  0.536199	
       837	  0.538856	
       838	  0.543807	
       839	  0.547288	
       840	   0.55803	
       841	  0.559474	
       842	  0.553579	
       843	  0.553045	
       844	  0.549158	
       845	  0.562226	
       846	  0.564541	
       847	  0.554607	
       848	  0.554936	
       849	  0.550492	
       850	  0.517519	
       851	  0.549197	
       852	  0.554052	
       853	  0.544643	
       854	  0.503518	
       855	  0.527651	
       856	  0.563516	
       857	   0.58051	
       858	  0.586461	
       859	  0.591355	
       860	  0.595914	
       861	   0.59602	
       862	  0.601351	
       863	  0.601168	
       864	  0.591509	
       865	  0.574664	
       866	  0.526915	
       867	  0.552046	
       868	  0.576544	
       869	  0.577174	
       870	  0.583957	
       871	  0.580468	
       872	  0.585011	
       873	  0.580687	
       874	  0.571761	
       875	  0.567045	
       876	  0.578528	
       877	  0.582103	
       878	  0.580251	
       879	   0.57348	
       880	  0.571913	
       881	  0.499878	
       882	  0.479791	
       883	  0.459212	
       884	  0.444506	
       885	  0.432384	
       886	  0.410349	
       887	  0.397482	
       888	  0.392873	
       889	   0.38504	
       890	  0.375535	
       891	  0.365976	
       892	  0.355652	
       893	  0.344204	
       894	  0.338494	
       895	  0.333231	
       896	  0.328992	
       897	  0.321502	
       898	  0.314418	
       899	  0.306448	
       900	  0.300308	
       901	  0.290718	
       902	  0.282256	
       903	  0.287621	
       904	  0.284652	
       905	  0.279318	
       906	   0.28063	
       907	   0.28486	
       908	   0.28485	
       909	  0.284717	
       910	  0.290101	
       911	  0.294518	
       912	  0.297225	
       913	  0.303429	
       914	  0.307116	
       915	   0.30905	
       916	  0.310469	
       917	  0.309454	
       918	  0.309394	
       919	  0.310377	
       920	   0.30835	
       921	  0.304095	
       922	  0.300574	
       923	  0.294289	
       924	  0.303221	
       925	  0.305376	
       926	  0.233659	
       927	  0.196061	
       928	  0.165021	
       929	  0.141344	
       930	  0.122806	
       931	  0.109177	
       932	  0.097242	
       933	 0.0877308	
       934	 0.0790193	
       935	 0.0709636	
       936	 0.0643331	
       937	 0.0589087	
       938	 0.0604373	
       939	 0.0615281	
       940	 0.0618389	
       941	 0.0623407	
       942	 0.0624519	
       943	 0.0652863	
       944	 0.0659794	
       945	 0.0676577	
       946	 0.0696638	
       947	 0.0711813	
       948	 0.0730209	
       949	 0.0777037	
       950	 0.0822934	
       951	 0.0869934	
       952	 0.0930571	
       953	 0.0992143	
       954	  0.104767	
       955	  0.108544	
       956	  0.120001	
       957	  0.131038	
       958	  0.143079	
       959	  0.156469	
       960	  0.169998	
       961	  0.186242	
       962	  0.207142	
       963	  0.231651	
       964	  0.262091	
       965	  0.308116	
       966	  0.310066	
       967	  0.315924	
       968	  0.317826	
       969	  0.322829	
       970	  0.328061	
       971	  0.330484	
       972	  0.336498	
       973	  0.339055	
       974	  0.340262	
       975	  0.346907	
       976	  0.355171	
       977	  0.359005	
       978	  0.366403	
       979	  0.370133	
       980	  0.379519	
       981	  0.384434	
       982	  0.391329	
       983	  0.395075	
       984	  0.398149	
       985	  0.404023	
       986	  0.408325	
       987	  0.414408	
       988	  0.420023	
       989	  0.423894	
       990	  0.432839	
       991	  0.444253	
       992	  0.453351	
       993	  0.466334	
       994	  0.476231	
       995	   0.47476	
       996	   0.47384	
       997	  0.469758	
       998	  0.469623	
       999	  0.469958	
      1000	  0.471412	
      1001	  0.474138	
      1002	  0.474496	
      1003	  0.470391	
      1004	  0.463328	
      1005	  0.443704	
      1006	   0.45803	
      1007	  0.467918	
      1008	  0.470372	
      1009	  0.469543	
      1010	  0.470573	
      1011	  0.469023	
      1012	  0.468527	
      1013	  0.467063	
      1014	  0.467957	
      1015	  0.463412	
      1016	  0.464147	
      1017	   0.46253	
      1018	  0.465576	
      1019	  0.457754	
      1020	  0.459588	
      1021	  0.461026	
      1022	  0.457628	
      1023	  0.460828	
      1024	  0.463063	
      1025	   0.46317	
      1026	  0.463713	
      1027	  0.463275	
      1028	  0.463944	
      1029	  0.461722	
      1030	  0.463028	
      1031	  0.463287	
      1032	  0.463252	
      1033	  0.458712	
      1034	   0.46114	
      1035	  0.463826	
      1036	  0.464843	
      1037	  0.462579	
      1038	  0.462636	
      1039	  0.466618	
      1040	   0.46726	
      1041	  0.467582	
      1042	  0.467376	
      1043	  0.464749	
      1044	  0.465672	
      1045	  0.462603	
      1046	  0.454578	
      1047	  0.459581	
      1048	  0.463628	
      1049	  0.462462	
      1050	  0.460425	
      1051	  0.460473	
      1052	  0.458605	
      1053	   0.45778	
      1054	  0.457128	
      1055	  0.458567	
      1056	  0.457914	
      1057	  0.456909	
      1058	  0.452236	
      1059	  0.443539	
      1060	    0.4503	
      1061	  0.445881	
      1062	  0.450814	
      1063	  0.447699	
      1064	   0.45167	
      1065	   0.45092	
      1066	  0.444026	
      1067	    0.4452	
      1068	  0.443208	
      1069	  0.426912	
      1070	  0.435629	
      1071	  0.411936	
      1072	  0.399407	
      1073	  0.384405	
      1074	  0.379936	
      1075	  0.368239	
      1076	  0.363747	
      1077	  0.357918	
      1078	  0.351853	
      1079	  0.342161	
      1080	  0.339989	
      1081	  0.329427	
      1082	  0.322667	
      1083	  0.321528	
      1084	  0.320054	
      1085	  0.316238	
      1086	  0.312582	
      1087	  0.301047	
      1088	  0.302486	
      1089	  0.300857	
      1090	  0.296424	
      1091	  0.294058	
      1092	  0.287264	
      1093	  0.280333	
      1094	  0.267838	
      1095	  0.271547	
      1096	  0.271795	
      1097	  0.271145	
      1098	  0.267505	
      1099	  0.264396	
      1100	  0.267969	
      1101	  0.189213	
      1102	  0.144174	
      1103	  0.118227	
      1104	 0.0981864	
      1105	 0.0827471	
      1106	 0.0707022	
      1107	 0.0608813	
      1108	 0.0531474	
      1109	 0.0466726	
      1110	  0.041276	
      1111	 0.0365038	
      1112	 0.0325271	
      1113	 0.0290059	
      1114	 0.0262562	
      1115	 0.0236303	
      1116	 0.0212234	
      1117	 0.0193872	
      1118	 0.0174186	
      1119	 0.0158354	
      1120	 0.0144231	
      1121	 0.0155802	
      1122	 0.0168598	
      1123	 0.0181753	
      1124	 0.0195976	
      1125	  0.021045	
      1126	 0.0223362	
      1127	 0.0244981	
      1128	 0.0269326	
      1129	 0.0293927	
      1130	 0.0319985	
      1131	 0.0319548	
      1132	 0.0318129	
      1133	 0.0313039	
      1134	 0.0310971	
      1135	  0.030926	
      1136	 0.0307296	
      1137	 0.0299718	
      1138	 0.0294381	
      1139	 0.0295863	
      1140	 0.0294993	
      1141	 0.0289034	
      1142	 0.0290831	
      1143	 0.0287564	
      1144	 0.0283878	
      1145	  0.028404	
      1146	 0.0309826	
      1147	 0.0336444	
      1148	  0.036403	
      1149	 0.0395568	
      1150	 0.0431311	
      1151	 0.0472138	
      1152	  0.051776	
      1153	 0.0573271	
      1154	 0.0640151	
      1155	 0.0713893	
      1156	 0.0794483	
      1157	 0.0901685	
      1158	  0.102631	
      1159	  0.116921	
      1160	  0.135267	
      1161	   0.16008	
      1162	  0.167614	
      1163	  0.173544	
      1164	  0.176647	
      1165	   0.18308	
      1166	  0.186064	
      1167	  0.193879	
      1168	  0.201069	
      1169	  0.203668	
      1170	  0.214291	
      1171	  0.217073	
      1172	  0.218509	
      1173	  0.218881	
      1174	  0.220093	
      1175	  0.218434	
      1176	  0.217389	
      1177	  0.222368	
      1178	  0.222688	
      1179	  0.223779	
      1180	  0.227457	
      1181	  0.228224	
      1182	  0.227842	
      1183	  0.221146	
      1184	  0.229337	
      1185	  0.234146	
      1186	  0.236008	
      1187	  0.237618	
      1188	  0.236353	
      1189	    0.2302	
      1190	  0.238939	
      1191	  0.245094	
      1192	  0.246972	
      1193	  0.248714	
      1194	  0.250626	
      1195	  0.251104	
      1196	  0.252985	
      1197	  0.253594	
      1198	  0.250545	
      1199	  0.247067	
      1200	  0.258968	
      1201	  0.261702	
      1202	  0.260907	
      1203	  0.253586	
      1204	  0.253201	
      1205	  0.259184	
      1206	  0.259652	
      1207	  0.260143	
      1208	  0.255095	
      1209	  0.247396	
      1210	  0.256001	
      1211	  0.254231	
      1212	  0.259112	
      1213	  0.261084	
      1214	  0.261052	
      1215	  0.262268	
      1216	  0.262999	
      1217	   0.26358	
      1218	   0.26366	
      1219	  0.263309	
      1220	  0.265126	
      1221	  0.266109	
      1222	  0.266318	
      1223	  0.266023	
      1224	  0.269561	
      1225	  0.270446	
      1226	   0.27155	
      1227	   0.26873	
      1228	  0.272568	
      1229	  0.276177	
      1230	  0.277596	
      1231	  0.278921	
      1232	   0.27921	
      1233	  0.282195	
      1234	  0.284061	
      1235	  0.285882	
      1236	  0.290454	
      1237	  0.294162	
      1238	  0.298028	
      1239	  0.301663	
      1240	  0.313126	
      1241	  0.312027	
      1242	  0.308354	
      1243	  0.303123	
      1244	  0.299556	
      1245	  0.298002	
      1246	  0.297439	
      1247	  0.295499	
      1248	  0.294921	
      1249	  0.292809	
      1250	  0.290293	
      1251	  0.286827	
      1252	  0.283273	
      1253	  0.282361	
      1254	   0.28095	
      1255	  0.278959	
      1256	  0.276786	
      1257	  0.274128	
      1258	  0.273258	
      1259	  0.270907	
      1260	  0.270248	
      1261	  0.268267	
      1262	  0.264682	
      1263	  0.264849	
      1264	  0.261487	
      1265	  0.260589	
      1266	  0.260372	
      1267	  0.256233	
      1268	  0.253667	
      1269	  0.254306	
      1270	  0.254524	
      1271	  0.254825	
      1272	  0.254514	
      1273	  0.254951	
      1274	  0.254864	
      1275	  0.257197	
      1276	  0.259175	
      1277	  0.260627	
      1278	  0.261538	
      1279	  0.261603	
      1280	  0.260957	
      1281	  0.253674	
      1282	  0.236013	
      1283	  0.252221	
      1284	  0.264517	
      1285	  0.269304	
      1286	   0.27252	
      1287	  0.276095	
      1288	  0.278615	
      1289	  0.282626	
      1290	  0.284095	
      1291	  0.273967	
      1292	  0.266754	
      1293	  0.259822	
      1294	  0.251345	
      1295	  0.247398	
      1296	  0.243468	
      1297	  0.237982	
      1298	   0.23271	
      1299	  0.230586	
      1300	  0.226809	
      1301	  0.223036	
      1302	  0.218452	
      1303	  0.214657	
      1304	  0.211544	
      1305	  0.210624	
      1306	   0.20864	
      1307	  0.206443	
      1308	   0.20403	
      1309	  0.201898	
      1310	  0.199249	
      1311	  0.196814	
      1312	  0.193273	
      1313	  0.187929	
      1314	  0.189354	
      1315	  0.184884	
      1316	  0.184042	
      1317	   0.18503	
      1318	  0.182597	
      1319	   0.18327	
      1320	  0.182048	
      1321	  0.124557	
      1322	 0.0946539	
      1323	 0.0753039	
      1324	 0.0615449	
      1325	  0.051147	
      1326	 0.0430027	
      1327	 0.0365361	
      1328	 0.0314855	
      1329	 0.0268386	
      1330	 0.0236394	
      1331	 0.0208832	
      1332	 0.0181987	
      1333	 0.0163592	
      1334	   0.01461	
      1335	 0.0130217	
      1336	   0.01159	
      1337	 0.0104269	
      1338	0.00935654	
      1339	0.00836656	
      1340	0.00756039	
      1341	0.00696773	
      1342	0.00633304	
      1343	0.00577068	
      1344	0.00527092	
      1345	0.00481603	
      1346	0.00438108	
      1347	0.00402979	
      1348	0.00369701	
      1349	0.00338835	
      1350	0.00309061	
      1351	0.00248968	
      1352	0.00203093	
      1353	0.00165613	
      1354	0.00135542	
      1355	0.00110889	
      1356	0.000919972	
      1357	0.000761955	
      1358	0.000645404	
      1359	0.000542603	
      1360	0.000455421	
      1361	0.000389511	
      1362	0.000330521	
      1363	0.000278461	
      1364	0.000240165	
      1365	0.000206079	
      1366	0.000177044	
      1367	0.000151694	
      1368	0.000131763	
      1369	0.000112706	
      1370	9.76452e-05	
      1371	8.50941e-05	
      1372	7.48153e-05	
      1373	6.54444e-05	
      1374	5.71513e-05	
      1375	4.94237e-05	
      1376	4.30906e-05	
      1377	3.81598e-05	
      1378	3.36187e-05	
      1379	2.97962e-05	
      1380	2.61883e-05	
      1381	2.3145e-05	
      1382	2.02956e-05	
      1383	1.8015e-05	
      1384	1.60436e-05	
      1385	1.41646e-05	
      1386	1.26487e-05	
      1387	1.11919e-05	
      1388	1.00127e-05	
      1389	8.94144e-06	
      1390	7.88831e-06	
      1391	7.11434e-06	
      1392	6.37652e-06	
      1393	5.6861e-06	
      1394	5.07492e-06	
      1395	4.55464e-06	
      1396	5.02091e-06	
      1397	5.54902e-06	
      1398	6.15208e-06	
      1399	6.78284e-06	
      1400	7.36351e-06	
      1401	8.16843e-06	
      1402	9.17568e-06	
      1403	1.01543e-05	
      1404	1.13286e-05	
      1405	1.26351e-05	
      1406	1.41761e-05	
      1407	1.58364e-05	
      1408	1.77063e-05	
      1409	1.98943e-05	
      1410	2.22911e-05	
      1411	2.48703e-05	
      1412	2.74716e-05	
      1413	3.12062e-05	
      1414	3.56166e-05	
      1415	4.03165e-05	
      1416	4.55025e-05	
      1417	5.18403e-05	
      1418	5.90024e-05	
      1419	6.6571e-05	
      1420	7.57183e-05	
      1421	8.68328e-05	
      1422	9.79514e-05	
      1423	0.000112009	
      1424	0.000128693	
      1425	0.00014932	
      1426	0.000169083	
      1427	0.000196984	
      1428	0.000229886	
      1429	0.000263521	
      1430	0.000306789	
      1431	0.000360886	
      1432	0.000430802	
      1433	0.000507828	
      1434	0.000592913	
      1435	0.000705713	
      1436	0.000842658	
      1437	0.00101128	
      1438	0.00121429	
      1439	0.00147075	
      1440	0.00173134	
      1441	0.00213048	
      1442	0.00263455	
      1443	0.00305913	
      1444	0.00329563	
      1445	0.00354681	
      1446	0.00383008	
      1447	0.00410477	
      1448	0.00445087	
      1449	 0.0047961	
      1450	0.00514997	
      1451	0.00551721	
      1452	0.00597285	
      1453	0.00649344	
      1454	0.00702536	
      1455	0.00761923	
      1456	0.00827414	
      1457	0.00909312	
      1458	 0.0100649	
      1459	 0.0110757	
      1460	 0.0120965	
      1461	 0.0132765	
      1462	 0.0145598	
      1463	 0.0152453	
      1464	 0.0152758	
      1465	 0.0154122	
      1466	  0.015307	
      1467	 0.0154876	
      1468	 0.0153829	
      1469	 0.0155084	
      1470	 0.0154415	
      1471	 0.0152375	
      1472	  0.015296	
      1473	  0.015274	
      1474	  0.014995	
      1475	 0.0151931	
      1476	 0.0152853	
      1477	 0.0152715	
      1478	 0.0162823	
      1479	 0.0175411	
      1480	 0.0188232	
      1481	 0.0200225	
      1482	 0.0215709	
      1483	 0.0228793	
      1484	 0.0248841	
      1485	 0.0271527	
      1486	 0.0291382	
      1487	 0.0309659	
      1488	 0.0311752	
      1489	 0.0367023	
      1490	 0.0410216	
      1491	 0.0452084	
      1492	 0.0495757	
      1493	 0.0555569	
      1494	 0.0622257	
      1495	 0.0697032	
      1496	 0.0775873	
      1497	 0.0906837	
      1498	 0.0933834	
      1499	  0.095003	
      1500	 0.0986273	
      1501	  0.100993	
      1502	  0.101578	
      1503	 0.0973072	
      1504	  0.101961	
      1505	  0.102709	
      1506	  0.109332	
      1507	  0.116007	
      1508	   0.11876	
      1509	  0.122025	
      1510	  0.127935	
      1511	  0.132379	
      1512	  0.135046	
      1513	  0.139399	
      1514	  0.144484	
      1515	  0.151843	
      1516	  0.158801	
      1517	   0.16672	
      1518	  0.178781	
      1519	  0.190539	
      1520	  0.213155	
      1521	  0.209421	
      1522	  0.208685	
      1523	  0.211097	
      1524	  0.211619	
      1525	  0.208846	
      1526	  0.212742	
      1527	  0.212391	
      1528	  0.213485	
      1529	   0.21153	
      1530	  0.204333	
      1531	  0.212456	
      1532	  0.214334	
      1533	  0.212856	
      1534	  0.210779	
      1535	  0.213191	
      1536	   0.21624	
      1537	   0.21699	
      1538	  0.214396	
      1539	  0.218163	
      1540	  0.210028	
      1541	  0.208943	
      1542	  0.208202	
      1543	  0.206601	
      1544	   0.20604	
      1545	  0.205055	
      1546	  0.202814	
      1547	  0.199047	
      1548	  0.194224	
      1549	   0.19535	
      1550	  0.193202	
      1551	  0.192631	
      1552	  0.192985	
      1553	  0.190121	
      1554	  0.185909	
      1555	  0.185159	
      1556	  0.182971	
      1557	  0.185212	
      1558	  0.183934	
      1559	  0.184174	
      1560	  0.183725	
      1561	  0.186582	
      1562	  0.186595	
      1563	  0.186268	
      1564	  0.185156	
      1565	  0.187307	
      1566	  0.186397	
      1567	  0.186997	
      1568	  0.186012	
      1569	  0.187898	
      1570	  0.188464	
      1571	  0.192399	
      1572	  0.193487	
      1573	  0.192149	
      1574	  0.190816	
      1575	  0.184618	
      1576	  0.189315	
      1577	  0.180598	
      1578	  0.191209	
      1579	  0.195764	
      1580	  0.197134	
      1581	  0.196543	
      1582	  0.190567	
      1583	  0.191112	
      1584	  0.189714	
      1585	  0.193143	
      1586	  0.191109	
      1587	  0.188338	
      1588	  0.183371	
      1589	  0.173621	
      1590	  0.177161	
      1591	  0.178392	
      1592	   0.18513	
      1593	  0.188064	
      1594	  0.186893	
      1595	  0.185934	
      1596	  0.178756	
      1597	   0.17975	
      1598	  0.182725	
      1599	  0.179786	
      1600	  0.179552	
      1601	  0.175325	
      1602	   0.17619	
      1603	  0.176089	
      1604	  0.175814	
      1605	  0.173798	
      1606	  0.172845	
      1607	  0.171737	
      1608	  0.173595	
      1609	  0.171635	
      1610	  0.163451	
      1611	  0.167039	
      1612	   0.16902	
      1613	  0.172353	
      1614	  0.172644	
      1615	  0.172342	
      1616	  0.167235	
      1617	  0.170002	
      1618	  0.175543	
      1619	  0.175545	
      1620	  0.172108	
      1621	  0.172819	
      1622	  0.176184	
      1623	  0.180605	
      1624	  0.182058	
      1625	  0.181066	
      1626	  0.184036	
      1627	  0.186378	
      1628	  0.189268	
      1629	  0.191903	
      1630	  0.194643	
      1631	  0.195204	
      1632	   0.19487	
      1633	  0.192505	
      1634	  0.190575	
      1635	  0.192518	
      1636	  0.191727	
      1637	  0.185462	
      1638	  0.183785	
      1639	  0.180999	
      1640	  0.182575	
      1641	  0.181626	
      1642	  0.181801	
      1643	  0.184398	
      1644	  0.182858	
      1645	  0.182235	
      1646	  0.184434	
      1647	  0.184744	
      1648	  0.184156	
      1649	  0.181455	
      1650	  0.182886	
      1651	  0.181204	
      1652	  0.182852	
      1653	  0.181583	
      1654	  0.182128	
      1655	  0.180666	
      1656	  0.181517	
      1657	  0.181574	
      1658	  0.180622	
      1659	  0.178878	
      1660	  0.179845	
      1661	   0.18051	
      1662	  0.179876	
      1663	   0.17915	
      1664	  0.178819	
      1665	  0.177392	
      1666	  0.176072	
      1667	  0.176055	
      1668	   0.17393	
      1669	  0.175122	
      1670	  0.177625	
      1671	  0.176512	
      1672	  0.171398	
      1673	  0.173203	
      1674	  0.175107	
      1675	  0.173308	
      1676	  0.171415	
      1677	   0.17243	
      1678	  0.172942	
      1679	  0.168912	
      1680	  0.162318	
      1681	  0.156252	
      1682	  0.157943	
      1683	  0.161231	
      1684	  0.162709	
      1685	  0.162407	
      1686	  0.160056	
      1687	  0.159564	
      1688	   0.15863	
      1689	   0.15623	
      1690	  0.155643	
      1691	  0.157221	
      1692	  0.156863	
      1693	  0.155691	
      1694	  0.154998	
      1695	  0.154331	
      1696	  0.153127	
      1697	  0.151949	
      1698	  0.151239	
      1699	  0.149908	
      1700	  0.147702	
      1701	  0.146946	
      1702	  0.146445	
      1703	  0.145776	
      1704	  0.145083	
      1705	   0.14435	
      1706	  0.143268	
      1707	  0.142141	
      1708	  0.141026	
      1709	  0.139922	
      1710	  0.138969	
      1711	   0.13886	
      1712	  0.138894	
      1713	  0.138933	
      1714	  0.138975	
      1715	  0.138903	
      1716	  0.138107	
      1717	  0.137203	
      1718	  0.136307	
      1719	  0.135418	
      1720	  0.134591	
      1721	  0.134068	
      1722	  0.133606	
      1723	  0.133148	
      1724	  0.132694	
      1725	  0.132199	
      1726	    0.1314	
      1727	   0.13056	
      1728	  0.129726	
      1729	  0.128898	
      1730	  0.127962	
      1731	  0.126331	
      1732	  0.124597	
      1733	  0.122873	
      1734	  0.121157	
      1735	  0.119766	
      1736	  0.120242	
      1737	  0.121031	
      1738	  0.121818	
      1739	  0.122604	
      1740	  0.123192	
      1741	 0.0994482	
      1742	 0.0850913	
      1743	 0.0747016	
      1744	 0.0665982	
      1745	 0.0600319	
      1746	 0.0546708	
      1747	 0.0501188	
      1748	  0.046177	
      1749	 0.0427234	
      1750	 0.0396753	
      1751	 0.0369861	
      1752	 0.0345777	
      1753	 0.0324035	
      1754	 0.0304308	
      1755	 0.0286224	
      1756	 0.0269014	
      1757	 0.0253144	
      1758	 0.0238557	
      1759	 0.0225112	
      1760	 0.0212746	
      1761	 0.0201625	
      1762	 0.0191346	
      1763	 0.0181774	
      1764	 0.0172847	
      1765	 0.0164505	
      1766	 0.0156699	
      1767	 0.0149382	
      1768	 0.0142515	
      1769	 0.0136062	
      1770	  0.012994	
      1771	 0.0123856	
      1772	 0.0118082	
      1773	 0.0112642	
      1774	 0.0107513	
      1775	 0.0102729	
      1776	0.00985436	
      1777	0.00946303	
      1778	0.00909166	
      1779	0.00873893	
      1780	0.00840127	
      1781	0.00806639	
      1782	0.00774585	
      1783	0.00744102	
      1784	0.00715094	
      1785	 0.0068767	
      1786	 0.0066268	
      1787	0.00639009	
      1788	0.00616395	
      1789	 0.0059478	
      1790	0.00573878	
      1791	0.00552419	
      1792	0.00531705	
      1793	0.00511914	
      1794	0.00492996	
      1795	0.00474905	
      1796	0.00457598	
      1797	0.00441034	
      1798	0.00425175	
      1799	0.00409986	
      1800	0.00395667	
      1801	0.00319452	
      1802	0.00260534	
      1803	0.00214245	
      1804	0.00177467	
      1805	 0.0014794	
      1806	0.00123927	
      1807	0.00104346	
      1808	0.000882813	
      1809	0.000750175	
      1810	0.000638716	
      1811	0.000539035	
      1812	0.000455412	
      1813	0.00038589	
      1814	0.000327869	
      1815	0.000280135	
      1816	0.000244383	
      1817	0.00021438	
      1818	0.000188499	
      1819	0.000166106	
      1820	0.000146632	
      1821	0.000129457	
      1822	0.000114475	
      1823	0.000101411	
      1824	8.99943e-05	
      1825	7.99117e-05	
      1826	7.06103e-05	
      1827	6.24207e-05	
      1828	5.52609e-05	
      1829	4.89905e-05	
      1830	4.35115e-05	
      1831	3.88027e-05	
      1832	3.46646e-05	
      1833	3.10056e-05	
      1834	2.77654e-05	
      1835	2.48889e-05	
      1836	2.23123e-05	
      1837	2.00211e-05	
      1838	1.79837e-05	
      1839	1.61696e-05	
      1840	1.45506e-05	
      1841	1.30925e-05	
      1842	1.17897e-05	
      1843	1.06257e-05	
      1844	9.58477e-06	
      1845	8.65748e-06	
      1846	7.84878e-06	
      1847	7.12502e-06	
      1848	6.47301e-06	
      1849	5.88511e-06	
      1850	5.3528e-06	
      1851	4.86258e-06	
      1852	4.41889e-06	
      1853	4.0184e-06	
      1854	3.65663e-06	
      1855	3.32958e-06	
      1856	3.0337e-06	
      1857	2.76582e-06	
      1858	2.52311e-06	
      1859	2.30307e-06	
      1860	2.10343e-06	
      1861	2.20645e-06	
      1862	2.31495e-06	
      1863	2.42924e-06	
      1864	2.54966e-06	
      1865	2.67711e-06	
      1866	2.81417e-06	
      1867	2.95945e-06	
      1868	3.11288e-06	
      1869	3.27494e-06	
      1870	3.43861e-06	
      1871	3.56244e-06	
      1872	3.68204e-06	
      1873	3.80499e-06	
      1874	3.93129e-06	
      1875	4.08342e-06	
      1876	4.38226e-06	
      1877	4.72775e-06	
      1878	5.09929e-06	
      1879	5.49885e-06	
      1880	5.91246e-06	
      1881	6.25451e-06	
      1882	6.59998e-06	
      1883	6.9663e-06	
      1884	7.35484e-06	
      1885	7.76068e-06	
      1886	8.1483e-06	
      1887	8.54998e-06	
      1888	8.97329e-06	
      1889	9.41952e-06	
      1890	9.8971e-06	
      1891	1.04461e-05	
      1892	1.10367e-05	
      1893	1.16639e-05	
      1894	1.23305e-05	
      1895	1.30485e-05	
      1896	1.38726e-05	
      1897	1.47642e-05	
      1898	1.57179e-05	
      1899	1.67387e-05	
      1900	1.78226e-05	
      1901	1.89209e-05	
      1902	2.00837e-05	
      1903	2.13255e-05	
      1904	2.26522e-05	
      1905	2.40668e-05	
      1906	2.55497e-05	
      1907	2.71302e-05	
      1908	2.88195e-05	
      1909	3.06259e-05	
      1910	3.25656e-05	
      1911	3.46777e-05	
      1912	3.69505e-05	
      1913	3.93891e-05	
      1914	4.2007e-05	
      1915	4.48191e-05	
      1916	4.78413e-05	
      1917	5.10914e-05	
      1918	5.45884e-05	
      1919	5.83534e-05	
      1920	6.24095e-05	
      1921	5.83089e-05	
      1922	5.88365e-05	
      1923	6.03467e-05	
      1924	6.24587e-05	
      1925	6.50215e-05	
      1926	6.78563e-05	
      1927	7.1059e-05	
      1928	7.46553e-05	
      1929	7.8659e-05	
      1930	8.31565e-05	
      1931	8.8528e-05	
      1932	9.45337e-05	
      1933	0.000101167	
      1934	0.000108493	
      1935	0.000116527	
      1936	0.000124972	
      1937	0.000134227	
      1938	0.000144454	
      1939	0.000155773	
      1940	0.000168062	
      1941	0.000180004	
      1942	0.000192859	
      1943	0.000207028	
      1944	0.000222678	
      1945	0.000240801	
      1946	0.000266252	
      1947	0.000296087	
      1948	0.000330099	
      1949	0.000369002	
      1950	0.000413327	
      1951	0.000462184	
      1952	0.000518107	
      1953	0.000582849	
      1954	0.000658175	
      1955	0.000745718	
      1956	0.000844737	
      1957	0.000960882	
      1958	0.00109898	
      1959	0.00126461	
      1960	0.00146503	
      1961	0.00159836	
      1962	 0.0017464	
      1963	0.00191147	
      1964	0.00209602	
      1965	0.00230478	
      1966	0.00255214	
      1967	0.00283483	
      1968	0.00315659	
      1969	0.00352424	
      1970	0.00394389	
      1971	0.00441106	
      1972	0.00494787	
      1973	0.00557127	
      1974	0.00629996	
      1975	0.00715808	
      1976	0.00817727	
      1977	0.00939985	
      1978	 0.0108838	
      1979	 0.0127106	
      1980	 0.0150032	
      1981	 0.0179624	
      1982	 0.0218784	
      1983	 0.0272801	
      1984	 0.0352528	
      1985	 0.0486752	
      1986	 0.0332837	
      1987	 0.0262807	
      1988	 0.0217466	
      1989	 0.0184724	
      1990	 0.0159537	
      1991	 0.0138849	
      1992	 0.0121931	
      1993	  0.010792	
      1994	0.00961426	
      1995	0.00861819	
      1996	0.00779133	
      1997	  0.007078	
      1998	0.00645366	
      1999	0.00590374	
      2000	0.00541435	
      2001	0.00496609	
      2002	 0.0045641	
      2003	0.00420404	
      2004	0.00388038	
      2005	0.00359006	
      2006	0.00380419	
      2007	0.00403639	
      2008	 0.0042867	
      2009	0.00455695	
      2010	0.00484835	
      2011	0.00515677	
      2012	0.00549012	
      2013	0.00585211	
      2014	0.00624603	
      2015	0.00667448	
      2016	 0.0071328	
      2017	 0.0076333	
      2018	0.00818283	
      2019	0.00878814	
      2020	0.00946145	
      2021	 0.0102363	
      2022	 0.0111066	
      2023	 0.0120836	
      2024	 0.0131864	
      2025	 0.0144328	
      2026	 0.0158165	
      2027	 0.0174037	
      2028	 0.0192527	
      2029	 0.0214358	
      2030	 0.0240647	
      2031	 0.0273316	
      2032	  0.031493	
      2033	 0.0370665	
      2034	 0.0453117	
      2035	 0.0622273	
      2036	 0.0609144	
      2037	 0.0597171	
      2038	 0.0586194	
      2039	 0.0576026	
      2040	 0.0566957	
      2041	 0.0560753	
      2042	   0.05554	
      2043	  0.055042	
      2044	 0.0545769	
      2045	  0.054106	
      2046	 0.0534338	
      2047	 0.0527559	
      2048	 0.0521049	
      2049	 0.0514788	
      2050	   0.05089	
      2051	 0.0503891	
      2052	 0.0499211	
      2053	 0.0494706	
      2054	 0.0490366	
      2055	 0.0486089	
      2056	 0.0481225	
      2057	 0.0476421	
      2058	 0.0471763	
      2059	 0.0467245	
      2060	 0.0462996	
      2061	 0.0459501	
      2062	 0.0456258	
      2063	 0.0453128	
      2064	  0.045011	
      2065	 0.0447202	
      2066	 0.0450365	
      2067	 0.0453595	
      2068	 0.0456895	
      2069	 0.0460268	
      2070	 0.0463855	
      2071	 0.0468174	
      2072	 0.0472733	
      2073	 0.0477399	
      2074	 0.0482178	
      2075	 0.0486881	
      2076	 0.0490438	
      2077	 0.0493899	
      2078	 0.0497462	
      2079	 0.0501133	
      2080	 0.0505023	
      2081	 0.0509554	
      2082	 0.0514336	
      2083	 0.0519279	
      2084	 0.0524395	
      2085	 0.0529752	
      2086	 0.0535422	
      2087	 0.0541373	
      2088	 0.0547571	
      2089	 0.0554042	
      2090	 0.0560699	
      2091	 0.0567106	
      2092	 0.0573752	
      2093	 0.0580801	
      2094	 0.0588315	
      2095	 0.0596623	
      2096	 0.0607232	
      2097	 0.0618963	
      2098	 0.0631782	
      2099	 0.0646016	
      2100	 0.0662133	
      2101	 0.0662615	
      2102	 0.0663038	
      2103	  0.066347	
      2104	 0.0663914	
      2105	 0.0664229	
      2106	 0.0663721	
      2107	 0.0663083	
      2108	 0.0662453	
      2109	 0.0661831	
      2110	 0.0661289	
      2111	 0.0661317	
      2112	 0.0661427	
      2113	  0.066155	
      2114	 0.0661687	
      2115	 0.0661838	
      2116	 0.0661862	
      2117	 0.0661902	
      2118	 0.0661957	
      2119	  0.066203	
      2120	  0.066212	
      2121	 0.0662086	
      2122	 0.0662072	
      2123	 0.0662078	
      2124	 0.0662106	
      2125	 0.0662372	
      2126	 0.0663816	
      2127	 0.0665509	
      2128	 0.0667238	
      2129	 0.0669004	
      2130	 0.0670521	
      2131	 0.0670481	
      2132	 0.0670187	
      2133	 0.0669935	
      2134	 0.0669729	
      2135	 0.0669794	
      2136	 0.0671392	
      2137	 0.0673285	
      2138	 0.0675264	
      2139	  0.067734	
      2140	 0.0679306	
      2141	 0.0680056	
      2142	  0.068073	
      2143	 0.0681587	
      2144	 0.0682682	
      2145	 0.0684328	
      2146	 0.0687518	
      2147	 0.0691738	
      2148	  0.069765	
      2149	 0.0697173	
      2150	 0.0696619	
      2151	 0.0695289	
      2152	 0.0693884	
      2153	  0.069248	
      2154	 0.0691078	
      2155	 0.0689678	
      2156	 0.0687968	
      2157	 0.0686261	
      2158	 0.0684555	
      2159	 0.0682852	
      2160	 0.0680219	
      2161	 0.0671856	
      2162	 0.0662568	
      2163	 0.0653285	
      2164	 0.0644007	
      2165	 0.0636515	
      2166	 0.0639861	
      2167	 0.0644986	
      2168	 0.0650109	
      2169	 0.0655232	
      2170	 0.0659812	
      2171	 0.0660835	
      2172	 0.0661317	
      2173	   0.06618	
      2174	 0.0662283	
      2175	 0.0662459	
      2176	 0.0660782	
      2177	 0.0658797	
      2178	 0.0656814	
      2179	 0.0654833	
      2180	 0.0653085	
      2181	 0.0652882	
      2182	 0.0652911	
      2183	 0.0652941	
      2184	 0.0652972	
      2185	 0.0652695	
      2186	 0.0650416	
      2187	  0.064783	
      2188	 0.0645246	
      2189	 0.0642663	
      2190	 0.0640468	
      2191	 0.0640585	
      2192	 0.0641087	
      2193	 0.0641591	
      2194	 0.0642095	
      2195	 0.0642369	
      2196	 0.0641413	
      2197	 0.0640227	
      2198	 0.0639043	
      2199	 0.0637628	
      2200	 0.0635984	
      2201	 0.0632962	
      2202	 0.0629713	
      2203	 0.0626468	
      2204	 0.0623228	
      2205	 0.0620376	
      2206	 0.0619519	
      2207	 0.0619047	
      2208	 0.0618576	
      2209	 0.0618107	
      2210	 0.0617563	
      2211	 0.0616714	
      2212	 0.0615792	
      2213	  0.061487	
      2214	 0.0613951	
      2215	 0.0613034	
      2216	 0.0612118	
      2217	 0.0611204	
      2218	 0.0610292	
      2219	 0.0609382	
      2220	 0.0608322	
      2221	 0.0606351	
      2222	  0.060423	
      2223	 0.0602113	
      2224	 0.0599998	
      2225	 0.0598039	
      2226	 0.0596991	
      2227	 0.0596098	
      2228	 0.0595206	
      2229	 0.0594315	
      2230	 0.0593426	
      2231	 0.0592387	
      2232	  0.059135	
      2233	 0.0590315	
      2234	 0.0589282	
      2235	 0.0588099	
      2236	 0.0585861	
      2237	 0.0583475	
      2238	 0.0581092	
      2239	 0.0578712	
      2240	 0.0576561	
      2241	 0.0575768	
      2242	 0.0575202	
      2243	 0.0574637	
      2244	 0.0574073	
      2245	  0.057336	
      2246	 0.0571898	
      2247	 0.0570286	
      2248	 0.0568677	
      2249	  0.056707	
      2250	 0.0565465	
      2251	 0.0563563	
      2252	 0.0561662	
      2253	 0.0559764	
      2254	 0.0557868	
      2255	 0.0556124	
      2256	 0.0555429	
      2257	 0.0554885	
      2258	 0.0554341	
      2259	 0.0553799	
      2260	 0.0553183	
      2261	 0.0551822	
      2262	 0.0550388	
      2263	 0.0548956	
      2264	 0.0547526	
      2265	 0.0546246	
      2266	 0.0545564	
      2267	 0.0545031	
      2268	   0.05445	
      2269	 0.0543969	
      2270	 0.0543365	
      2271	 0.0538916	
      2272	  0.053455	
      2273	 0.0530329	
      2274	 0.0526239	
      2275	 0.0522125	
      2276	 0.0517408	
      2277	 0.0512662	
      2278	 0.0508022	
      2279	 0.0503482	
      2280	 0.0499245	
      2281	 0.0496346	
      2282	 0.0493722	
      2283	 0.0491159	
      2284	 0.0488655	
      2285	 0.0486206	
      2286	 0.0483538	
      2287	 0.0480922	
      2288	 0.0478356	
      2289	 0.0475837	
      2290	 0.0473097	
      2291	 0.0468683	
      2292	 0.0464065	
      2293	 0.0459506	
      2294	 0.0455004	
      2295	 0.0450948	
      2296	 0.0449014	
      2297	 0.0447497	
      2298	 0.0446008	
      2299	 0.0444544	
      2300	 0.0443041	
      2301	 0.0441055	
      2302	 0.0439033	
      2303	 0.0437039	
      2304	 0.0435071	
      2305	 0.0433066	
      2306	 0.0430837	
      2307	 0.0428574	
      2308	 0.0426336	
      2309	 0.0424123	
      2310	 0.0421936	
      2311	 0.0419528	
      2312	 0.0417146	
      2313	 0.0414788	
      2314	 0.0412454	
      2315	 0.0410144	
      2316	 0.0407976	
      2317	  0.040583	
      2318	 0.0403704	
      2319	   0.04016	
      2320	 0.0399338	
      2321	 0.0395801	
      2322	 0.0392117	
      2323	 0.0388463	
      2324	 0.0384839	
      2325	 0.0381649	
      2326	 0.0380686	
      2327	 0.0380139	
      2328	 0.0379598	
      2329	 0.0379066	
      2330	 0.0378369	
      2331	 0.0376769	
      2332	 0.0375012	
      2333	 0.0373269	
      2334	 0.0371542	
      2335	 0.0369828	
      2336	 0.0368128	
      2337	 0.0366442	
      2338	 0.0364769	
      2339	 0.0363109	
      2340	 0.0361518	
      2341	 0.0360271	
      2342	 0.0359089	
      2343	 0.0357917	
      2344	 0.0356754	
      2345	 0.0355492	
      2346	 0.0353695	
      2347	 0.0351802	
      2348	 0.0349922	
      2349	 0.0348055	
      2350	 0.0346094	
      2351	 0.0343394	
      2352	 0.0340605	
      2353	 0.0337833	
      2354	 0.0335079	
      2355	 0.0332661	
      2356	 0.0331952	
      2357	 0.0331565	
      2358	 0.0331183	
      2359	 0.0330804	
      2360	 0.0330377	
      2361	 0.0311518	
      2362	 0.0295002	
      2363	 0.0280348	
      2364	 0.0267189	
      2365	 0.0255222	
      2366	 0.0243982	
      2367	 0.0233616	
      2368	 0.0224041	
      2369	 0.0215156	
      2370	 0.0206848	
      2371	 0.0198892	
      2372	 0.0191405	
      2373	 0.0184371	
      2374	 0.0177746	
      2375	 0.0171605	
      2376	 0.0166339	
      2377	 0.0161449	
      2378	 0.0156804	
      2379	 0.0152383	
      2380	 0.0147978	
      2381	 0.0142705	
      2382	   0.01375	
      2383	 0.0132538	
      2384	 0.0127802	
      2385	 0.0123486	
      2386	 0.0120576	
      2387	 0.0117978	
      2388	 0.0115476	
      2389	 0.0113065	
      2390	 0.0110666	
      2391	 0.0107923	
      2392	 0.0105211	
      2393	 0.0102597	
      2394	 0.0100077	
      2395	0.00976461	
      2396	0.00952676	
      2397	0.00929708	
      2398	0.00907518	
      2399	0.00886069	
      2400	0.00865326	
      2401	 0.0084554	
      2402	0.00826386	
      2403	0.00807836	
      2404	0.00789862	
      2405	0.00772441	
      2406	0.00755804	
      2407	0.00739663	
      2408	0.00723998	
      2409	0.00708791	
      2410	0.00693435	
      2411	0.00675078	
      2412	0.00656723	
      2413	0.00638932	
      2414	0.00621683	
      2415	0.00605805	
      2416	0.00594977	
      2417	0.00585242	
      2418	0.00575742	
      2419	0.00566471	
      2420	 0.0055713	
      2421	 0.0054612	
      2422	0.00535117	
      2423	0.00524399	
      2424	0.00513958	
      2425	0.00503872	
      2426	 0.0049456	
      2427	 0.0048556	
      2428	0.00476778	
      2429	0.00468206	
      2430	0.00459759	
      2431	0.00450722	
      2432	0.00441829	
      2433	0.00433153	
      2434	0.00424688	
      2435	0.00416501	
      2436	0.00409089	
      2437	0.00401918	
      2438	0.00394909	
      2439	0.00388059	
      2440	0.00381294	
      2441	0.00374146	
      2442	0.00367098	
      2443	0.00360211	
      2444	0.00353481	
      2445	0.00346841	
      2446	0.00340105	
      2447	0.00333463	
      2448	0.00326973	
      2449	0.00320629	
      2450	0.00314544	
      2451	0.00288197	
      2452	0.00264702	
      2453	0.00243588	
      2454	0.00224559	
      2455	0.00207437	
      2456	0.00192273	
      2457	0.00178545	
      2458	0.00166024	
      2459	0.00154582	
      2460	0.00144079	
      2461	0.00134248	
      2462	0.00125203	
      2463	 0.0011689	
      2464	0.00109238	
      2465	0.00102147	
      2466	0.000954271	
      2467	0.00089193	
      2468	0.000834349	
      2469	0.000781103	
      2470	0.000732084	
      2471	0.000688448	
      2472	0.000648117	
      2473	0.000610568	
      2474	0.000575575	
      2475	0.00054263	
      2476	0.000509966	
      2477	0.000479274	
      2478	0.000450678	
      2479	0.000424015	
      2480	0.000399365	
      2481	0.000377354	
      2482	0.000356942	
      2483	0.000337801	
      2484	0.00031984	
      2485	0.000303091	
      2486	0.000287905	
      2487	0.000273706	
      2488	0.000260318	
      2489	0.000247688	
      2490	0.00023536	
      2491	0.000221329	
      2492	0.000207823	
      2493	0.000195182	
      2494	0.000183346	
      2495	0.000172787	
      2496	0.000165762	
      2497	0.000159549	
      2498	0.000153606	
      2499	0.000147917	
      2500	0.00014225	
      2501	3.59441e-05	
      2502	1.09549e-05	
      2503	3.78114e-06	
      2504	1.42819e-06	
      2505	5.78056e-07	
      2506	2.46837e-07	
      2507	1.1032e-07	
      2508	5.12494e-08	
      2509	2.46119e-08	
      2510	1.21692e-08	
      2511	6.18007e-09	
      2512	3.21144e-09	
      2513	1.7033e-09	
      2514	9.20287e-10	
      2515	5.05688e-10	
      2516	2.82315e-10	
      2517	1.5987e-10	
      2518	9.17316e-11	
      2519	5.3282e-11	
      2520	3.13098e-11	
      2521	1.8611e-11	
      2522	1.11761e-11	
      2523	6.77473e-12	
      2524	4.14327e-12	
      2525	2.55577e-12	
      2526	1.59108e-12	
      2527	9.98204e-13	
      2528	6.30745e-13	
      2529	4.01279e-13	
      2530	2.56903e-13	
      2531	1.65149e-13	
      2532	1.06774e-13	
      2533	6.94257e-14	
      2534	4.53879e-14	
      2535	2.98347e-14	
      2536	1.97267e-14	
      2537	1.31094e-14	
      2538	8.75249e-15	
      2539	5.86992e-15	
      2540	3.95381e-15	
      2541	2.67548e-15	
      2542	1.8178e-15	
      2543	1.23991e-15	
      2544	8.48946e-16	
      2545	5.83396e-16	
      2546	4.02166e-16	
      2547	2.78193e-16	
      2548	1.93081e-16	
      2549	1.34446e-16	
      2550	9.39132e-17	
      2551	6.57737e-17	
      2552	4.62036e-17	
      2553	3.25508e-17	
      2554	2.29974e-17	
      2555	1.62927e-17	
      2556	1.15687e-17	
      2557	8.23596e-18	
      2558	5.87834e-18	
      2559	4.20608e-18	
      2560	3.01755e-18	
      2561	2.17194e-18	
      2562	1.56728e-18	
      2563	1.13353e-18	
      2564	8.21654e-19	
      2565	5.96882e-19	
      2566	4.3433e-19	
      2567	3.16706e-19	
      2568	2.31408e-19	
      2569	1.69422e-19	
      2570	1.24282e-19	
      2571	9.13034e-20	
      2572	6.72018e-20	
      2573	4.95536e-20	
      2574	3.66061e-20	
      2575	2.70895e-20	
      2576	2.00819e-20	
      2577	1.49124e-20	
      2578	1.10922e-20	
      2579	8.26428e-21	
      2580	6.16585e-21	
      2581	4.60127e-21	
      2582	3.43824e-21	
      2583	2.57309e-21	
      2584	1.92852e-21	
      2585	1.44822e-21	
      2586	1.09264e-21	
      2587	8.25932e-22	
      2588	6.25208e-22	
      2589	4.73924e-22	
      2590	3.59655e-22	
      2591	2.72801e-22	
      2592	2.07148e-22	
      2593	 1.575e-22	
      2594	1.19905e-22	
      2595	9.14201e-23	
      2596	6.9854e-23	
      2597	5.34534e-23	
      2598	4.09529e-23	
      2599	3.14132e-23	
      2600	2.4124e-23	
      2601	1.24757e-23	
      2602	8.56513e-24	
      2603	6.20278e-24	
      2604	4.62137e-24	
      2605	3.50749e-24	
      2606	2.6954e-24	
      2607	2.09275e-24	
      2608	1.63831e-24	
      2609	1.29135e-24	
      2610	1.02379e-24	
      2611	8.16116e-25	
      2612	6.5343e-25	
      2613	5.25214e-25	
      2614	4.23632e-25	
      2615	3.42777e-25	
      2616	2.7789e-25	
      2617	2.25881e-25	
      2618	1.84053e-25	
      2619	1.50309e-25	
      2620	1.22951e-25	
      2621	1.00433e-25	
      2622	8.21479e-26	
      2623	6.73065e-26	
      2624	5.52351e-26	
      2625	4.54535e-26	
      2626	3.77179e-26	
      2627	3.13813e-26	
      2628	2.61442e-26	
      2629	2.1809e-26	
      2630	1.8206e-26	
      2631	1.5172e-26	
      2632	1.26518e-26	
      2633	1.05617e-26	
      2634	8.82626e-27	
      2635	7.38165e-27	
      2636	6.16445e-27	
      2637	5.15152e-27	
      2638	4.30893e-27	
      2639	3.60732e-27	
      2640	3.02402e-27	
      2641	2.54474e-27	
      2642	2.14424e-27	
      2643	1.80821e-27	
      2644	1.52602e-27	
      2645	1.28884e-27	
      2646	1.08824e-27	
      2647	9.19522e-28	
      2648	7.77505e-28	
      2649	6.57871e-28	
      2650	5.57017e-28	
      2651	4.7146e-28	
      2652	3.99299e-28	
      2653	3.38393e-28	
      2654	2.86952e-28	
      2655	2.43537e-28	
      2656	2.07022e-28	
      2657	1.76128e-28	
      2658	1.49929e-28	
      2659	1.27698e-28	
      2660	1.08796e-28	
      2661	9.25998e-29	
      2662	7.88361e-29	
      2663	6.71526e-29	
      2664	5.72294e-29	
      2665	4.88217e-29	
      2666	4.17552e-29	
      2667	3.57472e-29	
      2668	3.06183e-29	
      2669	2.62376e-29	
      2670	2.24884e-29	
      2671	1.92344e-29	
      2672	1.64543e-29	
      2673	1.40822e-29	
      2674	1.20573e-29	
      2675	1.03306e-29	
      2676	8.8641e-30	
      2677	7.61094e-30	
      2678	6.53764e-30	
      2679	 5.618e-30	
      2680	4.82966e-30	
      2681	4.1536e-30	
      2682	3.57357e-30	
      2683	3.07574e-30	
      2684	2.64827e-30	
      2685	2.28108e-30	
      2686	1.96347e-30	
      2687	1.69071e-30	
      2688	1.45636e-30	
      2689	1.25495e-30	
      2690	1.08177e-30	
      2691	9.33315e-31	
      2692	8.05512e-31	
      2693	6.95448e-31	
      2694	6.00628e-31	
      2695	5.1891e-31	
      2696	4.48221e-31	
      2697	3.87288e-31	
      2698	3.34747e-31	
      2699	2.89427e-31	
      2700	2.5039e-31	
      2701	3.03168e-31	
      2702	3.67407e-31	
      2703	4.45551e-31	
      2704	5.40673e-31	
      2705	6.56539e-31	
      2706	7.97773e-31	
      2707	9.70046e-31	
      2708	1.18033e-30	
      2709	1.43718e-30	
      2710	1.75116e-30	
      2711	2.13638e-30	
      2712	2.6082e-30	
      2713	3.18651e-30	
      2714	3.89585e-30	
      2715	4.76658e-30	
      2716	5.83302e-30	
      2717	7.14335e-30	
      2718	8.7546e-30	
      2719	1.07374e-29	
      2720	1.31793e-29	
      2721	1.61802e-29	
      2722	1.98798e-29	
      2723	2.44445e-29	
      2724	3.00812e-29	
      2725	3.70575e-29	
      2726	4.57142e-29	
      2727	5.64549e-29	
      2728	6.97771e-29	
      2729	8.63152e-29	
      2730	1.06863e-28	
      2731	1.32269e-28	
      2732	1.63857e-28	
      2733	2.03164e-28	
      2734	2.52124e-28	
      2735	3.1316e-28	
      2736	3.89542e-28	
      2737	4.84996e-28	
      2738	6.04399e-28	
      2739	7.53901e-28	
      2740	9.41272e-28	
      2741	 1.177e-27	
      2742	1.47319e-27	
      2743	1.84572e-27	
      2744	2.31474e-27	
      2745	2.90587e-27	
      2746	3.6496e-27	
      2747	4.5884e-27	
      2748	5.7747e-27	
      2749	7.27538e-27	
      2750	9.17583e-27	
      2751	1.15787e-26	
      2752	1.46267e-26	
      2753	1.84976e-26	
      2754	2.34192e-26	
      2755	2.96841e-26	
      2756	3.76685e-26	
      2757	4.78564e-26	
      2758	6.08721e-26	
      2759	7.75209e-26	
      2760	9.88439e-26	
      2761	1.26261e-25	
      2762	1.61487e-25	
      2763	2.06805e-25	
      2764	2.65183e-25	
      2765	3.40489e-25	
      2766	4.38019e-25	
      2767	5.64252e-25	
      2768	7.27868e-25	
      2769	9.40245e-25	
      2770	1.21596e-24	
      2771	1.57298e-24	
      2772	2.0372e-24	
      2773	2.64235e-24	
      2774	3.43248e-24	
      2775	4.46574e-24	
      2776	5.8226e-24	
      2777	7.60388e-24	
      2778	9.94626e-24	
      2779	1.30318e-23	
      2780	1.71033e-23	
      2781	2.24989e-23	
      2782	2.96485e-23	
      2783	3.91399e-23	
      2784	5.17638e-23	
      2785	6.85866e-23	
      2786	9.10486e-23	
      2787	 1.211e-22	
      2788	1.61389e-22	
      2789	2.15513e-22	
      2790	2.8838e-22	
      2791	3.8646e-22	
      2792	5.19007e-22	
      2793	6.98542e-22	
      2794	9.42285e-22	
      2795	1.27438e-21	
      2796	1.7286e-21	
      2797	2.35105e-21	
      2798	3.20552e-21	
      2799	4.38153e-21	
      2800	6.00445e-21	
      2801	7.48193e-21	
      2802	9.33175e-21	
      2803	 1.165e-20	
      2804	1.45583e-20	
      2805	1.82161e-20	
      2806	2.28297e-20	
      2807	2.86496e-20	
      2808	3.59901e-20	
      2809	4.52585e-20	
      2810	5.6974e-20	
      2811	7.17994e-20	
      2812	9.05812e-20	
      2813	1.14403e-19	
      2814	1.44652e-19	
      2815	1.83107e-19	
      2816	2.31912e-19	
      2817	2.94071e-19	
      2818	3.73338e-19	
      2819	4.74547e-19	
      2820	6.0394e-19	
      2821	7.69101e-19	
      2822	9.80681e-19	
      2823	1.25209e-18	
      2824	1.60073e-18	
      2825	2.04985e-18	
      2826	2.63023e-18	
      2827	3.38071e-18	
      2828	4.35152e-18	
      2829	5.60922e-18	
      2830	7.2411e-18	
      2831	9.35591e-18	
      2832	1.21069e-17	
      2833	1.56912e-17	
      2834	2.03692e-17	
      2835	2.64847e-17	
      2836	3.44715e-17	
      2837	4.49428e-17	
      2838	5.86959e-17	
      2839	7.6793e-17	
      2840	1.00651e-16	
      2841	1.32248e-16	
      2842	1.74092e-16	
      2843	2.29617e-16	
      2844	3.03448e-16	
      2845	4.01828e-16	
      2846	5.32857e-16	
      2847	7.08105e-16	
      2848	9.43025e-16	
      2849	1.25867e-15	
      2850	1.68378e-15	
      2851	2.25773e-15	
      2852	3.03457e-15	
      2853	4.08873e-15	
      2854	5.52302e-15	
      2855	7.4798e-15	
      2856	1.01636e-14	
      2857	1.38484e-14	
      2858	1.89225e-14	
      2859	2.59311e-14	
      2860	3.56426e-14	
      2861	4.9143e-14	
      2862	6.7974e-14	
      2863	9.43319e-14	
      2864	1.31358e-13	
      2865	1.83565e-13	
      2866	2.57116e-13	
      2867	3.61504e-13	
      2868	5.10272e-13	
      2869	7.23204e-13	
      2870	1.02969e-12	
      2871	1.47355e-12	
      2872	2.11916e-12	
      2873	3.0623e-12	
      2874	4.44742e-12	
      2875	6.49518e-12	
      2876	9.54453e-12	
      2877	1.41113e-11	
      2878	2.09898e-11	
      2879	3.14209e-11	
      2880	4.73532e-11	
      2881	7.17756e-11	
      2882	1.09617e-10	
      2883	1.68754e-10	
      2884	2.62023e-10	
      2885	4.10571e-10	
      2886	6.50114e-10	
      2887	1.04034e-09	
      2888	1.68395e-09	
      2889	2.75986e-09	
      2890	4.58532e-09	
      2891	7.73376e-09	
      2892	1.32648e-08	
      2893	2.31858e-08	
      2894	4.14137e-08	
      2895	7.58645e-08	
      2896	1.43159e-07	
      2897	2.80644e-07	
      2898	5.79358e-07	
      2899	1.29884e-06	
      2900	3.73736e-06	
      2901	3.85281e-06	
      2902	3.97218e-06	
      2903	4.09563e-06	
      2904	4.22329e-06	
      2905	4.35534e-06	
      2906	4.4888e-06	
      2907	4.62678e-06	
      2908	4.76945e-06	
      2909	4.91698e-06	
      2910	5.06955e-06	
      2911	5.2237e-06	
      2912	5.38304e-06	
      2913	5.54777e-06	
      2914	5.7181e-06	
      2915	5.89423e-06	
      2916	6.08071e-06	
      2917	6.27373e-06	
      2918	6.47355e-06	
      2919	6.68043e-06	
      2920	6.89466e-06	
      2921	7.11651e-06	
      2922	7.3463e-06	
      2923	7.58434e-06	
      2924	7.83096e-06	
      2925	8.0865e-06	
      2926	8.35133e-06	
      2927	8.62582e-06	
      2928	8.91036e-06	
      2929	9.20536e-06	
      2930	9.51126e-06	
      2931	9.82137e-06	
      2932	1.01428e-05	
      2933	1.0476e-05	
      2934	1.08215e-05	
      2935	1.11797e-05	
      2936	1.15597e-05	
      2937	1.19542e-05	
      2938	1.23637e-05	
      2939	1.2789e-05	
      2940	1.32306e-05	
      2941	1.36793e-05	
      2942	1.41451e-05	
      2943	1.46287e-05	
      2944	1.5131e-05	
      2945	1.56585e-05	
      2946	1.62189e-05	
      2947	1.68081e-05	
      2948	1.74213e-05	
      2949	1.80596e-05	
      2950	1.87242e-05	
      2951	1.94164e-05	
      2952	2.01373e-05	
      2953	2.08884e-05	
      2954	2.1671e-05	
      2955	2.24867e-05	
      2956	2.33195e-05	
      2957	2.41872e-05	
      2958	2.50915e-05	
      2959	2.60342e-05	
      2960	2.70171e-05	
      2961	2.80635e-05	
      2962	2.91557e-05	
      2963	3.02962e-05	
      2964	3.14874e-05	
      2965	3.27317e-05	
      2966	3.4006e-05	
      2967	3.5337e-05	
      2968	3.67276e-05	
      2969	3.81807e-05	
      2970	3.96997e-05	
      2971	4.13196e-05	
      2972	4.30151e-05	
      2973	4.47903e-05	
      2974	4.66493e-05	
      2975	4.85968e-05	
      2976	5.05986e-05	
      2977	5.26956e-05	
      2978	5.4893e-05	
      2979	5.71963e-05	
      2980	5.96116e-05	
      2981	6.21933e-05	
      2982	6.49044e-05	
      2983	6.77524e-05	
      2984	7.07453e-05	
      2985	7.38918e-05	
      2986	7.7141e-05	
      2987	8.05574e-05	
      2988	8.41513e-05	
      2989	8.79337e-05	
      2990	9.19163e-05	
      2991	9.61873e-05	
      2992	0.000100692	
      2993	0.000105447	
      2994	0.000110467	
      2995	0.000115772	
      2996	0.000121381	
      2997	0.000127316	
      2998	0.000133601	
      2999	0.000140262	
      3000	0.00014733	
      3001	0.000147303	
      3002	0.000147275	
      3003	0.000147247	
      3004	0.000147219	
      3005	0.000147191	
      3006	0.00014728	
      3007	0.000147369	
      3008	0.000147458	
      3009	0.000147548	
      3010	0.000147637	
      3011	0.000147727	
      3012	0.000147817	
      3013	0.000147906	
      3014	0.000147997	
      3015	0.000148087	
      3016	0.000148058	
      3017	0.000148029	
      3018	  0.000148	
      3019	0.000147971	
      3020	0.000147941	
      3021	0.000147912	
      3022	0.000147882	
      3023	0.000147852	
      3024	0.000147822	
      3025	0.000147791	
      3026	0.000147881	
      3027	0.000147972	
      3028	0.000148063	
      3029	0.000148153	
      3030	0.000148245	
      3031	0.000148214	
      3032	0.000148183	
      3033	0.000148153	
      3034	0.000148122	
      3035	0.000148091	
      3036	0.000147937	
      3037	0.000147783	
      3038	0.000147628	
      3039	0.000147473	
      3040	0.000147379	
      3041	0.000147655	
      3042	0.000147994	
      3043	0.000148333	
      3044	0.000148674	
      3045	0.000149015	
      3046	0.000149233	
      3047	0.000149452	
      3048	0.000149672	
      3049	0.000149892	
      3050	0.000150113	
      3051	0.000150209	
      3052	0.000150305	
      3053	0.000150402	
      3054	 0.0001505	
      3055	0.000150597	
      3056	0.000150695	
      3057	0.000150793	
      3058	0.000150892	
      3059	0.000150991	
      3060	0.00015109	
      3061	0.000150936	
      3062	0.000150781	
      3063	0.000150626	
      3064	0.00015047	
      3065	0.000150378	
      3066	0.000150415	
      3067	0.000150515	
      3068	0.000150616	
      3069	0.000150718	
      3070	0.00015082	
      3071	0.000151052	
      3072	0.000151285	
      3073	0.000151519	
      3074	0.000151754	
      3075	0.000151989	
      3076	0.000151966	
      3077	0.000151943	
      3078	0.000151921	
      3079	0.000151899	
      3080	0.000151877	
      3081	0.000151856	
      3082	0.000151835	
      3083	0.000151814	
      3084	0.000151794	
      3085	0.000151775	
      3086	0.000151756	
      3087	0.000151739	
      3088	0.000151721	
      3089	0.000151705	
      3090	0.00015169	
      3091	0.000151675	
      3092	0.000151661	
      3093	0.000151649	
      3094	0.000151638	
      3095	0.000151628	
      3096	0.00015162	
      3097	0.000151613	
      3098	0.000151608	
      3099	0.000151605	
      3100	0.000151605	
      3101	0.000149299	
      3102	0.000148865	
      3103	0.00014897	
      3104	0.00014937	
      3105	0.000149966	
      3106	0.000150572	
      3107	0.000151292	
      3108	0.000152105	
      3109	  0.000153	
      3110	0.000153965	
      3111	0.000154853	
      3112	0.000155798	
      3113	0.000156793	
      3114	0.000157836	
      3115	0.000158998	
      3116	0.000160351	
      3117	0.000161824	
      3118	0.000163342	
      3119	0.000164906	
      3120	0.000166514	
      3121	0.000168166	
      3122	0.000169861	
      3123	 0.0001716	
      3124	0.000173381	
      3125	0.000175206	
      3126	0.000177074	
      3127	0.000178985	
      3128	0.00018094	
      3129	0.000182939	
      3130	0.000184983	
      3131	0.000187071	
      3132	0.000189204	
      3133	0.000191383	
      3134	0.000193609	
      3135	0.000195882	
      3136	0.000198017	
      3137	0.000200196	
      3138	0.00020242	
      3139	0.000204688	
      3140	0.000207003	
      3141	0.000209561	
      3142	0.000212173	
      3143	0.000214838	
      3144	0.000217557	
      3145	0.000220333	
      3146	0.000222953	
      3147	0.000225626	
      3148	0.000228351	
      3149	0.000231131	
      3150	0.000233966	
      3151	0.000237085	
      3152	0.000240268	
      3153	0.000243516	
      3154	0.000246831	
      3155	0.000250215	
      3156	0.000253669	
      3157	0.000257195	
      3158	0.000260795	
      3159	0.000264469	
      3160	0.000268221	
      3161	0.000272315	
      3162	0.000276497	
      3163	0.000280771	
      3164	0.000285139	
      3165	0.000289602	
      3166	0.000293596	
      3167	0.000297673	
      3168	0.000301835	
      3169	0.000306084	
      3170	0.000310574	
      3171	0.000315469	
      3172	0.00032063	
      3173	0.000325908	
      3174	0.000331307	
      3175	0.00033683	
      3176	0.000341813	
      3177	0.000346905	
      3178	0.000352109	
      3179	0.000357427	
      3180	0.000362864	
      3181	0.000368786	
      3182	0.000374845	
      3183	0.000381046	
      3184	0.000387393	
      3185	0.00039389	
      3186	0.000400939	
      3187	0.000408161	
      3188	0.000415563	
      3189	0.000423149	
      3190	0.000430926	
      3191	0.000438465	
      3192	0.000446191	
      3193	0.000454109	
      3194	0.000462227	
      3195	0.00047055	
      3196	0.000478608	
      3197	0.000486867	
      3198	0.000495333	
      3199	0.000504014	
      3200	0.000513174	
      3201	0.000509344	
      3202	0.000505809	
      3203	0.000502311	
      3204	0.000498849	
      3205	0.000495423	
      3206	0.000491537	
      3207	0.000487692	
      3208	0.000483888	
      3209	0.000480124	
      3210	0.000476399	
      3211	0.000472235	
      3212	0.000468115	
      3213	0.000464039	
      3214	0.000460005	
      3215	0.000456015	
      3216	0.000452528	
      3217	0.000449076	
      3218	0.000445659	
      3219	0.000442276	
      3220	0.000438926	
      3221	0.000435609	
      3222	0.000432325	
      3223	0.000429073	
      3224	0.000425853	
      3225	0.000422663	
      3226	0.000419938	
      3227	0.000417237	
      3228	0.00041456	
      3229	0.000411908	
      3230	0.000409279	
      3231	0.000406255	
      3232	0.000403259	
      3233	0.000400291	
      3234	0.000397351	
      3235	0.000394438	
      3236	0.000391552	
      3237	0.000388693	
      3238	0.00038586	
      3239	0.000383053	
      3240	0.000380271	
      3241	0.000377515	
      3242	0.000374784	
      3243	0.000372077	
      3244	0.000369395	
      3245	0.000366737	
      3246	0.000364484	
      3247	0.00036225	
      3248	0.000360035	
      3249	0.000357838	
      3250	0.000355659	
      3251	0.000352758	
      3252	0.000349883	
      3253	0.000347035	
      3254	0.000344212	
      3255	0.000341416	
      3256	0.000339004	
      3257	0.000336613	
      3258	0.000334242	
      3259	0.000331892	
      3260	0.000329562	
      3261	0.000327252	
      3262	0.000324962	
      3263	0.000322691	
      3264	0.000320439	
      3265	0.000318206	
      3266	0.000315992	
      3267	0.000313797	
      3268	0.00031162	
      3269	0.000309461	
      3270	0.00030732	
      3271	0.000305197	
      3272	0.000303092	
      3273	0.000301004	
      3274	0.000298933	
      3275	0.000296879	
      3276	0.000294842	
      3277	0.000292822	
      3278	0.000290818	
      3279	0.000288831	
      3280	0.00028686	
      3281	0.000284904	
      3282	0.000282965	
      3283	0.000281041	
      3284	0.000279133	
      3285	0.00027724	
      3286	0.000275664	
      3287	0.000274099	
      3288	0.000272546	
      3289	0.000271004	
      3290	0.000269326	
      3291	0.000267075	
      3292	0.000264697	
      3293	0.000262341	
      3294	0.000260005	
      3295	0.000257833	
      3296	0.000255963	
      3297	0.000254251	
      3298	0.000252552	
      3299	0.000250866	
      3300	0.000249193	
      3301	0.000253514	
      3302	0.000257926	
      3303	0.000262431	
      3304	0.000267032	
      3305	0.000271732	
      3306	0.000275914	
      3307	0.000280177	
      3308	0.000284524	
      3309	0.000288957	
      3310	0.000293477	
      3311	0.000298425	
      3312	0.000303477	
      3313	0.000308637	
      3314	0.000313906	
      3315	0.000319289	
      3316	0.000324048	
      3317	 0.0003289	
      3318	0.000333845	
      3319	0.000338888	
      3320	0.000344228	
      3321	0.000350487	
      3322	0.000357096	
      3323	0.000363859	
      3324	0.000370781	
      3325	0.000377867	
      3326	0.000384231	
      3327	0.000390734	
      3328	0.00039738	
      3329	0.000404173	
      3330	0.000411118	
      3331	0.000418708	
      3332	0.000426479	
      3333	0.000434435	
      3334	0.000442581	
      3335	0.000450925	
      3336	0.000459471	
      3337	0.000468227	
      3338	0.000477198	
      3339	0.000486393	
      3340	0.000495817	
      3341	0.000505479	
      3342	0.000515386	
      3343	0.000525546	
      3344	0.000535968	
      3345	0.000546661	
      3346	0.000556969	
      3347	0.000567537	
      3348	0.000578376	
      3349	0.000589493	
      3350	0.000600899	
      3351	0.000613344	
      3352	0.000626131	
      3353	0.000639272	
      3354	0.000652781	
      3355	0.00066667	
      3356	0.000680956	
      3357	0.000695651	
      3358	0.000710773	
      3359	0.000726339	
      3360	0.000742364	
      3361	0.000758868	
      3362	0.000775871	
      3363	0.000793391	
      3364	0.000811452	
      3365	0.000830075	
      3366	0.000849285	
      3367	0.000869107	
      3368	0.000889567	
      3369	0.000910693	
      3370	0.000932517	
      3371	0.000955069	
      3372	0.000978384	
      3373	 0.0010025	
      3374	0.00102745	
      3375	0.00105327	
      3376	0.00108002	
      3377	0.00110773	
      3378	0.00113646	
      3379	0.00116626	
      3380	0.00119719	
      3381	0.00123084	
      3382	0.00126583	
      3383	0.00130224	
      3384	0.00134014	
      3385	0.00137963	
      3386	0.00141903	
      3387	 0.0014601	
      3388	0.00150296	
      3389	0.00154772	
      3390	0.00159451	
      3391	0.00164346	
      3392	0.00169472	
      3393	0.00174847	
      3394	0.00180488	
      3395	0.00186416	
      3396	 0.0019241	
      3397	0.00198722	
      3398	0.00205378	
      3399	 0.0021241	
      3400	0.00219992	
      3401	 0.0022211	
      3402	0.00224399	
      3403	0.00226719	
      3404	0.00229071	
      3405	0.00231308	
      3406	 0.0023298	
      3407	0.00234522	
      3408	0.00236082	
      3409	0.00237659	
      3410	0.00239409	
      3411	0.00241492	
      3412	 0.0024376	
      3413	 0.0024606	
      3414	0.00248391	
      3415	0.00250755	
      3416	0.00252825	
      3417	0.00254923	
      3418	 0.0025705	
      3419	0.00259204	
      3420	0.00261389	
      3421	0.00263603	
      3422	0.00265847	
      3423	0.00268123	
      3424	0.00270431	
      3425	0.00272772	
      3426	0.00275145	
      3427	0.00277553	
      3428	0.00279996	
      3429	0.00282474	
      3430	0.00284989	
      3431	 0.0028792	
      3432	0.00290896	
      3433	 0.0029392	
      3434	0.00296992	
      3435	0.00300113	
      3436	0.00302886	
      3437	0.00305702	
      3438	0.00308562	
      3439	0.00311467	
      3440	 0.0031442	
      3441	 0.0031742	
      3442	0.00320469	
      3443	0.00323568	
      3444	0.00326719	
      3445	0.00329923	
      3446	0.00333181	
      3447	0.00336495	
      3448	0.00339867	
      3449	0.00343298	
      3450	 0.0034679	
      3451	0.00350815	
      3452	0.00354915	
      3453	0.00359094	
      3454	0.00363352	
      3455	0.00367692	
      3456	0.00371618	
      3457	 0.0037562	
      3458	0.00379699	
      3459	0.00383859	
      3460	0.00388101	
      3461	0.00392961	
      3462	0.00397923	
      3463	 0.0040299	
      3464	0.00408167	
      3465	0.00413457	
      3466	0.00418299	
      3467	0.00423247	
      3468	0.00428306	
      3469	 0.0043348	
      3470	0.00438773	
      3471	0.00444191	
      3472	0.00449739	
      3473	0.00455422	
      3474	0.00461245	
      3475	0.00467216	
      3476	 0.0047334	
      3477	0.00479625	
      3478	0.00486079	
      3479	 0.0049271	
      3480	0.00499526	
      3481	0.00507237	
      3482	0.00515176	
      3483	0.00523354	
      3484	0.00531787	
      3485	0.00540487	
      3486	0.00548714	
      3487	0.00557217	
      3488	0.00566016	
      3489	 0.0057513	
      3490	0.00584582	
      3491	0.00594399	
      3492	0.00604611	
      3493	 0.0061525	
      3494	0.00626358	
      3495	0.00637979	
      3496	0.00650169	
      3497	0.00662994	
      3498	0.00676537	
      3499	0.00690903	
      3500	0.00706227	
      3501	0.00706951	
      3502	0.00707678	
      3503	0.00708407	
      3504	0.00709139	
      3505	0.00709874	
      3506	0.00709611	
      3507	0.00709348	
      3508	0.00709086	
      3509	0.00708825	
      3510	0.00708565	
      3511	0.00708305	
      3512	0.00708046	
      3513	0.00707789	
      3514	0.00707532	
      3515	0.00707276	
      3516	0.00707021	
      3517	0.00706767	
      3518	0.00706513	
      3519	0.00706261	
      3520	 0.0070601	
      3521	0.00706777	
      3522	0.00707547	
      3523	0.00708321	
      3524	0.00709098	
      3525	0.00709879	
      3526	 0.0070964	
      3527	0.00709403	
      3528	0.00709167	
      3529	0.00708933	
      3530	  0.007087	
      3531	0.00709496	
      3532	0.00710297	
      3533	0.00711101	
      3534	0.00711909	
      3535	0.00712722	
      3536	0.00712504	
      3537	0.00712288	
      3538	0.00712074	
      3539	0.00711861	
      3540	0.00711651	
      3541	0.00712483	
      3542	0.00713319	
      3543	0.00714159	
      3544	0.00715005	
      3545	0.00715855	
      3546	0.00715663	
      3547	0.00715474	
      3548	0.00715288	
      3549	0.00715104	
      3550	0.00714922	
      3551	0.00714744	
      3552	0.00714568	
      3553	0.00714395	
      3554	0.00714225	
      3555	0.00714058	
      3556	0.00713894	
      3557	0.00713734	
      3558	0.00713577	
      3559	0.00713423	
      3560	0.00713273	
      3561	0.00714193	
      3562	0.00715119	
      3563	0.00716053	
      3564	0.00716993	
      3565	 0.0071794	
      3566	0.00717822	
      3567	0.00717709	
      3568	  0.007176	
      3569	0.00717497	
      3570	0.00717399	
      3571	0.00717306	
      3572	 0.0071722	
      3573	0.00717139	
      3574	0.00717064	
      3575	0.00716996	
      3576	0.00716935	
      3577	 0.0071688	
      3578	0.00716834	
      3579	0.00716794	
      3580	0.00716764	
      3581	0.00717837	
      3582	0.00718923	
      3583	0.00720022	
      3584	0.00721134	
      3585	 0.0072226	
      3586	0.00722296	
      3587	0.00722344	
      3588	0.00722404	
      3589	0.00722478	
      3590	0.00722566	
      3591	0.00722669	
      3592	0.00722788	
      3593	0.00722925	
      3594	0.00723079	
      3595	0.00723254	
      3596	0.00724574	
      3597	0.00725921	
      3598	0.00727298	
      3599	0.00728707	
      3600	0.00730151	
      3601	0.00729531	
      3602	0.00728912	
      3603	0.00728291	
      3604	0.00727671	
      3605	 0.0072705	
      3606	0.00726429	
      3607	0.00725807	
      3608	0.00725185	
      3609	0.00724563	
      3610	 0.0072394	
      3611	0.00724458	
      3612	0.00724977	
      3613	0.00725497	
      3614	0.00726019	
      3615	0.00726542	
      3616	0.00725922	
      3617	0.00725301	
      3618	0.00724679	
      3619	0.00724058	
      3620	0.00723436	
      3621	0.00723963	
      3622	0.00724492	
      3623	0.00725022	
      3624	0.00725553	
      3625	0.00726086	
      3626	0.00725467	
      3627	0.00724848	
      3628	0.00724228	
      3629	0.00723609	
      3630	0.00722989	
      3631	0.00723526	
      3632	0.00724065	
      3633	0.00724606	
      3634	0.00725148	
      3635	0.00725692	
      3636	0.00725076	
      3637	0.00724459	
      3638	0.00723842	
      3639	0.00723226	
      3640	0.00722609	
      3641	0.00723158	
      3642	0.00723709	
      3643	0.00724262	
      3644	0.00724817	
      3645	0.00725373	
      3646	0.00724761	
      3647	0.00724148	
      3648	0.00723536	
      3649	0.00722924	
      3650	0.00722311	
      3651	0.00721699	
      3652	0.00721087	
      3653	0.00720475	
      3654	0.00719864	
      3655	0.00719252	
      3656	0.00719821	
      3657	0.00720392	
      3658	0.00720965	
      3659	 0.0072154	
      3660	0.00722117	
      3661	0.00722697	
      3662	0.00723278	
      3663	0.00723863	
      3664	0.00724449	
      3665	0.00725038	
      3666	 0.0072325	
      3667	0.00721461	
      3668	0.00719671	
      3669	0.00717879	
      3670	0.00716683	
      3671	0.00716681	
      3672	0.00717278	
      3673	0.00717878	
      3674	0.00718481	
      3675	0.00719087	
      3676	0.00718496	
      3677	0.00717906	
      3678	0.00717318	
      3679	 0.0071673	
      3680	0.00716144	
      3681	0.00715559	
      3682	0.00714976	
      3683	0.00714393	
      3684	0.00713813	
      3685	0.00713233	
      3686	0.00713866	
      3687	0.00714502	
      3688	0.00715143	
      3689	0.00715787	
      3690	0.00716436	
      3691	0.00715874	
      3692	0.00715315	
      3693	0.00714757	
      3694	0.00714203	
      3695	0.00713652	
      3696	0.00713103	
      3697	0.00712558	
      3698	0.00712016	
      3699	0.00711478	
      3700	0.00710944	
      3701	0.00711582	
      3702	0.00712224	
      3703	0.00712867	
      3704	0.00713513	
      3705	0.00714161	
      3706	0.00713579	
      3707	0.00712997	
      3708	0.00712416	
      3709	0.00711834	
      3710	0.00711253	
      3711	0.00711909	
      3712	0.00712568	
      3713	 0.0071323	
      3714	0.00713894	
      3715	0.00714561	
      3716	0.00713986	
      3717	0.00713411	
      3718	0.00712836	
      3719	0.00712261	
      3720	0.00711687	
      3721	0.00712362	
      3722	 0.0071304	
      3723	0.00713721	
      3724	0.00714404	
      3725	0.00715089	
      3726	0.00714522	
      3727	0.00713954	
      3728	0.00713387	
      3729	 0.0071282	
      3730	0.00712253	
      3731	0.00712948	
      3732	0.00713646	
      3733	0.00714346	
      3734	0.00715049	
      3735	0.00715755	
      3736	0.00713927	
      3737	0.00712097	
      3738	0.00710265	
      3739	 0.0070843	
      3740	 0.0070723	
      3741	0.00707303	
      3742	0.00708015	
      3743	 0.0070873	
      3744	0.00709448	
      3745	0.00710169	
      3746	0.00709611	
      3747	0.00709054	
      3748	0.00708497	
      3749	0.00707941	
      3750	0.00707384	
      3751	0.00708116	
      3752	 0.0070885	
      3753	0.00709588	
      3754	0.00710328	
      3755	0.00711071	
      3756	0.00710524	
      3757	0.00709976	
      3758	0.00709429	
      3759	0.00708883	
      3760	0.00708336	
      3761	0.00709091	
      3762	 0.0070985	
      3763	0.00710611	
      3764	0.00711376	
      3765	0.00712144	
      3766	0.00712915	
      3767	0.00713689	
      3768	0.00714467	
      3769	0.00715248	
      3770	0.00716033	
      3771	0.00715506	
      3772	0.00714979	
      3773	0.00714453	
      3774	0.00713927	
      3775	0.00713402	
      3776	0.00712878	
      3777	0.00712354	
      3778	0.00711831	
      3779	0.00711308	
      3780	0.00710786	
      3781	0.00711595	
      3782	0.00712407	
      3783	0.00713224	
      3784	0.00714044	
      3785	0.00714867	
      3786	0.00714357	
      3787	0.00713848	
      3788	 0.0071334	
      3789	0.00712832	
      3790	0.00712325	
      3791	0.00713165	
      3792	0.00714009	
      3793	0.00714856	
      3794	0.00715708	
      3795	0.00716565	
      3796	0.00716071	
      3797	0.00715579	
      3798	0.00715088	
      3799	0.00714598	
      3800	0.00714109	
      3801	 0.0070849	
      3802	0.00704142	
      3803	0.00700529	
      3804	0.00697409	
      3805	0.00694651	
      3806	0.00690855	
      3807	0.00687292	
      3808	0.00683925	
      3809	0.00680722	
      3810	0.00677662	
      3811	0.00676026	
      3812	0.00674495	
      3813	0.00673058	
      3814	0.00671706	
      3815	0.00670431	
      3816	0.00667939	
      3817	0.00665516	
      3818	0.00663157	
      3819	0.00660858	
      3820	0.00658614	
      3821	0.00657699	
      3822	 0.0065683	
      3823	0.00656004	
      3824	0.00655219	
      3825	0.00654473	
      3826	0.00653763	
      3827	0.00653089	
      3828	0.00652449	
      3829	 0.0065184	
      3830	0.00651263	
      3831	0.00649453	
      3832	0.00647674	
      3833	0.00645924	
      3834	0.00644203	
      3835	 0.0064251	
      3836	0.00642103	
      3837	0.00641721	
      3838	0.00641363	
      3839	0.00641029	
      3840	0.00640718	
      3841	0.00639173	
      3842	0.00637652	
      3843	0.00636153	
      3844	0.00634677	
      3845	0.00633222	
      3846	0.00633042	
      3847	0.00632883	
      3848	0.00632743	
      3849	0.00632624	
      3850	0.00632524	
      3851	0.00631192	
      3852	0.00629879	
      3853	0.00628586	
      3854	0.00627312	
      3855	0.00626057	
      3856	0.00625447	
      3857	0.00624856	
      3858	0.00623658	
      3859	0.00623105	
      3860	 0.0062257	
      3861	0.00622055	
      3862	0.00622185	
      3863	0.00621707	
      3864	0.00621876	
      3865	0.00621437	
      3866	 0.0062039	
      3867	0.00619989	
      3868	0.00618981	
      3869	 0.0061862	
      3870	0.00617651	
      3871	0.00617959	
      3872	0.00618288	
      3873	 0.0061864	
      3874	0.00619013	
      3875	0.00619409	
      3876	0.00618568	
      3877	0.00618379	
      3878	0.00617583	
      3879	0.00617441	
      3880	0.00616692	
      3881	0.00616601	
      3882	0.00616536	
      3883	0.00616498	
      3884	0.00616488	
      3885	0.00616507	
      3886	0.00617193	
      3887	0.00617913	
      3888	0.00619304	
      3889	0.00620096	
      3890	0.00620925	
      3891	0.00620515	
      3892	0.00620143	
      3893	0.00620455	
      3894	 0.0062017	
      3895	0.00619932	
      3896	0.00621035	
      3897	0.00621551	
      3898	0.00622777	
      3899	0.00623423	
      3900	0.00624794	
      3901	 0.0062598	
      3902	0.00627172	
      3903	0.00627718	
      3904	0.00628924	
      3905	0.00630138	
      3906	0.00630701	
      3907	 0.0063061	
      3908	0.00631182	
      3909	0.00631098	
      3910	 0.0063168	
      3911	0.00632932	
      3912	0.00633527	
      3913	0.00634795	
      3914	0.00635403	
      3915	0.00636687	
      3916	0.00636637	
      3917	 0.0063659	
      3918	0.00637221	
      3919	0.00637183	
      3920	0.00637149	
      3921	0.00638476	
      3922	0.00639813	
      3923	0.00640478	
      3924	0.00641833	
      3925	0.00643198	
      3926	0.00643202	
      3927	0.00643898	
      3928	0.00643913	
      3929	0.00644624	
      3930	 0.0064465	
      3931	0.00646069	
      3932	0.00646804	
      3933	0.00648244	
      3934	0.00648999	
      3935	0.00650462	
      3936	0.00651236	
      3937	0.00651317	
      3938	0.00652109	
      3939	0.00652205	
      3940	0.00653016	
      3941	0.00653837	
      3942	0.00655379	
      3943	0.00656224	
      3944	0.00657794	
      3945	0.00658663	
      3946	0.00658826	
      3947	0.00658998	
      3948	  0.006599	
      3949	0.00660092	
      3950	0.00660294	
      3951	0.00661232	
      3952	0.00662913	
      3953	0.00663881	
      3954	0.00665597	
      3955	0.00666597	
      3956	0.00667613	
      3957	0.00668646	
      3958	0.00668956	
      3959	 0.0067002	
      3960	0.00671103	
      3961	0.00672951	
      3962	0.00674821	
      3963	0.00675966	
      3964	0.00677884	
      3965	0.00679827	
      3966	0.00680284	
      3967	0.00681518	
      3968	0.00682016	
      3969	0.00683297	
      3970	0.00683839	
      3971	0.00685939	
      3972	0.00687302	
      3973	0.00689468	
      3974	0.00690895	
      3975	0.00693132	
      3976	0.00694628	
      3977	0.00695376	
      3978	0.00696944	
      3979	0.00697763	
      3980	 0.0069941	
      3981	0.00701102	
      3982	0.00702841	
      3983	 0.0070543	
      3984	0.00707277	
      3985	0.00709181	
      3986	0.00711956	
      3987	0.00713992	
      3988	0.00716916	
      3989	0.00719105	
      3990	0.00722203	
      3991	0.00723749	
      3992	 0.0072622	
      3993	0.00727973	
      3994	0.00730684	
      3995	0.00732698	
      3996	0.00736563	
      3997	0.00739779	
      3998	0.00744081	
      3999	0.00747811	
      4000	0.00752761	
