280	4.53655e-11
281	9.38638e-11
282	1.78633e-10
283	2.40386e-10
284	2.43586e-10
285	1.73546e-10
286	2.45138e-10
287	3.86613e-10
288	3.90408e-10
289	5.27562e-10
290	8.02473e-10
291	9.6592e-10
292	9.74695e-10
293	1.00961e-09
294	1.08638e-09
295	1.17654e-09
296	1.32904e-09
297	1.29456e-09
298	1.43006e-09
299	1.43635e-09
300	1.49528e-09
301	6.84065e-09
302	3.22815e-08
303	1.87253e-07
304	9.08646e-07
305	4.17731e-06
306	7.38039e-06
307	1.47896e-05
308	3.00936e-05
309	5.18048e-05
310	9.56109e-05
311	0.000195169
312	0.000293196
313	0.000446639
314	0.000701833
315	0.00102423
316	0.0011581
317	0.00170264
318	0.00209693
319	0.00248693
320	0.00336368
321	0.00393929
322	0.0043968
323	0.00482129
324	0.00624497
325	0.00839209
326	0.0109459
327	0.0124359
328	0.0132525
329	0.0155107
330	0.0186395
331	0.0183688
332	0.0193654
333	0.0200899
334	0.0214118
335	0.0237166
336	0.0224354
337	0.0219854
338	0.0254602
339	0.0281743
340	0.0314877
341	0.0313894
342	0.0330106
343	0.0354036
344	0.0315993
345	0.0339701
346	0.0372131
347	0.0388114
348	0.0391316
349	0.0398811
350	0.0454767
351	0.0490027
352	0.0471796
353	0.0495035
354	0.0577302
355	0.0601052
356	0.0564968
357	0.0493973
358	0.0460408
359	0.0522045
360	0.0655543
361	0.0609249
362	0.0634763
363	0.0710343
364	0.0731348
365	0.0789882
366	0.0919788
367	0.093812
368	0.0899059
369	0.0943375
370	0.101113
371	0.0978336
372	0.0968318
373	0.0887589
374	0.082518
375	0.0901634
376	0.102534
377	0.112904
378	0.133335
379	0.122177
380	0.117002
381	0.125192
382	0.10151
383	0.0808926
384	0.0917068
385	0.11703
386	0.115549
387	0.120406
388	0.119997
389	0.13201
390	0.153144
391	0.165777
392	0.155719
393	0.101507
394	0.105803
395	0.165006
396	0.154257
397	0.108807
398	0.181296
399	0.23323
400	0.249294
401	0.262033
402	0.272977
403	0.270815
404	0.275332
405	0.274285
406	0.270856
407	0.270495
408	0.284835
409	0.298858
410	0.27468
411	0.298562
412	0.318378
413	0.313721
414	0.313596
415	0.326746
416	0.338507
417	0.335287
418	0.328498
419	0.336035
420	0.324899
421	0.35613
422	0.359942
423	0.354249
424	0.356874
425	0.367346
426	0.361999
427	0.355339
428	0.356049
429	0.330472
430	0.275732
431	0.271864
432	0.391474
433	0.390414
434	0.372588
435	0.404163
436	0.442604
437	0.450405
438	0.410399
439	0.403337
440	0.447717
441	0.457501
442	0.484845
443	0.497237
444	0.493908
445	0.505445
446	0.478847
447	0.522886
448	0.539091
449	0.544985
450	0.566273
451	0.585081
452	0.568274
453	0.540896
454	0.566762
455	0.574054
456	0.591814
457	0.601426
458	0.595367
459	0.593543
460	0.597547
461	0.616056
462	0.627587
463	0.630834
464	0.62024
465	0.614809
466	0.623606
467	0.611681
468	0.631864
469	0.638741
470	0.62562
471	0.638032
472	0.664741
473	0.654554
474	0.663483
475	0.68322
476	0.673964
477	0.682968
478	0.701301
479	0.696847
480	0.706371
481	0.709188
482	0.711534
483	0.706007
484	0.697723
485	0.680483
486	0.591338
487	0.635013
488	0.681784
489	0.66922
490	0.720618
491	0.707805
492	0.688422
493	0.718302
494	0.718933
495	0.748665
496	0.7312
497	0.735467
498	0.723299
499	0.72369
500	0.724031
501	0.709966
502	0.714343
503	0.737394
504	0.715844
505	0.751548
506	0.779245
507	0.756968
508	0.742289
509	0.765713
510	0.75677
511	0.768191
512	0.78164
513	0.748813
514	0.733691
515	0.752547
516	0.743787
517	0.651968
518	0.700559
519	0.704121
520	0.753178
521	0.768951
522	0.780655
523	0.755287
524	0.793799
525	0.796741
526	0.767488
527	0.706855
528	0.776241
529	0.814559
530	0.801696
531	0.832124
532	0.816354
533	0.756146
534	0.786588
535	0.808132
536	0.826028
537	0.788563
538	0.808568
539	0.795981
540	0.772038
541	0.756773
542	0.804489
543	0.805923
544	0.825757
545	0.814696
546	0.811719
547	0.816883
548	0.80618
549	0.820615
550	0.818605
551	0.82065
552	0.831486
553	0.816962
554	0.828319
555	0.833046
556	0.821722
557	0.806477
558	0.812787
559	0.787476
560	0.79873
561	0.829426
562	0.809555
563	0.826912
564	0.821999
565	0.818729
566	0.793122
567	0.827737
568	0.829985
569	0.819919
570	0.814853
571	0.796914
572	0.830463
573	0.839804
574	0.835413
575	0.821665
576	0.819225
577	0.829785
578	0.814022
579	0.819102
580	0.824804
581	0.827736
582	0.836361
583	0.841637
584	0.839575
585	0.834112
586	0.820675
587	0.835136
588	0.8211
589	0.758407
590	0.787746
591	0.824644
592	0.824302
593	0.824535
594	0.827104
595	0.827957
596	0.838144
597	0.843745
598	0.832971
599	0.830975
600	0.835501
601	0.827625
602	0.823908
603	0.838796
604	0.854497
605	0.855942
606	0.855729
607	0.858781
608	0.858502
609	0.855044
610	0.855661
611	0.856909
612	0.869428
613	0.860605
614	0.846614
615	0.862975
616	0.849452
617	0.846038
618	0.872176
619	0.883641
620	0.888682
621	0.893737
622	0.88244
623	0.882851
624	0.880598
625	0.871669
626	0.876615
627	0.90029
628	0.907355
629	0.909732
630	0.904658
631	0.89748
632	0.87661
633	0.905467
634	0.902267
635	0.904529
636	0.895051
637	0.916646
638	0.925858
639	0.918384
640	0.903152
641	0.903229
642	0.907508
643	0.917439
644	0.91467
645	0.921805
646	0.910443
647	0.918285
648	0.914687
649	0.893789
650	0.890054
651	0.924622
652	0.925276
653	0.929553
654	0.919966
655	0.880275
656	0.794784
657	0.821031
658	0.899199
659	0.915547
660	0.928262
661	0.937307
662	0.940398
663	0.938226
664	0.937529
665	0.948159
666	0.946691
667	0.939101
668	0.927998
669	0.92712
670	0.908899
671	0.899924
672	0.887591
673	0.886218
674	0.878774
675	0.872464
676	0.876603
677	0.867975
678	0.867507
679	0.857875
680	0.854884
681	0.853467
682	0.851457
683	0.845274
684	0.839202
685	0.834654
686	0.819522
687	0.83363
688	0.839965
689	0.839966
690	0.838604
691	0.837646
692	0.833847
693	0.841584
694	0.845836
695	0.842167
696	0.84586
697	0.849674
698	0.84693
699	0.85473
700	0.855972
701	0.855856
702	0.857437
703	0.868492
704	0.881537
705	0.8928
706	0.891319
707	0.893694
708	0.902072
709	0.910436
710	0.936366
711	0.882043
712	0.845165
713	0.819745
714	0.804545
715	0.779289
716	0.772927
717	0.762
718	0.743089
719	0.717099
720	0.729504
721	0.729728
722	0.729371
723	0.723089
724	0.722268
725	0.721488
726	0.724603
727	0.732015
728	0.736294
729	0.724077
730	0.752094
731	0.754556
732	0.769728
733	0.775382
734	0.79811
735	0.806975
736	0.810788
737	0.823779
738	0.833499
739	0.836277
740	0.873955
741	0.872134
742	0.87121
743	0.88933
744	0.898964
745	0.897444
746	0.899497
747	0.901686
748	0.899658
749	0.901348
750	0.899805
751	0.903138
752	0.908163
753	0.912744
754	0.919408
755	0.919786
756	0.910248
757	0.910606
758	0.915405
759	0.907467
760	0.91128
761	0.907842
762	0.908021
763	0.861491
764	0.826852
765	0.792542
766	0.748463
767	0.733558
768	0.737768
769	0.737941
770	0.744468
771	0.752935
772	0.761887
773	0.771414
774	0.781641
775	0.792742
776	0.804153
777	0.812895
778	0.829063
779	0.853402
780	0.886456
781	0.884365
782	0.888075
783	0.88176
784	0.875582
785	0.879687
786	0.88017
787	0.878871
788	0.873009
789	0.870891
790	0.864199
791	0.856621
792	0.849076
793	0.84156
794	0.834992
795	0.834904
796	0.842214
797	0.853229
798	0.848578
799	0.840252
800	0.830094
801	0.81635
802	0.801421
803	0.779994
804	0.770844
805	0.75014
806	0.753999
807	0.744179
808	0.734938
809	0.71966
810	0.717025
811	0.71305
812	0.712511
813	0.708196
814	0.702519
815	0.69315
816	0.687893
817	0.68112
818	0.665421
819	0.650064
820	0.644803
821	0.643442
822	0.632531
823	0.635113
824	0.632391
825	0.642853
826	0.658632
827	0.670804
828	0.678531
829	0.687434
830	0.702933
831	0.721985
832	0.73252
833	0.722828
834	0.735086
835	0.742359
836	0.751696
837	0.752449
838	0.756212
839	0.757688
840	0.768868
841	0.769682
842	0.760399
843	0.758482
844	0.751962
845	0.768624
846	0.770534
847	0.755724
848	0.754899
849	0.747566
850	0.701551
851	0.743148
852	0.74832
853	0.734191
854	0.677386
855	0.708347
856	0.754781
857	0.77562
858	0.781363
859	0.785083
860	0.785833
861	0.785633
862	0.792314
863	0.791723
864	0.778655
865	0.756141
866	0.692999
867	0.725722
868	0.757579
869	0.758058
870	0.766613
871	0.76168
872	0.767285
873	0.761259
874	0.749208
875	0.74268
876	0.757365
877	0.761688
878	0.758909
879	0.749701
880	0.747302
881	0.679076
882	0.664111
883	0.645031
884	0.632247
885	0.621888
886	0.5962
887	0.582932
888	0.581227
889	0.574345
890	0.564556
891	0.554292
892	0.542506
893	0.528646
894	0.523314
895	0.518468
896	0.515038
897	0.506332
898	0.498063
899	0.488193
900	0.481058
901	0.468211
902	0.456981
903	0.468069
904	0.465578
905	0.459115
906	0.459241
907	0.464089
908	0.461983
909	0.459664
910	0.466195
911	0.471081
912	0.47316
913	0.480715
914	0.484185
915	0.484826
916	0.486808
917	0.484976
918	0.484641
919	0.485941
920	0.482531
921	0.475639
922	0.469903
923	0.459855
924	0.473582
925	0.476719
926	0.396879
927	0.356292
928	0.317882
929	0.286849
930	0.261407
931	0.241964
932	0.223868
933	0.209396
934	0.195214
935	0.181198
936	0.169569
937	0.160103
938	0.163041
939	0.164746
940	0.164334
941	0.164415
942	0.163454
943	0.16956
944	0.170036
945	0.173002
946	0.176733
947	0.179153
948	0.182316
949	0.190001
950	0.196964
951	0.203688
952	0.213018
953	0.221885
954	0.228734
955	0.231153
956	0.249024
957	0.264694
958	0.280971
959	0.298267
960	0.314011
961	0.332622
962	0.356709
963	0.383222
964	0.414329
965	0.461488
966	0.462265
967	0.468785
968	0.46935
969	0.474411
970	0.479699
971	0.480781
972	0.48698
973	0.488062
974	0.487117
975	0.493833
976	0.502662
977	0.505042
978	0.512248
979	0.514122
980	0.523607
981	0.528047
982	0.535072
983	0.537655
984	0.539198
985	0.544381
986	0.547267
987	0.552334
988	0.556529
989	0.558138
990	0.566057
991	0.576659
992	0.583511
993	0.594183
994	0.602852
995	0.600599
996	0.599046
997	0.593497
998	0.592937
999	0.59297
1000	0.594413
1001	0.597455
1002	0.597509
1003	0.591946
1004	0.582668
1005	0.557615
1006	0.575232
1007	0.587252
1008	0.58993
1009	0.588489
1010	0.589375
1011	0.587028
1012	0.586
1013	0.583761
1014	0.584466
1015	0.578379
1016	0.578882
1017	0.576451
1018	0.579825
1019	0.569665
1020	0.571523
1021	0.572881
1022	0.568228
1023	0.571761
1024	0.574085
1025	0.573763
1026	0.573974
1027	0.57296
1028	0.573305
1029	0.570069
1030	0.571176
1031	0.570975
1032	0.570392
1033	0.564244
1034	0.56664
1035	0.569307
1036	0.569866
1037	0.566326
1038	0.565507
1039	0.56925
1040	0.568405
1041	0.568646
1042	0.568246
1043	0.564904
1044	0.565876
1045	0.561999
1046	0.552106
1047	0.558036
1048	0.562804
1049	0.561242
1050	0.558624
1051	0.558538
1052	0.556128
1053	0.554985
1054	0.554051
1055	0.555653
1056	0.554718
1057	0.55336
1058	0.547561
1059	0.536894
1060	0.544939
1061	0.539454
1062	0.545285
1063	0.54138
1064	0.546044
1065	0.545001
1066	0.536534
1067	0.537818
1068	0.535278
1069	0.515468
1070	0.525863
1071	0.509116
1072	0.4991
1073	0.484532
1074	0.482457
1075	0.470692
1076	0.467746
1077	0.462807
1078	0.457327
1079	0.446906
1080	0.446132
1081	0.434187
1082	0.42708
1083	0.427307
1084	0.427019
1085	0.423528
1086	0.42017
1087	0.406108
1088	0.409464
1089	0.408634
1090	0.403939
1091	0.402002
1092	0.393947
1093	0.385623
1094	0.369543
1095	0.375766
1096	0.377196
1097	0.377363
1098	0.373334
1099	0.370007
1100	0.376017
1101	0.298941
1102	0.248348
1103	0.21888
1104	0.193678
1105	0.172865
1106	0.155724
1107	0.140878
1108	0.128833
1109	0.118238
1110	0.109057
1111	0.100413
1112	0.0930081
1113	0.0860971
1114	0.0808033
1115	0.0753147
1116	0.0699847
1117	0.0660818
1118	0.0613188
1119	0.0575286
1120	0.0540347
1121	0.0569195
1122	0.0600366
1123	0.0630532
1124	0.066201
1125	0.0691842
1126	0.0714172
1127	0.0761349
1128	0.0812991
1129	0.0861153
1130	0.0909175
1131	0.0909791
1132	0.0907601
1133	0.0894901
1134	0.0890797
1135	0.0887696
1136	0.0883844
1137	0.0863792
1138	0.0850124
1139	0.0856124
1140	0.0855322
1141	0.0839726
1142	0.0846639
1143	0.0838802
1144	0.0829699
1145	0.0831828
1146	0.0882658
1147	0.0931746
1148	0.0979253
1149	0.103272
1150	0.109181
1151	0.115762
1152	0.122818
1153	0.131389
1154	0.141544
1155	0.152019
1156	0.162598
1157	0.176922
1158	0.192479
1159	0.208778
1160	0.228769
1161	0.254469
1162	0.263929
1163	0.27062
1164	0.272719
1165	0.279753
1166	0.281307
1167	0.289918
1168	0.297258
1169	0.297546
1170	0.309205
1171	0.312446
1172	0.313729
1173	0.313474
1174	0.314411
1175	0.311244
1176	0.308957
1177	0.315211
1178	0.314835
1179	0.31554
1180	0.319866
1181	0.320077
1182	0.318668
1183	0.308448
1184	0.318979
1185	0.324747
1186	0.326394
1187	0.32767
1188	0.324971
1189	0.315571
1190	0.326566
1191	0.333957
1192	0.335476
1193	0.336782
1194	0.338289
1195	0.337836
1196	0.339245
1197	0.338923
1198	0.333704
1199	0.327927
1200	0.342503
1201	0.347114
1202	0.34625
1203	0.336493
1204	0.335831
1205	0.34354
1206	0.343881
1207	0.344212
1208	0.337189
1209	0.32665
1210	0.337612
1211	0.334858
1212	0.340837
1213	0.342958
1214	0.342422
1215	0.343501
1216	0.343921
1217	0.344121
1218	0.343647
1219	0.342592
1220	0.344333
1221	0.344963
1222	0.344565
1223	0.343491
1224	0.347331
1225	0.347714
1226	0.348346
1227	0.343916
1228	0.347968
1229	0.351666
1230	0.352517
1231	0.353187
1232	0.352483
1233	0.3551
1234	0.356208
1235	0.357141
1236	0.361344
1237	0.364241
1238	0.366996
1239	0.368866
1240	0.377409
1241	0.377197
1242	0.373786
1243	0.368402
1244	0.364965
1245	0.363925
1246	0.364056
1247	0.362464
1248	0.362509
1249	0.360638
1250	0.358236
1251	0.354629
1252	0.350879
1253	0.350375
1254	0.349232
1255	0.347347
1256	0.345215
1257	0.342455
1258	0.341912
1259	0.339498
1260	0.339191
1261	0.33721
1262	0.333193
1263	0.333887
1264	0.330117
1265	0.329443
1266	0.329623
1267	0.324824
1268	0.322
1269	0.323236
1270	0.323933
1271	0.324525
1272	0.323931
1273	0.324123
1274	0.323549
1275	0.325971
1276	0.327876
1277	0.329054
1278	0.329493
1279	0.328815
1280	0.327196
1281	0.317228
1282	0.294316
1283	0.313583
1284	0.327812
1285	0.332582
1286	0.335277
1287	0.338254
1288	0.339734
1289	0.342745
1290	0.342214
1291	0.334385
1292	0.328819
1293	0.322943
1294	0.314691
1295	0.311792
1296	0.308693
1297	0.30343
1298	0.298265
1299	0.297007
1300	0.293512
1301	0.289917
1302	0.285169
1303	0.281358
1304	0.278362
1305	0.278194
1306	0.276573
1307	0.274615
1308	0.272319
1309	0.270348
1310	0.267636
1311	0.265162
1312	0.261147
1313	0.254635
1314	0.257248
1315	0.25181
1316	0.251259
1317	0.253158
1318	0.250307
1319	0.251599
1320	0.250059
1321	0.194258
1322	0.162086
1323	0.139443
1324	0.122095
1325	0.108003
1326	0.0961867
1327	0.0862359
1328	0.0781763
1329	0.069919
1330	0.064474
1331	0.059515
1332	0.0541031
1333	0.0506582
1334	0.0470613
1335	0.0435799
1336	0.0402563
1337	0.0375495
1338	0.0349031
1339	0.032302
1340	0.0301869
1341	0.0287503
1342	0.0269863
1343	0.0253782
1344	0.0239092
1345	0.0225199
1346	0.021107
1347	0.0199929
1348	0.0188794
1349	0.017802
1350	0.0166987
1351	0.0144913
1352	0.0127002
1353	0.0110999
1354	0.0097156
1355	0.00848407
1356	0.00749954
1357	0.00660728
1358	0.00594432
1359	0.00530059
1360	0.00471262
1361	0.00426432
1362	0.00382402
1363	0.00340106
1364	0.00309353
1365	0.00279683
1366	0.00252938
1367	0.00227946
1368	0.00208087
1369	0.00186919
1370	0.00169941
1371	0.00155305
1372	0.00143097
1373	0.00131096
1374	0.00119829
1375	0.00108401
1376	0.000988103
1377	0.000914356
1378	0.000841309
1379	0.000778368
1380	0.000713794
1381	0.000657905
1382	0.000601387
1383	0.00055622
1384	0.000515933
1385	0.00047424
1386	0.00044073
1387	0.000405695
1388	0.000377446
1389	0.0003504
1390	0.000321249
1391	0.000300987
1392	0.000280163
1393	0.000259368
1394	0.000240254
1395	0.00022372
1396	0.000238949
1397	0.000255299
1398	0.000273386
1399	0.000290959
1400	0.000304763
1401	0.00032605
1402	0.000353083
1403	0.000376536
1404	0.00040465
1405	0.000434571
1406	0.00046929
1407	0.000504392
1408	0.000542359
1409	0.000585806
1410	0.000630717
1411	0.000675879
1412	0.000716735
1413	0.000781265
1414	0.000855231
1415	0.000928045
1416	0.00100358
1417	0.00109492
1418	0.00119272
1419	0.00128723
1420	0.00139963
1421	0.00153343
1422	0.00165148
1423	0.00180178
1424	0.00197368
1425	0.00218165
1426	0.00235164
1427	0.00260581
1428	0.00288991
1429	0.00314516
1430	0.00347294
1431	0.00387083
1432	0.00437324
1433	0.00487323
1434	0.00537171
1435	0.00602803
1436	0.00677612
1437	0.0076434
1438	0.00861117
1439	0.00976714
1440	0.0107444
1441	0.0123262
1442	0.014173
1443	0.0156612
1444	0.0164644
1445	0.0172856
1446	0.018203
1447	0.0190176
1448	0.0200945
1449	0.0210919
1450	0.0220517
1451	0.022992
1452	0.0242134
1453	0.0255948
1454	0.0269104
1455	0.0283462
1456	0.02988
1457	0.0318543
1458	0.0341795
1459	0.0364337
1460	0.0385143
1461	0.0408786
1462	0.0433116
1463	0.0445488
1464	0.0446185
1465	0.0449972
1466	0.0446701
1467	0.0451766
1468	0.0448504
1469	0.0451952
1470	0.0449789
1471	0.044363
1472	0.0445112
1473	0.0444245
1474	0.0435905
1475	0.0441429
1476	0.0443863
1477	0.0443214
1478	0.0462018
1479	0.0486426
1480	0.0509867
1481	0.0529496
1482	0.0556608
1483	0.0575704
1484	0.0610197
1485	0.0648398
1486	0.0677074
1487	0.0699563
1488	0.0684083
1489	0.0781423
1490	0.08464
1491	0.0902723
1492	0.0956503
1493	0.103377
1494	0.111417
1495	0.119764
1496	0.127475
1497	0.141795
1498	0.144841
1499	0.146143
1500	0.150446
1501	0.152734
1502	0.152272
1503	0.14456
1504	0.150078
1505	0.149748
1506	0.15785
1507	0.165804
1508	0.167975
1509	0.170734
1510	0.176999
1511	0.181007
1512	0.18239
1513	0.185835
1514	0.189969
1515	0.196703
1516	0.202423
1517	0.208745
1518	0.219296
1519	0.227928
1520	0.245654
1521	0.241467
1522	0.240646
1523	0.243398
1524	0.243929
1525	0.240633
1526	0.244994
1527	0.24444
1528	0.24553
1529	0.243094
1530	0.234624
1531	0.243723
1532	0.245626
1533	0.243657
1534	0.24098
1535	0.243396
1536	0.246479
1537	0.246857
1538	0.243284
1539	0.246424
1540	0.238594
1541	0.238371
1542	0.238374
1543	0.237284
1544	0.237313
1545	0.236797
1546	0.234779
1547	0.230946
1548	0.225837
1549	0.227614
1550	0.225553
1551	0.22531
1552	0.226132
1553	0.223165
1554	0.218589
1555	0.218062
1556	0.215826
1557	0.218804
1558	0.217618
1559	0.217624
1560	0.216814
1561	0.219896
1562	0.219619
1563	0.218937
1564	0.217331
1565	0.219546
1566	0.218168
1567	0.218551
1568	0.217076
1569	0.218944
1570	0.219262
1571	0.223483
1572	0.224379
1573	0.222453
1574	0.220527
1575	0.212982
1576	0.217996
1577	0.207558
1578	0.219312
1579	0.224651
1580	0.226336
1581	0.225768
1582	0.219007
1583	0.219738
1584	0.218232
1585	0.222278
1586	0.220037
1587	0.216943
1588	0.211314
1589	0.200165
1590	0.204333
1591	0.205839
1592	0.213702
1593	0.217371
1594	0.216288
1595	0.215442
1596	0.207372
1597	0.208768
1598	0.212464
1599	0.209279
1600	0.209234
1601	0.204526
1602	0.20575
1603	0.205843
1604	0.205728
1605	0.203571
1606	0.202652
1607	0.201546
1608	0.203918
1609	0.201803
1610	0.192357
1611	0.196249
1612	0.198236
1613	0.20179
1614	0.201767
1615	0.201039
1616	0.194709
1617	0.197541
1618	0.203562
1619	0.203135
1620	0.198718
1621	0.199081
1622	0.202467
1623	0.207017
1624	0.208118
1625	0.20638
1626	0.209099
1627	0.211012
1628	0.213409
1629	0.215278
1630	0.216403
1631	0.217159
1632	0.216902
1633	0.214372
1634	0.212313
1635	0.214562
1636	0.213758
1637	0.206841
1638	0.205035
1639	0.201985
1640	0.2038
1641	0.202794
1642	0.203039
1643	0.205988
1644	0.204313
1645	0.203661
1646	0.206161
1647	0.206537
1648	0.205906
1649	0.202909
1650	0.20453
1651	0.202668
1652	0.204528
1653	0.203122
1654	0.203745
1655	0.20212
1656	0.20308
1657	0.203152
1658	0.202093
1659	0.200146
1660	0.201231
1661	0.201976
1662	0.201267
1663	0.200452
1664	0.200079
1665	0.198478
1666	0.196995
1667	0.196969
1668	0.194584
1669	0.195907
1670	0.198695
1671	0.197437
1672	0.191702
1673	0.193704
1674	0.195815
1675	0.193782
1676	0.191644
1677	0.192754
1678	0.1933
1679	0.189386
1680	0.182481
1681	0.17608
1682	0.178374
1683	0.182454
1684	0.184475
1685	0.18446
1686	0.182099
1687	0.181832
1688	0.181048
1689	0.178575
1690	0.17816
1691	0.180216
1692	0.180049
1693	0.178938
1694	0.178368
1695	0.17782
1696	0.176646
1697	0.175494
1698	0.174876
1699	0.173532
1700	0.171169
1701	0.170477
1702	0.170077
1703	0.169477
1704	0.168844
1705	0.168161
1706	0.167066
1707	0.165913
1708	0.16477
1709	0.163635
1710	0.162672
1711	0.162694
1712	0.162882
1713	0.163073
1714	0.163267
1715	0.163325
1716	0.16253
1717	0.161603
1718	0.160682
1719	0.159767
1720	0.158921
1721	0.158434
1722	0.158014
1723	0.157598
1724	0.157185
1725	0.15672
1726	0.155892
1727	0.155014
1728	0.154141
1729	0.153272
1730	0.152273
1731	0.150442
1732	0.148486
1733	0.146536
1734	0.144594
1735	0.143035
1736	0.143705
1737	0.144749
1738	0.145792
1739	0.146833
1740	0.147639
1741	0.128112
1742	0.115452
1743	0.105817
1744	0.097973
1745	0.0913839
1746	0.0858842
1747	0.0810793
1748	0.0767963
1749	0.0729398
1750	0.0694504
1751	0.066312
1752	0.0634379
1753	0.0607838
1754	0.0583225
1755	0.0560106
1756	0.0537181
1757	0.0515534
1758	0.0495231
1759	0.0476146
1760	0.0458294
1761	0.0442174
1762	0.0427044
1763	0.0412706
1764	0.03991
1765	0.038617
1766	0.0373867
1767	0.0362147
1768	0.0350968
1769	0.0340297
1770	0.0329969
1771	0.0319273
1772	0.0308924
1773	0.0299021
1774	0.0289539
1775	0.0280612
1776	0.027298
1777	0.0265795
1778	0.0258882
1779	0.0252225
1780	0.0245743
1781	0.0239087
1782	0.0232608
1783	0.0226364
1784	0.0220343
1785	0.0214595
1786	0.0209409
1787	0.0204454
1788	0.0199661
1789	0.0195024
1790	0.0190458
1791	0.0185545
1792	0.0180721
1793	0.0176054
1794	0.0171539
1795	0.0167168
1796	0.0162936
1797	0.0158837
1798	0.0154866
1799	0.0151017
1800	0.0147374
1801	0.0128053
1802	0.0112028
1803	0.00985427
1804	0.00870964
1805	0.00772989
1806	0.00688012
1807	0.00614425
1808	0.00550438
1809	0.00494538
1810	0.00444573
1811	0.00395635
1812	0.00352056
1813	0.0031385
1814	0.00280259
1815	0.00251426
1816	0.00230092
1817	0.00211559
1818	0.00194814
1819	0.0017965
1820	0.0016584
1821	0.00153004
1822	0.00141293
1823	0.00130634
1824	0.00120916
1825	0.00111926
1826	0.00103039
1827	0.000948525
1828	0.000873986
1829	0.000806035
1830	0.000744389
1831	0.000689948
1832	0.000640342
1833	0.000594778
1834	0.000552883
1835	0.000514258
1836	0.000478192
1837	0.000444907
1838	0.000414217
1839	0.000385896
1840	0.000359692
1841	0.000335127
1842	0.000312383
1843	0.000291349
1844	0.000271881
1845	0.000253983
1846	0.000238072
1847	0.000223393
1848	0.000209725
1849	0.000196991
1850	0.00018506
1851	0.000173592
1852	0.000162856
1853	0.000152851
1854	0.000143523
1855	0.000134822
1856	0.0001267
1857	0.000119116
1858	0.00011203
1859	0.000105406
1860	9.9211e-05
1861	0.000102287
1862	0.000105471
1863	0.000108767
1864	0.000112179
1865	0.000115737
1866	0.000119537
1867	0.000123503
1868	0.000127617
1869	0.000131887
1870	0.000136019
1871	0.000138405
1872	0.00014049
1873	0.000142571
1874	0.000144644
1875	0.000147517
1876	0.00015543
1877	0.000164617
1878	0.000174292
1879	0.000184481
1880	0.000194681
1881	0.00020211
1882	0.000209285
1883	0.000216751
1884	0.000224521
1885	0.000232417
1886	0.000239376
1887	0.000246368
1888	0.000253592
1889	0.000261056
1890	0.000268964
1891	0.000278342
1892	0.000288306
1893	0.000298683
1894	0.000309492
1895	0.000320987
1896	0.000334425
1897	0.000348749
1898	0.00036376
1899	0.000379496
1900	0.0003958
1901	0.000411539
1902	0.000427788
1903	0.00044478
1904	0.000462557
1905	0.000481089
1906	0.000499909
1907	0.000519517
1908	0.000540027
1909	0.00056149
1910	0.000584083
1911	0.00060837
1912	0.000633979
1913	0.000660853
1914	0.000689065
1915	0.000718692
1916	0.000749818
1917	0.000782533
1918	0.000816933
1919	0.00085312
1920	0.000891204
1921	0.000851291
1922	0.000855792
1923	0.000869666
1924	0.000889061
1925	0.000912263
1926	0.000936872
1927	0.0009642
1928	0.000994446
1929	0.00102757
1930	0.00106442
1931	0.00110942
1932	0.00115893
1933	0.00121238
1934	0.00127006
1935	0.00133157
1936	0.00139304
1937	0.0014585
1938	0.00152903
1939	0.00160508
1940	0.00168456
1941	0.00175391
1942	0.0018254
1943	0.00190203
1944	0.00198429
1945	0.0020796
1946	0.00222665
1947	0.00239575
1948	0.00258191
1949	0.00278732
1950	0.00301219
1951	0.00324618
1952	0.00350313
1953	0.00378918
1954	0.00410882
1955	0.004464
1956	0.00484146
1957	0.00526375
1958	0.00574344
1959	0.006292
1960	0.00692314
1961	0.0073196
1962	0.0077458
1963	0.00820612
1964	0.0087043
1965	0.00925214
1966	0.00989631
1967	0.0106099
1968	0.0113933
1969	0.0122561
1970	0.0132018
1971	0.0141973
1972	0.0152939
1973	0.0165166
1974	0.017887
1975	0.019432
1976	0.0211858
1977	0.0231924
1978	0.0255103
1979	0.0282187
1980	0.031437
1981	0.0353648
1982	0.0402397
1983	0.0464984
1984	0.0550093
1985	0.0679897
1986	0.0529632
1987	0.0453658
1988	0.0400749
1989	0.0360165
1990	0.032715
1991	0.0298158
1992	0.0273261
1993	0.025174
1994	0.0232907
1995	0.021641
1996	0.0202469
1997	0.0190075
1998	0.0178872
1999	0.0168693
2000	0.0159335
2001	0.0150375
2002	0.0142084
2003	0.0134448
2004	0.0127395
2005	0.0120916
2006	0.0125591
2007	0.0130579
2008	0.0135847
2009	0.0141418
2010	0.0147291
2011	0.0153303
2012	0.0159653
2013	0.0166398
2014	0.0173575
2015	0.0181194
2016	0.0189064
2017	0.0197445
2018	0.0206429
2019	0.0216082
2020	0.0226587
2021	0.0238585
2022	0.0251735
2023	0.0266084
2024	0.0281812
2025	0.0299009
2026	0.0317221
2027	0.0337394
2028	0.0360111
2029	0.0385988
2030	0.0416019
2031	0.0452022
2032	0.049587
2033	0.0551621
2034	0.0629144
2035	0.0774741
2036	0.0763
2037	0.0752121
2038	0.074203
2039	0.0732583
2040	0.0724215
2041	0.071925
2042	0.0715165
2043	0.0711376
2044	0.0707851
2045	0.0704103
2046	0.0697592
2047	0.0690864
2048	0.0684355
2049	0.0678051
2050	0.0672127
2051	0.0667261
2052	0.0662738
2053	0.0658361
2054	0.0654121
2055	0.0649887
2056	0.0644793
2057	0.0639703
2058	0.0634738
2059	0.0629892
2060	0.0625343
2061	0.0621752
2062	0.0618442
2063	0.0615232
2064	0.0612118
2065	0.06091
2066	0.0611511
2067	0.061397
2068	0.0616481
2069	0.0619044
2070	0.0621848
2071	0.0625579
2072	0.0629571
2073	0.0633644
2074	0.0637801
2075	0.0641792
2076	0.0644209
2077	0.0646439
2078	0.0648741
2079	0.065112
2080	0.0653713
2081	0.0657059
2082	0.0660645
2083	0.0664348
2084	0.0668176
2085	0.0672208
2086	0.0676526
2087	0.0681077
2088	0.0685808
2089	0.0690737
2090	0.0695743
2091	0.0700269
2092	0.0704909
2093	0.0709839
2094	0.0715107
2095	0.0721068
2096	0.0729483
2097	0.0738837
2098	0.0748987
2099	0.0760175
2100	0.0772716
2101	0.0772884
2102	0.0772978
2103	0.077308
2104	0.0773189
2105	0.0773145
2106	0.0772139
2107	0.0770978
2108	0.0769823
2109	0.0768674
2110	0.0767613
2111	0.076721
2112	0.0766896
2113	0.0766592
2114	0.0766299
2115	0.0766015
2116	0.076558
2117	0.0765156
2118	0.0764743
2119	0.0764344
2120	0.0763957
2121	0.076342
2122	0.0762897
2123	0.076239
2124	0.0761899
2125	0.0761673
2126	0.076279
2127	0.0764179
2128	0.0765595
2129	0.076704
2130	0.0768183
2131	0.0767526
2132	0.0766564
2133	0.0765633
2134	0.0764737
2135	0.076413
2136	0.0765248
2137	0.0766675
2138	0.0768165
2139	0.076973
2140	0.0771126
2141	0.0771094
2142	0.0770919
2143	0.0770883
2144	0.0771024
2145	0.0771661
2146	0.0773846
2147	0.077684
2148	0.0780859
2149	0.078037
2150	0.0779796
2151	0.0778353
2152	0.0776825
2153	0.0775297
2154	0.0773771
2155	0.0772247
2156	0.0770375
2157	0.0768506
2158	0.0766637
2159	0.076477
2160	0.0761862
2161	0.0752535
2162	0.074217
2163	0.073181
2164	0.0721453
2165	0.0713095
2166	0.0716879
2167	0.0722656
2168	0.0728432
2169	0.0734207
2170	0.0739373
2171	0.0740554
2172	0.0741128
2173	0.0741703
2174	0.0742278
2175	0.0742507
2176	0.0740659
2177	0.0738466
2178	0.0736275
2179	0.0734084
2180	0.0732155
2181	0.0731956
2182	0.0732018
2183	0.073208
2184	0.0732142
2185	0.073186
2186	0.072933
2187	0.0726457
2188	0.0723584
2189	0.0720713
2190	0.0718276
2191	0.071843
2192	0.0719017
2193	0.0719605
2194	0.0720192
2195	0.0720522
2196	0.071947
2197	0.0718161
2198	0.0716852
2199	0.071539
2200	0.071367
2201	0.0710401
2202	0.0706877
2203	0.0703356
2204	0.0699838
2205	0.0696754
2206	0.069591
2207	0.0695497
2208	0.0695085
2209	0.0694674
2210	0.0694178
2211	0.0693339
2212	0.0692416
2213	0.0691494
2214	0.0690573
2215	0.0689654
2216	0.0688736
2217	0.0687819
2218	0.0686904
2219	0.0685989
2220	0.0684905
2221	0.0682795
2222	0.0680515
2223	0.0678238
2224	0.0675962
2225	0.067386
2226	0.0672785
2227	0.0671883
2228	0.0670981
2229	0.0670081
2230	0.0669182
2231	0.0668113
2232	0.0667046
2233	0.0665979
2234	0.0664914
2235	0.066368
2236	0.0661254
2237	0.065866
2238	0.0656068
2239	0.0653479
2240	0.0651146
2241	0.0650347
2242	0.0649804
2243	0.0649261
2244	0.0648719
2245	0.0648009
2246	0.064645
2247	0.0644722
2248	0.0642996
2249	0.0641271
2250	0.0639548
2251	0.0637488
2252	0.0635429
2253	0.0633371
2254	0.0631316
2255	0.0629431
2256	0.0628733
2257	0.0628206
2258	0.0627679
2259	0.0627152
2260	0.0626542
2261	0.0625088
2262	0.062355
2263	0.0622013
2264	0.0620478
2265	0.0619112
2266	0.0618424
2267	0.0617904
2268	0.0617386
2269	0.0616868
2270	0.0616267
2271	0.0612666
2272	0.0609094
2273	0.0605625
2274	0.060225
2275	0.0598795
2276	0.0594598
2277	0.0590319
2278	0.0586117
2279	0.0581987
2280	0.0578167
2281	0.0575861
2282	0.0573844
2283	0.0571871
2284	0.0569939
2285	0.0568047
2286	0.0565874
2287	0.0563739
2288	0.056164
2289	0.0559574
2290	0.0557228
2291	0.0552885
2292	0.0548274
2293	0.0543707
2294	0.0539183
2295	0.0535163
2296	0.0533642
2297	0.0532603
2298	0.0531583
2299	0.0530582
2300	0.0529522
2301	0.0527872
2302	0.0526166
2303	0.0524479
2304	0.0522812
2305	0.0521088
2306	0.0519083
2307	0.0517022
2308	0.0514981
2309	0.0512958
2310	0.0510953
2311	0.050867
2312	0.0506406
2313	0.050416
2314	0.0501931
2315	0.0499721
2316	0.0497673
2317	0.0495641
2318	0.0493625
2319	0.0491624
2320	0.0489421
2321	0.0485643
2322	0.0481672
2323	0.0477723
2324	0.0473797
2325	0.0470395
2326	0.0469728
2327	0.0469568
2328	0.0469413
2329	0.0469264
2330	0.0468906
2331	0.0467423
2332	0.0465739
2333	0.0464065
2334	0.0462403
2335	0.0460751
2336	0.0459109
2337	0.0457478
2338	0.0455857
2339	0.0454246
2340	0.0452713
2341	0.0451607
2342	0.0450576
2343	0.0449553
2344	0.0448537
2345	0.044739
2346	0.0445565
2347	0.0443613
2348	0.044167
2349	0.0439738
2350	0.043768
2351	0.043468
2352	0.0431559
2353	0.0428452
2354	0.0425358
2355	0.0422683
2356	0.0422175
2357	0.0422075
2358	0.0421977
2359	0.0421881
2360	0.0421721
2361	0.0405696
2362	0.0391366
2363	0.0378419
2364	0.0366593
2365	0.0355645
2366	0.0345051
2367	0.0335112
2368	0.0325795
2369	0.0317025
2370	0.0308694
2371	0.0300513
2372	0.0292697
2373	0.0285256
2374	0.0278159
2375	0.0271554
2376	0.0266099
2377	0.026104
2378	0.0256185
2379	0.0251519
2380	0.0246709
2381	0.0240272
2382	0.0233758
2383	0.0227474
2384	0.0221407
2385	0.0215909
2386	0.0212743
2387	0.0210027
2388	0.0207392
2389	0.0204834
2390	0.0202215
2391	0.0198879
2392	0.0195507
2393	0.0192231
2394	0.0189045
2395	0.0185945
2396	0.0182867
2397	0.0179871
2398	0.0176952
2399	0.0174107
2400	0.0171334
2401	0.0168687
2402	0.0166104
2403	0.0163583
2404	0.0161122
2405	0.0158718
2406	0.0156423
2407	0.015418
2408	0.0151987
2409	0.0149842
2410	0.014762
2411	0.0144708
2412	0.014174
2413	0.013884
2414	0.0136006
2415	0.0133421
2416	0.0131909
2417	0.0130608
2418	0.0129331
2419	0.0128078
2420	0.012678
2421	0.0125073
2422	0.0123334
2423	0.012163
2424	0.0119958
2425	0.0118339
2426	0.0116873
2427	0.0115454
2428	0.0114061
2429	0.0112693
2430	0.011133
2431	0.0109798
2432	0.0108276
2433	0.0106781
2434	0.0105313
2435	0.010389
2436	0.0102637
2437	0.0101424
2438	0.0100231
2439	0.00990584
2440	0.00978877
2441	0.00965989
2442	0.00953151
2443	0.0094053
2444	0.00928122
2445	0.00915757
2446	0.00902948
2447	0.00890193
2448	0.00877652
2449	0.00865321
2450	0.00853508
2451	0.00805276
2452	0.00761083
2453	0.00720222
2454	0.00682354
2455	0.00647423
2456	0.00616044
2457	0.00586966
2458	0.00559766
2459	0.00534282
2460	0.00510275
2461	0.00487004
2462	0.00465046
2463	0.00444385
2464	0.00424921
2465	0.00406414
2466	0.00388229
2467	0.0037093
2468	0.00354592
2469	0.00339149
2470	0.00324661
2471	0.00311757
2472	0.00299619
2473	0.00288084
2474	0.00277113
2475	0.00266522
2476	0.00255479
2477	0.00244845
2478	0.00234738
2479	0.00225125
2480	0.00216102
2481	0.00208068
2482	0.00200514
2483	0.00193298
2484	0.001864
2485	0.00179872
2486	0.0017396
2487	0.00168356
2488	0.00162978
2489	0.00157814
2490	0.00152592
2491	0.00145994
2492	0.00139454
2493	0.00133218
2494	0.00127269
2495	0.00121966
2496	0.0011897
2497	0.00116418
2498	0.00113934
2499	0.00111516
2500	0.00108993
2501	0.000440945
2502	0.000201686
2503	0.000100116
2504	5.27319e-05
2505	2.90641e-05
2506	1.65822e-05
2507	9.74806e-06
2508	5.87802e-06
2509	3.62265e-06
2510	2.27601e-06
2511	1.45592e-06
2512	9.45563e-07
2513	6.2242e-07
2514	4.14729e-07
2515	2.79422e-07
2516	1.90261e-07
2517	1.30769e-07
2518	9.06602e-08
2519	6.33607e-08
2520	4.46238e-08
2521	3.16751e-08
2522	2.26367e-08
2523	1.62777e-08
2524	1.17734e-08
2525	8.56435e-09
2526	6.27044e-09
2527	4.61468e-09
2528	3.41215e-09
2529	2.53431e-09
2530	1.88998e-09
2531	1.41225e-09
2532	1.05918e-09
2533	7.97349e-10
2534	6.02394e-10
2535	4.5677e-10
2536	3.4779e-10
2537	2.65712e-10
2538	2.03627e-10
2539	1.5651e-10
2540	1.20639e-10
2541	9.3285e-11
2542	7.23257e-11
2543	5.62201e-11
2544	4.38099e-11
2545	3.42217e-11
2546	2.6783e-11
2547	2.10089e-11
2548	1.65159e-11
2549	1.30116e-11
2550	1.02722e-11
2551	8.12236e-12
2552	6.43509e-12
2553	5.10808e-12
2554	4.06227e-12
2555	3.23644e-12
2556	2.58193e-12
2557	2.06333e-12
2558	1.65166e-12
2559	1.3243e-12
2560	1.06376e-12
2561	8.56563e-13
2562	6.90935e-13
2563	5.58168e-13
2564	4.51573e-13
2565	3.65858e-13
2566	2.96697e-13
2567	2.40939e-13
2568	1.95923e-13
2569	1.59526e-13
2570	1.30058e-13
2571	1.0612e-13
2572	8.66948e-14
2573	7.09111e-14
2574	5.80699e-14
2575	4.76094e-14
2576	3.90778e-14
2577	3.21111e-14
2578	2.64154e-14
2579	2.17535e-14
2580	1.79293e-14
2581	1.47726e-14
2582	1.21813e-14
2583	1.00545e-14
2584	8.30721e-15
2585	6.87333e-15
2586	5.71081e-15
2587	4.75158e-15
2588	3.95715e-15
2589	3.29855e-15
2590	2.7514e-15
2591	2.29281e-15
2592	1.91187e-15
2593	1.59559e-15
2594	1.33275e-15
2595	1.11439e-15
2596	9.33433e-16
2597	7.82677e-16
2598	6.56791e-16
2599	5.51585e-16
2600	4.63589e-16
2601	3.00203e-16
2602	2.34373e-16
2603	1.89521e-16
2604	1.56142e-16
2605	1.30219e-16
2606	1.09456e-16
2607	9.26287e-17
2608	7.88151e-17
2609	6.73636e-17
2610	5.77958e-17
2611	4.97737e-17
2612	4.2989e-17
2613	3.72242e-17
2614	3.23065e-17
2615	2.80968e-17
2616	2.44587e-17
2617	2.13286e-17
2618	1.86289e-17
2619	1.6295e-17
2620	1.42664e-17
2621	1.24645e-17
2622	1.08979e-17
2623	9.53866e-18
2624	8.35768e-18
2625	7.33917e-18
2626	6.49555e-18
2627	5.76128e-18
2628	5.11449e-18
2629	4.54412e-18
2630	4.03863e-18
2631	3.58171e-18
2632	3.17731e-18
2633	2.82059e-18
2634	2.50566e-18
2635	2.22683e-18
2636	1.97547e-18
2637	1.75313e-18
2638	1.55673e-18
2639	1.38312e-18
2640	1.23017e-18
2641	1.098e-18
2642	9.81041e-19
2643	8.77002e-19
2644	7.84396e-19
2645	7.01917e-19
2646	6.27789e-19
2647	5.61754e-19
2648	5.02896e-19
2649	4.50407e-19
2650	4.03574e-19
2651	3.61404e-19
2652	3.23775e-19
2653	2.90182e-19
2654	2.60178e-19
2655	2.33427e-19
2656	2.09719e-19
2657	1.88539e-19
2658	1.6956e-19
2659	1.52548e-19
2660	1.37257e-19
2661	1.23354e-19
2662	1.1087e-19
2663	9.96822e-20
2664	8.96529e-20
2665	8.07002e-20
2666	7.2814e-20
2667	6.57531e-20
2668	5.93957e-20
2669	5.36695e-20
2670	4.84977e-20
2671	4.37254e-20
2672	3.9424e-20
2673	3.55559e-20
2674	3.20763e-20
2675	2.89528e-20
2676	2.61677e-20
2677	2.36632e-20
2678	2.14042e-20
2679	1.93661e-20
2680	1.75266e-20
2681	1.58661e-20
2682	1.43665e-20
2683	1.3012e-20
2684	1.17882e-20
2685	1.06821e-20
2686	9.67205e-21
2687	8.7596e-21
2688	7.9351e-21
2689	7.18989e-21
2690	6.51617e-21
2691	5.91007e-21
2692	5.36156e-21
2693	4.86506e-21
2694	4.41551e-21
2695	4.0084e-21
2696	3.63767e-21
2697	3.30193e-21
2698	2.99782e-21
2699	2.72228e-21
2700	2.47325e-21
2701	2.80345e-21
2702	3.17993e-21
2703	3.60854e-21
2704	4.09669e-21
2705	4.65292e-21
2706	5.28701e-21
2707	6.01018e-21
2708	6.83534e-21
2709	7.77733e-21
2710	8.85317e-21
2711	1.0088e-20
2712	1.15004e-20
2713	1.31168e-20
2714	1.49674e-20
2715	1.70873e-20
2716	1.95063e-20
2717	2.22785e-20
2718	2.54573e-20
2719	2.91041e-20
2720	3.329e-20
2721	3.80764e-20
2722	4.35731e-20
2723	4.9889e-20
2724	5.71502e-20
2725	6.55208e-20
2726	7.51991e-20
2727	8.63775e-20
2728	9.92716e-20
2729	1.14153e-19
2730	1.31339e-19
2731	1.51029e-19
2732	1.73769e-19
2733	2.00048e-19
2734	2.30433e-19
2735	2.6559e-19
2736	3.06463e-19
2737	3.53839e-19
2738	4.08786e-19
2739	4.72556e-19
2740	5.46613e-19
2741	6.3303e-19
2742	7.33577e-19
2743	8.50641e-19
2744	9.8703e-19
2745	1.14604e-18
2746	1.33081e-18
2747	1.54641e-18
2748	1.79817e-18
2749	2.09237e-18
2750	2.43641e-18
2751	2.83742e-18
2752	3.3068e-18
2753	3.85665e-18
2754	4.50124e-18
2755	5.25751e-18
2756	6.14549e-18
2757	7.18898e-18
2758	8.41621e-18
2759	9.86073e-18
2760	1.15625e-17
2761	1.35768e-17
2762	1.59552e-17
2763	1.8766e-17
2764	2.20908e-17
2765	2.60272e-17
2766	3.07099e-17
2767	3.62674e-17
2768	4.28695e-17
2769	5.07202e-17
2770	6.00473e-17
2771	7.10741e-17
2772	8.41824e-17
2773	9.98057e-17
2774	1.18446e-16
2775	1.40711e-16
2776	1.67432e-16
2777	1.99436e-16
2778	2.37812e-16
2779	2.83881e-16
2780	3.3925e-16
2781	4.06118e-16
2782	4.86727e-16
2783	5.8402e-16
2784	7.016e-16
2785	8.4388e-16
2786	1.01628e-15
2787	1.22545e-15
2788	1.47958e-15
2789	1.78878e-15
2790	2.16552e-15
2791	2.62363e-15
2792	3.18313e-15
2793	3.8675e-15
2794	4.70591e-15
2795	5.73644e-15
2796	7.00766e-15
2797	8.57671e-15
2798	1.0514e-14
2799	1.29103e-14
2800	1.58796e-14
2801	1.83399e-14
2802	2.11944e-14
2803	2.45086e-14
2804	2.8359e-14
2805	3.28456e-14
2806	3.80904e-14
2807	4.42157e-14
2808	5.13607e-14
2809	5.97012e-14
2810	6.94444e-14
2811	8.08349e-14
2812	9.41612e-14
2813	1.09764e-13
2814	1.28048e-13
2815	1.49488e-13
2816	1.74545e-13
2817	2.03958e-13
2818	2.38516e-13
2819	2.79153e-13
2820	3.26978e-13
2821	3.83075e-13
2822	4.49172e-13
2823	5.27123e-13
2824	6.19139e-13
2825	7.2809e-13
2826	8.57523e-13
2827	1.01121e-12
2828	1.19356e-12
2829	1.41014e-12
2830	1.66763e-12
2831	1.97284e-12
2832	2.33627e-12
2833	2.76948e-12
2834	3.28646e-12
2835	3.90412e-12
2836	4.63996e-12
2837	5.52061e-12
2838	6.57586e-12
2839	7.84189e-12
2840	9.36272e-12
2841	1.11992e-11
2842	1.34125e-11
2843	1.60835e-11
2844	1.93114e-11
2845	2.32179e-11
2846	2.79345e-11
2847	3.36558e-11
2848	4.06065e-11
2849	4.9064e-11
2850	5.93717e-11
2851	7.1955e-11
2852	8.73424e-11
2853	1.06192e-10
2854	1.29323e-10
2855	1.57761e-10
2856	1.92918e-10
2857	2.36335e-10
2858	2.90063e-10
2859	3.56687e-10
2860	4.39481e-10
2861	5.42596e-10
2862	6.71316e-10
2863	8.32376e-10
2864	1.0344e-09
2865	1.28844e-09
2866	1.60658e-09
2867	2.00828e-09
2868	2.51689e-09
2869	3.16277e-09
2870	3.98683e-09
2871	5.04359e-09
2872	6.40196e-09
2873	8.15184e-09
2874	1.04143e-08
2875	1.33551e-08
2876	1.72e-08
2877	2.22434e-08
2878	2.88805e-08
2879	3.76555e-08
2880	4.93143e-08
2881	6.47973e-08
2882	8.55644e-08
2883	1.13584e-07
2884	1.51627e-07
2885	2.03631e-07
2886	2.75427e-07
2887	3.75133e-07
2888	5.1479e-07
2889	7.12245e-07
2890	9.94316e-07
2891	1.40191e-06
2892	1.99852e-06
2893	2.88469e-06
2894	4.22349e-06
2895	6.28725e-06
2896	9.5416e-06
2897	1.48481e-05
2898	2.39052e-05
2899	4.06328e-05
2900	8.14067e-05
2901	8.30317e-05
2902	8.46942e-05
2903	8.6395e-05
2904	8.81353e-05
2905	8.99161e-05
2906	9.16745e-05
2907	9.3473e-05
2908	9.53125e-05
2909	9.71942e-05
2910	9.91191e-05
2911	0.000101018
2912	0.000102959
2913	0.000104943
2914	0.000106973
2915	0.000109049
2916	0.000111251
2917	0.000113505
2918	0.000115813
2919	0.000118176
2920	0.000120595
2921	0.000123072
2922	0.00012561
2923	0.000128208
2924	0.00013087
2925	0.000133597
2926	0.00013639
2927	0.000139253
2928	0.000142186
2929	0.000145192
2930	0.000148273
2931	0.000151321
2932	0.000154444
2933	0.000157644
2934	0.000160922
2935	0.000164282
2936	0.000167849
2937	0.000171507
2938	0.00017526
2939	0.00017911
2940	0.000183062
2941	0.000186978
2942	0.000190995
2943	0.000195116
2944	0.000199343
2945	0.000203756
2946	0.000208442
2947	0.000213336
2948	0.000218367
2949	0.000223538
2950	0.000228856
2951	0.000234324
2952	0.000239948
2953	0.000245733
2954	0.000251684
2955	0.000257808
2956	0.000263912
2957	0.000270189
2958	0.000276648
2959	0.000283293
2960	0.000290131
2961	0.000297395
2962	0.000304878
2963	0.000312588
2964	0.000320534
2965	0.000328723
2966	0.000336909
2967	0.000345344
2968	0.000354036
2969	0.000362997
2970	0.000372236
2971	0.000382057
2972	0.000392193
2973	0.000402658
2974	0.000413464
2975	0.000424626
2976	0.00043582
2977	0.000447381
2978	0.000459322
2979	0.00047166
2980	0.00048441
2981	0.000497977
2982	0.000512015
2983	0.000526544
2984	0.000541587
2985	0.000557165
2986	0.000572857
2987	0.000589109
2988	0.000605945
2989	0.000623393
2990	0.000641483
2991	0.000660764
2992	0.000680782
2993	0.000701576
2994	0.000723185
2995	0.000745652
2996	0.000769025
2997	0.000793355
2998	0.000818697
2999	0.000845114
3000	0.000872675
3001	0.000872092
3002	0.000871508
3003	0.000870923
3004	0.000870337
3005	0.00086975
3006	0.000869855
3007	0.00086996
3008	0.000870065
3009	0.000870171
3010	0.000870277
3011	0.000870383
3012	0.000870489
3013	0.000870595
3014	0.000870702
3015	0.000870808
3016	0.000870215
3017	0.000869621
3018	0.000869025
3019	0.000868429
3020	0.000867831
3021	0.000867233
3022	0.000866633
3023	0.000866032
3024	0.000865431
3025	0.000864828
3026	0.000864931
3027	0.000865034
3028	0.000865138
3029	0.000865241
3030	0.000865346
3031	0.00086474
3032	0.000864134
3033	0.000863526
3034	0.000862918
3035	0.000862309
3036	0.000860985
3037	0.000859659
3038	0.000858331
3039	0.000857001
3040	0.000856027
3041	0.000857201
3042	0.000858736
3043	0.000860275
3044	0.000861817
3045	0.000863362
3046	0.00086419
3047	0.000865021
3048	0.000865853
3049	0.000866688
3050	0.000867525
3051	0.00086764
3052	0.000867756
3053	0.000867873
3054	0.00086799
3055	0.000868108
3056	0.000868228
3057	0.000868348
3058	0.000868469
3059	0.000868591
3060	0.000868714
3061	0.000867376
3062	0.000866037
3063	0.000864696
3064	0.000863354
3065	0.000862376
3066	0.000862132
3067	0.000862256
3068	0.000862381
3069	0.000862507
3070	0.000862635
3071	0.000863503
3072	0.000864373
3073	0.000865247
3074	0.000866124
3075	0.000867004
3076	0.000866404
3077	0.000865804
3078	0.000865204
3079	0.000864606
3080	0.000864007
3081	0.00086341
3082	0.000862813
3083	0.000862217
3084	0.000861623
3085	0.000861029
3086	0.000860436
3087	0.000859845
3088	0.000859255
3089	0.000858667
3090	0.000858081
3091	0.000857496
3092	0.000856914
3093	0.000856334
3094	0.000855756
3095	0.000855181
3096	0.000854609
3097	0.00085404
3098	0.000853475
3099	0.000852913
3100	0.000852355
3101	0.000843634
3102	0.000841593
3103	0.000841618
3104	0.000842768
3105	0.00084466
3106	0.000846337
3107	0.000848435
3108	0.000850876
3109	0.000853607
3110	0.000856589
3111	0.000859014
3112	0.000861629
3113	0.000864417
3114	0.000867364
3115	0.000870856
3116	0.000875295
3117	0.000880282
3118	0.000885414
3119	0.000890686
3120	0.000896093
3121	0.000901632
3122	0.000907301
3123	0.000913096
3124	0.000919017
3125	0.000925063
3126	0.000931231
3127	0.000937521
3128	0.000943932
3129	0.000950465
3130	0.000957119
3131	0.000963893
3132	0.000970789
3133	0.000977807
3134	0.000984947
3135	0.000992209
3136	0.00099866
3137	0.00100522
3138	0.00101189
3139	0.00101867
3140	0.00102555
3141	0.00103353
3142	0.00104164
3143	0.00104987
3144	0.00105824
3145	0.00106675
3146	0.00107437
3147	0.00108211
3148	0.00108997
3149	0.00109795
3150	0.00110605
3151	0.00111535
3152	0.0011248
3153	0.0011344
3154	0.00114415
3155	0.00115405
3156	0.00116411
3157	0.00117433
3158	0.00118471
3159	0.00119526
3160	0.00120598
3161	0.00121804
3162	0.00123031
3163	0.00124277
3164	0.00125544
3165	0.00126833
3166	0.00127895
3167	0.00128973
3168	0.00130069
3169	0.00131182
3170	0.00132377
3171	0.00133723
3172	0.00135156
3173	0.00136615
3174	0.00138098
3175	0.00139607
3176	0.00140866
3177	0.00142147
3178	0.00143448
3179	0.00144771
3180	0.00146116
3181	0.00147629
3182	0.00149169
3183	0.00150735
3184	0.00152329
3185	0.00153951
3186	0.00155757
3187	0.00157595
3188	0.00159468
3189	0.00161376
3190	0.00163319
3191	0.00165136
3192	0.00166986
3193	0.0016887
3194	0.0017079
3195	0.00172747
3196	0.00174567
3197	0.0017642
3198	0.00178309
3199	0.00180233
3200	0.00182285
3201	0.00181357
3202	0.00180527
3203	0.00179704
3204	0.00178888
3205	0.00178077
3206	0.00177096
3207	0.00176122
3208	0.00175155
3209	0.00174197
3210	0.00173246
3211	0.00172128
3212	0.0017102
3213	0.0016992
3214	0.00168828
3215	0.00167745
3216	0.00166841
3217	0.00165944
3218	0.00165054
3219	0.0016417
3220	0.00163293
3221	0.00162423
3222	0.00161559
3223	0.00160701
3224	0.00159849
3225	0.00159004
3226	0.00158328
3227	0.00157657
3228	0.0015699
3229	0.00156328
3230	0.0015567
3231	0.00154857
3232	0.0015405
3233	0.00153248
3234	0.00152452
3235	0.00151661
3236	0.00150876
3237	0.00150097
3238	0.00149322
3239	0.00148553
3240	0.00147789
3241	0.00147031
3242	0.00146277
3243	0.00145529
3244	0.00144785
3245	0.00144047
3246	0.00143464
3247	0.00142884
3248	0.00142308
3249	0.00141736
3250	0.00141167
3251	0.00140307
3252	0.00139453
3253	0.00138604
3254	0.00137762
3255	0.00136925
3256	0.00136238
3257	0.00135555
3258	0.00134877
3259	0.00134203
3260	0.00133533
3261	0.00132868
3262	0.00132206
3263	0.00131549
3264	0.00130896
3265	0.00130247
3266	0.00129603
3267	0.00128962
3268	0.00128325
3269	0.00127692
3270	0.00127063
3271	0.00126438
3272	0.00125816
3273	0.00125199
3274	0.00124585
3275	0.00123975
3276	0.00123368
3277	0.00122766
3278	0.00122167
3279	0.00121571
3280	0.00120979
3281	0.00120391
3282	0.00119806
3283	0.00119225
3284	0.00118647
3285	0.00118072
3286	0.0011763
3287	0.00117189
3288	0.00116752
3289	0.00116316
3290	0.0011582
3291	0.00115074
3292	0.0011427
3293	0.00113471
3294	0.00112677
3295	0.0011195
3296	0.00111351
3297	0.00110818
3298	0.00110287
3299	0.0010976
3300	0.00109236
3301	0.00110478
3302	0.00111738
3303	0.00113017
3304	0.00114316
3305	0.00115635
3306	0.00116712
3307	0.00117804
3308	0.00118911
3309	0.00120033
3310	0.0012117
3311	0.00122462
3312	0.00123773
3313	0.00125104
3314	0.00126455
3315	0.00127826
3316	0.00128925
3317	0.00130038
3318	0.00131165
3319	0.00132308
3320	0.00133543
3321	0.00135108
3322	0.00136777
3323	0.00138475
3324	0.00140201
3325	0.00141957
3326	0.0014341
3327	0.00144886
3328	0.00146385
3329	0.00147907
3330	0.00149454
3331	0.00151201
3332	0.00152979
3333	0.00154787
3334	0.00156626
3335	0.00158497
3336	0.00160401
3337	0.00162339
3338	0.00164311
3339	0.00166318
3340	0.00168361
3341	0.00170442
3342	0.00172561
3343	0.00174719
3344	0.00176917
3345	0.00179157
3346	0.00181223
3347	0.00183326
3348	0.00185469
3349	0.0018765
3350	0.00189873
3351	0.0019237
3352	0.00194917
3353	0.00197515
3354	0.00200166
3355	0.00202872
3356	0.00205635
3357	0.00208455
3358	0.00211335
3359	0.00214278
3360	0.00217284
3361	0.00220356
3362	0.00223496
3363	0.00226706
3364	0.0022999
3365	0.00233349
3366	0.00236786
3367	0.00240304
3368	0.00243906
3369	0.00247595
3370	0.00251374
3371	0.00255247
3372	0.00259217
3373	0.00263288
3374	0.00267465
3375	0.00271751
3376	0.00276151
3377	0.00280671
3378	0.00285314
3379	0.00290087
3380	0.00294996
3381	0.00300423
3382	0.00306011
3383	0.0031177
3384	0.00317708
3385	0.00323833
3386	0.00329743
3387	0.00335845
3388	0.00342148
3389	0.00348664
3390	0.00355406
3391	0.00362387
3392	0.00369622
3393	0.00377125
3394	0.00384916
3395	0.00393013
3396	0.0040093
3397	0.00409174
3398	0.00417771
3399	0.00426749
3400	0.0043642
3401	0.00439273
3402	0.00442437
3403	0.00445633
3404	0.00448863
3405	0.00451838
3406	0.00453685
3407	0.00455257
3408	0.00456843
3409	0.00458444
3410	0.00460355
3411	0.00462882
3412	0.00465735
3413	0.00468618
3414	0.00471532
3415	0.00474477
3416	0.00476838
3417	0.00479223
3418	0.00481632
3419	0.00484068
3420	0.00486529
3421	0.00489016
3422	0.0049153
3423	0.00494072
3424	0.00496642
3425	0.00499239
3426	0.00501866
3427	0.00504523
3428	0.00507209
3429	0.00509927
3430	0.00512675
3431	0.00516135
3432	0.00519637
3433	0.00523182
3434	0.0052677
3435	0.00530403
3436	0.00533379
3437	0.00536391
3438	0.00539441
3439	0.0054253
3440	0.00545658
3441	0.00548826
3442	0.00552035
3443	0.00555287
3444	0.00558581
3445	0.0056192
3446	0.00565304
3447	0.00568735
3448	0.00572213
3449	0.00575741
3450	0.00579318
3451	0.0058373
3452	0.00588208
3453	0.00592752
3454	0.00597364
3455	0.00602047
3456	0.00605987
3457	0.00609989
3458	0.00614053
3459	0.00618183
3460	0.0062238
3461	0.00627493
3462	0.00632692
3463	0.00637979
3464	0.00643357
3465	0.00648828
3466	0.00653512
3467	0.0065828
3468	0.00663136
3469	0.00668083
3470	0.00673124
3471	0.00678263
3472	0.00683504
3473	0.00688849
3474	0.00694305
3475	0.00699876
3476	0.00705565
3477	0.00711379
3478	0.00717324
3479	0.00723404
3480	0.00729628
3481	0.00737018
3482	0.00744586
3483	0.00752341
3484	0.00760294
3485	0.00768455
3486	0.00775765
3487	0.00783284
3488	0.00791026
3489	0.00799006
3490	0.0080724
3491	0.00815749
3492	0.00824554
3493	0.00833679
3494	0.00843155
3495	0.00853014
3496	0.00863299
3497	0.00874059
3498	0.00885355
3499	0.00897267
3500	0.00909898
3501	0.0091051
3502	0.00911124
3503	0.0091174
3504	0.00912358
3505	0.00912978
3506	0.00912314
3507	0.0091165
3508	0.00910986
3509	0.00910323
3510	0.0090966
3511	0.00908998
3512	0.00908337
3513	0.00907676
3514	0.00907015
3515	0.00906355
3516	0.00905696
3517	0.00905037
3518	0.00904379
3519	0.00903721
3520	0.00903064
3521	0.00903708
3522	0.00904355
3523	0.00905005
3524	0.00905657
3525	0.00906311
3526	0.00905664
3527	0.00905017
3528	0.00904372
3529	0.00903727
3530	0.00903083
3531	0.0090375
3532	0.0090442
3533	0.00905093
3534	0.00905769
3535	0.00906449
3536	0.00905816
3537	0.00905185
3538	0.00904556
3539	0.00903927
3540	0.009033
3541	0.00903995
3542	0.00904692
3543	0.00905394
3544	0.00906098
3545	0.00906807
3546	0.00906195
3547	0.00905584
3548	0.00904975
3549	0.00904368
3550	0.00903763
3551	0.0090316
3552	0.00902559
3553	0.00901961
3554	0.00901364
3555	0.0090077
3556	0.00900179
3557	0.00899589
3558	0.00899003
3559	0.00898419
3560	0.00897838
3561	0.00898601
3562	0.00899369
3563	0.00900142
3564	0.00900922
3565	0.00901707
3566	0.00901151
3567	0.00900598
3568	0.00900049
3569	0.00899505
3570	0.00898964
3571	0.00898428
3572	0.00897896
3573	0.00897369
3574	0.00896847
3575	0.0089633
3576	0.00895818
3577	0.00895313
3578	0.00894812
3579	0.00894319
3580	0.00893831
3581	0.00894716
3582	0.00895612
3583	0.00896517
3584	0.00897434
3585	0.00898361
3586	0.00897928
3587	0.00897504
3588	0.0089709
3589	0.00896687
3590	0.00896295
3591	0.00895915
3592	0.00895549
3593	0.00895196
3594	0.00894858
3595	0.00894537
3596	0.00895621
3597	0.00896728
3598	0.00897859
3599	0.00899016
3600	0.00900201
3601	0.0089922
3602	0.00898239
3603	0.00897258
3604	0.00896276
3605	0.00895293
3606	0.0089431
3607	0.00893327
3608	0.00892344
3609	0.0089136
3610	0.00890376
3611	0.00890794
3612	0.00891213
3613	0.00891633
3614	0.00892054
3615	0.00892476
3616	0.00891493
3617	0.0089051
3618	0.00889526
3619	0.00888542
3620	0.00887558
3621	0.00887983
3622	0.00888408
3623	0.00888835
3624	0.00889263
3625	0.00889692
3626	0.0088871
3627	0.00887726
3628	0.00886743
3629	0.0088576
3630	0.00884776
3631	0.00885208
3632	0.00885641
3633	0.00886076
3634	0.00886512
3635	0.00886949
3636	0.00885967
3637	0.00884985
3638	0.00884003
3639	0.00883021
3640	0.00882038
3641	0.00882479
3642	0.00882921
3643	0.00883365
3644	0.00883809
3645	0.00884255
3646	0.00883276
3647	0.00882296
3648	0.00881316
3649	0.00880336
3650	0.00879356
3651	0.00878377
3652	0.00877397
3653	0.00876417
3654	0.00875437
3655	0.00874457
3656	0.00874911
3657	0.00875367
3658	0.00875825
3659	0.00876284
3660	0.00876744
3661	0.00877207
3662	0.00877671
3663	0.00878136
3664	0.00878604
3665	0.00879073
3666	0.0087666
3667	0.00874246
3668	0.00871831
3669	0.00869414
3670	0.00867719
3671	0.00867469
3672	0.00867944
3673	0.0086842
3674	0.00868899
3675	0.00869379
3676	0.00868412
3677	0.00867446
3678	0.0086648
3679	0.00865515
3680	0.0086455
3681	0.00863586
3682	0.00862623
3683	0.00861661
3684	0.00860699
3685	0.00859739
3686	0.00860237
3687	0.00860738
3688	0.00861242
3689	0.00861749
3690	0.00862259
3691	0.00861309
3692	0.00860361
3693	0.00859414
3694	0.00858468
3695	0.00857525
3696	0.00856583
3697	0.00855642
3698	0.00854704
3699	0.00853767
3700	0.00852833
3701	0.00853337
3702	0.00853842
3703	0.00854348
3704	0.00854857
3705	0.00855367
3706	0.00854403
3707	0.00853439
3708	0.00852475
3709	0.00851511
3710	0.00850546
3711	0.00851062
3712	0.00851579
3713	0.00852098
3714	0.00852619
3715	0.00853141
3716	0.00852181
3717	0.0085122
3718	0.00850259
3719	0.00849299
3720	0.00848338
3721	0.00848866
3722	0.00849396
3723	0.00849928
3724	0.00850461
3725	0.00850997
3726	0.0085004
3727	0.00849083
3728	0.00848126
3729	0.00847169
3730	0.00846212
3731	0.00846754
3732	0.00847297
3733	0.00847842
3734	0.0084839
3735	0.00848939
3736	0.00846483
3737	0.00844025
3738	0.00841565
3739	0.00839102
3740	0.00837392
3741	0.00837189
3742	0.00837742
3743	0.00838297
3744	0.00838853
3745	0.00839412
3746	0.00838459
3747	0.00837506
3748	0.00836554
3749	0.00835601
3750	0.00834648
3751	0.00835214
3752	0.00835782
3753	0.00836351
3754	0.00836923
3755	0.00837498
3756	0.0083655
3757	0.00835603
3758	0.00834655
3759	0.00833708
3760	0.00832761
3761	0.00833343
3762	0.00833927
3763	0.00834513
3764	0.00835102
3765	0.00835693
3766	0.00836286
3767	0.00836882
3768	0.0083748
3769	0.0083808
3770	0.00838682
3771	0.00837747
3772	0.00836813
3773	0.00835878
3774	0.00834944
3775	0.00834009
3776	0.00833076
3777	0.00832142
3778	0.00831208
3779	0.00830275
3780	0.00829342
3781	0.00829961
3782	0.00830582
3783	0.00831206
3784	0.00831832
3785	0.00832461
3786	0.00831536
3787	0.00830611
3788	0.00829687
3789	0.00828762
3790	0.00827839
3791	0.00828478
3792	0.00829121
3793	0.00829766
3794	0.00830415
3795	0.00831066
3796	0.00830151
3797	0.00829237
3798	0.00828323
3799	0.00827409
3800	0.00826496
3801	0.00822139
3802	0.00818739
3803	0.00815907
3804	0.00813461
3805	0.00811298
3806	0.00807813
3807	0.00804511
3808	0.00801362
3809	0.00798342
3810	0.00795433
3811	0.00794149
3812	0.00792947
3813	0.00791819
3814	0.00790756
3815	0.00789754
3816	0.0078729
3817	0.00784879
3818	0.00782519
3819	0.00780205
3820	0.00777935
3821	0.00777215
3822	0.0077653
3823	0.00775879
3824	0.0077526
3825	0.00774671
3826	0.00774112
3827	0.00773579
3828	0.00773074
3829	0.00772593
3830	0.00772137
3831	0.00770206
3832	0.007683
3833	0.00766416
3834	0.00764556
3835	0.00762717
3836	0.00762395
3837	0.00762092
3838	0.00761808
3839	0.00761542
3840	0.00761295
3841	0.00759573
3842	0.00757869
3843	0.00756184
3844	0.00754515
3845	0.00752864
3846	0.0075272
3847	0.00752592
3848	0.0075248
3849	0.00752384
3850	0.00752303
3851	0.00750748
3852	0.00749209
3853	0.00747685
3854	0.00746176
3855	0.00744683
3856	0.00743949
3857	0.00743229
3858	0.0074178
3859	0.00741091
3860	0.00740416
3861	0.00739757
3862	0.00739857
3863	0.00739227
3864	0.00739358
3865	0.00738758
3866	0.00737429
3867	0.0073686
3868	0.0073556
3869	0.00735022
3870	0.00733753
3871	0.00733994
3872	0.00734251
3873	0.00734525
3874	0.00734817
3875	0.00735126
3876	0.00733958
3877	0.00733555
3878	0.00732422
3879	0.00732057
3880	0.00730961
3881	0.00730634
3882	0.00730328
3883	0.00730043
3884	0.0072978
3885	0.00729541
3886	0.00730077
3887	0.00730639
3888	0.00731983
3889	0.00732601
3890	0.0073325
3891	0.00732418
3892	0.00731617
3893	0.00731606
3894	0.00730872
3895	0.00730175
3896	0.00731037
3897	0.00731184
3898	0.00732141
3899	0.0073239
3900	0.0073346
3901	0.00734376
3902	0.00735297
3903	0.00735456
3904	0.00736387
3905	0.00737322
3906	0.00737493
3907	0.00736897
3908	0.00737074
3909	0.00736482
3910	0.00736665
3911	0.00737627
3912	0.00737819
3913	0.00738792
3914	0.00738992
3915	0.00739976
3916	0.00739405
3917	0.00738837
3918	0.00739053
3919	0.0073849
3920	0.0073793
3921	0.00738942
3922	0.00739961
3923	0.007402
3924	0.00741231
3925	0.0074227
3926	0.00741735
3927	0.00741994
3928	0.00741466
3929	0.00741734
3930	0.00741213
3931	0.00742288
3932	0.00742573
3933	0.00743663
3934	0.00743962
3935	0.00745067
3936	0.00745379
3937	0.00744894
3938	0.00745217
3939	0.00744742
3940	0.00745077
3941	0.0074542
3942	0.0074658
3943	0.00746939
3944	0.00748118
3945	0.00748494
3946	0.00748062
3947	0.00747637
3948	0.00748035
3949	0.00747622
3950	0.00747216
3951	0.00747638
3952	0.00748892
3953	0.00749335
3954	0.00750613
3955	0.00751078
3956	0.00751553
3957	0.00752039
3958	0.00751706
3959	0.00752214
3960	0.00752734
3961	0.00754103
3962	0.00755488
3963	0.00756051
3964	0.00757468
3965	0.00758904
3966	0.0075867
3967	0.00759294
3968	0.00759088
3969	0.00759744
3970	0.00759567
3971	0.00761111
3972	0.00761823
3973	0.00763411
3974	0.00764167
3975	0.00765804
3976	0.00766608
3977	0.00766573
3978	0.00767425
3979	0.00767438
3980	0.00768345
3981	0.00769283
3982	0.00770253
3983	0.00772133
3984	0.00773177
3985	0.00774261
3986	0.00776269
3987	0.00777443
3988	0.00779553
3989	0.00780832
3990	0.00783061
3991	0.00783569
3992	0.00785039
3993	0.00785686
3994	0.00787316
3995	0.00788136
3996	0.00790876
3997	0.00792834
3998	0.00795851
3999	0.00798126
4000	0.00801527
