280	2.14111e-21
281	4.98059e-21
282	1.06325e-20
283	1.60149e-20
284	1.81249e-20
285	1.43925e-20
286	2.26121e-20
287	3.95866e-20
288	4.42878e-20
289	6.61765e-20
290	1.11101e-19
291	1.4733e-19
292	1.63497e-19
293	1.85922e-19
294	2.19259e-19
295	2.5981e-19
296	3.20596e-19
297	3.40582e-19
298	4.09692e-19
299	4.47414e-19
300	5.05672e-19
301	1.27144e-17
302	3.29296e-16
303	1.04687e-14
304	2.78033e-13
305	6.98648e-12
306	2.56009e-11
307	1.06266e-10
308	4.47333e-10
309	1.59116e-09
310	6.06066e-09
311	2.01792e-08
312	4.93891e-08
313	1.2244e-07
314	3.12764e-07
315	7.41186e-07
316	1.05903e-06
317	1.96547e-06
318	3.05262e-06
319	4.56103e-06
320	7.76436e-06
321	1.0979e-05
322	1.47818e-05
323	1.95346e-05
324	3.04673e-05
325	4.92556e-05
326	7.25485e-05
327	9.29993e-05
328	0.00011173
329	0.000147305
330	0.000199246
331	0.000211722
332	0.000240496
333	0.000268616
334	0.000308006
335	0.000366773
336	0.000366972
337	0.00038009
338	0.000464913
339	0.000543037
340	0.000640176
341	0.000669803
342	0.000738837
343	0.000830626
344	0.000776666
345	0.000874167
346	0.000999214
347	0.00108677
348	0.00114203
349	0.00121241
350	0.00143935
351	0.00160956
352	0.0016074
353	0.0017485
354	0.00211287
355	0.00227827
356	0.00221682
357	0.00200546
358	0.00193311
359	0.00226579
360	0.00293979
361	0.00281867
362	0.00302835
363	0.00349317
364	0.00370553
365	0.00412175
366	0.00494109
367	0.00518603
368	0.00511252
369	0.00551611
370	0.00607705
371	0.00604152
372	0.00614172
373	0.00578015
374	0.00551541
375	0.00618314
376	0.00721183
377	0.0081422
378	0.0098556
379	0.00925329
380	0.0090766
381	0.0099448
382	0.00825436
383	0.00673135
384	0.007807
385	0.0101892
386	0.010286
387	0.0109555
388	0.0111569
389	0.0125385
390	0.0148554
391	0.0164187
392	0.0157425
393	0.010472
394	0.0111358
395	0.0177135
396	0.0168859
397	0.0121424
398	0.0206203
399	0.0270304
400	0.0294332
401	0.0315094
402	0.033425
403	0.0337583
404	0.0349328
405	0.0354123
406	0.0355773
407	0.0361397
408	0.0387009
409	0.0412863
410	0.038574
411	0.0426131
412	0.0461753
413	0.0462258
414	0.0469357
415	0.0496655
416	0.052245
417	0.052535
418	0.0522446
419	0.0542369
420	0.053209
421	0.0591695
422	0.0606601
423	0.0605463
424	0.0618489
425	0.0645449
426	0.0644754
427	0.0641449
428	0.0651322
429	0.0612521
430	0.0517738
431	0.0517067
432	0.0754062
433	0.0761514
434	0.0735813
435	0.0808019
436	0.089567
437	0.0922454
438	0.0850547
439	0.0845772
440	0.0949788
441	0.0981284
442	0.105131
443	0.108984
444	0.109411
445	0.11315
446	0.108316
447	0.119499
448	0.124461
449	0.127092
450	0.133375
451	0.139165
452	0.136487
453	0.131165
454	0.138749
455	0.14186
456	0.147614
457	0.151396
458	0.151239
459	0.152136
460	0.15453
461	0.160698
462	0.16511
463	0.167371
464	0.165941
465	0.165852
466	0.169604
467	0.16771
468	0.174634
469	0.177935
470	0.175647
471	0.180522
472	0.189522
473	0.188035
474	0.192031
475	0.199212
476	0.197957
477	0.20206
478	0.208975
479	0.209125
480	0.213474
481	0.215716
482	0.217818
483	0.217496
484	0.216291
485	0.212254
486	0.185577
487	0.20049
488	0.216545
489	0.213812
490	0.231581
491	0.228707
492	0.223645
493	0.234598
494	0.236042
495	0.247084
496	0.242563
497	0.245219
498	0.242373
499	0.243708
500	0.245019
501	0.241385
502	0.243998
503	0.253023
504	0.246737
505	0.260199
506	0.270976
507	0.264374
508	0.260361
509	0.269715
510	0.267682
511	0.27293
512	0.278929
513	0.268376
514	0.264086
515	0.272023
516	0.269984
517	0.237637
518	0.256394
519	0.258742
520	0.277877
521	0.284507
522	0.289651
523	0.281014
524	0.296148
525	0.298041
526	0.287855
527	0.265801
528	0.292636
529	0.307851
530	0.303737
531	0.316176
532	0.311069
533	0.288936
534	0.301401
535	0.310502
536	0.318231
537	0.304603
538	0.313147
539	0.309066
540	0.30053
541	0.295416
542	0.314914
543	0.31634
544	0.325002
545	0.321504
546	0.321172
547	0.324055
548	0.320629
549	0.327195
550	0.327208
551	0.328448
552	0.333203
553	0.327783
554	0.332735
555	0.335022
556	0.33084
557	0.325058
558	0.327949
559	0.318065
560	0.322935
561	0.335672
562	0.327939
563	0.335276
564	0.333579
565	0.332536
566	0.322402
567	0.336742
568	0.337917
569	0.334067
570	0.332241
571	0.324955
572	0.339136
573	0.343627
574	0.342586
575	0.337738
576	0.337552
577	0.342751
578	0.337085
579	0.340049
580	0.343291
581	0.345393
582	0.349888
583	0.352999
584	0.353037
585	0.351637
586	0.346856
587	0.353867
588	0.348803
589	0.322986
590	0.336326
591	0.352963
592	0.353697
593	0.354676
594	0.357
595	0.358591
596	0.364246
597	0.367935
598	0.364482
599	0.364858
600	0.36811
601	0.365903
602	0.365531
603	0.373448
604	0.381797
605	0.383834
606	0.385173
607	0.388051
608	0.389541
609	0.389814
610	0.392698
611	0.395191
612	0.402916
613	0.400761
614	0.39615
615	0.405749
616	0.401305
617	0.401603
618	0.415981
619	0.423448
620	0.427876
621	0.432336
622	0.428875
623	0.431081
624	0.431985
625	0.42959
626	0.434028
627	0.447805
628	0.453393
629	0.456664
630	0.45619
631	0.454248
632	0.445322
633	0.461673
634	0.461726
635	0.464571
636	0.461373
637	0.474214
638	0.480705
639	0.478536
640	0.472281
641	0.474004
642	0.477938
643	0.484876
644	0.485114
645	0.490612
646	0.486258
647	0.492152
648	0.491923
649	0.482344
650	0.481981
651	0.502417
652	0.504489
653	0.508546
654	0.505007
655	0.484851
656	0.439237
657	0.455438
658	0.500657
659	0.511653
660	0.520679
661	0.527693
662	0.53138
663	0.532097
664	0.533645
665	0.541662
666	0.542789
667	0.540387
668	0.531703
669	0.528736
670	0.517205
671	0.511451
672	0.504086
673	0.503143
674	0.498896
675	0.495401
676	0.497927
677	0.493272
678	0.493312
679	0.488187
680	0.486881
681	0.486507
682	0.485827
683	0.482791
684	0.479838
685	0.477773
686	0.469659
687	0.47832
688	0.482554
689	0.483169
690	0.483015
691	0.484443
692	0.484241
693	0.490775
694	0.495333
695	0.495287
696	0.499604
697	0.50405
698	0.504651
699	0.511596
700	0.514693
701	0.517039
702	0.520486
703	0.529807
704	0.54052
705	0.550349
706	0.552528
707	0.557339
708	0.566306
709	0.576051
710	0.601417
711	0.550932
712	0.520269
713	0.499003
714	0.485177
715	0.466111
716	0.458924
717	0.44942
718	0.435573
719	0.419596
720	0.426138
721	0.425588
722	0.424732
723	0.420461
724	0.4194
725	0.420272
726	0.424742
727	0.431849
728	0.437242
729	0.432907
730	0.452806
731	0.457579
732	0.470292
733	0.47747
734	0.495526
735	0.50542
736	0.512583
737	0.526148
738	0.53851
739	0.547738
740	0.58346
741	0.583493
742	0.584139
743	0.597599
744	0.605422
745	0.605773
746	0.608574
747	0.611519
748	0.611664
749	0.614419
750	0.6151
751	0.619347
752	0.625315
753	0.630789
754	0.636366
755	0.637603
756	0.631958
757	0.633177
758	0.637435
759	0.632762
760	0.636276
761	0.634726
762	0.6357
763	0.586623
764	0.550587
765	0.519532
766	0.484392
767	0.469509
768	0.471229
769	0.474249
770	0.48149
771	0.490172
772	0.499393
773	0.509252
774	0.519883
775	0.531477
776	0.543763
777	0.554868
778	0.571994
779	0.59658
780	0.636803
781	0.6347
782	0.637089
783	0.632459
784	0.628032
785	0.631049
786	0.631516
787	0.630739
788	0.626713
789	0.625393
790	0.620803
791	0.615587
792	0.610401
793	0.60524
794	0.600765
795	0.600956
796	0.60648
797	0.614683
798	0.611606
799	0.60588
800	0.598829
801	0.581252
802	0.565655
803	0.546663
804	0.536983
805	0.519749
806	0.519869
807	0.510787
808	0.502328
809	0.489947
810	0.486336
811	0.481929
812	0.479941
813	0.475494
814	0.470219
815	0.462563
816	0.457732
817	0.451653
818	0.439767
819	0.428229
820	0.423434
821	0.421257
822	0.412891
823	0.413386
824	0.411853
825	0.422343
826	0.436701
827	0.449109
828	0.459009
829	0.470261
830	0.486816
831	0.507028
832	0.519337
833	0.514165
834	0.524673
835	0.531744
836	0.540419
837	0.543052
838	0.547994
839	0.55145
840	0.562219
841	0.563654
842	0.557696
843	0.55714
844	0.553205
845	0.56635
846	0.568661
847	0.558634
848	0.558946
849	0.554449
850	0.521219
851	0.553102
852	0.557969
853	0.548471
854	0.507035
855	0.531313
856	0.567399
857	0.58448
858	0.590437
859	0.595321
860	0.599827
861	0.599927
862	0.605287
863	0.605096
864	0.595368
865	0.578407
866	0.53034
867	0.555629
868	0.580279
869	0.580907
870	0.587727
871	0.584209
872	0.588775
873	0.584417
874	0.575427
875	0.570674
876	0.582223
877	0.585814
878	0.583944
879	0.577123
880	0.57554
881	0.503442
882	0.483395
883	0.462799
884	0.448091
885	0.435969
886	0.413835
887	0.400935
888	0.396356
889	0.388517
890	0.378986
891	0.369394
892	0.359026
893	0.347517
894	0.341797
895	0.336525
896	0.332285
897	0.324759
898	0.31764
899	0.309624
900	0.303453
901	0.293795
902	0.285273
903	0.290725
904	0.287754
905	0.28239
906	0.283689
907	0.287939
908	0.287902
909	0.287741
910	0.293154
911	0.297589
912	0.300294
913	0.306531
914	0.310224
915	0.312147
916	0.313576
917	0.312548
918	0.312483
919	0.313472
920	0.311422
921	0.30712
922	0.303561
923	0.29721
924	0.306227
925	0.3084
926	0.236378
927	0.198615
928	0.167368
929	0.143506
930	0.124805
931	0.111045
932	0.0989822
933	0.0893663
934	0.0805486
935	0.0723854
936	0.0656644
937	0.0601651
938	0.0617169
939	0.0628211
940	0.0631287
941	0.0636311
942	0.0637345
943	0.0666166
944	0.0673131
945	0.0690143
946	0.0710491
947	0.0725849
948	0.0744486
949	0.0791893
950	0.0838301
951	0.0885782
952	0.0947087
953	0.100927
954	0.106523
955	0.110308
956	0.121886
957	0.133024
958	0.145164
959	0.158653
960	0.172261
961	0.188591
962	0.209599
963	0.234207
964	0.264739
965	0.310887
966	0.312824
967	0.318704
968	0.320591
969	0.325604
970	0.330848
971	0.333256
972	0.339284
973	0.341824
974	0.343002
975	0.349661
976	0.357947
977	0.361767
978	0.369174
979	0.372883
980	0.382285
981	0.387201
982	0.394109
983	0.397843
984	0.400897
985	0.406769
986	0.411056
987	0.417132
988	0.422733
989	0.426574
990	0.435515
991	0.446931
992	0.456004
993	0.468966
994	0.478854
995	0.477368
996	0.476437
997	0.472326
998	0.472183
999	0.472513
1000	0.473968
1001	0.476702
1002	0.477054
1003	0.472921
1004	0.465813
1005	0.446077
1006	0.460473
1007	0.470406
1008	0.472866
1009	0.472026
1010	0.473054
1011	0.471489
1012	0.470983
1013	0.469504
1014	0.470395
1015	0.46582
1016	0.466551
1017	0.464919
1018	0.467973
1019	0.460103
1020	0.461939
1021	0.463377
1022	0.459954
1023	0.463162
1024	0.4654
1025	0.4655
1026	0.466038
1027	0.465589
1028	0.466253
1029	0.464011
1030	0.465315
1031	0.465567
1032	0.465522
1033	0.460951
1034	0.463381
1035	0.466069
1036	0.467079
1037	0.464791
1038	0.464833
1039	0.468815
1040	0.469431
1041	0.469751
1042	0.469542
1043	0.4669
1044	0.467824
1045	0.464738
1046	0.456673
1047	0.461696
1048	0.465759
1049	0.464585
1050	0.462535
1051	0.462581
1052	0.460702
1053	0.45987
1054	0.459212
1055	0.460655
1056	0.459995
1057	0.458984
1058	0.454287
1059	0.445547
1060	0.452336
1061	0.447894
1062	0.452847
1063	0.449715
1064	0.453701
1065	0.452945
1066	0.446018
1067	0.447194
1068	0.445191
1069	0.428819
1070	0.437572
1071	0.41397
1072	0.401468
1073	0.386457
1074	0.382021
1075	0.370309
1076	0.365836
1077	0.360013
1078	0.35395
1079	0.344234
1080	0.342081
1081	0.331484
1082	0.324709
1083	0.32359
1084	0.322132
1085	0.318315
1086	0.314657
1087	0.303067
1088	0.304537
1089	0.302918
1090	0.298475
1091	0.296111
1092	0.289288
1093	0.282325
1094	0.269757
1095	0.27351
1096	0.273775
1097	0.273136
1098	0.269484
1099	0.266367
1100	0.269981
1101	0.191094
1102	0.145863
1103	0.119787
1104	0.0996103
1105	0.084045
1106	0.0718884
1107	0.0619648
1108	0.0541444
1109	0.0475907
1110	0.0421238
1111	0.0372841
1112	0.0332486
1113	0.0296717
1114	0.0268787
1115	0.0242077
1116	0.021757
1117	0.019888
1118	0.0178803
1119	0.0162655
1120	0.014824
1121	0.0160051
1122	0.0173106
1123	0.0186514
1124	0.0201
1125	0.0215726
1126	0.0228833
1127	0.0250836
1128	0.0275599
1129	0.0300591
1130	0.0327035
1131	0.0326601
1132	0.0325164
1133	0.0319975
1134	0.0317874
1135	0.0316138
1136	0.0314143
1137	0.0306409
1138	0.0300965
1139	0.0302492
1140	0.0301614
1141	0.0295534
1142	0.0297383
1143	0.0294054
1144	0.0290296
1145	0.0290473
1146	0.0316666
1147	0.0343673
1148	0.0371632
1149	0.0403582
1150	0.0439774
1151	0.0481089
1152	0.0527221
1153	0.0583338
1154	0.0650917
1155	0.0725344
1156	0.0806575
1157	0.0914624
1158	0.104008
1159	0.118372
1160	0.136794
1161	0.161684
1162	0.16926
1163	0.175213
1164	0.17831
1165	0.184765
1166	0.187736
1167	0.195577
1168	0.202782
1169	0.205354
1170	0.216011
1171	0.218804
1172	0.22024
1173	0.220603
1174	0.221813
1175	0.220129
1176	0.219065
1177	0.22407
1178	0.22438
1179	0.225468
1180	0.22916
1181	0.229921
1182	0.229523
1183	0.222764
1184	0.231002
1185	0.235832
1186	0.237694
1187	0.239301
1188	0.238013
1189	0.231802
1190	0.240587
1191	0.246769
1192	0.248645
1193	0.250382
1194	0.252291
1195	0.252755
1196	0.254631
1197	0.255226
1198	0.252139
1199	0.248621
1200	0.260578
1201	0.263345
1202	0.262548
1203	0.255179
1204	0.25479
1205	0.260807
1206	0.261273
1207	0.261761
1208	0.256677
1209	0.248924
1210	0.257576
1211	0.255788
1212	0.260692
1213	0.262669
1214	0.262629
1215	0.263844
1216	0.264571
1217	0.265146
1218	0.265217
1219	0.264854
1220	0.266672
1221	0.26765
1222	0.267851
1223	0.267543
1224	0.271089
1225	0.271966
1226	0.273065
1227	0.270216
1228	0.27406
1229	0.277674
1230	0.279086
1231	0.280402
1232	0.280675
1233	0.283656
1234	0.285511
1235	0.28732
1236	0.29189
1237	0.295588
1238	0.299438
1239	0.303047
1240	0.314472
1241	0.313388
1242	0.309715
1243	0.304478
1244	0.300909
1245	0.299362
1246	0.298811
1247	0.296874
1248	0.296306
1249	0.294196
1250	0.291679
1251	0.288208
1252	0.284648
1253	0.283741
1254	0.282333
1255	0.280342
1256	0.278167
1257	0.275505
1258	0.274639
1259	0.272284
1260	0.271631
1261	0.269648
1262	0.266052
1263	0.266228
1264	0.262856
1265	0.26196
1266	0.261749
1267	0.257596
1268	0.255022
1269	0.255672
1270	0.255897
1271	0.256203
1272	0.255886
1273	0.256319
1274	0.256224
1275	0.258561
1276	0.260539
1277	0.261988
1278	0.262892
1279	0.262945
1280	0.262282
1281	0.254948
1282	0.237185
1283	0.253457
1284	0.265797
1285	0.270587
1286	0.273798
1287	0.277366
1288	0.27987
1289	0.283867
1290	0.285303
1291	0.275206
1292	0.268014
1293	0.261093
1294	0.252612
1295	0.248679
1296	0.244758
1297	0.23927
1298	0.233994
1299	0.231882
1300	0.228105
1301	0.224331
1302	0.219739
1303	0.215939
1304	0.212824
1305	0.211915
1306	0.209934
1307	0.207738
1308	0.205324
1309	0.203192
1310	0.200538
1311	0.198099
1312	0.194547
1313	0.189179
1314	0.190623
1315	0.186132
1316	0.185294
1317	0.186297
1318	0.183855
1319	0.184538
1320	0.183309
1321	0.125744
1322	0.0957376
1323	0.0762872
1324	0.0624359
1325	0.0519533
1326	0.0437317
1327	0.0371961
1328	0.0320873
1329	0.0273782
1330	0.0241372
1331	0.021342
1332	0.0186145
1333	0.0167469
1334	0.0149682
1335	0.0133513
1336	0.0118923
1337	0.0107068
1338	0.00961453
1339	0.00860327
1340	0.00777959
1341	0.00717453
1342	0.00652527
1343	0.00594965
1344	0.00543781
1345	0.00497159
1346	0.00452533
1347	0.00416496
1348	0.00382326
1349	0.00350608
1350	0.00319981
1351	0.00258155
1352	0.00210894
1353	0.00172217
1354	0.00141139
1355	0.00115621
1356	0.00096047
1357	0.000796496
1358	0.000675488
1359	0.000568576
1360	0.000477779
1361	0.000409101
1362	0.000347534
1363	0.000293117
1364	0.000253078
1365	0.00021739
1366	0.000186957
1367	0.000160351
1368	0.000139424
1369	0.000119378
1370	0.000103526
1371	9.03065e-05
1372	7.94737e-05
1373	6.95847e-05
1374	6.08232e-05
1375	5.26474e-05
1376	4.59426e-05
1377	4.07218e-05
1378	3.59075e-05
1379	3.18526e-05
1380	2.80198e-05
1381	2.47848e-05
1382	2.17518e-05
1383	1.93238e-05
1384	1.72234e-05
1385	1.52187e-05
1386	1.3601e-05
1387	1.20442e-05
1388	1.07838e-05
1389	9.6376e-06
1390	8.50911e-06
1391	7.68017e-06
1392	6.88896e-06
1393	6.14773e-06
1394	5.49107e-06
1395	4.93182e-06
1396	5.43323e-06
1397	6.00056e-06
1398	6.64799e-06
1399	7.32433e-06
1400	7.94557e-06
1401	8.80762e-06
1402	9.88632e-06
1403	1.09325e-05
1404	1.21875e-05
1405	1.35826e-05
1406	1.52273e-05
1407	1.69974e-05
1408	1.89893e-05
1409	2.13188e-05
1410	2.38678e-05
1411	2.66076e-05
1412	2.93662e-05
1413	3.33304e-05
1414	3.80088e-05
1415	4.29875e-05
1416	4.84748e-05
1417	5.51781e-05
1418	6.27453e-05
1419	7.07301e-05
1420	8.03753e-05
1421	9.20878e-05
1422	0.000103781
1423	0.000118563
1424	0.000136091
1425	0.000157747
1426	0.000178447
1427	0.000207681
1428	0.000242119
1429	0.000277251
1430	0.000322427
1431	0.000378866
1432	0.00045176
1433	0.000531925
1434	0.00062032
1435	0.000737451
1436	0.000879475
1437	0.00105414
1438	0.00126411
1439	0.00152905
1440	0.00179749
1441	0.00220873
1442	0.00272728
1443	0.00316361
1444	0.00340649
1445	0.00366428
1446	0.00395491
1447	0.00423635
1448	0.00459113
1449	0.0049446
1450	0.00530655
1451	0.00568182
1452	0.00614761
1453	0.00667961
1454	0.00722258
1455	0.00782847
1456	0.00849622
1457	0.00933141
1458	0.0103222
1459	0.0113514
1460	0.0123894
1461	0.0135887
1462	0.0148918
1463	0.0155872
1464	0.0156182
1465	0.0157576
1466	0.0156499
1467	0.0158344
1468	0.0157271
1469	0.0158553
1470	0.0157868
1471	0.0155781
1472	0.0156377
1473	0.015615
1474	0.0153296
1475	0.015532
1476	0.015626
1477	0.0156118
1478	0.0166374
1479	0.0179154
1480	0.0192156
1481	0.02043
1482	0.0219989
1483	0.0233213
1484	0.0253516
1485	0.0276478
1486	0.0296531
1487	0.0314951
1488	0.0316892
1489	0.0372845
1490	0.0416458
1491	0.0458657
1492	0.0502614
1493	0.0562839
1494	0.0629907
1495	0.0705011
1496	0.078404
1497	0.0915461
1498	0.0942559
1499	0.0958746
1500	0.0995151
1501	0.101884
1502	0.102456
1503	0.0981303
1504	0.102804
1505	0.103539
1506	0.110193
1507	0.116896
1508	0.119644
1509	0.122907
1510	0.12883
1511	0.133273
1512	0.135924
1513	0.140268
1514	0.145344
1515	0.1527
1516	0.159646
1517	0.167546
1518	0.179591
1519	0.191305
1520	0.213849
1521	0.210105
1522	0.209368
1523	0.211787
1524	0.212309
1525	0.209525
1526	0.213431
1527	0.213076
1528	0.214171
1529	0.212206
1530	0.204982
1531	0.213127
1532	0.215006
1533	0.213518
1534	0.21143
1535	0.213843
1536	0.216894
1537	0.217638
1538	0.215025
1539	0.218784
1540	0.21065
1541	0.209579
1542	0.208852
1543	0.207258
1544	0.206708
1545	0.205731
1546	0.203492
1547	0.199722
1548	0.194891
1549	0.196028
1550	0.19388
1551	0.193315
1552	0.193677
1553	0.190809
1554	0.186589
1555	0.185842
1556	0.183652
1557	0.185907
1558	0.184629
1559	0.184865
1560	0.18441
1561	0.187272
1562	0.18728
1563	0.186947
1564	0.185826
1565	0.187979
1566	0.18706
1567	0.187657
1568	0.186663
1569	0.188549
1570	0.189111
1571	0.193053
1572	0.194138
1573	0.19279
1574	0.191445
1575	0.18522
1576	0.189924
1577	0.181172
1578	0.19181
1579	0.196381
1580	0.197757
1581	0.197166
1582	0.191173
1583	0.191721
1584	0.19032
1585	0.193762
1586	0.191724
1587	0.188946
1588	0.183964
1589	0.174184
1590	0.177737
1591	0.178973
1592	0.185734
1593	0.188684
1594	0.187513
1595	0.186556
1596	0.179358
1597	0.18036
1598	0.183349
1599	0.180403
1600	0.180173
1601	0.175935
1602	0.176806
1603	0.176709
1604	0.176436
1605	0.174417
1606	0.173464
1607	0.172355
1608	0.174223
1609	0.172259
1610	0.164049
1611	0.167643
1612	0.169626
1613	0.172965
1614	0.173251
1615	0.172941
1616	0.16781
1617	0.17058
1618	0.176131
1619	0.176127
1620	0.17267
1621	0.173376
1622	0.176743
1623	0.181167
1624	0.182615
1625	0.181609
1626	0.184576
1627	0.186912
1628	0.189794
1629	0.192416
1630	0.195129
1631	0.195694
1632	0.195361
1633	0.192992
1634	0.191059
1635	0.193009
1636	0.192217
1637	0.185936
1638	0.184257
1639	0.181464
1640	0.183045
1641	0.182095
1642	0.182271
1643	0.184876
1644	0.183332
1645	0.182709
1646	0.184914
1647	0.185224
1648	0.184636
1649	0.181928
1650	0.183363
1651	0.181677
1652	0.18333
1653	0.182057
1654	0.182604
1655	0.181139
1656	0.181991
1657	0.182049
1658	0.181094
1659	0.179346
1660	0.180316
1661	0.180982
1662	0.180347
1663	0.179618
1664	0.179286
1665	0.177855
1666	0.176532
1667	0.176515
1668	0.174384
1669	0.175579
1670	0.178088
1671	0.176972
1672	0.171844
1673	0.173654
1674	0.175562
1675	0.173757
1676	0.171859
1677	0.172876
1678	0.17339
1679	0.169359
1680	0.162757
1681	0.156682
1682	0.158385
1683	0.161688
1684	0.163177
1685	0.162879
1686	0.160528
1687	0.160039
1688	0.159107
1689	0.156705
1690	0.156121
1691	0.157708
1692	0.157353
1693	0.156182
1694	0.155491
1695	0.154825
1696	0.153621
1697	0.152443
1698	0.151734
1699	0.150402
1700	0.148192
1701	0.147437
1702	0.146937
1703	0.146269
1704	0.145577
1705	0.144844
1706	0.143761
1707	0.142633
1708	0.141517
1709	0.140412
1710	0.139458
1711	0.139351
1712	0.139388
1713	0.139429
1714	0.139474
1715	0.139404
1716	0.138608
1717	0.137703
1718	0.136806
1719	0.135916
1720	0.135088
1721	0.134566
1722	0.134104
1723	0.133646
1724	0.133193
1725	0.132698
1726	0.131898
1727	0.131056
1728	0.130221
1729	0.129392
1730	0.128455
1731	0.12682
1732	0.125081
1733	0.123351
1734	0.121631
1735	0.120235
1736	0.120715
1737	0.121509
1738	0.122301
1739	0.123091
1740	0.123684
1741	0.099992
1742	0.0856468
1743	0.0752551
1744	0.0671432
1745	0.0605652
1746	0.0551917
1747	0.0506266
1748	0.046671
1749	0.0432035
1750	0.0401415
1751	0.0374389
1752	0.0350175
1753	0.0328304
1754	0.0308451
1755	0.0290244
1756	0.0272905
1757	0.0256908
1758	0.0242198
1759	0.0228634
1760	0.0216156
1761	0.0204931
1762	0.0194552
1763	0.0184885
1764	0.0175864
1765	0.0167433
1766	0.015954
1767	0.0152141
1768	0.0145193
1769	0.0138662
1770	0.0132464
1771	0.01263
1772	0.0120449
1773	0.0114934
1774	0.0109732
1775	0.010488
1776	0.0100635
1777	0.00966663
1778	0.00928984
1779	0.00893188
1780	0.0085891
1781	0.00824894
1782	0.00792325
1783	0.00761344
1784	0.00731854
1785	0.00703969
1786	0.0067856
1787	0.00654486
1788	0.00631482
1789	0.00609489
1790	0.00588214
1791	0.00566357
1792	0.00545252
1793	0.00525082
1794	0.00505797
1795	0.00487351
1796	0.004697
1797	0.00452803
1798	0.00436621
1799	0.00421118
1800	0.00406503
1801	0.00328691
1802	0.00268451
1803	0.00221058
1804	0.00183352
1805	0.0015304
1806	0.00128357
1807	0.00108206
1808	0.000916535
1809	0.000779713
1810	0.000664599
1811	0.000561483
1812	0.000474878
1813	0.0004028
1814	0.000342582
1815	0.000292997
1816	0.000255852
1817	0.000224656
1818	0.000197719
1819	0.000174392
1820	0.000154087
1821	0.00013616
1822	0.000120509
1823	0.000106849
1824	9.4901e-05
1825	8.43398e-05
1826	7.45852e-05
1827	6.59888e-05
1828	5.84673e-05
1829	5.18746e-05
1830	4.61096e-05
1831	4.11519e-05
1832	3.67918e-05
1833	3.29335e-05
1834	2.95142e-05
1835	2.64764e-05
1836	2.37531e-05
1837	2.13297e-05
1838	1.9173e-05
1839	1.72514e-05
1840	1.55352e-05
1841	1.39884e-05
1842	1.26052e-05
1843	1.13686e-05
1844	1.0262e-05
1845	9.27552e-06
1846	8.41479e-06
1847	7.64397e-06
1848	6.94911e-06
1849	6.32215e-06
1850	5.75409e-06
1851	5.23053e-06
1852	4.75633e-06
1853	4.32804e-06
1854	3.9409e-06
1855	3.5907e-06
1856	3.27367e-06
1857	2.98646e-06
1858	2.72609e-06
1859	2.48987e-06
1860	2.27543e-06
1861	2.38604e-06
1862	2.50249e-06
1863	2.62511e-06
1864	2.75426e-06
1865	2.8909e-06
1866	3.03782e-06
1867	3.1935e-06
1868	3.35785e-06
1869	3.53138e-06
1870	3.70652e-06
1871	3.8386e-06
1872	3.96601e-06
1873	4.09692e-06
1874	4.23135e-06
1875	4.39345e-06
1876	4.71322e-06
1877	5.0829e-06
1878	5.48028e-06
1879	5.90746e-06
1880	6.34939e-06
1881	6.71414e-06
1882	7.08229e-06
1883	7.47249e-06
1884	7.88621e-06
1885	8.31814e-06
1886	8.73018e-06
1887	9.15694e-06
1888	9.60651e-06
1889	1.00802e-05
1890	1.05871e-05
1891	1.11699e-05
1892	1.17966e-05
1893	1.2462e-05
1894	1.31688e-05
1895	1.39299e-05
1896	1.48037e-05
1897	1.57485e-05
1898	1.67589e-05
1899	1.78397e-05
1900	1.8987e-05
1901	2.01485e-05
1902	2.13777e-05
1903	2.26898e-05
1904	2.4091e-05
1905	2.55843e-05
1906	2.71489e-05
1907	2.88158e-05
1908	3.05965e-05
1909	3.24999e-05
1910	3.45429e-05
1911	3.67667e-05
1912	3.91586e-05
1913	4.17239e-05
1914	4.44767e-05
1915	4.74321e-05
1916	5.06071e-05
1917	5.40197e-05
1918	5.76899e-05
1919	6.16396e-05
1920	6.58925e-05
1921	6.15906e-05
1922	6.21431e-05
1923	6.37262e-05
1924	6.59399e-05
1925	6.86254e-05
1926	7.1594e-05
1927	7.49466e-05
1928	7.87101e-05
1929	8.28984e-05
1930	8.7602e-05
1931	9.32205e-05
1932	9.95001e-05
1933	0.000106432
1934	0.000114086
1935	0.000122474
1936	0.000131284
1937	0.000140932
1938	0.00015159
1939	0.000163379
1940	0.000176168
1941	0.000188578
1942	0.000201926
1943	0.00021663
1944	0.000232861
1945	0.000251653
1946	0.000278069
1947	0.000309021
1948	0.000344281
1949	0.000384582
1950	0.000430466
1951	0.000480987
1952	0.000538769
1953	0.000605609
1954	0.000683313
1955	0.000773539
1956	0.000875478
1957	0.000994935
1958	0.00113684
1959	0.00130687
1960	0.0015124
1961	0.00164899
1962	0.00180055
1963	0.00196943
1964	0.00215811
1965	0.00237143
1966	0.00262409
1967	0.00291265
1968	0.00324085
1969	0.00361559
1970	0.00404297
1971	0.00451827
1972	0.00506397
1973	0.00569715
1974	0.00643665
1975	0.00730672
1976	0.00833916
1977	0.00957644
1978	0.0110767
1979	0.0129216
1980	0.0152344
1981	0.0182161
1982	0.0221566
1983	0.0275844
1984	0.0355821
1985	0.0490194
1986	0.033608
1987	0.0265807
1988	0.0220241
1989	0.0187295
1990	0.0161924
1991	0.0141058
1992	0.0123978
1993	0.0109822
1994	0.00979119
1995	0.0087832
1996	0.00794604
1997	0.00722336
1998	0.00659043
1999	0.00603259
2000	0.00553583
2001	0.00508046
2002	0.00467184
2003	0.00430564
2004	0.00397628
2005	0.00368069
2006	0.00389864
2007	0.00413489
2008	0.00438947
2009	0.00466422
2010	0.00496033
2011	0.00527355
2012	0.00561193
2013	0.00597922
2014	0.00637872
2015	0.00681303
2016	0.00727734
2017	0.0077841
2018	0.00834025
2019	0.00895253
2020	0.00963328
2021	0.0104164
2022	0.0112956
2023	0.012282
2024	0.0133948
2025	0.0146517
2026	0.0160458
2027	0.0176438
2028	0.0195041
2029	0.0216989
2030	0.02434
2031	0.0276193
2032	0.0317928
2033	0.0373764
2034	0.0456261
2035	0.0625204
2036	0.0612088
2037	0.0600124
2038	0.0589153
2039	0.0578989
2040	0.0569923
2041	0.0563735
2042	0.0558398
2043	0.0553432
2044	0.0548794
2045	0.0544096
2046	0.0537372
2047	0.0530588
2048	0.0524072
2049	0.0517803
2050	0.0511909
2051	0.0506897
2052	0.0502216
2053	0.0497708
2054	0.0493365
2055	0.0489085
2056	0.0484212
2057	0.0479399
2058	0.0474731
2059	0.0470203
2060	0.0465945
2061	0.0462445
2062	0.0459197
2063	0.0456063
2064	0.045304
2065	0.0450127
2066	0.0453282
2067	0.0456504
2068	0.0459795
2069	0.0463159
2070	0.0466738
2071	0.0471053
2072	0.0475607
2073	0.0480269
2074	0.0485042
2075	0.0489739
2076	0.0493282
2077	0.0496726
2078	0.0500272
2079	0.0503927
2080	0.0507799
2081	0.0512315
2082	0.0517082
2083	0.0522009
2084	0.0527109
2085	0.0532448
2086	0.0538101
2087	0.0544033
2088	0.0550212
2089	0.0556662
2090	0.0563296
2091	0.0569676
2092	0.0576293
2093	0.0583311
2094	0.0590792
2095	0.0599065
2096	0.0609643
2097	0.062134
2098	0.0634119
2099	0.0648307
2100	0.0664369
2101	0.0664846
2102	0.0665263
2103	0.066569
2104	0.0666127
2105	0.0666436
2106	0.0665919
2107	0.0665271
2108	0.0664632
2109	0.0664001
2110	0.0663449
2111	0.066347
2112	0.0663572
2113	0.0663688
2114	0.0663817
2115	0.066396
2116	0.0663976
2117	0.0664007
2118	0.0664055
2119	0.0664119
2120	0.06642
2121	0.0664157
2122	0.0664134
2123	0.0664131
2124	0.066415
2125	0.0664407
2126	0.0665846
2127	0.0667534
2128	0.0669258
2129	0.0671019
2130	0.067253
2131	0.0672478
2132	0.0672173
2133	0.0671908
2134	0.067169
2135	0.0671743
2136	0.0673332
2137	0.0675218
2138	0.0677188
2139	0.0679256
2140	0.0681212
2141	0.0681949
2142	0.0682607
2143	0.0683449
2144	0.0684527
2145	0.0686155
2146	0.0689329
2147	0.0693529
2148	0.0699411
2149	0.0698933
2150	0.0698378
2151	0.0697046
2152	0.0695638
2153	0.0694232
2154	0.0692827
2155	0.0691423
2156	0.0689711
2157	0.0688
2158	0.068629
2159	0.0684583
2160	0.0681945
2161	0.0673561
2162	0.066425
2163	0.0654944
2164	0.0645643
2165	0.0638132
2166	0.0641487
2167	0.0646626
2168	0.0651763
2169	0.0656899
2170	0.0661491
2171	0.0662517
2172	0.0663001
2173	0.0663486
2174	0.0663971
2175	0.0664148
2176	0.0662467
2177	0.0660477
2178	0.065849
2179	0.0656504
2180	0.0654752
2181	0.0654549
2182	0.0654579
2183	0.0654609
2184	0.0654641
2185	0.0654364
2186	0.0652079
2187	0.0649486
2188	0.0646896
2189	0.0644307
2190	0.0642107
2191	0.0642224
2192	0.0642729
2193	0.0643234
2194	0.0643739
2195	0.0644014
2196	0.0643056
2197	0.0641868
2198	0.0640681
2199	0.0639264
2200	0.0637619
2201	0.063459
2202	0.0631335
2203	0.0628085
2204	0.0624838
2205	0.0621981
2206	0.0621124
2207	0.0620652
2208	0.0620182
2209	0.0619714
2210	0.061917
2211	0.0618322
2212	0.0617398
2213	0.0616477
2214	0.0615557
2215	0.061464
2216	0.0613723
2217	0.0612809
2218	0.0611897
2219	0.0610986
2220	0.0609924
2221	0.060795
2222	0.0605826
2223	0.0603705
2224	0.0601587
2225	0.0599624
2226	0.0598576
2227	0.0597681
2228	0.0596789
2229	0.0595897
2230	0.0595008
2231	0.0593968
2232	0.059293
2233	0.0591894
2234	0.0590859
2235	0.0589675
2236	0.0587433
2237	0.0585043
2238	0.0582655
2239	0.058027
2240	0.0578115
2241	0.0577321
2242	0.0576755
2243	0.0576191
2244	0.0575627
2245	0.0574914
2246	0.0573449
2247	0.0571835
2248	0.0570223
2249	0.0568613
2250	0.0567005
2251	0.0565099
2252	0.0563195
2253	0.0561293
2254	0.0559393
2255	0.0557646
2256	0.0556951
2257	0.0556406
2258	0.0555863
2259	0.0555321
2260	0.0554705
2261	0.0553342
2262	0.0551905
2263	0.0550471
2264	0.0549038
2265	0.0547756
2266	0.0547073
2267	0.0546541
2268	0.0546009
2269	0.0545478
2270	0.0544874
2271	0.0540438
2272	0.0536086
2273	0.0531876
2274	0.0527797
2275	0.0523693
2276	0.0518983
2277	0.0514244
2278	0.050961
2279	0.0505075
2280	0.0500844
2281	0.0497953
2282	0.0495339
2283	0.0492785
2284	0.049029
2285	0.0487849
2286	0.0485189
2287	0.048258
2288	0.0480021
2289	0.0477509
2290	0.0474775
2291	0.047036
2292	0.0465739
2293	0.0461178
2294	0.0456673
2295	0.0452616
2296	0.0450688
2297	0.0449179
2298	0.0447696
2299	0.0446239
2300	0.0444743
2301	0.0442762
2302	0.0440745
2303	0.0438755
2304	0.0436791
2305	0.0434789
2306	0.0432564
2307	0.0430302
2308	0.0428066
2309	0.0425856
2310	0.042367
2311	0.0421263
2312	0.0418881
2313	0.0416524
2314	0.041419
2315	0.041188
2316	0.0409713
2317	0.0407568
2318	0.0405443
2319	0.0403339
2320	0.0401076
2321	0.0397533
2322	0.0393843
2323	0.0390181
2324	0.0386549
2325	0.0383355
2326	0.0382396
2327	0.0381854
2328	0.038132
2329	0.0380793
2330	0.0380102
2331	0.0378502
2332	0.0376745
2333	0.0375003
2334	0.0373275
2335	0.0371561
2336	0.0369861
2337	0.0368175
2338	0.0366501
2339	0.0364841
2340	0.036325
2341	0.0362004
2342	0.0360824
2343	0.0359653
2344	0.0358492
2345	0.0357231
2346	0.0355432
2347	0.0353537
2348	0.0351655
2349	0.0349786
2350	0.0347821
2351	0.0345115
2352	0.0342318
2353	0.0339539
2354	0.0336777
2355	0.0334353
2356	0.0333646
2357	0.0333264
2358	0.0332886
2359	0.0332511
2360	0.0332088
2361	0.0313259
2362	0.0296763
2363	0.028212
2364	0.0268967
2365	0.0257001
2366	0.0245757
2367	0.0235384
2368	0.0225798
2369	0.0216902
2370	0.0208581
2371	0.0200609
2372	0.0193104
2373	0.0186052
2374	0.0179408
2375	0.0173249
2376	0.0167969
2377	0.0163067
2378	0.0158408
2379	0.0153974
2380	0.0149554
2381	0.0144254
2382	0.013902
2383	0.0134028
2384	0.0129263
2385	0.0124921
2386	0.0122
2387	0.0119393
2388	0.0116882
2389	0.0114462
2390	0.0112053
2391	0.0109294
2392	0.0106566
2393	0.0103936
2394	0.01014
2395	0.00989527
2396	0.0096558
2397	0.00942452
2398	0.00920103
2399	0.00898497
2400	0.00877599
2401	0.00857665
2402	0.00838363
2403	0.00819667
2404	0.0080155
2405	0.00783987
2406	0.00767213
2407	0.00750938
2408	0.0073514
2409	0.00719801
2410	0.00704307
2411	0.00685758
2412	0.00667205
2413	0.00649219
2414	0.00631779
2415	0.00615727
2416	0.00604803
2417	0.00594987
2418	0.00585407
2419	0.00576056
2420	0.00566631
2421	0.00555505
2422	0.00544383
2423	0.00533549
2424	0.00522992
2425	0.00512794
2426	0.00503379
2427	0.00494281
2428	0.00485401
2429	0.00476733
2430	0.00468189
2431	0.00459043
2432	0.0045004
2433	0.00441256
2434	0.00432685
2435	0.00424394
2436	0.0041689
2437	0.00409631
2438	0.00402535
2439	0.00395598
2440	0.00388747
2441	0.00381504
2442	0.00374359
2443	0.00367378
2444	0.00360555
2445	0.00353822
2446	0.0034699
2447	0.00340251
2448	0.00333665
2449	0.00327228
2450	0.00321053
2451	0.00294336
2452	0.00270497
2453	0.00249063
2454	0.00229733
2455	0.00212332
2456	0.00196916
2457	0.00182951
2458	0.00170209
2459	0.00158559
2460	0.00147858
2461	0.00137837
2462	0.00128612
2463	0.0012013
2464	0.00112318
2465	0.00105075
2466	0.000982067
2467	0.00091832
2468	0.000859414
2469	0.000804919
2470	0.000754729
2471	0.000710045
2472	0.00066873
2473	0.000630248
2474	0.000594371
2475	0.000560577
2476	0.000527045
2477	0.000495521
2478	0.000466139
2479	0.000438732
2480	0.000413387
2481	0.000390752
2482	0.000369755
2483	0.000350059
2484	0.000331569
2485	0.000314322
2486	0.000298682
2487	0.000284054
2488	0.000270257
2489	0.000257236
2490	0.000244519
2491	0.000230024
2492	0.000216062
2493	0.00020299
2494	0.000190746
2495	0.000179822
2496	0.00017257
2497	0.000166157
2498	0.000160021
2499	0.000154146
2500	0.000148289
2501	3.78301e-05
2502	1.16253e-05
2503	4.04225e-06
2504	1.53717e-06
2505	6.26081e-07
2506	2.68923e-07
2507	1.20863e-07
2508	5.64454e-08
2509	2.7245e-08
2510	1.35368e-08
2511	6.90695e-09
2512	3.60546e-09
2513	1.92069e-09
2514	1.04218e-09
2515	5.75043e-10
2516	3.22332e-10
2517	1.83251e-10
2518	1.05552e-10
2519	6.15407e-11
2520	3.62962e-11
2521	2.16529e-11
2522	1.30488e-11
2523	7.93747e-12
2524	4.87096e-12
2525	3.01473e-12
2526	1.88299e-12
2527	1.18518e-12
2528	7.5129e-13
2529	4.79476e-13
2530	3.07919e-13
2531	1.9855e-13
2532	1.28757e-13
2533	8.3969e-14
2534	5.50573e-14
2535	3.62959e-14
2536	2.40678e-14
2537	1.60396e-14
2538	1.07389e-14
2539	7.22212e-15
2540	4.87795e-15
2541	3.3098e-15
2542	2.25482e-15
2543	1.54209e-15
2544	1.05862e-15
2545	7.29381e-16
2546	5.041e-16
2547	3.49596e-16
2548	2.43255e-16
2549	1.69808e-16
2550	1.1891e-16
2551	8.34861e-17
2552	5.87894e-17
2553	4.15182e-17
2554	2.94035e-17
2555	2.08809e-17
2556	1.48617e-17
2557	1.06052e-17
2558	7.58703e-18
2559	5.44127e-18
2560	3.91268e-18
2561	2.82265e-18
2562	2.04146e-18
2563	1.4798e-18
2564	1.07505e-18
2565	7.82691e-19
2566	5.70793e-19
2567	4.17124e-19
2568	3.05444e-19
2569	2.24109e-19
2570	1.64752e-19
2571	1.21293e-19
2572	8.94647e-20
2573	6.6109e-20
2574	4.89383e-20
2575	3.62912e-20
2576	2.69589e-20
2577	2.00604e-20
2578	1.4952e-20
2579	1.11627e-20
2580	8.3452e-21
2581	6.24015e-21
2582	4.67222e-21
2583	3.50354e-21
2584	2.6311e-21
2585	1.97971e-21
2586	1.49657e-21
2587	1.13347e-21
2588	8.59672e-22
2589	6.52913e-22
2590	4.9644e-22
2591	3.77275e-22
2592	2.87024e-22
2593	2.18645e-22
2594	1.66769e-22
2595	1.2739e-22
2596	9.75203e-23
2597	7.47629e-23
2598	5.73851e-23
2599	4.40988e-23
2600	3.39282e-23
2601	1.76262e-23
2602	1.21328e-23
2603	8.80619e-24
2604	6.57446e-24
2605	4.99939e-24
2606	3.84889e-24
2607	2.99358e-24
2608	2.3475e-24
2609	1.8534e-24
2610	1.47174e-24
2611	1.17504e-24
2612	9.42257e-25
2613	7.58514e-25
2614	6.12721e-25
2615	4.96505e-25
2616	4.031e-25
2617	3.28126e-25
2618	2.67742e-25
2619	2.1896e-25
2620	1.79354e-25
2621	1.46706e-25
2622	1.20159e-25
2623	9.85827e-26
2624	8.10096e-26
2625	6.67516e-26
2626	5.5464e-26
2627	4.62061e-26
2628	3.85447e-26
2629	3.21944e-26
2630	2.691e-26
2631	2.24538e-26
2632	1.87476e-26
2633	1.56701e-26
2634	1.31115e-26
2635	1.09791e-26
2636	9.17992e-27
2637	7.68087e-27
2638	6.43239e-27
2639	5.39154e-27
2640	4.52517e-27
2641	3.81253e-27
2642	3.21633e-27
2643	2.71551e-27
2644	2.29443e-27
2645	1.9401e-27
2646	1.64005e-27
2647	1.3874e-27
2648	1.17448e-27
2649	9.94915e-28
2650	8.43361e-28
2651	7.1464e-28
2652	6.05949e-28
2653	5.14107e-28
2654	4.36449e-28
2655	3.70835e-28
2656	3.15587e-28
2657	2.68793e-28
2658	2.29066e-28
2659	1.95318e-28
2660	1.66591e-28
2661	1.41948e-28
2662	1.20983e-28
2663	1.03166e-28
2664	8.80176e-29
2665	7.51687e-29
2666	6.43587e-29
2667	5.51582e-29
2668	4.72953e-29
2669	4.05723e-29
2670	3.48121e-29
2671	2.98068e-29
2672	2.55259e-29
2673	2.18693e-29
2674	1.87445e-29
2675	1.60772e-29
2676	1.38095e-29
2677	1.18697e-29
2678	1.02065e-29
2679	8.77996e-30
2680	7.55581e-30
2681	6.50491e-30
2682	5.60236e-30
2683	4.82689e-30
2684	4.16035e-30
2685	3.5872e-30
2686	3.09091e-30
2687	2.66425e-30
2688	2.29732e-30
2689	1.98162e-30
2690	1.70991e-30
2691	1.47675e-30
2692	1.27582e-30
2693	1.10261e-30
2694	9.53236e-31
2695	8.24375e-31
2696	7.12788e-31
2697	6.16506e-31
2698	5.33402e-31
2699	4.61647e-31
2700	3.99778e-31
2701	4.83396e-31
2702	5.85037e-31
2703	7.08512e-31
2704	8.5861e-31
2705	1.0412e-30
2706	1.26345e-30
2707	1.53418e-30
2708	1.8642e-30
2709	2.26675e-30
2710	2.75813e-30
2711	3.36021e-30
2712	4.09661e-30
2713	4.99794e-30
2714	6.10196e-30
2715	7.45525e-30
2716	9.11035e-30
2717	1.11411e-29
2718	1.36347e-29
2719	1.66989e-29
2720	2.04672e-29
2721	2.50913e-29
2722	3.0784e-29
2723	3.77976e-29
2724	4.64457e-29
2725	5.71338e-29
2726	7.03769e-29
2727	8.67844e-29
2728	1.07105e-28
2729	1.32294e-28
2730	1.63544e-28
2731	2.02123e-28
2732	2.50017e-28
2733	3.09526e-28
2734	3.83535e-28
2735	4.75661e-28
2736	5.90776e-28
2737	7.34414e-28
2738	9.13814e-28
2739	1.13809e-27
2740	1.41874e-27
2741	1.77128e-27
2742	2.21355e-27
2743	2.76894e-27
2744	3.46709e-27
2745	4.3456e-27
2746	5.44912e-27
2747	6.83986e-27
2748	8.59443e-27
2749	1.08104e-26
2750	1.36121e-26
2751	1.71487e-26
2752	2.16275e-26
2753	2.73062e-26
2754	3.45145e-26
2755	4.36749e-26
2756	5.53299e-26
2757	7.01768e-26
2758	8.91126e-26
2759	1.13293e-25
2760	1.4421e-25
2761	1.83896e-25
2762	2.34797e-25
2763	3.00168e-25
2764	3.84233e-25
2765	4.92485e-25
2766	6.32441e-25
2767	8.13267e-25
2768	1.04723e-24
2769	1.35037e-24
2770	1.74323e-24
2771	2.25098e-24
2772	2.91e-24
2773	3.76754e-24
2774	4.88514e-24
2775	6.34396e-24
2776	8.25614e-24
2777	1.07618e-23
2778	1.40505e-23
2779	1.83744e-23
2780	2.40692e-23
2781	3.16017e-23
2782	4.15637e-23
2783	5.47632e-23
2784	7.22848e-23
2785	9.55885e-23
2786	1.26643e-22
2787	1.68107e-22
2788	2.23585e-22
2789	2.97965e-22
2790	3.97899e-22
2791	5.32136e-22
2792	7.13173e-22
2793	9.57879e-22
2794	1.28941e-21
2795	1.74016e-21
2796	2.35538e-21
2797	3.19668e-21
2798	4.34906e-21
2799	5.93167e-21
2800	8.11092e-21
2801	1.00911e-20
2802	1.25666e-20
2803	1.5664e-20
2804	1.95438e-20
2805	2.44158e-20
2806	3.05514e-20
2807	3.8279e-20
2808	4.80102e-20
2809	6.02777e-20
2810	7.57593e-20
2811	9.53189e-20
2812	1.20058e-19
2813	1.51385e-19
2814	1.91099e-19
2815	2.41506e-19
2816	3.05371e-19
2817	3.86576e-19
2818	4.89958e-19
2819	6.21739e-19
2820	7.89933e-19
2821	1.00425e-18
2822	1.27834e-18
2823	1.62934e-18
2824	2.07944e-18
2825	2.65826e-18
2826	3.40497e-18
2827	4.36885e-18
2828	5.61351e-18
2829	7.22315e-18
2830	9.30799e-18
2831	1.20049e-17
2832	1.55068e-17
2833	2.00613e-17
2834	2.59946e-17
2835	3.37371e-17
2836	4.383e-17
2837	5.70378e-17
2838	7.4353e-17
2839	9.70944e-17
2840	1.27018e-16
2841	1.66575e-16
2842	2.18859e-16
2843	2.88104e-16
2844	3.8e-16
2845	5.02211e-16
2846	6.64658e-16
2847	8.81495e-16
2848	1.17158e-15
2849	1.56057e-15
2850	2.0834e-15
2851	2.78783e-15
2852	3.73931e-15
2853	5.02778e-15
2854	6.77719e-15
2855	9.15884e-15
2856	1.24185e-14
2857	1.68842e-14
2858	2.30203e-14
2859	3.14774e-14
2860	4.31699e-14
2861	5.93881e-14
2862	8.19589e-14
2863	1.13479e-13
2864	1.57656e-13
2865	2.198e-13
2866	3.07143e-13
2867	4.30811e-13
2868	6.06633e-13
2869	8.57677e-13
2870	1.21813e-12
2871	1.73885e-12
2872	2.49437e-12
2873	3.59525e-12
2874	5.20783e-12
2875	7.58565e-12
2876	1.11171e-11
2877	1.63917e-11
2878	2.43145e-11
2879	3.62957e-11
2880	5.45439e-11
2881	8.24353e-11
2882	1.25525e-10
2883	1.92663e-10
2884	2.98229e-10
2885	4.65841e-10
2886	7.35272e-10
2887	1.17277e-09
2888	1.89194e-09
2889	3.09009e-09
2890	5.11583e-09
2891	8.59718e-09
2892	1.46903e-08
2893	2.55779e-08
2894	4.55021e-08
2895	8.30033e-08
2896	1.55938e-07
2897	3.04264e-07
2898	6.24954e-07
2899	1.3932e-06
2900	3.97948e-06
2901	4.10152e-06
2902	4.22768e-06
2903	4.35812e-06
2904	4.49298e-06
2905	4.63245e-06
2906	4.77335e-06
2907	4.91899e-06
2908	5.06955e-06
2909	5.2252e-06
2910	5.38614e-06
2911	5.54867e-06
2912	5.71665e-06
2913	5.89026e-06
2914	6.06974e-06
2915	6.25529e-06
2916	6.45173e-06
2917	6.65501e-06
2918	6.86541e-06
2919	7.08319e-06
2920	7.30865e-06
2921	7.54209e-06
2922	7.78382e-06
2923	8.03418e-06
2924	8.29349e-06
2925	8.56213e-06
2926	8.84046e-06
2927	9.12887e-06
2928	9.42778e-06
2929	9.73761e-06
2930	1.00588e-05
2931	1.03843e-05
2932	1.07216e-05
2933	1.10711e-05
2934	1.14335e-05
2935	1.18091e-05
2936	1.22075e-05
2937	1.2621e-05
2938	1.30502e-05
2939	1.34958e-05
2940	1.39584e-05
2941	1.44282e-05
2942	1.49157e-05
2943	1.54219e-05
2944	1.59474e-05
2945	1.64992e-05
2946	1.70854e-05
2947	1.77015e-05
2948	1.83427e-05
2949	1.90099e-05
2950	1.97045e-05
2951	2.04276e-05
2952	2.11805e-05
2953	2.19648e-05
2954	2.27818e-05
2955	2.36331e-05
2956	2.45019e-05
2957	2.54069e-05
2958	2.63498e-05
2959	2.73324e-05
2960	2.83568e-05
2961	2.94471e-05
2962	3.05849e-05
2963	3.17726e-05
2964	3.30128e-05
2965	3.43079e-05
2966	3.56338e-05
2967	3.70182e-05
2968	3.84642e-05
2969	3.99748e-05
2970	4.15534e-05
2971	4.32368e-05
2972	4.49981e-05
2973	4.68416e-05
2974	4.87717e-05
2975	5.07931e-05
2976	5.287e-05
2977	5.5045e-05
2978	5.73234e-05
2979	5.9711e-05
2980	6.22138e-05
2981	6.48888e-05
2982	6.76969e-05
2983	7.06459e-05
2984	7.3744e-05
2985	7.70002e-05
2986	8.03611e-05
2987	8.3894e-05
2988	8.76092e-05
2989	9.1518e-05
2990	9.56324e-05
2991	0.000100044
2992	0.000104696
2993	0.000109603
2994	0.000114784
2995	0.000120256
2996	0.00012604
2997	0.000132158
2998	0.000138635
2999	0.000145498
3000	0.000152777
3001	0.000152747
3002	0.000152717
3003	0.000152686
3004	0.000152656
3005	0.000152625
3006	0.000152715
3007	0.000152806
3008	0.000152897
3009	0.000152988
3010	0.00015308
3011	0.000153171
3012	0.000153263
3013	0.000153354
3014	0.000153446
3015	0.000153538
3016	0.000153507
3017	0.000153475
3018	0.000153444
3019	0.000153412
3020	0.00015338
3021	0.000153347
3022	0.000153315
3023	0.000153282
3024	0.000153249
3025	0.000153216
3026	0.000153309
3027	0.000153401
3028	0.000153493
3029	0.000153586
3030	0.000153679
3031	0.000153646
3032	0.000153612
3033	0.000153579
3034	0.000153545
3035	0.000153512
3036	0.000153351
3037	0.000153189
3038	0.000153027
3039	0.000152865
3040	0.000152766
3041	0.00015305
3042	0.0001534
3043	0.00015375
3044	0.000154102
3045	0.000154454
3046	0.000154679
3047	0.000154904
3048	0.00015513
3049	0.000155356
3050	0.000155584
3051	0.000155682
3052	0.00015578
3053	0.000155879
3054	0.000155978
3055	0.000156078
3056	0.000156177
3057	0.000156278
3058	0.000156378
3059	0.000156479
3060	0.00015658
3061	0.000156419
3062	0.000156257
3063	0.000156094
3064	0.000155931
3065	0.000155835
3066	0.00015587
3067	0.000155973
3068	0.000156076
3069	0.00015618
3070	0.000156284
3071	0.000156523
3072	0.000156762
3073	0.000157003
3074	0.000157244
3075	0.000157487
3076	0.000157461
3077	0.000157436
3078	0.000157411
3079	0.000157386
3080	0.000157362
3081	0.000157338
3082	0.000157314
3083	0.000157292
3084	0.000157269
3085	0.000157247
3086	0.000157226
3087	0.000157206
3088	0.000157186
3089	0.000157168
3090	0.00015715
3091	0.000157133
3092	0.000157117
3093	0.000157102
3094	0.000157089
3095	0.000157077
3096	0.000157066
3097	0.000157057
3098	0.00015705
3099	0.000157045
3100	0.000157042
3101	0.000154669
3102	0.000154221
3103	0.000154328
3104	0.000154738
3105	0.00015535
3106	0.000155971
3107	0.000156709
3108	0.000157544
3109	0.000158462
3110	0.000159453
3111	0.000160363
3112	0.000161331
3113	0.000162351
3114	0.000163421
3115	0.000164612
3116	0.000166002
3117	0.000167515
3118	0.000169075
3119	0.000170681
3120	0.000172333
3121	0.000174029
3122	0.00017577
3123	0.000177555
3124	0.000179384
3125	0.000181258
3126	0.000183176
3127	0.000185138
3128	0.000187144
3129	0.000189196
3130	0.000191293
3131	0.000193436
3132	0.000195626
3133	0.000197862
3134	0.000200145
3135	0.000202477
3136	0.000204666
3137	0.0002069
3138	0.000209179
3139	0.000211504
3140	0.000213876
3141	0.000216499
3142	0.000219177
3143	0.000221909
3144	0.000224697
3145	0.000227542
3146	0.000230226
3147	0.000232963
3148	0.000235755
3149	0.000238601
3150	0.000241504
3151	0.000244699
3152	0.000247959
3153	0.000251286
3154	0.000254682
3155	0.000258147
3156	0.000261684
3157	0.000265294
3158	0.000268979
3159	0.00027274
3160	0.00027658
3161	0.000280772
3162	0.000285054
3163	0.00028943
3164	0.0002939
3165	0.000298469
3166	0.000302552
3167	0.000306719
3168	0.000310973
3169	0.000315316
3170	0.000319906
3171	0.000324911
3172	0.000330189
3173	0.000335587
3174	0.000341107
3175	0.000346754
3176	0.000351843
3177	0.000357042
3178	0.000362355
3179	0.000367785
3180	0.000373335
3181	0.000379382
3182	0.000385569
3183	0.0003919
3184	0.000398379
3185	0.000405011
3186	0.000412208
3187	0.000419581
3188	0.000427136
3189	0.000434879
3190	0.000442815
3191	0.000450505
3192	0.000458384
3193	0.000466458
3194	0.000474735
3195	0.000483219
3196	0.00049143
3197	0.000499843
3198	0.000508467
3199	0.000517308
3200	0.000526639
3201	0.000522733
3202	0.00051913
3203	0.000515565
3204	0.000512036
3205	0.000508544
3206	0.000504579
3207	0.000500656
3208	0.000496774
3209	0.000492933
3210	0.000489132
3211	0.000484879
3212	0.000480671
3213	0.000476508
3214	0.000472388
3215	0.000468311
3216	0.000464752
3217	0.000461228
3218	0.00045774
3219	0.000454285
3220	0.000450865
3221	0.000447479
3222	0.000444125
3223	0.000440804
3224	0.000437516
3225	0.000434258
3226	0.000431477
3227	0.000428722
3228	0.00042599
3229	0.000423284
3230	0.000420601
3231	0.000417512
3232	0.000414451
3233	0.000411419
3234	0.000408415
3235	0.000405439
3236	0.00040249
3237	0.000399568
3238	0.000396673
3239	0.000393804
3240	0.000390962
3241	0.000388145
3242	0.000385353
3243	0.000382587
3244	0.000379845
3245	0.000377128
3246	0.000374827
3247	0.000372546
3248	0.000370283
3249	0.000368039
3250	0.000365814
3251	0.000362845
3252	0.000359903
3253	0.000356989
3254	0.0003541
3255	0.000351238
3256	0.000348771
3257	0.000346326
3258	0.000343901
3259	0.000341497
3260	0.000339114
3261	0.000336751
3262	0.000334408
3263	0.000332084
3264	0.000329781
3265	0.000327496
3266	0.000325231
3267	0.000322985
3268	0.000320757
3269	0.000318548
3270	0.000316357
3271	0.000314184
3272	0.00031203
3273	0.000309892
3274	0.000307773
3275	0.000305671
3276	0.000303586
3277	0.000301518
3278	0.000299467
3279	0.000297432
3280	0.000295414
3281	0.000293412
3282	0.000291426
3283	0.000289457
3284	0.000287503
3285	0.000285564
3286	0.000283952
3287	0.000282351
3288	0.000280762
3289	0.000279184
3290	0.000277467
3291	0.000275159
3292	0.00027272
3293	0.000270303
3294	0.000267906
3295	0.000265678
3296	0.000263762
3297	0.000262008
3298	0.000260267
3299	0.000258539
3300	0.000256825
3301	0.000261247
3302	0.000265762
3303	0.000270372
3304	0.000275079
3305	0.000279886
3306	0.000284159
3307	0.000288514
3308	0.000292955
3309	0.000297482
3310	0.000302098
3311	0.000307153
3312	0.000312314
3313	0.000317584
3314	0.000322966
3315	0.000328462
3316	0.000333316
3317	0.000338263
3318	0.000343305
3319	0.000348446
3320	0.000353891
3321	0.00036028
3322	0.000367025
3323	0.000373928
3324	0.000380991
3325	0.000388221
3326	0.000394707
3327	0.000401334
3328	0.000408105
3329	0.000415026
3330	0.0004221
3331	0.000429835
3332	0.000437753
3333	0.000445858
3334	0.000454156
3335	0.000462654
3336	0.000471357
3337	0.000480272
3338	0.000489406
3339	0.000498765
3340	0.000508357
3341	0.000518189
3342	0.000528269
3343	0.000538606
3344	0.000549208
3345	0.000560083
3346	0.00057056
3347	0.000581301
3348	0.000592314
3349	0.000603609
3350	0.000615196
3351	0.000627842
3352	0.000640834
3353	0.000654183
3354	0.000667904
3355	0.00068201
3356	0.000696515
3357	0.000711435
3358	0.000726785
3359	0.000742582
3360	0.000758845
3361	0.00077559
3362	0.000792838
3363	0.000810609
3364	0.000828924
3365	0.000847807
3366	0.000867282
3367	0.000887373
3368	0.000908108
3369	0.000929516
3370	0.000951625
3371	0.000974469
3372	0.000998081
3373	0.0010225
3374	0.00104776
3375	0.0010739
3376	0.00110097
3377	0.00112901
3378	0.00115807
3379	0.00118822
3380	0.00121949
3381	0.00125353
3382	0.00128891
3383	0.00132572
3384	0.00136403
3385	0.00140395
3386	0.00144374
3387	0.00148522
3388	0.0015285
3389	0.00157369
3390	0.00162091
3391	0.0016703
3392	0.00172202
3393	0.00177623
3394	0.00183311
3395	0.00189288
3396	0.00195328
3397	0.00201686
3398	0.0020839
3399	0.00215471
3400	0.00223105
3401	0.00225239
3402	0.00227545
3403	0.00229884
3404	0.00232254
3405	0.00234507
3406	0.00236187
3407	0.00237735
3408	0.00239301
3409	0.00240885
3410	0.00242643
3411	0.00244738
3412	0.00247021
3413	0.00249335
3414	0.0025168
3415	0.00254059
3416	0.0025614
3417	0.00258248
3418	0.00260384
3419	0.00262549
3420	0.00264744
3421	0.00266968
3422	0.00269223
3423	0.0027151
3424	0.00273828
3425	0.00276179
3426	0.00278563
3427	0.00280981
3428	0.00283434
3429	0.00285922
3430	0.00288447
3431	0.00291393
3432	0.00294384
3433	0.00297423
3434	0.00300509
3435	0.00303645
3436	0.00306428
3437	0.00309254
3438	0.00312125
3439	0.0031504
3440	0.00318002
3441	0.00321012
3442	0.00324071
3443	0.00327181
3444	0.00330341
3445	0.00333555
3446	0.00336823
3447	0.00340147
3448	0.00343528
3449	0.00346969
3450	0.0035047
3451	0.00354509
3452	0.00358624
3453	0.00362816
3454	0.00367088
3455	0.00371443
3456	0.00375377
3457	0.00379387
3458	0.00383475
3459	0.00387643
3460	0.00391894
3461	0.00396767
3462	0.00401742
3463	0.00406822
3464	0.00412011
3465	0.00417314
3466	0.00422162
3467	0.00427117
3468	0.00432182
3469	0.00437362
3470	0.00442662
3471	0.00448085
3472	0.00453638
3473	0.00459326
3474	0.00465153
3475	0.00471128
3476	0.00477256
3477	0.00483544
3478	0.0049
3479	0.00496633
3480	0.0050345
3481	0.00511167
3482	0.00519111
3483	0.00527295
3484	0.00535731
3485	0.00544434
3486	0.00552658
3487	0.00561157
3488	0.0056995
3489	0.00579058
3490	0.00588502
3491	0.0059831
3492	0.00608511
3493	0.00619138
3494	0.00630231
3495	0.00641836
3496	0.00654007
3497	0.00666811
3498	0.0068033
3499	0.00694668
3500	0.00709961
3501	0.00710684
3502	0.00711409
3503	0.00712137
3504	0.00712868
3505	0.00713601
3506	0.00713331
3507	0.00713062
3508	0.00712794
3509	0.00712526
3510	0.00712259
3511	0.00711993
3512	0.00711728
3513	0.00711463
3514	0.007112
3515	0.00710937
3516	0.00710675
3517	0.00710415
3518	0.00710155
3519	0.00709896
3520	0.00709638
3521	0.00710404
3522	0.00711173
3523	0.00711945
3524	0.0071272
3525	0.00713499
3526	0.00713254
3527	0.0071301
3528	0.00712768
3529	0.00712526
3530	0.00712287
3531	0.00713082
3532	0.0071388
3533	0.00714683
3534	0.0071549
3535	0.00716301
3536	0.00716076
3537	0.00715853
3538	0.00715632
3539	0.00715413
3540	0.00715196
3541	0.00716025
3542	0.0071686
3543	0.00717699
3544	0.00718542
3545	0.00719391
3546	0.00719192
3547	0.00718996
3548	0.00718803
3549	0.00718612
3550	0.00718424
3551	0.00718238
3552	0.00718055
3553	0.00717875
3554	0.00717698
3555	0.00717524
3556	0.00717353
3557	0.00717186
3558	0.00717021
3559	0.00716861
3560	0.00716704
3561	0.00717621
3562	0.00718546
3563	0.00719477
3564	0.00720415
3565	0.00721361
3566	0.00721235
3567	0.00721115
3568	0.00720999
3569	0.00720888
3570	0.00720783
3571	0.00720683
3572	0.00720589
3573	0.00720501
3574	0.00720419
3575	0.00720343
3576	0.00720274
3577	0.00720213
3578	0.00720158
3579	0.00720112
3580	0.00720073
3581	0.00721144
3582	0.00722228
3583	0.00723324
3584	0.00724433
3585	0.00725556
3586	0.00725585
3587	0.00725625
3588	0.00725678
3589	0.00725744
3590	0.00725824
3591	0.00725919
3592	0.0072603
3593	0.00726159
3594	0.00726305
3595	0.00726472
3596	0.00727788
3597	0.00729132
3598	0.00730506
3599	0.00731911
3600	0.00733352
3601	0.00732726
3602	0.007321
3603	0.00731473
3604	0.00730847
3605	0.00730219
3606	0.00729592
3607	0.00728964
3608	0.00728335
3609	0.00727707
3610	0.00727078
3611	0.00727594
3612	0.00728112
3613	0.00728631
3614	0.00729151
3615	0.00729673
3616	0.00729046
3617	0.00728419
3618	0.00727791
3619	0.00727163
3620	0.00726535
3621	0.00727061
3622	0.00727588
3623	0.00728116
3624	0.00728646
3625	0.00729178
3626	0.00728552
3627	0.00727926
3628	0.00727301
3629	0.00726674
3630	0.00726048
3631	0.00726584
3632	0.00727122
3633	0.00727661
3634	0.00728202
3635	0.00728744
3636	0.00728121
3637	0.00727498
3638	0.00726875
3639	0.00726252
3640	0.00725629
3641	0.00726176
3642	0.00726726
3643	0.00727277
3644	0.00727831
3645	0.00728385
3646	0.00727767
3647	0.00727148
3648	0.00726529
3649	0.0072591
3650	0.00725291
3651	0.00724672
3652	0.00724054
3653	0.00723436
3654	0.00722817
3655	0.00722199
3656	0.00722766
3657	0.00723336
3658	0.00723907
3659	0.0072448
3660	0.00725056
3661	0.00725634
3662	0.00726214
3663	0.00726797
3664	0.00727381
3665	0.00727969
3666	0.0072617
3667	0.00724369
3668	0.00722567
3669	0.00720764
3670	0.00719559
3671	0.00719553
3672	0.00720148
3673	0.00720746
3674	0.00721348
3675	0.00721952
3676	0.00721354
3677	0.00720758
3678	0.00720163
3679	0.00719569
3680	0.00718976
3681	0.00718384
3682	0.00717794
3683	0.00717205
3684	0.00716618
3685	0.00716032
3686	0.00716662
3687	0.00717297
3688	0.00717935
3689	0.00718578
3690	0.00719225
3691	0.00718656
3692	0.00718089
3693	0.00717526
3694	0.00716964
3695	0.00716406
3696	0.00715851
3697	0.00715298
3698	0.0071475
3699	0.00714205
3700	0.00713663
3701	0.007143
3702	0.00714939
3703	0.00715581
3704	0.00716224
3705	0.0071687
3706	0.00716282
3707	0.00715693
3708	0.00715105
3709	0.00714516
3710	0.00713928
3711	0.00714582
3712	0.00715239
3713	0.00715899
3714	0.00716561
3715	0.00717225
3716	0.00716643
3717	0.00716061
3718	0.0071548
3719	0.00714898
3720	0.00714317
3721	0.0071499
3722	0.00715666
3723	0.00716344
3724	0.00717024
3725	0.00717708
3726	0.00717133
3727	0.00716559
3728	0.00715985
3729	0.0071541
3730	0.00714837
3731	0.00715529
3732	0.00716224
3733	0.00716922
3734	0.00717623
3735	0.00718326
3736	0.00716487
3737	0.00714645
3738	0.00712802
3739	0.00710955
3740	0.00709746
3741	0.00709814
3742	0.00710524
3743	0.00711236
3744	0.00711951
3745	0.0071267
3746	0.00712105
3747	0.00711541
3748	0.00710977
3749	0.00710413
3750	0.0070985
3751	0.00710579
3752	0.00711311
3753	0.00712045
3754	0.00712783
3755	0.00713524
3756	0.00712969
3757	0.00712414
3758	0.0071186
3759	0.00711306
3760	0.00710753
3761	0.00711505
3762	0.0071226
3763	0.00713019
3764	0.00713781
3765	0.00714546
3766	0.00715314
3767	0.00716086
3768	0.00716861
3769	0.00717639
3770	0.00718421
3771	0.00717886
3772	0.00717352
3773	0.00716819
3774	0.00716286
3775	0.00715753
3776	0.00715222
3777	0.0071469
3778	0.0071416
3779	0.0071363
3780	0.007131
3781	0.00713906
3782	0.00714716
3783	0.00715529
3784	0.00716346
3785	0.00717166
3786	0.00716649
3787	0.00716132
3788	0.00715616
3789	0.00715101
3790	0.00714587
3791	0.00715423
3792	0.00716263
3793	0.00717108
3794	0.00717957
3795	0.00718809
3796	0.00718309
3797	0.00717809
3798	0.0071731
3799	0.00716812
3800	0.00716316
3801	0.00710716
3802	0.00706384
3803	0.00702783
3804	0.00699673
3805	0.00696925
3806	0.00693133
3807	0.00689574
3808	0.00686209
3809	0.00683008
3810	0.00679949
3811	0.00678319
3812	0.00676794
3813	0.00675362
3814	0.00674014
3815	0.00672743
3816	0.0067025
3817	0.00667827
3818	0.00665467
3819	0.00663166
3820	0.00660921
3821	0.0066001
3822	0.00659144
3823	0.0065832
3824	0.00657538
3825	0.00656794
3826	0.00656087
3827	0.00655415
3828	0.00654776
3829	0.0065417
3830	0.00653595
3831	0.00651782
3832	0.00649999
3833	0.00648247
3834	0.00646523
3835	0.00644827
3836	0.00644421
3837	0.0064404
3838	0.00643684
3839	0.0064335
3840	0.0064304
3841	0.00641492
3842	0.00639967
3843	0.00638464
3844	0.00636984
3845	0.00635525
3846	0.00635346
3847	0.00635187
3848	0.00635048
3849	0.00634929
3850	0.00634829
3851	0.00633492
3852	0.00632175
3853	0.00630877
3854	0.00629599
3855	0.00628339
3856	0.00627727
3857	0.00627134
3858	0.00625931
3859	0.00625375
3860	0.00624838
3861	0.0062432
3862	0.00624449
3863	0.00623969
3864	0.00624137
3865	0.00623695
3866	0.00622643
3867	0.00622239
3868	0.00621225
3869	0.00620861
3870	0.00619887
3871	0.00620194
3872	0.00620522
3873	0.00620872
3874	0.00621244
3875	0.00621639
3876	0.00620791
3877	0.00620599
3878	0.00619797
3879	0.00619651
3880	0.00618896
3881	0.006188
3882	0.00618731
3883	0.00618689
3884	0.00618674
3885	0.00618689
3886	0.00619373
3887	0.0062009
3888	0.00621481
3889	0.0062227
3890	0.00623097
3891	0.00622679
3892	0.00622299
3893	0.00622606
3894	0.00622313
3895	0.00622067
3896	0.00623166
3897	0.00623676
3898	0.00624898
3899	0.00625537
3900	0.00626903
3901	0.00628084
3902	0.00629273
3903	0.00629812
3904	0.00631014
3905	0.00632223
3906	0.00632779
3907	0.00632679
3908	0.00633245
3909	0.00633152
3910	0.00633727
3911	0.00634975
3912	0.00635563
3913	0.00636826
3914	0.00637427
3915	0.00638706
3916	0.00638647
3917	0.00638591
3918	0.00639215
3919	0.00639168
3920	0.00639124
3921	0.00640446
3922	0.00641777
3923	0.00642435
3924	0.00643785
3925	0.00645144
3926	0.00645139
3927	0.00645828
3928	0.00645833
3929	0.00646536
3930	0.00646553
3931	0.00647966
3932	0.00648693
3933	0.00650128
3934	0.00650874
3935	0.00652331
3936	0.00653097
3937	0.00653168
3938	0.00653952
3939	0.00654038
3940	0.0065484
3941	0.00655653
3942	0.00657189
3943	0.00658025
3944	0.00659588
3945	0.00660449
3946	0.00660601
3947	0.00660763
3948	0.00661656
3949	0.00661837
3950	0.00662028
3951	0.00662957
3952	0.0066463
3953	0.0066559
3954	0.00667298
3955	0.00668289
3956	0.00669295
3957	0.00670318
3958	0.00670616
3959	0.00671671
3960	0.00672744
3961	0.00674583
3962	0.00676446
3963	0.0067758
3964	0.00679489
3965	0.00681423
3966	0.00681868
3967	0.00683091
3968	0.00683576
3969	0.00684846
3970	0.00685375
3971	0.00687465
3972	0.00688817
3973	0.00690972
3974	0.00692387
3975	0.00694613
3976	0.00696096
3977	0.00696831
3978	0.00698385
3979	0.0069919
3980	0.00700823
3981	0.00702501
3982	0.00704227
3983	0.00706803
3984	0.00708635
3985	0.00710525
3986	0.00713286
3987	0.00715306
3988	0.00718215
3989	0.00720388
3990	0.0072347
3991	0.00724997
3992	0.0072745
3993	0.00729182
3994	0.00731873
3995	0.00733865
3996	0.0073771
3997	0.00740903
3998	0.00745182
3999	0.00748886
4000	0.00753807
