       280	2.95759e-16	
       281	6.49018e-16	
       282	1.30851e-15	
       283	1.86338e-15	
       284	1.99598e-15	
       285	1.50165e-15	
       286	2.23754e-15	
       287	3.71885e-15	
       288	3.95363e-15	
       289	5.61926e-15	
       290	8.98169e-15	
       291	1.13499e-14	
       292	1.20132e-14	
       293	1.30407e-14	
       294	1.46932e-14	
       295	1.6648e-14	
       296	1.96591e-14	
       297	2.00019e-14	
       298	2.30614e-14	
       299	2.41572e-14	
       300	2.6208e-14	
       301	2.82141e-13	
       302	3.13089e-12	
       303	4.26761e-11	
       304	4.86291e-10	
       305	5.2463e-09	
       306	1.33703e-08	
       307	3.86231e-08	
       308	1.13219e-07	
       309	2.8061e-07	
       310	7.4519e-07	
       311	1.94482e-06	
       312	3.73321e-06	
       313	7.26263e-06	
       314	1.45661e-05	
       315	2.71172e-05	
       316	3.44853e-05	
       317	5.69934e-05	
       318	7.88642e-05	
       319	0.000105035	
       320	0.00015946	
       321	0.000205288	
       322	0.000251759	
       323	0.00030319	
       324	0.000431112	
       325	0.000635693	
       326	0.000881334	
       327	0.00106388	
       328	0.00120411	
       329	0.00149613	
       330	0.00190796	
       331	0.00195278	
       332	0.00213732	
       333	0.00230106	
       334	0.00254418	
       335	0.00292238	
       336	0.00284347	
       337	0.00286502	
       338	0.00341026	
       339	0.00387761	
       340	0.00445137	
       341	0.00454658	
       342	0.00489741	
       343	 0.0053782	
       344	0.00491373	
       345	0.00540561	
       346	0.00604946	
       347	0.00644359	
       348	0.00663318	
       349	0.00690027	
       350	0.00802923	
       351	0.00881446	
       352	0.00864384	
       353	0.00923533	
       354	 0.0109641	
       355	 0.0116179	
       356	 0.0111117	
       357	0.00988312	
       358	0.00936843	
       359	  0.010801	
       360	 0.0137876	
       361	 0.0130161	
       362	  0.013772	
       363	 0.0156481	
       364	 0.0163544	
       365	 0.0179266	
       366	 0.0211816	
       367	 0.0219168	
       368	 0.0213044	
       369	 0.0226695	
       370	 0.0246355	
       371	 0.0241631	
       372	 0.0242391	
       373	 0.0225145	
       374	 0.0212068	
       375	 0.0234723	
       376	 0.0270344	
       377	 0.0301447	
       378	 0.0360431	
       379	  0.033433	
       380	  0.032405	
       381	 0.0350884	
       382	  0.028787	
       383	 0.0232074	
       384	 0.0266125	
       385	 0.0343465	
       386	  0.034292	
       387	 0.0361282	
       388	 0.0363985	
       389	 0.0404737	
       390	 0.0474527	
       391	 0.0519063	
       392	 0.0492624	
       393	 0.0324407	
       394	 0.0341551	
       395	 0.0537982	
       396	 0.0507888	
       397	 0.0361729	
       398	 0.0608502	
       399	 0.0790237	
       400	 0.0852572	
       401	 0.0904424	
       402	 0.0950801	
       403	 0.0951776	
       404	 0.0976271	
       405	 0.0981114	
       406	 0.0977268	
       407	 0.0984343	
       408	  0.104532	
       409	  0.110597	
       410	   0.10249	
       411	  0.112312	
       412	  0.120734	
       413	  0.119917	
       414	  0.120815	
       415	  0.126862	
       416	   0.13244	
       417	  0.132178	
       418	  0.130475	
       419	  0.134461	
       420	  0.130959	
       421	  0.144589	
       422	  0.147185	
       423	  0.145884	
       424	  0.147995	
       425	  0.153393	
       426	  0.152195	
       427	  0.150406	
       428	  0.151715	
       429	  0.141747	
       430	  0.119042	
       431	   0.11813	
       432	   0.17119	
       433	  0.171806	
       434	  0.164986	
       435	  0.180073	
       436	  0.198405	
       437	  0.203122	
       438	  0.186186	
       439	  0.184063	
       440	  0.205509	
       441	  0.211164	
       442	  0.225012	
       443	  0.232012	
       444	  0.231692	
       445	   0.23836	
       446	  0.226998	
       447	  0.249158	
       448	  0.258193	
       449	  0.262336	
       450	  0.273947	
       451	  0.284445	
       452	  0.277626	
       453	  0.265528	
       454	  0.279556	
       455	  0.284491	
       456	  0.294664	
       457	  0.300835	
       458	  0.299167	
       459	  0.299599	
       460	  0.302969	
       461	  0.313711	
       462	  0.320956	
       463	  0.323988	
       464	  0.319886	
       465	  0.318402	
       466	  0.324286	
       467	  0.319378	
       468	  0.331242	
       469	  0.336179	
       470	  0.330568	
       471	  0.338438	
       472	  0.353962	
       473	  0.349864	
       474	  0.355971	
       475	  0.367925	
       476	  0.364277	
       477	  0.370489	
       478	  0.381805	
       479	  0.380733	
       480	  0.387298	
       481	  0.390107	
       482	  0.392656	
       483	  0.390844	
       484	  0.387472	
       485	  0.379072	
       486	  0.330424	
       487	  0.355906	
       488	  0.383267	
       489	  0.377319	
       490	  0.407491	
       491	  0.401343	
       492	   0.39141	
       493	  0.409492	
       494	  0.410936	
       495	  0.429048	
       496	  0.420121	
       497	   0.42365	
       498	  0.417691	
       499	  0.418958	
       500	  0.420186	
       501	  0.412992	
       502	  0.416504	
       503	   0.43093	
       504	  0.419283	
       505	  0.441181	
       506	   0.45845	
       507	  0.446316	
       508	  0.438604	
       509	  0.453406	
       510	  0.449052	
       511	  0.456847	
       512	   0.46587	
       513	  0.447278	
       514	  0.439189	
       515	  0.451436	
       516	   0.44712	
       517	  0.392739	
       518	  0.422878	
       519	  0.425892	
       520	  0.456479	
       521	  0.466707	
       522	  0.474481	
       523	    0.4597	
       524	    0.4838	
       525	  0.486246	
       526	  0.469012	
       527	  0.432522	
       528	  0.475586	
       529	   0.49969	
       530	  0.492408	
       531	  0.511839	
       532	  0.502857	
       533	  0.466427	
       534	  0.485879	
       535	  0.499871	
       536	   0.51163	
       537	  0.489075	
       538	   0.50214	
       539	  0.494962	
       540	  0.480685	
       541	  0.471846	
       542	  0.502295	
       543	  0.503883	
       544	  0.516984	
       545	  0.510742	
       546	  0.509548	
       547	  0.513458	
       548	  0.507382	
       549	  0.517123	
       550	  0.516502	
       551	  0.518127	
       552	  0.525299	
       553	  0.516441	
       554	  0.523933	
       555	  0.527229	
       556	  0.520357	
       557	  0.510983	
       558	  0.515257	
       559	   0.49947	
       560	  0.506863	
       561	    0.5266	
       562	  0.514227	
       563	  0.525494	
       564	  0.522604	
       565	  0.520748	
       566	   0.50467	
       567	  0.526908	
       568	  0.528544	
       569	  0.522328	
       570	  0.519288	
       571	  0.507832	
       572	  0.529551	
       573	  0.535995	
       574	  0.533751	
       575	  0.525557	
       576	   0.52461	
       577	  0.532012	
       578	  0.522546	
       579	  0.526459	
       580	  0.530786	
       581	  0.533342	
       582	  0.539578	
       583	  0.543667	
       584	  0.543019	
       585	  0.540166	
       586	  0.532133	
       587	  0.542189	
       588	  0.533744	
       589	  0.493607	
       590	  0.513339	
       591	   0.53805	
       592	   0.53849	
       593	  0.539303	
       594	  0.541927	
       595	  0.543433	
       596	   0.55108	
       597	  0.555732	
       598	  0.549596	
       599	  0.549241	
       600	  0.553206	
       601	  0.548964	
       602	  0.547476	
       603	  0.558378	
       604	  0.569874	
       605	  0.571908	
       606	  0.572871	
       607	  0.576076	
       608	  0.577144	
       609	  0.576257	
       610	  0.578676	
       611	  0.580939	
       612	  0.590865	
       613	  0.586291	
       614	  0.578157	
       615	  0.590753	
       616	  0.582894	
       617	  0.581943	
       618	  0.601354	
       619	  0.610709	
       620	  0.615649	
       621	  0.620613	
       622	  0.614211	
       623	  0.615939	
       624	  0.615803	
       625	  0.610979	
       626	  0.615872	
       627	  0.633969	
       628	  0.640416	
       629	   0.64357	
       630	  0.641446	
       631	   0.63754	
       632	  0.623868	
       633	  0.645593	
       634	  0.644494	
       635	  0.647291	
       636	  0.641676	
       637	  0.658351	
       638	  0.666169	
       639	  0.661981	
       640	   0.65217	
       641	  0.653391	
       642	  0.657654	
       643	   0.66603	
       644	  0.665192	
       645	  0.671561	
       646	  0.664446	
       647	  0.671339	
       648	  0.669872	
       649	  0.655702	
       650	  0.654089	
       651	  0.680661	
       652	  0.682309	
       653	  0.686634	
       654	  0.680708	
       655	  0.652444	
       656	  0.590074	
       657	  0.610704	
       658	  0.670098	
       659	  0.683552	
       660	  0.694332	
       661	  0.702396	
       662	  0.706013	
       663	  0.705678	
       664	  0.706447	
       665	  0.715763	
       666	  0.715958	
       667	  0.711509	
       668	  0.701367	
       669	  0.698828	
       670	  0.684186	
       671	  0.676876	
       672	  0.667254	
       673	  0.666014	
       674	  0.660314	
       675	  0.655545	
       676	  0.658691	
       677	  0.652295	
       678	  0.652075	
       679	     0.645	
       680	  0.642949	
       681	  0.642107	
       682	  0.640843	
       683	  0.636457	
       684	   0.63217	
       685	  0.629045	
       686	  0.617951	
       687	  0.628918	
       688	  0.634042	
       689	  0.634399	
       690	  0.633738	
       691	  0.634365	
       692	  0.632847	
       693	  0.640108	
       694	  0.644754	
       695	  0.643383	
       696	  0.647658	
       697	  0.652062	
       698	  0.651463	
       699	  0.659012	
       700	  0.661556	
       701	  0.663092	
       702	  0.665992	
       703	  0.676331	
       704	  0.688337	
       705	  0.699089	
       706	  0.699998	
       707	  0.704096	
       708	    0.7132	
       709	  0.722825	
       710	  0.749458	
       711	  0.695275	
       712	  0.660908	
       713	  0.637094	
       714	  0.622053	
       715	  0.599802	
       716	  0.592491	
       717	  0.581952	
       718	  0.565568	
       719	  0.545217	
       720	  0.554098	
       721	  0.553742	
       722	  0.552967	
       723	  0.547727	
       724	  0.546647	
       725	  0.546958	
       726	  0.551163	
       727	  0.558714	
       728	  0.563961	
       729	  0.556614	
       730	  0.580315	
       731	  0.584469	
       732	   0.59862	
       733	  0.605555	
       734	  0.626062	
       735	  0.635988	
       736	  0.642215	
       737	  0.656103	
       738	  0.667966	
       739	  0.675147	
       740	  0.712887	
       741	   0.71219	
       742	  0.712234	
       743	  0.727876	
       744	  0.736613	
       745	  0.736237	
       746	  0.738816	
       747	  0.741541	
       748	  0.740838	
       749	  0.743252	
       750	  0.743089	
       751	  0.747109	
       752	  0.752899	
       753	  0.758157	
       754	  0.764281	
       755	  0.765185	
       756	  0.757834	
       757	  0.758718	
       758	   0.76327	
       759	  0.757165	
       760	  0.760861	
       761	    0.7585	
       762	  0.759159	
       763	  0.709419	
       764	  0.672641	
       765	  0.639229	
       766	  0.599458	
       767	   0.58396	
       768	  0.586618	
       769	  0.588685	
       770	  0.595905	
       771	  0.604798	
       772	  0.614221	
       773	  0.624275	
       774	  0.635091	
       775	   0.64686	
       776	  0.659189	
       777	  0.669727	
       778	  0.686988	
       779	  0.712179	
       780	  0.750779	
       781	  0.748613	
       782	  0.751546	
       783	  0.746102	
       784	  0.740842	
       785	  0.744328	
       786	  0.744781	
       787	  0.743749	
       788	  0.738873	
       789	   0.73718	
       790	  0.731624	
       791	  0.725326	
       792	  0.719061	
       793	  0.712825	
       794	  0.707394	
       795	  0.707457	
       796	  0.713793	
       797	  0.723276	
       798	  0.719483	
       799	  0.712574	
       800	  0.704111	
       801	  0.687518	
       802	  0.671726	
       803	  0.651246	
       804	  0.641468	
       805	  0.622393	
       806	  0.623911	
       807	  0.614257	
       808	  0.605226	
       809	  0.591355	
       810	  0.587978	
       811	  0.583575	
       812	  0.582046	
       813	  0.577487	
       814	  0.571874	
       815	  0.563314	
       816	  0.558147	
       817	  0.551593	
       818	  0.537883	
       819	  0.524529	
       820	  0.519382	
       821	  0.517414	
       822	  0.507808	
       823	   0.50907	
       824	  0.507032	
       825	   0.51786	
       826	  0.533208	
       827	  0.545918	
       828	  0.555305	
       829	  0.566003	
       830	  0.582629	
       831	  0.602951	
       832	  0.614897	
       833	  0.607836	
       834	  0.619274	
       835	  0.626587	
       836	  0.635721	
       837	  0.637675	
       838	  0.642264	
       839	  0.645017	
       840	  0.656186	
       841	  0.657395	
       842	   0.64998	
       843	  0.648862	
       844	  0.643807	
       845	  0.658614	
       846	  0.660804	
       847	  0.648655	
       848	   0.64851	
       849	  0.642781	
       850	  0.603765	
       851	  0.640163	
       852	  0.645242	
       853	  0.633694	
       854	  0.585277	
       855	  0.612705	
       856	  0.653642	
       857	  0.672562	
       858	  0.678552	
       859	  0.683081	
       860	  0.686151	
       861	  0.686121	
       862	  0.692104	
       863	  0.691736	
       864	  0.680466	
       865	  0.660934	
       866	  0.605875	
       867	  0.634624	
       868	  0.662629	
       869	  0.663195	
       870	  0.670828	
       871	  0.666661	
       872	  0.671716	
       873	   0.66659	
       874	  0.656185	
       875	  0.650614	
       876	  0.663628	
       877	  0.667566	
       878	  0.665281	
       879	  0.657357	
       880	  0.655401	
       881	  0.583299	
       882	  0.564774	
       883	  0.544264	
       884	  0.529918	
       885	  0.518145	
       886	   0.49406	
       887	  0.480655	
       888	  0.477015	
       889	  0.469295	
       890	  0.459374	
       891	  0.449229	
       892	  0.438003	
       893	  0.425253	
       894	  0.419479	
       895	  0.414178	
       896	  0.410081	
       897	  0.401858	
       898	  0.394065	
       899	  0.385085	
       900	  0.378335	
       901	  0.367169	
       902	  0.357352	
       903	  0.365013	
       904	   0.36209	
       905	  0.356119	
       906	  0.357046	
       907	  0.361665	
       908	  0.360882	
       909	  0.359936	
       910	  0.365943	
       911	  0.370694	
       912	  0.373263	
       913	  0.380189	
       914	  0.383922	
       915	  0.385438	
       916	  0.387109	
       917	  0.385746	
       918	  0.385573	
       919	  0.386701	
       920	   0.38408	
       921	  0.378685	
       922	  0.374208	
       923	  0.366293	
       924	  0.377317	
       925	  0.379906	
       926	  0.302378	
       927	   0.26186	
       928	  0.226487	
       929	  0.198775	
       930	  0.176598	
       931	  0.159986	
       932	   0.14505	
       933	  0.133088	
       934	  0.121817	
       935	  0.111098	
       936	  0.102223	
       937	 0.0949525	
       938	 0.0970765	
       939	 0.0984814	
       940	 0.0986286	
       941	 0.0990748	
       942	 0.0988954	
       943	   0.10301	
       944	  0.103725	
       945	  0.105973	
       946	  0.108711	
       947	  0.110665	
       948	  0.113099	
       949	  0.119181	
       950	  0.124961	
       951	  0.130746	
       952	  0.138387	
       953	  0.145943	
       954	  0.152384	
       955	  0.156048	
       956	  0.170441	
       957	  0.183783	
       958	  0.198036	
       959	  0.213576	
       960	  0.228647	
       961	  0.246576	
       962	  0.269609	
       963	  0.295898	
       964	  0.327741	
       965	  0.375683	
       966	  0.377237	
       967	  0.383512	
       968	  0.384949	
       969	  0.390109	
       970	  0.395501	
       971	  0.397464	
       972	  0.403703	
       973	  0.405748	
       974	  0.406141	
       975	  0.412973	
       976	  0.421655	
       977	  0.425003	
       978	  0.432491	
       979	  0.435565	
       980	  0.445193	
       981	  0.450019	
       982	  0.457108	
       983	   0.46046	
       984	  0.462976	
       985	  0.468684	
       986	  0.472494	
       987	  0.478277	
       988	  0.483415	
       989	   0.48643	
       990	  0.495111	
       991	  0.506386	
       992	  0.514706	
       993	  0.526938	
       994	  0.536474	
       995	  0.534646	
       996	   0.53344	
       997	  0.528674	
       998	  0.528352	
       999	  0.528558	
      1000	  0.530022	
      1001	  0.532914	
      1002	  0.533142	
      1003	  0.528358	
      1004	  0.520254	
      1005	  0.498055	
      1006	  0.513966	
      1007	  0.524888	
      1008	  0.527465	
      1009	   0.52636	
      1010	  0.527337	
      1011	  0.525423	
      1012	  0.524689	
      1013	  0.522871	
      1014	  0.523691	
      1015	  0.518426	
      1016	  0.519067	
      1017	  0.517078	
      1018	  0.520298	
      1019	  0.511374	
      1020	  0.513238	
      1021	  0.514656	
      1022	  0.510675	
      1023	  0.514053	
      1024	  0.516351	
      1025	  0.516273	
      1026	  0.516677	
      1027	  0.515984	
      1028	   0.51652	
      1029	  0.513833	
      1030	  0.515069	
      1031	  0.515132	
      1032	  0.514861	
      1033	  0.509575	
      1034	   0.51202	
      1035	  0.514732	
      1036	  0.515568	
      1037	  0.512733	
      1038	   0.51242	
      1039	   0.51635	
      1040	  0.516335	
      1041	  0.516621	
      1042	  0.516325	
      1043	  0.513354	
      1044	  0.514304	
      1045	  0.510846	
      1046	  0.501917	
      1047	  0.507373	
      1048	  0.511773	
      1049	  0.510418	
      1050	  0.508102	
      1051	  0.508088	
      1052	   0.50596	
      1053	  0.504983	
      1054	  0.504197	
      1055	  0.505718	
      1056	  0.504931	
      1057	  0.503757	
      1058	   0.49854	
      1059	  0.488888	
      1060	  0.496276	
      1061	  0.491342	
      1062	  0.496713	
      1063	  0.493217	
      1064	  0.497528	
      1065	  0.496637	
      1066	  0.488982	
      1067	  0.490211	
      1068	  0.487956	
      1069	  0.469954	
      1070	  0.479489	
      1071	  0.458392	
      1072	  0.446743	
      1073	  0.431704	
      1074	  0.428161	
      1075	  0.416254	
      1076	  0.412326	
      1077	  0.406766	
      1078	  0.400839	
      1079	  0.390684	
      1080	  0.389042	
      1081	  0.377732	
      1082	  0.370708	
      1083	  0.370099	
      1084	  0.369074	
      1085	  0.365316	
      1086	  0.361708	
      1087	  0.348937	
      1088	  0.351168	
      1089	  0.349825	
      1090	  0.345197	
      1091	  0.342951	
      1092	  0.335515	
      1093	  0.327887	
      1094	  0.313709	
      1095	  0.318488	
      1096	  0.319205	
      1097	  0.318861	
      1098	  0.314987	
      1099	  0.311721	
      1100	  0.316328	
      1101	  0.236095	
      1102	  0.187314	
      1103	  0.158868	
      1104	  0.135908	
      1105	  0.117651	
      1106	  0.103041	
      1107	 0.0907985	
      1108	  0.081005	
      1109	 0.0726173	
      1110	 0.0654952	
      1111	 0.0590236	
      1112	 0.0535544	
      1113	  0.048598	
      1114	 0.0447402	
      1115	 0.0409302	
      1116	 0.0373504	
      1117	 0.0346508	
      1118	 0.0316053	
      1119	 0.0291585	
      1120	 0.0269423	
      1121	 0.0287631	
      1122	 0.0307546	
      1123	 0.0327517	
      1124	 0.0348773	
      1125	   0.03698	
      1126	  0.038742	
      1127	 0.0419304	
      1128	 0.0454735	
      1129	 0.0489388	
      1130	 0.0525181	
      1131	 0.0524959	
      1132	 0.0523122	
      1133	 0.0515238	
      1134	 0.0512315	
      1135	 0.0509976	
      1136	 0.0507211	
      1137	 0.0495166	
      1138	 0.0486803	
      1139	 0.0489709	
      1140	 0.0488722	
      1141	 0.0479295	
      1142	 0.0482721	
      1143	  0.047774	
      1144	  0.047205	
      1145	 0.0472755	
      1146	 0.0509061	
      1147	 0.0545524	
      1148	 0.0582277	
      1149	 0.0623925	
      1150	 0.0670549	
      1151	 0.0723145	
      1152	 0.0780844	
      1153	 0.0850762	
      1154	 0.0934195	
      1155	  0.102363	
      1156	  0.111823	
      1157	  0.124434	
      1158	   0.13867	
      1159	  0.154393	
      1160	  0.174138	
      1161	  0.200196	
      1162	  0.208688	
      1163	  0.215088	
      1164	  0.217911	
      1165	  0.224759	
      1166	  0.227288	
      1167	  0.235618	
      1168	  0.243053	
      1169	  0.244829	
      1170	  0.256107	
      1171	   0.25913	
      1172	  0.260538	
      1173	  0.260672	
      1174	  0.261802	
      1175	  0.259516	
      1176	  0.257961	
      1177	  0.263546	
      1178	  0.263598	
      1179	  0.264559	
      1180	  0.268567	
      1181	   0.26913	
      1182	  0.268334	
      1183	  0.260108	
      1184	  0.269387	
      1185	   0.27467	
      1186	  0.276481	
      1187	  0.277989	
      1188	  0.276127	
      1189	  0.268563	
      1190	  0.278363	
      1191	  0.285124	
      1192	  0.286891	
      1193	  0.288488	
      1194	  0.290269	
      1195	  0.290379	
      1196	  0.292101	
      1197	  0.292342	
      1198	  0.288363	
      1199	  0.283894	
      1200	  0.297073	
      1201	  0.300622	
      1202	  0.299775	
      1203	  0.291338	
      1204	  0.290829	
      1205	  0.297605	
      1206	  0.298025	
      1207	  0.298456	
      1208	  0.292523	
      1209	  0.283544	
      1210	  0.293241	
      1211	  0.291041	
      1212	  0.296443	
      1213	  0.298505	
      1214	  0.298265	
      1215	  0.299441	
      1216	  0.300054	
      1217	  0.300486	
      1218	  0.300338	
      1219	  0.299692	
      1220	  0.301503	
      1221	  0.302353	
      1222	  0.302315	
      1223	  0.301693	
      1224	  0.305403	
      1225	  0.306092	
      1226	  0.307015	
      1227	  0.303489	
      1228	  0.307466	
      1229	  0.311159	
      1230	  0.312359	
      1231	  0.313428	
      1232	  0.313305	
      1233	  0.316173	
      1234	  0.317744	
      1235	  0.319215	
      1236	  0.323685	
      1237	  0.327095	
      1238	  0.330536	
      1239	  0.333465	
      1240	  0.343842	
      1241	  0.343107	
      1242	  0.339503	
      1243	  0.334148	
      1244	  0.330594	
      1245	  0.329238	
      1246	   0.32896	
      1247	  0.327142	
      1248	  0.326818	
      1249	  0.324781	
      1250	  0.322282	
      1251	  0.318713	
      1252	  0.315033	
      1253	  0.314279	
      1254	  0.312961	
      1255	  0.310988	
      1256	  0.308804	
      1257	  0.306068	
      1258	  0.305322	
      1259	  0.302913	
      1260	  0.302391	
      1261	  0.300382	
      1262	   0.29657	
      1263	  0.296956	
      1264	  0.293379	
      1265	  0.292561	
      1266	  0.292503	
      1267	  0.288035	
      1268	  0.285326	
      1269	  0.286219	
      1270	  0.286636	
      1271	  0.287053	
      1272	  0.286611	
      1273	  0.286946	
      1274	  0.286651	
      1275	  0.289048	
      1276	  0.291017	
      1277	  0.292371	
      1278	  0.293095	
      1279	  0.292849	
      1280	  0.291787	
      1281	  0.283292	
      1282	  0.263222	
      1283	  0.280901	
      1284	  0.294149	
      1285	  0.298982	
      1286	  0.302013	
      1287	  0.305373	
      1288	  0.307478	
      1289	  0.311104	
      1290	  0.311735	
      1291	  0.302477	
      1292	  0.295878	
      1293	  0.289309	
      1294	  0.280824	
      1295	  0.277263	
      1296	  0.273627	
      1297	   0.26816	
      1298	  0.262861	
      1299	  0.261063	
      1300	  0.257347	
      1301	  0.253592	
      1302	  0.248873	
      1303	  0.245014	
      1304	    0.2419	
      1305	   0.24127	
      1306	  0.239401	
      1307	  0.237265	
      1308	  0.234859	
      1309	  0.232757	
      1310	  0.230038	
      1311	  0.227545	
      1312	  0.223754	
      1313	   0.21785	
      1314	  0.219775	
      1315	   0.21484	
      1316	    0.2141	
      1317	   0.21547	
      1318	   0.21283	
      1319	  0.213763	
      1320	  0.212388	
      1321	  0.154205	
      1322	  0.122419	
      1323	   0.10102	
      1324	 0.0852654	
      1325	 0.0729582	
      1326	 0.0630141	
      1327	 0.0549007	
      1328	 0.0484451	
      1329	 0.0422332	
      1330	 0.0380048	
      1331	 0.0342704	
      1332	 0.0304607	
      1333	 0.0279086	
      1334	 0.0253881	
      1335	 0.0230361	
      1336	 0.0208624	
      1337	 0.0190886	
      1338	 0.0174134	
      1339	 0.0158233	
      1340	 0.0145249	
      1341	 0.0135935	
      1342	 0.0125426	
      1343	 0.0115986	
      1344	 0.0107485	
      1345	0.00996141	
      1346	 0.0091891	
      1347	0.00856905	
      1348	0.00796825	
      1349	0.00740064	
      1350	0.00683923	
      1351	 0.0057045	
      1352	0.00481206	
      1353	0.00405329	
      1354	0.00342313	
      1355	 0.0028872	
      1356	0.00246739	
      1357	0.00210347	
      1358	0.00183264	
      1359	0.00158373	
      1360	0.00136553	
      1361	0.00119909	
      1362	0.00104411	
      1363	0.000902215	
      1364	0.000797721	
      1365	0.000701423	
      1366	0.000617237	
      1367	0.00054149	
      1368	0.000481402	
      1369	0.000421304	
      1370	0.000373326	
      1371	0.000332648	
      1372	0.000298944	
      1373	0.000267213	
      1374	0.000238382	
      1375	0.000210537	
      1376	0.000187416	
      1377	0.000169415	
      1378	0.000152316	
      1379	0.000137735	
      1380	0.000123484	
      1381	0.000111297	
      1382	9.95095e-05	
      1383	9.00421e-05	
      1384	8.17291e-05	
      1385	7.35293e-05	
      1386	6.68965e-05	
      1387	6.02958e-05	
      1388	5.49394e-05	
      1389	4.99594e-05	
      1390	4.48746e-05	
      1391	4.11992e-05	
      1392	3.75846e-05	
      1393	3.41074e-05	
      1394	3.09746e-05	
      1395	2.82822e-05	
      1396	3.07214e-05	
      1397	3.34188e-05	
      1398	3.64532e-05	
      1399	3.95319e-05	
      1400	4.22034e-05	
      1401	4.60301e-05	
      1402	5.08276e-05	
      1403	5.52825e-05	
      1404	6.06054e-05	
      1405	6.64101e-05	
      1406	7.31895e-05	
      1407	8.02978e-05	
      1408	8.81548e-05	
      1409	9.72374e-05	
      1410	0.000106939	
      1411	0.000117083	
      1412	0.000126885	
      1413	0.00014138	
      1414	0.000158242	
      1415	0.00017562	
      1416	0.000194285	
      1417	0.00021691	
      1418	0.000241866	
      1419	0.000267279	
      1420	0.000297669	
      1421	0.00033415	
      1422	0.000368858	
      1423	0.000412625	
      1424	0.000463622	
      1425	0.000525871	
      1426	0.000581911	
      1427	0.000662232	
      1428	0.000754638	
      1429	0.000844302	
      1430	0.000958917	
      1431	0.00109991	
      1432	0.00127963	
      1433	0.00146927	
      1434	0.00166991	
      1435	0.00193362	
      1436	0.00224457	
      1437	0.00261678	
      1438	0.00304983	
      1439	0.00358227	
      1440	0.00408546	
      1441	0.00486515	
      1442	  0.005815	
      1443	 0.0065974	
      1444	0.00702662	
      1445	0.00747502	
      1446	0.00797771	
      1447	0.00844853	
      1448	 0.0090507	
      1449	0.00963364	
      1450	 0.0102161	
      1451	 0.0108066	
      1452	 0.0115491	
      1453	 0.0123918	
      1454	 0.0132287	
      1455	 0.0141525	
      1456	 0.0151565	
      1457	 0.0164216	
      1458	 0.0179142	
      1459	 0.0194219	
      1460	 0.0208907	
      1461	 0.0225721	
      1462	 0.0243583	
      1463	 0.0252931	
      1464	 0.0253384	
      1465	 0.0255593	
      1466	 0.0253795	
      1467	 0.0256734	
      1468	 0.0254941	
      1469	 0.0256964	
      1470	 0.0255798	
      1471	  0.025236	
      1472	 0.0253269	
      1473	 0.0252844	
      1474	 0.0248165	
      1475	  0.025138	
      1476	 0.0252839	
      1477	 0.0252545	
      1478	 0.0266436	
      1479	 0.0283966	
      1480	 0.0301393	
      1481	  0.031702	
      1482	 0.0337637	
      1483	 0.0353928	
      1484	 0.0380323	
      1485	  0.040988	
      1486	 0.0434273	
      1487	 0.0455475	
      1488	 0.0452354	
      1489	 0.0525091	
      1490	 0.0578337	
      1491	 0.0627675	
      1492	 0.0677345	
      1493	  0.074632	
      1494	 0.0821005	
      1495	 0.0902105	
      1496	 0.0983341	
      1497	  0.112302	
      1498	  0.115209	
      1499	  0.116755	
      1500	  0.120733	
      1501	  0.123131	
      1502	  0.123335	
      1503	  0.117652	
      1504	  0.122745	
      1505	  0.123097	
      1506	  0.130435	
      1507	  0.137745	
      1508	  0.140326	
      1509	  0.143454	
      1510	  0.149612	
      1511	  0.153959	
      1512	  0.156157	
      1513	  0.160211	
      1514	  0.164984	
      1515	  0.172186	
      1516	  0.178721	
      1517	  0.186066	
      1518	  0.197618	
      1519	  0.208156	
      1520	  0.228835	
      1521	  0.224885	
      1522	  0.224109	
      1523	  0.226685	
      1524	  0.227212	
      1525	  0.224188	
      1526	  0.228312	
      1527	  0.227867	
      1528	  0.228965	
      1529	  0.226784	
      1530	  0.218979	
      1531	  0.227583	
      1532	  0.229482	
      1533	  0.227778	
      1534	  0.225423	
      1535	  0.227852	
      1536	  0.230936	
      1537	   0.23153	
      1538	  0.228493	
      1539	  0.232018	
      1540	  0.223959	
      1541	  0.223243	
      1542	  0.222822	
      1543	  0.221432	
      1544	  0.221124	
      1545	  0.220335	
      1546	  0.218174	
      1547	   0.21435	
      1548	  0.209366	
      1549	  0.210782	
      1550	  0.208654	
      1551	   0.20822	
      1552	  0.208778	
      1553	  0.205846	
      1554	  0.201444	
      1555	  0.200782	
      1556	  0.198555	
      1557	   0.20113	
      1558	  0.199879	
      1559	   0.20002	
      1560	  0.199411	
      1561	  0.202386	
      1562	  0.202273	
      1563	   0.20179	
      1564	  0.200456	
      1565	   0.20265	
      1566	  0.201529	
      1567	  0.202039	
      1568	  0.200834	
      1569	  0.202724	
      1570	  0.203186	
      1571	  0.207273	
      1572	  0.208285	
      1573	  0.206681	
      1574	  0.205079	
      1575	  0.198251	
      1576	  0.203117	
      1577	  0.193588	
      1578	   0.20477	
      1579	  0.209696	
      1580	  0.211212	
      1581	  0.210627	
      1582	  0.204267	
      1583	  0.204895	
      1584	   0.20344	
      1585	  0.207161	
      1586	  0.205022	
      1587	  0.202091	
      1588	    0.1968	
      1589	  0.186373	
      1590	   0.19021	
      1591	  0.191569	
      1592	  0.198842	
      1593	  0.202116	
      1594	  0.200974	
      1595	  0.200057	
      1596	   0.19244	
      1597	  0.193615	
      1598	  0.196924	
      1599	  0.193856	
      1600	  0.193702	
      1601	  0.189235	
      1602	  0.190261	
      1603	  0.190243	
      1604	  0.190034	
      1605	  0.187942	
      1606	  0.186996	
      1607	   0.18588	
      1608	  0.187972	
      1609	   0.18593	
      1610	   0.17714	
      1611	  0.180886	
      1612	  0.182884	
      1613	  0.186337	
      1614	  0.186494	
      1615	  0.186005	
      1616	  0.180332	
      1617	  0.183146	
      1618	  0.188934	
      1619	  0.188749	
      1620	  0.184862	
      1621	  0.185426	
      1622	  0.188822	
      1623	  0.193328	
      1624	  0.194636	
      1625	  0.193311	
      1626	  0.196189	
      1627	  0.198356	
      1628	  0.201046	
      1629	   0.20336	
      1630	  0.205416	
      1631	  0.206068	
      1632	  0.205766	
      1633	  0.203314	
      1634	  0.201314	
      1635	  0.203403	
      1636	    0.2026	
      1637	  0.196008	
      1638	  0.194263	
      1639	  0.191342	
      1640	  0.193031	
      1641	  0.192051	
      1642	  0.192256	
      1643	  0.195022	
      1644	  0.193412	
      1645	  0.192772	
      1646	  0.195115	
      1647	  0.195454	
      1648	  0.194843	
      1649	  0.191994	
      1650	  0.193517	
      1651	  0.191744	
      1652	  0.193495	
      1653	  0.192157	
      1654	  0.192739	
      1655	  0.191196	
      1656	  0.192099	
      1657	  0.192162	
      1658	  0.191156	
      1659	  0.189312	
      1660	  0.190336	
      1661	  0.191039	
      1662	  0.190368	
      1663	  0.189597	
      1664	  0.189245	
      1665	  0.187732	
      1666	  0.186332	
      1667	   0.18631	
      1668	  0.184057	
      1669	  0.185313	
      1670	  0.187955	
      1671	   0.18677	
      1672	  0.181352	
      1673	  0.183253	
      1674	  0.185258	
      1675	  0.183344	
      1676	   0.18133	
      1677	  0.182391	
      1678	   0.18292	
      1679	  0.178916	
      1680	  0.172147	
      1681	  0.165897	
      1682	  0.167864	
      1683	  0.171519	
      1684	  0.173244	
      1685	  0.173065	
      1686	  0.170696	
      1687	  0.170298	
      1688	  0.169424	
      1689	  0.166977	
      1690	   0.16646	
      1691	  0.168257	
      1692	  0.167979	
      1693	  0.166826	
      1694	  0.166182	
      1695	  0.165562	
      1696	  0.164362	
      1697	  0.163187	
      1698	  0.162512	
      1699	  0.161166	
      1700	  0.158877	
      1701	  0.158143	
      1702	  0.157682	
      1703	  0.157038	
      1704	  0.156365	
      1705	  0.155649	
      1706	  0.154553	
      1707	  0.153406	
      1708	  0.152271	
      1709	  0.151145	
      1710	  0.150181	
      1711	  0.150127	
      1712	  0.150228	
      1713	  0.150331	
      1714	  0.150438	
      1715	  0.150422	
      1716	   0.14962	
      1717	  0.148699	
      1718	  0.147785	
      1719	  0.146878	
      1720	  0.146036	
      1721	  0.145525	
      1722	  0.145076	
      1723	  0.144632	
      1724	  0.144193	
      1725	  0.143706	
      1726	  0.142888	
      1727	  0.142025	
      1728	  0.141167	
      1729	  0.140315	
      1730	  0.139345	
      1731	  0.137616	
      1732	  0.135772	
      1733	  0.133938	
      1734	  0.132112	
      1735	  0.130637	
      1736	  0.131199	
      1737	  0.132103	
      1738	  0.133005	
      1739	  0.133906	
      1740	  0.134591	
      1741	  0.112383	
      1742	 0.0985191	
      1743	 0.0882495	
      1744	 0.0800793	
      1745	 0.0733465	
      1746	 0.0677865	
      1747	 0.0630013	
      1748	 0.0588012	
      1749	 0.0550742	
      1750	 0.0517461	
      1751	 0.0487816	
      1752	 0.0460987	
      1753	 0.0436507	
      1754	 0.0414069	
      1755	 0.0393271	
      1756	 0.0373135	
      1757	 0.0354366	
      1758	 0.0336952	
      1759	 0.0320754	
      1760	 0.0305737	
      1761	 0.0292187	
      1762	 0.0279569	
      1763	 0.0267724	
      1764	 0.0256586	
      1765	 0.0246097	
      1766	 0.0236205	
      1767	 0.0226863	
      1768	 0.0218029	
      1769	 0.0209666	
      1770	 0.0201661	
      1771	 0.0193571	
      1772	 0.0185828	
      1773	 0.0178479	
      1774	   0.01715	
      1775	  0.016496	
      1776	  0.015928	
      1777	 0.0153948	
      1778	 0.0148855	
      1779	 0.0143987	
      1780	 0.0139291	
      1781	 0.0134568	
      1782	 0.0130012	
      1783	 0.0125653	
      1784	  0.012148	
      1785	 0.0117515	
      1786	 0.0113911	
      1787	 0.0110482	
      1788	 0.0107187	
      1789	 0.0104019	
      1790	 0.0100932	
      1791	0.00977032	
      1792	0.00945629	
      1793	0.00915452	
      1794	0.00886444	
      1795	0.00858547	
      1796	0.00831709	
      1797	0.00805882	
      1798	0.00781017	
      1799	0.00757073	
      1800	0.00734442	
      1801	0.00613683	
      1802	0.00517193	
      1803	 0.0043891	
      1804	0.00374759	
      1805	0.00321691	
      1806	0.00277226	
      1807	0.00239937	
      1808	  0.002085	
      1809	 0.0018185	
      1810	0.00158814	
      1811	0.00137395	
      1812	 0.0011893	
      1813	0.00103196	
      1814	0.000897422	
      1815	0.000784455	
      1816	0.000699825	
      1817	0.000627551	
      1818	0.000563835	
      1819	0.000507521	
      1820	0.000457485	
      1821	0.000412297	
      1822	0.000372049	
      1823	0.000336243	
      1824	0.000304324	
      1825	0.000275531	
      1826	0.000248174	
      1827	0.000223583	
      1828	0.000201673	
      1829	0.000182121	
      1830	0.000164733	
      1831	0.000149579	
      1832	0.000136033	
      1833	0.000123839	
      1834	0.00011285	
      1835	0.000102922	
      1836	9.38579e-05	
      1837	8.56575e-05	
      1838	7.82408e-05	
      1839	7.15259e-05	
      1840	6.54318e-05	
      1841	5.98422e-05	
      1842	5.47643e-05	
      1843	5.01539e-05	
      1844	4.59643e-05	
      1845	4.21758e-05	
      1846	3.88374e-05	
      1847	3.58059e-05	
      1848	3.30325e-05	
      1849	3.04933e-05	
      1850	2.81575e-05	
      1851	2.59653e-05	
      1852	2.39499e-05	
      1853	2.21034e-05	
      1854	2.04107e-05	
      1855	1.88578e-05	
      1856	1.74323e-05	
      1857	1.61229e-05	
      1858	1.49194e-05	
      1859	1.38125e-05	
      1860	1.2794e-05	
      1861	1.33126e-05	
      1862	1.38544e-05	
      1863	1.44204e-05	
      1864	1.5012e-05	
      1865	1.56335e-05	
      1866	1.6299e-05	
      1867	1.69992e-05	
      1868	1.77325e-05	
      1869	1.85007e-05	
      1870	1.92633e-05	
      1871	1.97898e-05	
      1872	2.02821e-05	
      1873	2.07822e-05	
      1874	2.12899e-05	
      1875	2.19253e-05	
      1876	2.33285e-05	
      1877	2.49514e-05	
      1878	2.66799e-05	
      1879	2.85209e-05	
      1880	3.03991e-05	
      1881	3.18763e-05	
      1882	3.33414e-05	
      1883	3.48812e-05	
      1884	3.64999e-05	
      1885	3.81707e-05	
      1886	3.97182e-05	
      1887	4.13011e-05	
      1888	4.29539e-05	
      1889	4.46802e-05	
      1890	4.65168e-05	
      1891	4.86466e-05	
      1892	5.09224e-05	
      1893	5.33176e-05	
      1894	5.58391e-05	
      1895	5.85369e-05	
      1896	6.16481e-05	
      1897	6.49885e-05	
      1898	6.85279e-05	
      1899	7.22795e-05	
      1900	7.62193e-05	
      1901	8.01326e-05	
      1902	8.42292e-05	
      1903	8.85614e-05	
      1904	9.31444e-05	
      1905	9.79804e-05	
      1906	0.000102981	
      1907	0.000108255	
      1908	0.000113835	
      1909	0.000119742	
      1910	0.000126025	
      1911	0.000132819	
      1912	0.000140058	
      1913	0.000147746	
      1914	0.000155913	
      1915	0.000164594	
      1916	0.000173825	
      1917	0.000183645	
      1918	0.000194099	
      1919	0.000205232	
      1920	0.000217096	
      1921	0.000204928	
      1922	0.000206422	
      1923	0.000210805	
      1924	0.000216927	
      1925	0.000224307	
      1926	0.000232336	
      1927	0.000241333	
      1928	0.000251365	
      1929	0.000262445	
      1930	0.00027482	
      1931	0.000289687	
      1932	0.000306176	
      1933	0.000324196	
      1934	0.000343883	
      1935	0.000365201	
      1936	0.000387147	
      1937	0.000410882	
      1938	0.000436803	
      1939	0.000465142	
      1940	 0.0004954	
      1941	0.000523625	
      1942	0.000553455	
      1943	0.000585903	
      1944	0.000621258	
      1945	0.00066205	
      1946	0.000721101	
      1947	0.00078962	
      1948	0.000866477	
      1949	0.000952932	
      1950	0.00104966	
      1951	0.00115364	
      1952	0.00127043	
      1953	0.00140318	
      1954	0.00155476	
      1955	0.00172732	
      1956	0.00191728	
      1957	0.00213528	
      1958	0.00238899	
      1959	0.00268657	
      1960	0.00303826	
      1961	0.00326642	
      1962	0.00351598	
      1963	0.00379011	
      1964	0.00409195	
      1965	0.00442872	
      1966	0.00482523	
      1967	0.00527164	
      1968	0.00577126	
      1969	 0.0063324	
      1970	0.00696106	
      1971	0.00764402	
      1972	0.00841364	
      1973	0.00929052	
      1974	 0.0102955	
      1975	 0.0114551	
      1976	 0.0128034	
      1977	 0.0143853	
      1978	 0.0162613	
      1979	 0.0185149	
      1980	 0.0212714	
      1981	 0.0247358	
      1982	 0.0291844	
      1983	 0.0351179	
      1984	 0.0435454	
      1985	 0.0570899	
      1986	  0.041491	
      1987	  0.034032	
      1988	 0.0290346	
      1989	 0.0253222	
      1990	 0.0223914	
      1991	 0.0199122	
      1992	 0.0178389	
      1993	 0.0160874	
      1994	 0.0145873	
      1995	 0.0132974	
      1996	 0.0122158	
      1997	 0.0112691	
      1998	  0.010428	
      1999	0.00967626	
      2000	0.00899721	
      2001	0.00836317	
      2002	0.00778639	
      2003	0.00726301	
      2004	0.00678654	
      2005	0.00635427	
      2006	0.00667059	
      2007	0.00701087	
      2008	0.00737421	
      2009	0.00776269	
      2010	0.00817724	
      2011	0.00860974	
      2012	0.00907224	
      2013	0.00956932	
      2014	 0.0101046	
      2015	 0.0106802	
      2016	 0.0112868	
      2017	 0.0119415	
      2018	 0.0126523	
      2019	 0.0134261	
      2020	 0.0142777	
      2021	 0.0152523	
      2022	 0.0163342	
      2023	 0.0175327	
      2024	  0.018867	
      2025	 0.0203524	
      2026	  0.021968	
      2027	 0.0237914	
      2028	  0.025882	
      2029	 0.0283091	
      2030	 0.0311809	
      2031	 0.0346878	
      2032	 0.0390612	
      2033	 0.0447774	
      2034	 0.0529911	
      2035	 0.0691547	
      2036	 0.0678874	
      2037	 0.0667241	
      2038	 0.0656522	
      2039	 0.0646548	
      2040	 0.0637672	
      2041	 0.0631911	
      2042	 0.0627019	
      2043	  0.062247	
      2044	 0.0618225	
      2045	 0.0613853	
      2046	 0.0607136	
      2047	 0.0600295	
      2048	 0.0593705	
      2049	 0.0587348	
      2050	  0.058137	
      2051	 0.0576353	
      2052	 0.0571675	
      2053	 0.0567161	
      2054	 0.0562802	
      2055	 0.0558484	
      2056	  0.055346	
      2057	 0.0548475	
      2058	 0.0543627	
      2059	 0.0538913	
      2060	 0.0534483	
      2061	 0.0530898	
      2062	  0.052758	
      2063	 0.0524371	
      2064	  0.052127	
      2065	 0.0518273	
      2066	 0.0521182	
      2067	 0.0524151	
      2068	 0.0527181	
      2069	 0.0530277	
      2070	 0.0533598	
      2071	 0.0537739	
      2072	 0.0542129	
      2073	 0.0546616	
      2074	 0.0551204	
      2075	 0.0555677	
      2076	 0.0558815	
      2077	 0.0561816	
      2078	 0.0564908	
      2079	 0.0568094	
      2080	 0.0571497	
      2081	 0.0575592	
      2082	 0.0579935	
      2083	  0.058442	
      2084	 0.0589058	
      2085	 0.0593921	
      2086	 0.0599086	
      2087	 0.0604513	
      2088	 0.0610158	
      2089	 0.0616044	
      2090	 0.0622069	
      2091	 0.0627743	
      2092	   0.06336	
      2093	 0.0639813	
      2094	 0.0646436	
      2095	 0.0653812	
      2096	 0.0663564	
      2097	 0.0674363	
      2098	 0.0686124	
      2099	 0.0699138	
      2100	 0.0713809	
      2101	 0.0714157	
      2102	 0.0714438	
      2103	 0.0714729	
      2104	 0.0715029	
      2105	 0.0715189	
      2106	 0.0714462	
      2107	 0.0713592	
      2108	 0.0712729	
      2109	 0.0711875	
      2110	 0.0711103	
      2111	 0.0710943	
      2112	 0.0710868	
      2113	 0.0710806	
      2114	 0.0710755	
      2115	 0.0710717	
      2116	  0.071054	
      2117	 0.0710377	
      2118	 0.0710228	
      2119	 0.0710095	
      2120	 0.0709976	
      2121	 0.0709722	
      2122	 0.0709485	
      2123	 0.0709267	
      2124	 0.0709067	
      2125	  0.070912	
      2126	 0.0710427	
      2127	 0.0711995	
      2128	 0.0713595	
      2129	 0.0715229	
      2130	 0.0716589	
      2131	 0.0716277	
      2132	 0.0715689	
      2133	 0.0715138	
      2134	 0.0714627	
      2135	 0.0714398	
      2136	 0.0715792	
      2137	 0.0717489	
      2138	 0.0719263	
      2139	 0.0721124	
      2140	 0.0722848	
      2141	 0.0723258	
      2142	 0.0723562	
      2143	 0.0724031	
      2144	 0.0724713	
      2145	 0.0725926	
      2146	 0.0728695	
      2147	 0.0732409	
      2148	 0.0737541	
      2149	 0.0737055	
      2150	 0.0736489	
      2151	 0.0735102	
      2152	 0.0733635	
      2153	 0.0732169	
      2154	 0.0730705	
      2155	 0.0729242	
      2156	 0.0727453	
      2157	 0.0725665	
      2158	 0.0723879	
      2159	 0.0722094	
      2160	 0.0719327	
      2161	   0.07105	
      2162	 0.0700694	
      2163	 0.0690892	
      2164	 0.0681095	
      2165	 0.0673185	
      2166	 0.0676739	
      2167	 0.0682174	
      2168	 0.0687607	
      2169	  0.069304	
      2170	 0.0697898	
      2171	 0.0698994	
      2172	 0.0699518	
      2173	 0.0700042	
      2174	 0.0700567	
      2175	 0.0700766	
      2176	 0.0699005	
      2177	 0.0696918	
      2178	 0.0694833	
      2179	  0.069275	
      2180	 0.0690912	
      2181	 0.0690709	
      2182	 0.0690751	
      2183	 0.0690794	
      2184	 0.0690838	
      2185	 0.0690557	
      2186	 0.0688155	
      2187	 0.0685429	
      2188	 0.0682705	
      2189	 0.0679983	
      2190	 0.0677669	
      2191	 0.0677802	
      2192	 0.0678343	
      2193	 0.0678884	
      2194	 0.0679426	
      2195	 0.0679724	
      2196	  0.067872	
      2197	 0.0677473	
      2198	 0.0676227	
      2199	 0.0674784	
      2200	 0.0673099	
      2201	 0.0669953	
      2202	 0.0666567	
      2203	 0.0663185	
      2204	 0.0659808	
      2205	 0.0656839	
      2206	 0.0655983	
      2207	 0.0655534	
      2208	 0.0655086	
      2209	 0.0654639	
      2210	 0.0654113	
      2211	 0.0653264	
      2212	 0.0652336	
      2213	 0.0651409	
      2214	 0.0650484	
      2215	 0.0649561	
      2216	 0.0648639	
      2217	 0.0647719	
      2218	   0.06468	
      2219	 0.0645883	
      2220	 0.0644806	
      2221	 0.0642763	
      2222	 0.0640562	
      2223	 0.0638364	
      2224	 0.0636168	
      2225	 0.0634135	
      2226	  0.063307	
      2227	 0.0632167	
      2228	 0.0631266	
      2229	 0.0630366	
      2230	 0.0629468	
      2231	  0.062841	
      2232	 0.0627354	
      2233	 0.0626299	
      2234	 0.0625246	
      2235	 0.0624034	
      2236	 0.0621702	
      2237	 0.0619213	
      2238	 0.0616726	
      2239	 0.0614242	
      2240	    0.0612	
      2241	 0.0611199	
      2242	 0.0610639	
      2243	 0.0610081	
      2244	 0.0609523	
      2245	 0.0608807	
      2246	 0.0607294	
      2247	 0.0605623	
      2248	 0.0603954	
      2249	 0.0602287	
      2250	 0.0600622	
      2251	  0.059864	
      2252	  0.059666	
      2253	 0.0594682	
      2254	 0.0592706	
      2255	 0.0590891	
      2256	  0.059019	
      2257	  0.058965	
      2258	  0.058911	
      2259	 0.0588571	
      2260	 0.0587954	
      2261	 0.0586545	
      2262	 0.0585057	
      2263	 0.0583572	
      2264	 0.0582087	
      2265	 0.0580763	
      2266	 0.0580074	
      2267	 0.0579544	
      2268	 0.0579014	
      2269	 0.0578486	
      2270	 0.0577879	
      2271	  0.057378	
      2272	 0.0569741	
      2273	 0.0565827	
      2274	 0.0562028	
      2275	  0.055818	
      2276	 0.0553665	
      2277	 0.0549097	
      2278	 0.0544623	
      2279	 0.0540236	
      2280	 0.0536157	
      2281	 0.0533498	
      2282	 0.0531122	
      2283	   0.05288	
      2284	 0.0526528	
      2285	 0.0524305	
      2286	 0.0521835	
      2287	  0.051941	
      2288	 0.0517029	
      2289	  0.051469	
      2290	 0.0512102	
      2291	 0.0507691	
      2292	 0.0503047	
      2293	 0.0498456	
      2294	 0.0493916	
      2295	 0.0489849	
      2296	 0.0488078	
      2297	 0.0486756	
      2298	 0.0485457	
      2299	  0.048418	
      2300	 0.0482855	
      2301	 0.0480998	
      2302	 0.0479097	
      2303	  0.047722	
      2304	 0.0475366	
      2305	 0.0473466	
      2306	 0.0471316	
      2307	 0.0469122	
      2308	 0.0466951	
      2309	 0.0464802	
      2310	 0.0462675	
      2311	 0.0460302	
      2312	 0.0457952	
      2313	 0.0455623	
      2314	 0.0453316	
      2315	  0.045103	
      2316	 0.0448896	
      2317	 0.0446781	
      2318	 0.0444685	
      2319	 0.0442607	
      2320	 0.0440352	
      2321	 0.0436685	
      2322	 0.0432851	
      2323	 0.0429044	
      2324	 0.0425263	
      2325	 0.0421958	
      2326	 0.0421111	
      2327	  0.042072	
      2328	 0.0420336	
      2329	 0.0419959	
      2330	 0.0419398	
      2331	 0.0417833	
      2332	  0.041609	
      2333	 0.0414362	
      2334	 0.0412645	
      2335	 0.0410942	
      2336	 0.0409251	
      2337	 0.0407573	
      2338	 0.0405906	
      2339	 0.0404251	
      2340	  0.040267	
      2341	 0.0401469	
      2342	 0.0400339	
      2343	 0.0399218	
      2344	 0.0398105	
      2345	 0.0396878	
      2346	 0.0395052	
      2347	 0.0393117	
      2348	 0.0391193	
      2349	 0.0389281	
      2350	  0.038726	
      2351	  0.038441	
      2352	 0.0381457	
      2353	 0.0378519	
      2354	 0.0375598	
      2355	 0.0373049	
      2356	 0.0372416	
      2357	 0.0372143	
      2358	 0.0371873	
      2359	 0.0371607	
      2360	 0.0371285	
      2361	 0.0353386	
      2362	  0.033756	
      2363	 0.0323398	
      2364	  0.031058	
      2365	 0.0298827	
      2366	  0.028765	
      2367	 0.0277262	
      2368	   0.02676	
      2369	 0.0258576	
      2370	 0.0250077	
      2371	 0.0241852	
      2372	 0.0234059	
      2373	 0.0226693	
      2374	 0.0219715	
      2375	 0.0213231	
      2376	  0.020774	
      2377	 0.0202639	
      2378	 0.0197769	
      2379	 0.0193113	
      2380	 0.0188412	
      2381	 0.0182536	
      2382	 0.0176676	
      2383	 0.0171058	
      2384	 0.0165668	
      2385	 0.0160764	
      2386	 0.0157643	
      2387	 0.0154891	
      2388	 0.0152232	
      2389	  0.014966	
      2390	 0.0147074	
      2391	 0.0143996	
      2392	 0.0140927	
      2393	 0.0137957	
      2394	 0.0135082	
      2395	 0.0132298	
      2396	 0.0129558	
      2397	 0.0126901	
      2398	 0.0124324	
      2399	 0.0121824	
      2400	 0.0119397	
      2401	  0.011708	
      2402	 0.0114829	
      2403	 0.0112641	
      2404	 0.0110513	
      2405	 0.0108443	
      2406	 0.0106466	
      2407	  0.010454	
      2408	 0.0102666	
      2409	 0.0100839	
      2410	0.00989761	
      2411	0.00966673	
      2412	0.00943403	
      2413	0.00920764	
      2414	0.00898733	
      2415	0.00878521	
      2416	0.00865498	
      2417	0.00853961	
      2418	0.00842672	
      2419	0.00831621	
      2420	0.00820376	
      2421	0.00806572	
      2422	0.00792672	
      2423	0.00779092	
      2424	0.00765821	
      2425	0.00752982	
      2426	0.00741206	
      2427	0.00729812	
      2428	0.00718662	
      2429	0.00707748	
      2430	0.00696941	
      2431	0.00685161	
      2432	0.00673516	
      2433	0.00662123	
      2434	0.00650974	
      2435	0.00640175	
      2436	0.00630496	
      2437	0.00621124	
      2438	0.00611938	
      2439	0.00602935	
      2440	0.00594003	
      2441	0.00584415	
      2442	0.00574918	
      2443	0.00565613	
      2444	0.00556494	
      2445	0.00547459	
      2446	0.00538215	
      2447	 0.0052906	
      2448	 0.0052009	
      2449	0.00511298	
      2450	0.00502865	
      2451	0.00467101	
      2452	0.00434795	
      2453	0.00405376	
      2454	0.00378513	
      2455	0.00354055	
      2456	0.00332222	
      2457	0.00312234	
      2458	0.00293787	
      2459	0.00276732	
      2460	0.00260887	
      2461	0.00245828	
      2462	0.00231811	
      2463	0.00218786	
      2464	0.00206666	
      2465	0.00195302	
      2466	0.00184363	
      2467	0.00174098	
      2468	0.00164519	
      2469	 0.0015557	
      2470	0.00147256	
      2471	0.00139838	
      2472	0.00132923	
      2473	0.00126424	
      2474	0.00120309	
      2475	0.00114486	
      2476	0.00108594	
      2477	0.00102995	
      2478	0.000977308	
      2479	0.000927766	
      2480	0.000881622	
      2481	0.000840387	
      2482	0.000801883	
      2483	0.000765461	
      2484	0.000730986	
      2485	0.000698607	
      2486	0.000669206	
      2487	0.000641527	
      2488	0.000615212	
      2489	0.000590184	
      2490	0.00056539	
      2491	0.000535994	
      2492	0.000507333	
      2493	0.000480276	
      2494	0.000454725	
      2495	0.000431908	
      2496	0.000417583	
      2497	0.000405046	
      2498	0.000392958	
      2499	0.000381299	
      2500	0.000369473	
      2501	0.000116341	
      2502	4.28699e-05	
      2503	1.75369e-05	
      2504	7.73815e-06	
      2505	3.61844e-06	
      2506	1.7693e-06	
      2507	8.98882e-07	
      2508	4.71739e-07	
      2509	2.54574e-07	
      2510	1.4079e-07	
      2511	7.96468e-08	
      2512	4.59363e-08	
      2513	2.69529e-08	
      2514	1.60623e-08	
      2515	9.7088e-09	
      2516	5.94756e-09	
      2517	3.68726e-09	
      2518	2.31138e-09	
      2519	1.46385e-09	
      2520	9.36202e-10	
      2521	6.0463e-10	
      2522	3.93864e-10	
      2523	2.58601e-10	
      2524	1.7106e-10	
      2525	1.13975e-10	
      2526	7.65442e-11	
      2527	5.17427e-11	
      2528	3.51881e-11	
      2529	2.40673e-11	
      2530	1.65477e-11	
      2531	1.1413e-11	
      2532	7.90917e-12	
      2533	5.50724e-12	
      2534	3.85232e-12	
      2535	2.70713e-12	
      2536	1.91204e-12	
      2537	1.35626e-12	
      2538	9.65801e-13	
      2539	6.90353e-13	
      2540	4.95262e-13	
      2541	3.56707e-13	
      2542	2.57789e-13	
      2543	1.86915e-13	
      2544	1.35959e-13	
      2545	9.91992e-14	
      2546	7.25638e-14	
      2547	5.32342e-14	
      2548	3.91636e-14	
      2549	2.88909e-14	
      2550	2.13694e-14	
      2551	 1.584e-14	
      2552	1.17709e-14	
      2553	8.76843e-15	
      2554	6.54739e-15	
      2555	4.90028e-15	
      2556	3.67421e-15	
      2557	2.76098e-15	
      2558	2.07919e-15	
      2559	1.56904e-15	
      2560	1.18674e-15	
      2561	9.00185e-16	
      2562	6.84307e-16	
      2563	5.21195e-16	
      2564	3.97705e-16	
      2565	3.0403e-16	
      2566	2.32731e-16	
      2567	1.78465e-16	
      2568	1.37087e-16	
      2569	1.05479e-16	
      2570	8.12928e-17	
      2571	6.27252e-17	
      2572	4.8475e-17	
      2573	3.75201e-17	
      2574	2.9085e-17	
      2575	2.25799e-17	
      2576	1.75552e-17	
      2577	1.36683e-17	
      2578	1.06569e-17	
      2579	8.3205e-18	
      2580	6.50366e-18	
      2581	5.08337e-18	
      2582	3.9775e-18	
      2583	3.11619e-18	
      2584	2.44446e-18	
      2585	1.92078e-18	
      2586	1.51602e-18	
      2587	1.19855e-18	
      2588	9.48688e-19	
      2589	7.51791e-19	
      2590	5.96306e-19	
      2591	4.72641e-19	
      2592	3.74951e-19	
      2593	2.97778e-19	
      2594	2.36743e-19	
      2595	1.88462e-19	
      2596	1.50324e-19	
      2597	1.20055e-19	
      2598	9.59788e-20	
      2599	7.68077e-20	
      2600	6.15266e-20	
      2601	3.5344e-20	
      2602	2.57683e-20	
      2603	1.96487e-20	
      2604	1.53441e-20	
      2605	1.21703e-20	
      2606	9.75296e-21	
      2607	7.88356e-21	
      2608	6.41683e-21	
      2609	5.25305e-21	
      2610	4.32131e-21	
      2611	3.57149e-21	
      2612	2.96268e-21	
      2613	2.46569e-21	
      2614	2.05809e-21	
      2615	1.72243e-21	
      2616	1.44364e-21	
      2617	1.21265e-21	
      2618	1.02071e-21	
      2619	8.60771e-22	
      2620	7.26832e-22	
      2621	6.12686e-22	
      2622	5.17002e-22	
      2623	4.36882e-22	
      2624	3.69675e-22	
      2625	3.13589e-22	
      2626	2.68181e-22	
      2627	 2.299e-22	
      2628	1.97305e-22	
      2629	1.69513e-22	
      2630	1.45715e-22	
      2631	1.25017e-22	
      2632	1.07309e-22	
      2633	9.21936e-23	
      2634	7.92777e-23	
      2635	6.82128e-23	
      2636	5.85972e-23	
      2637	5.03642e-23	
      2638	4.33207e-23	
      2639	3.72897e-23	
      2640	3.21371e-23	
      2641	2.77987e-23	
      2642	2.40744e-23	
      2643	2.08631e-23	
      2644	1.80918e-23	
      2645	1.56987e-23	
      2646	1.36169e-23	
      2647	1.18183e-23	
      2648	1.02633e-23	
      2649	8.91803e-24	
      2650	7.75342e-24	
      2651	6.73785e-24	
      2652	5.85843e-24	
      2653	5.09645e-24	
      2654	4.43585e-24	
      2655	3.86378e-24	
      2656	3.37055e-24	
      2657	2.94246e-24	
      2658	2.56996e-24	
      2659	2.24567e-24	
      2660	1.9627e-24	
      2661	1.71355e-24	
      2662	1.4963e-24	
      2663	1.30716e-24	
      2664	1.14241e-24	
      2665	9.99349e-25	
      2666	8.76359e-25	
      2667	7.69213e-25	
      2668	6.75438e-25	
      2669	5.9333e-25	
      2670	5.21272e-25	
      2671	4.5697e-25	
      2672	4.00646e-25	
      2673	3.51394e-25	
      2674	3.08307e-25	
      2675	2.7067e-25	
      2676	2.37958e-25	
      2677	2.09327e-25	
      2678	1.84205e-25	
      2679	1.62153e-25	
      2680	1.4279e-25	
      2681	1.25781e-25	
      2682	1.10834e-25	
      2683	9.76957e-26	
      2684	8.61423e-26	
      2685	7.59793e-26	
      2686	6.69661e-26	
      2687	5.90403e-26	
      2688	5.20683e-26	
      2689	4.59334e-26	
      2690	4.05333e-26	
      2691	3.57976e-26	
      2692	3.16244e-26	
      2693	2.79458e-26	
      2694	2.47021e-26	
      2695	2.18411e-26	
      2696	1.93065e-26	
      2697	1.70708e-26	
      2698	1.5098e-26	
      2699	1.33568e-26	
      2700	1.18228e-26	
      2701	1.38801e-26	
      2702	1.63087e-26	
      2703	1.91729e-26	
      2704	2.25525e-26	
      2705	2.65427e-26	
      2706	3.12565e-26	
      2707	3.68285e-26	
      2708	4.34186e-26	
      2709	5.12178e-26	
      2710	6.04531e-26	
      2711	7.14348e-26	
      2712	8.44617e-26	
      2713	9.99244e-26	
      2714	1.1829e-25	
      2715	1.40116e-25	
      2716	1.65981e-25	
      2717	1.96744e-25	
      2718	2.33355e-25	
      2719	2.76955e-25	
      2720	3.28912e-25	
      2721	3.90655e-25	
      2722	4.6429e-25	
      2723	5.52168e-25	
      2724	6.57117e-25	
      2725	7.82756e-25	
      2726	9.33569e-25	
      2727	1.11451e-24	
      2728	1.33146e-24	
      2729	1.59175e-24	
      2730	1.90428e-24	
      2731	2.27727e-24	
      2732	2.7253e-24	
      2733	3.26385e-24	
      2734	3.91173e-24	
      2735	4.69171e-24	
      2736	5.63464e-24	
      2737	6.77226e-24	
      2738	8.14588e-24	
      2739	9.80579e-24	
      2740	1.18133e-23	
      2741	1.42513e-23	
      2742	1.72064e-23	
      2743	2.07914e-23	
      2744	2.51443e-23	
      2745	3.04341e-23	
      2746	3.68475e-23	
      2747	4.46508e-23	
      2748	5.41539e-23	
      2749	6.57378e-23	
      2750	7.98712e-23	
      2751	9.70762e-23	
      2752	1.18096e-22	
      2753	 1.438e-22	
      2754	1.75265e-22	
      2755	2.13819e-22	
      2756	2.61107e-22	
      2757	3.19166e-22	
      2758	3.90525e-22	
      2759	4.78321e-22	
      2760	5.86455e-22	
      2761	7.20202e-22	
      2762	8.85385e-22	
      2763	1.08962e-21	
      2764	1.34244e-21	
      2765	1.65574e-21	
      2766	2.04564e-21	
      2767	2.53024e-21	
      2768	3.13327e-21	
      2769	3.88459e-21	
      2770	4.82042e-21	
      2771	5.98198e-21	
      2772	7.43042e-21	
      2773	9.24113e-21	
      2774	1.15077e-20	
      2775	1.43488e-20	
      2776	1.79254e-20	
      2777	2.24237e-20	
      2778	2.80891e-20	
      2779	3.52348e-20	
      2780	4.4261e-20	
      2781	5.57129e-20	
      2782	7.0231e-20	
      2783	8.86652e-20	
      2784	1.12109e-19	
      2785	1.41973e-19	
      2786	1.80078e-19	
      2787	2.2878e-19	
      2788	2.91135e-19	
      2789	3.71111e-19	
      2790	4.73873e-19	
      2791	6.0579e-19	
      2792	7.75824e-19	
      2793	9.95409e-19	
      2794	1.27954e-18	
      2795	1.64845e-18	
      2796	2.12918e-18	
      2797	2.75649e-18	
      2798	3.57599e-18	
      2799	4.64893e-18	
      2800	6.0569e-18	
      2801	7.28397e-18	
      2802	8.76656e-18	
      2803	1.05594e-17	
      2804	1.27292e-17	
      2805	1.53622e-17	
      2806	1.85668e-17	
      2807	2.24659e-17	
      2808	2.72074e-17	
      2809	3.29784e-17	
      2810	4.0009e-17	
      2811	4.85823e-17	
      2812	5.90468e-17	
      2813	7.18322e-17	
      2814	8.74685e-17	
      2815	1.06611e-16	
      2816	1.29988e-16	
      2817	1.58649e-16	
      2818	1.93823e-16	
      2819	2.37039e-16	
      2820	2.90191e-16	
      2821	3.55414e-16	
      2822	4.35765e-16	
      2823	5.34864e-16	
      2824	6.57228e-16	
      2825	8.08753e-16	
      2826	9.96985e-16	
      2827	1.23086e-15	
      2828	1.5214e-15	
      2829	1.88283e-15	
      2830	 2.333e-15	
      2831	2.89263e-15	
      2832	3.59113e-15	
      2833	4.46414e-15	
      2834	5.5568e-15	
      2835	6.92635e-15	
      2836	8.63998e-15	
      2837	1.07929e-14	
      2838	1.35018e-14	
      2839	1.69155e-14	
      2840	2.12245e-14	
      2841	2.66894e-14	
      2842	3.36145e-14	
      2843	4.24049e-14	
      2844	5.35825e-14	
      2845	6.78212e-14	
      2846	8.59368e-14	
      2847	1.09084e-13	
      2848	1.38718e-13	
      2849	1.76731e-13	
      2850	2.2559e-13	
      2851	2.88521e-13	
      2852	3.6975e-13	
      2853	4.74824e-13	
      2854	6.11052e-13	
      2855	7.88078e-13	
      2856	1.01934e-12	
      2857	1.32151e-12	
      2858	1.71733e-12	
      2859	2.23717e-12	
      2860	2.92172e-12	
      2861	3.82568e-12	
      2862	5.02278e-12	
      2863	6.61279e-12	
      2864	8.73113e-12	
      2865	1.15623e-11	
      2866	1.53381e-11	
      2867	2.04117e-11	
      2868	2.72533e-11	
      2869	3.65128e-11	
      2870	4.91092e-11	
      2871	6.63412e-11	
      2872	8.99971e-11	
      2873	1.22581e-10	
      2874	1.67666e-10	
      2875	2.30424e-10	
      2876	3.18351e-10	
      2877	4.42115e-10	
      2878	6.17123e-10	
      2879	8.66032e-10	
      2880	1.22222e-09	
      2881	1.73287e-09	
      2882	2.47248e-09	
      2883	3.55156e-09	
      2884	5.13831e-09	
      2885	7.49118e-09	
      2886	1.10192e-08	
      2887	1.63533e-08	
      2888	2.45035e-08	
      2889	3.71016e-08	
      2890	5.68241e-08	
      2891	8.81383e-08	
      2892	1.38649e-07	
      2893	 2.216e-07	
      2894	3.60676e-07	
      2895	5.99627e-07	
      2896	1.02193e-06	
      2897	1.79831e-06	
      2898	3.30501e-06	
      2899	6.50978e-06	
      2900	1.58145e-05	
      2901	1.6222e-05	
      2902	1.66412e-05	
      2903	1.70725e-05	
      2904	1.75164e-05	
      2905	1.79732e-05	
      2906	1.84305e-05	
      2907	1.89009e-05	
      2908	1.93849e-05	
      2909	1.98827e-05	
      2910	2.0395e-05	
      2911	2.09075e-05	
      2912	2.14346e-05	
      2913	2.19767e-05	
      2914	2.25343e-05	
      2915	2.31079e-05	
      2916	2.3715e-05	
      2917	2.43401e-05	
      2918	2.49838e-05	
      2919	2.56468e-05	
      2920	2.63298e-05	
      2921	2.70333e-05	
      2922	2.77581e-05	
      2923	2.8505e-05	
      2924	2.92748e-05	
      2925	3.00681e-05	
      2926	3.08858e-05	
      2927	3.17288e-05	
      2928	3.2598e-05	
      2929	3.34943e-05	
      2930	3.44186e-05	
      2931	3.53463e-05	
      2932	3.63026e-05	
      2933	3.72886e-05	
      2934	3.83052e-05	
      2935	3.93535e-05	
      2936	4.04644e-05	
      2937	4.16112e-05	
      2938	4.27952e-05	
      2939	4.40177e-05	
      2940	4.52802e-05	
      2941	4.65498e-05	
      2942	4.78604e-05	
      2943	4.92134e-05	
      2944	5.06106e-05	
      2945	5.20729e-05	
      2946	5.3624e-05	
      2947	5.52488e-05	
      2948	 5.693e-05	
      2949	5.86698e-05	
      2950	6.04707e-05	
      2951	6.23351e-05	
      2952	6.42656e-05	
      2953	6.62648e-05	
      2954	6.83356e-05	
      2955	7.0481e-05	
      2956	7.26494e-05	
      2957	7.48951e-05	
      2958	7.72213e-05	
      2959	7.96315e-05	
      2960	8.21291e-05	
      2961	8.47822e-05	
      2962	8.75346e-05	
      2963	9.03907e-05	
      2964	9.33549e-05	
      2965	9.64321e-05	
      2966	9.95514e-05	
      2967	0.000102789	
      2968	0.00010615	
      2969	0.000109639	
      2970	0.000113264	
      2971	0.000117119	
      2972	0.000121127	
      2973	0.000125297	
      2974	0.000129634	
      2975	0.000134148	
      2976	0.000138741	
      2977	0.000143519	
      2978	0.000148492	
      2979	0.000153671	
      2980	0.000159064	
      2981	0.00016481	
      2982	0.000170802	
      2983	0.000177054	
      2984	0.000183578	
      2985	0.000190388	
      2986	0.000197347	
      2987	0.000204612	
      2988	 0.0002122	
      2989	0.000220128	
      2990	0.000228416	
      2991	0.000237269	
      2992	0.000246539	
      2993	0.000256249	
      2994	0.000266427	
      2995	0.000277099	
      2996	0.000288299	
      2997	0.000300058	
      2998	0.000312416	
      2999	0.000325412	
      3000	0.000339092	
      3001	0.000338952	
      3002	0.000338812	
      3003	0.000338671	
      3004	0.00033853	
      3005	0.000338389	
      3006	0.000338516	
      3007	0.000338644	
      3008	0.000338773	
      3009	0.000338901	
      3010	0.000339029	
      3011	0.000339158	
      3012	0.000339287	
      3013	0.000339416	
      3014	0.000339545	
      3015	0.000339675	
      3016	0.000339531	
      3017	0.000339387	
      3018	0.000339243	
      3019	0.000339098	
      3020	0.000338953	
      3021	0.000338807	
      3022	0.000338661	
      3023	0.000338514	
      3024	0.000338367	
      3025	0.00033822	
      3026	0.000338349	
      3027	0.000338478	
      3028	0.000338607	
      3029	0.000338736	
      3030	0.000338866	
      3031	0.000338718	
      3032	0.00033857	
      3033	0.000338421	
      3034	0.000338272	
      3035	0.000338122	
      3036	0.000337692	
      3037	0.000337262	
      3038	0.00033683	
      3039	0.000336397	
      3040	0.000336104	
      3041	0.000336655	
      3042	0.000337347	
      3043	0.000338042	
      3044	0.000338739	
      3045	0.000339437	
      3046	0.000339854	
      3047	0.000340272	
      3048	0.000340691	
      3049	0.000341111	
      3050	0.000341532	
      3051	0.00034167	
      3052	0.000341808	
      3053	0.000341947	
      3054	0.000342086	
      3055	0.000342226	
      3056	0.000342366	
      3057	0.000342507	
      3058	0.000342649	
      3059	0.000342791	
      3060	0.000342934	
      3061	 0.0003425	
      3062	0.000342066	
      3063	0.000341631	
      3064	0.000341195	
      3065	0.000340904	
      3066	0.000340902	
      3067	0.000341047	
      3068	0.000341192	
      3069	0.000341338	
      3070	0.000341485	
      3071	0.000341925	
      3072	0.000342367	
      3073	0.000342811	
      3074	0.000343257	
      3075	0.000343704	
      3076	0.000343565	
      3077	0.000343426	
      3078	0.000343288	
      3079	0.000343151	
      3080	0.000343014	
      3081	0.000342878	
      3082	0.000342742	
      3083	0.000342607	
      3084	0.000342473	
      3085	0.00034234	
      3086	0.000342208	
      3087	0.000342077	
      3088	0.000341947	
      3089	0.000341818	
      3090	0.000341691	
      3091	0.000341565	
      3092	0.000341441	
      3093	0.000341319	
      3094	0.000341198	
      3095	0.00034108	
      3096	0.000340964	
      3097	0.000340851	
      3098	0.00034074	
      3099	0.000340632	
      3100	0.000340527	
      3101	0.000336111	
      3102	0.00033521	
      3103	0.000335342	
      3104	0.000336035	
      3105	0.000337102	
      3106	0.00033814	
      3107	0.000339393	
      3108	0.000340821	
      3109	 0.0003424	
      3110	0.000344109	
      3111	0.000345621	
      3112	0.000347235	
      3113	0.000348941	
      3114	0.000350733	
      3115	0.000352767	
      3116	0.000355205	
      3117	0.000357888	
      3118	0.000360651	
      3119	0.000363493	
      3120	0.000366411	
      3121	0.000369405	
      3122	0.000372473	
      3123	0.000375614	
      3124	0.000378829	
      3125	0.000382116	
      3126	0.000385475	
      3127	0.000388907	
      3128	0.000392411	
      3129	0.000395988	
      3130	0.000399638	
      3131	0.000403362	
      3132	0.000407159	
      3133	0.000411031	
      3134	0.000414978	
      3135	0.000419002	
      3136	0.000422706	
      3137	0.00042648	
      3138	0.000430323	
      3139	0.000434238	
      3140	0.000438223	
      3141	 0.0004427	
      3142	0.000447259	
      3143	0.000451902	
      3144	0.000456631	
      3145	0.000461447	
      3146	0.000465908	
      3147	0.00047045	
      3148	0.000475072	
      3149	0.000479776	
      3150	0.000484564	
      3151	0.000489906	
      3152	0.000495346	
      3153	0.000500886	
      3154	0.000506528	
      3155	0.000512273	
      3156	0.000518124	
      3157	0.000524084	
      3158	0.000530154	
      3159	0.000536336	
      3160	0.000542633	
      3161	0.000549579	
      3162	0.000556658	
      3163	0.000563875	
      3164	0.000571231	
      3165	0.00057873	
      3166	0.000585242	
      3167	0.000591874	
      3168	0.000598629	
      3169	0.000605509	
      3170	0.000612815	
      3171	0.000620867	
      3172	0.000629384	
      3173	0.000638073	
      3174	0.000646937	
      3175	0.000655982	
      3176	0.000663913	
      3177	0.000671997	
      3178	0.000680238	
      3179	0.000688638	
      3180	0.000697203	
      3181	0.000706634	
      3182	0.000716257	
      3183	0.000726079	
      3184	0.000736105	
      3185	0.000746339	
      3186	0.000757539	
      3187	0.000768982	
      3188	0.000780675	
      3189	0.000792625	
      3190	0.00080484	
      3191	0.000816518	
      3192	0.000828451	
      3193	0.000840646	
      3194	0.000853111	
      3195	0.000865855	
      3196	0.000878009	
      3197	0.00089043	
      3198	0.000903125	
      3199	0.000916104	
      3200	0.000929841	
      3201	0.00092393	
      3202	0.000918538	
      3203	0.000913197	
      3204	0.000907904	
      3205	0.000902661	
      3206	0.000896563	
      3207	0.000890523	
      3208	0.000884539	
      3209	0.000878611	
      3210	0.000872738	
      3211	0.000866042	
      3212	0.00085941	
      3213	0.00085284	
      3214	0.000846331	
      3215	0.000839883	
      3216	0.000834346	
      3217	0.000828859	
      3218	0.000823421	
      3219	0.000818031	
      3220	0.000812687	
      3221	0.000807391	
      3222	0.000802141	
      3223	0.000796936	
      3224	0.000791776	
      3225	0.00078666	
      3226	0.000782394	
      3227	0.000778163	
      3228	0.000773966	
      3229	0.000769802	
      3230	0.000765671	
      3231	0.000760788	
      3232	0.000755945	
      3233	0.000751143	
      3234	0.00074638	
      3235	0.000741656	
      3236	0.000736971	
      3237	0.000732324	
      3238	0.000727715	
      3239	0.000723143	
      3240	0.000718608	
      3241	0.000714109	
      3242	0.000709647	
      3243	0.00070522	
      3244	0.000700828	
      3245	0.000696471	
      3246	0.000692873	
      3247	0.000689303	
      3248	0.000685758	
      3249	0.000682239	
      3250	0.000678746	
      3251	0.000673864	
      3252	0.000669022	
      3253	0.000664219	
      3254	0.000659454	
      3255	0.000654727	
      3256	0.000650728	
      3257	0.000646759	
      3258	0.00064282	
      3259	0.000638911	
      3260	0.000635031	
      3261	0.000631181	
      3262	0.000627359	
      3263	0.000623566	
      3264	0.000619802	
      3265	0.000616065	
      3266	0.000612356	
      3267	0.000608674	
      3268	0.00060502	
      3269	0.000601392	
      3270	0.000597791	
      3271	0.000594217	
      3272	0.000590668	
      3273	0.000587146	
      3274	0.000583648	
      3275	0.000580176	
      3276	0.00057673	
      3277	0.000573308	
      3278	0.00056991	
      3279	0.000566537	
      3280	0.000563188	
      3281	0.000559863	
      3282	0.000556562	
      3283	0.000553284	
      3284	0.000550029	
      3285	0.000546797	
      3286	0.000544183	
      3287	0.000541585	
      3288	0.000539005	
      3289	0.00053644	
      3290	0.000533601	
      3291	0.000529619	
      3292	0.000525378	
      3293	0.00052117	
      3294	0.000516993	
      3295	0.000513133	
      3296	0.000509869	
      3297	0.00050691	
      3298	0.000503972	
      3299	0.000501054	
      3300	0.000498155	
      3301	 0.0005054	
      3302	0.000512776	
      3303	0.000520287	
      3304	0.000527937	
      3305	0.000535728	
      3306	0.00054245	
      3307	0.000549283	
      3308	0.00055623	
      3309	0.000563295	
      3310	0.00057048	
      3311	0.000578441	
      3312	0.000586548	
      3313	0.000594803	
      3314	0.00060321	
      3315	0.000611773	
      3316	0.000619083	
      3317	0.000626513	
      3318	0.000634066	
      3319	0.000641744	
      3320	0.000649925	
      3321	0.000659775	
      3322	0.000670207	
      3323	0.000680851	
      3324	0.000691712	
      3325	0.000702796	
      3326	0.000712458	
      3327	0.000722302	
      3328	0.000732333	
      3329	0.000742555	
      3330	0.000752973	
      3331	0.000764488	
      3332	0.00077624	
      3333	0.000788234	
      3334	0.000800478	
      3335	0.000812979	
      3336	0.000825744	
      3337	0.00083878	
      3338	0.000852096	
      3339	0.000865698	
      3340	0.000879597	
      3341	 0.0008938	
      3342	0.000908316	
      3343	0.000923155	
      3344	0.000938326	
      3345	0.000953841	
      3346	0.000968553	
      3347	0.000983588	
      3348	0.000998956	
      3349	0.00101467	
      3350	0.00103073	
      3351	0.00104843	
      3352	0.00106655	
      3353	 0.0010851	
      3354	0.00110411	
      3355	0.00112359	
      3356	0.00114356	
      3357	0.00116402	
      3358	  0.001185	
      3359	0.00120652	
      3360	 0.0012286	
      3361	0.00125126	
      3362	0.00127451	
      3363	0.00129838	
      3364	 0.0013229	
      3365	0.00134809	
      3366	0.00137397	
      3367	0.00140057	
      3368	0.00142793	
      3369	0.00145607	
      3370	0.00148503	
      3371	0.00151483	
      3372	0.00154552	
      3373	0.00157714	
      3374	0.00160972	
      3375	 0.0016433	
      3376	0.00167795	
      3377	0.00171369	
      3378	0.00175059	
      3379	0.00178871	
      3380	0.00182809	
      3381	0.00187115	
      3382	0.00191573	
      3383	 0.0019619	
      3384	0.00200975	
      3385	0.00205937	
      3386	0.00210823	
      3387	0.00215893	
      3388	0.00221158	
      3389	0.00226631	
      3390	0.00232325	
      3391	0.00238252	
      3392	0.00244429	
      3393	0.00250872	
      3394	0.00257601	
      3395	0.00264635	
      3396	0.00271653	
      3397	0.00279004	
      3398	0.00286716	
      3399	0.00294818	
      3400	0.00303539	
      3401	0.00306021	
      3402	 0.0030873	
      3403	0.00311472	
      3404	0.00314248	
      3405	0.00316855	
      3406	0.00318679	
      3407	0.00320318	
      3408	0.00321974	
      3409	0.00323646	
      3410	0.00325545	
      3411	0.00327888	
      3412	0.00330472	
      3413	0.00333088	
      3414	0.00335736	
      3415	0.00338417	
      3416	0.00340692	
      3417	0.00342993	
      3418	0.00345322	
      3419	0.00347679	
      3420	0.00350065	
      3421	 0.0035248	
      3422	0.00354924	
      3423	0.00357399	
      3424	0.00359906	
      3425	0.00362444	
      3426	0.00365014	
      3427	0.00367617	
      3428	0.00370254	
      3429	0.00372926	
      3430	0.00375633	
      3431	0.00378874	
      3432	0.00382161	
      3433	0.00385494	
      3434	0.00388874	
      3435	0.00392303	
      3436	0.00395261	
      3437	0.00398261	
      3438	0.00401303	
      3439	0.00404388	
      3440	0.00407518	
      3441	0.00410694	
      3442	0.00413916	
      3443	0.00417186	
      3444	0.00420506	
      3445	0.00423876	
      3446	0.00427297	
      3447	0.00430772	
      3448	0.00434301	
      3449	0.00437886	
      3450	0.00441528	
      3451	0.00445828	
      3452	  0.004502	
      3453	0.00454647	
      3454	 0.0045917	
      3455	0.00463773	
      3456	0.00467827	
      3457	0.00471952	
      3458	 0.0047615	
      3459	0.00480424	
      3460	0.00484775	
      3461	0.00489867	
      3462	0.00495057	
      3463	0.00500346	
      3464	0.00505739	
      3465	0.00511238	
      3466	 0.0051615	
      3467	 0.0052116	
      3468	0.00526272	
      3469	0.00531491	
      3470	 0.0053682	
      3471	0.00542264	
      3472	0.00547827	
      3473	0.00553514	
      3474	 0.0055933	
      3475	0.00565281	
      3476	0.00571373	
      3477	0.00577612	
      3478	0.00584005	
      3479	0.00590558	
      3480	0.00597281	
      3481	0.00605016	
      3482	 0.0061296	
      3483	0.00621124	
      3484	0.00629519	
      3485	0.00638159	
      3486	0.00646166	
      3487	0.00654423	
      3488	0.00662946	
      3489	0.00671753	
      3490	0.00680864	
      3491	0.00690304	
      3492	0.00700097	
      3493	0.00710275	
      3494	0.00720872	
      3495	 0.0073193	
      3496	0.00743497	
      3497	0.00755632	
      3498	 0.0076841	
      3499	0.00781925	
      3500	0.00796298	
      3501	0.00796982	
      3502	0.00797669	
      3503	0.00798359	
      3504	 0.0079905	
      3505	0.00799745	
      3506	0.00799314	
      3507	0.00798884	
      3508	0.00798455	
      3509	0.00798026	
      3510	0.00797598	
      3511	0.00797171	
      3512	0.00796744	
      3513	0.00796318	
      3514	0.00795893	
      3515	0.00795468	
      3516	0.00795044	
      3517	0.00794621	
      3518	0.00794199	
      3519	0.00793778	
      3520	0.00793357	
      3521	 0.0079408	
      3522	0.00794806	
      3523	0.00795536	
      3524	0.00796268	
      3525	0.00797003	
      3526	0.00796594	
      3527	0.00796186	
      3528	0.00795779	
      3529	0.00795373	
      3530	0.00794968	
      3531	0.00795718	
      3532	0.00796472	
      3533	0.00797229	
      3534	0.00797989	
      3535	0.00798753	
      3536	0.00798362	
      3537	0.00797973	
      3538	0.00797585	
      3539	0.00797199	
      3540	0.00796815	
      3541	0.00797596	
      3542	0.00798382	
      3543	0.00799172	
      3544	0.00799966	
      3545	0.00800764	
      3546	0.00800397	
      3547	0.00800032	
      3548	0.00799669	
      3549	0.00799308	
      3550	 0.0079895	
      3551	0.00798594	
      3552	 0.0079824	
      3553	0.00797889	
      3554	0.00797541	
      3555	0.00797195	
      3556	0.00796853	
      3557	0.00796513	
      3558	0.00796176	
      3559	0.00795843	
      3560	0.00795513	
      3561	0.00796374	
      3562	0.00797242	
      3563	0.00798116	
      3564	0.00798997	
      3565	0.00799884	
      3566	0.00799583	
      3567	0.00799286	
      3568	0.00798994	
      3569	0.00798706	
      3570	0.00798423	
      3571	0.00798145	
      3572	0.00797872	
      3573	0.00797604	
      3574	0.00797343	
      3575	0.00797087	
      3576	0.00796838	
      3577	0.00796595	
      3578	0.00796358	
      3579	0.00796129	
      3580	0.00795908	
      3581	 0.0079691	
      3582	0.00797925	
      3583	0.00798951	
      3584	0.00799989	
      3585	 0.0080104	
      3586	 0.0080088	
      3587	0.00800732	
      3588	0.00800594	
      3589	0.00800469	
      3590	0.00800357	
      3591	0.00800259	
      3592	0.00800176	
      3593	0.00800108	
      3594	0.00800058	
      3595	0.00800026	
      3596	0.00801257	
      3597	0.00802513	
      3598	0.00803796	
      3599	 0.0080511	
      3600	0.00806456	
      3601	 0.0080568	
      3602	0.00804905	
      3603	0.00804128	
      3604	0.00803352	
      3605	0.00802575	
      3606	0.00801798	
      3607	 0.0080102	
      3608	0.00800242	
      3609	0.00799463	
      3610	0.00798685	
      3611	0.00799164	
      3612	0.00799644	
      3613	0.00800126	
      3614	0.00800609	
      3615	0.00801093	
      3616	0.00800316	
      3617	0.00799538	
      3618	0.00798761	
      3619	0.00797982	
      3620	0.00797204	
      3621	0.00797692	
      3622	 0.0079818	
      3623	 0.0079867	
      3624	0.00799162	
      3625	0.00799654	
      3626	0.00798878	
      3627	0.00798102	
      3628	0.00797325	
      3629	0.00796548	
      3630	0.00795771	
      3631	0.00796267	
      3632	0.00796765	
      3633	0.00797265	
      3634	0.00797766	
      3635	0.00798268	
      3636	0.00797494	
      3637	0.00796719	
      3638	0.00795945	
      3639	 0.0079517	
      3640	0.00794395	
      3641	0.00794902	
      3642	0.00795411	
      3643	0.00795921	
      3644	0.00796433	
      3645	0.00796946	
      3646	0.00796175	
      3647	0.00795404	
      3648	0.00794633	
      3649	0.00793862	
      3650	 0.0079309	
      3651	0.00792319	
      3652	0.00791548	
      3653	0.00790777	
      3654	0.00790006	
      3655	0.00789236	
      3656	 0.0078976	
      3657	0.00790286	
      3658	0.00790813	
      3659	0.00791343	
      3660	0.00791875	
      3661	0.00792409	
      3662	0.00792944	
      3663	0.00793482	
      3664	0.00794022	
      3665	0.00794564	
      3666	0.00792502	
      3667	0.00790438	
      3668	0.00788373	
      3669	0.00786306	
      3670	0.00784892	
      3671	0.00784785	
      3672	0.00785334	
      3673	0.00785886	
      3674	 0.0078644	
      3675	0.00786997	
      3676	0.00786244	
      3677	0.00785491	
      3678	 0.0078474	
      3679	 0.0078399	
      3680	 0.0078324	
      3681	0.00782492	
      3682	0.00781744	
      3683	0.00780998	
      3684	0.00780253	
      3685	 0.0077951	
      3686	 0.0078009	
      3687	0.00780673	
      3688	 0.0078126	
      3689	0.00781851	
      3690	0.00782445	
      3691	0.00781716	
      3692	0.00780989	
      3693	0.00780264	
      3694	0.00779542	
      3695	0.00778822	
      3696	0.00778104	
      3697	0.00777389	
      3698	0.00776676	
      3699	0.00775967	
      3700	0.00775261	
      3701	0.00775845	
      3702	0.00776432	
      3703	 0.0077702	
      3704	 0.0077761	
      3705	0.00778203	
      3706	0.00777454	
      3707	0.00776706	
      3708	0.00775958	
      3709	0.00775209	
      3710	0.00774461	
      3711	 0.0077506	
      3712	0.00775662	
      3713	0.00776266	
      3714	0.00776872	
      3715	 0.0077748	
      3716	0.00776737	
      3717	0.00775994	
      3718	0.00775251	
      3719	0.00774508	
      3720	0.00773765	
      3721	0.00774381	
      3722	0.00774998	
      3723	0.00775618	
      3724	0.00776241	
      3725	0.00776865	
      3726	0.00776128	
      3727	0.00775391	
      3728	0.00774653	
      3729	0.00773916	
      3730	0.00773179	
      3731	0.00773812	
      3732	0.00774446	
      3733	0.00775083	
      3734	0.00775723	
      3735	0.00776365	
      3736	0.00774258	
      3737	 0.0077215	
      3738	0.00770039	
      3739	0.00767926	
      3740	0.00766501	
      3741	0.00766455	
      3742	0.00767102	
      3743	0.00767752	
      3744	0.00768404	
      3745	0.00769058	
      3746	0.00768328	
      3747	0.00767598	
      3748	0.00766868	
      3749	0.00766138	
      3750	0.00765409	
      3751	0.00766072	
      3752	0.00766738	
      3753	0.00767407	
      3754	0.00768078	
      3755	0.00768752	
      3756	 0.0076803	
      3757	0.00767307	
      3758	0.00766585	
      3759	0.00765863	
      3760	0.00765142	
      3761	0.00765825	
      3762	0.00766512	
      3763	0.00767201	
      3764	0.00767893	
      3765	0.00768588	
      3766	0.00769286	
      3767	0.00769986	
      3768	 0.0077069	
      3769	0.00771396	
      3770	0.00772106	
      3771	  0.007714	
      3772	0.00770695	
      3773	 0.0076999	
      3774	0.00769285	
      3775	0.00768581	
      3776	0.00767877	
      3777	0.00767174	
      3778	0.00766471	
      3779	0.00765769	
      3780	0.00765067	
      3781	0.00765796	
      3782	0.00766529	
      3783	0.00767266	
      3784	0.00768005	
      3785	0.00768748	
      3786	0.00768056	
      3787	0.00767365	
      3788	0.00766674	
      3789	0.00765984	
      3790	0.00765294	
      3791	 0.0076605	
      3792	 0.0076681	
      3793	0.00767574	
      3794	0.00768341	
      3795	0.00769111	
      3796	0.00768433	
      3797	0.00767755	
      3798	0.00767079	
      3799	0.00766403	
      3800	0.00765728	
      3801	0.00760618	
      3802	0.00756657	
      3803	0.00753364	
      3804	0.00750521	
      3805	0.00748007	
      3806	0.00744328	
      3807	0.00740862	
      3808	0.00737573	
      3809	0.00734435	
      3810	0.00731426	
      3811	0.00729934	
      3812	0.00728538	
      3813	0.00727227	
      3814	0.00725993	
      3815	0.00724828	
      3816	0.00722337	
      3817	0.00719908	
      3818	0.00717537	
      3819	 0.0071522	
      3820	0.00712954	
      3821	0.00712119	
      3822	0.00711324	
      3823	0.00710569	
      3824	0.00709851	
      3825	0.00709169	
      3826	 0.0070852	
      3827	0.00707903	
      3828	0.00707317	
      3829	 0.0070676	
      3830	0.00706232	
      3831	0.00704361	
      3832	0.00702518	
      3833	0.00700702	
      3834	0.00698913	
      3835	0.00697149	
      3836	0.00696776	
      3837	0.00696426	
      3838	0.00696097	
      3839	0.00695791	
      3840	0.00695505	
      3841	0.00693876	
      3842	0.00692269	
      3843	0.00690683	
      3844	0.00689117	
      3845	 0.0068757	
      3846	0.00687405	
      3847	0.00687258	
      3848	0.00687129	
      3849	0.00687019	
      3850	0.00686927	
      3851	0.00685492	
      3852	0.00684076	
      3853	0.00682677	
      3854	0.00681296	
      3855	0.00679932	
      3856	0.00679266	
      3857	0.00678617	
      3858	0.00677306	
      3859	0.00676691	
      3860	0.00676094	
      3861	0.00675514	
      3862	0.00675632	
      3863	0.00675087	
      3864	0.00675239	
      3865	0.00674729	
      3866	0.00673556	
      3867	0.00673081	
      3868	0.00671943	
      3869	0.00671505	
      3870	0.00670402	
      3871	0.00670683	
      3872	0.00670983	
      3873	0.00671302	
      3874	0.00671643	
      3875	0.00672004	
      3876	0.00671018	
      3877	0.00670736	
      3878	0.00669792	
      3879	0.00669554	
      3880	0.00668652	
      3881	0.00668459	
      3882	 0.0066829	
      3883	0.00668146	
      3884	0.00668028	
      3885	0.00667936	
      3886	0.00668561	
      3887	0.00669216	
      3888	0.00670594	
      3889	0.00671314	
      3890	 0.0067207	
      3891	0.00671476	
      3892	0.00670918	
      3893	0.00671093	
      3894	0.00670613	
      3895	0.00670177	
      3896	0.00671181	
      3897	0.00671541	
      3898	0.00672656	
      3899	0.00673134	
      3900	0.00674382	
      3901	0.00675456	
      3902	0.00676537	
      3903	0.00676919	
      3904	0.00678011	
      3905	0.00679111	
      3906	0.00679507	
      3907	0.00679198	
      3908	0.00679602	
      3909	0.00679298	
      3910	 0.0067971	
      3911	0.00680842	
      3912	0.00681265	
      3913	0.00682411	
      3914	0.00682845	
      3915	0.00684004	
      3916	0.00683729	
      3917	0.00683456	
      3918	 0.0068391	
      3919	0.00683644	
      3920	0.00683382	
      3921	0.00684577	
      3922	0.00685782	
      3923	0.00686264	
      3924	0.00687484	
      3925	0.00688713	
      3926	0.00688482	
      3927	0.00688991	
      3928	 0.0068877	
      3929	0.00689291	
      3930	0.00689079	
      3931	0.00690354	
      3932	0.00690896	
      3933	0.00692188	
      3934	0.00692747	
      3935	0.00694059	
      3936	0.00694634	
      3937	0.00694469	
      3938	0.00695059	
      3939	0.00694906	
      3940	0.00695512	
      3941	0.00696127	
      3942	0.00697507	
      3943	0.00698142	
      3944	0.00699546	
      3945	0.00700202	
      3946	0.00700105	
      3947	0.00700016	
      3948	  0.007007	
      3949	0.00700627	
      3950	0.00700563	
      3951	0.00701277	
      3952	0.00702776	
      3953	0.00703517	
      3954	0.00705045	
      3955	0.00705813	
      3956	0.00706595	
      3957	 0.0070739	
      3958	0.00707417	
      3959	 0.0070824	
      3960	0.00709078	
      3961	 0.0071072	
      3962	0.00712381	
      3963	0.00713273	
      3964	0.00714975	
      3965	0.00716699	
      3966	0.00716852	
      3967	 0.0071782	
      3968	0.00718007	
      3969	0.00719015	
      3970	 0.0071924	
      3971	0.00721099	
      3972	0.00722178	
      3973	0.00724093	
      3974	0.00725225	
      3975	0.00727202	
      3976	0.00728394	
      3977	0.00728796	
      3978	 0.0073005	
      3979	0.00730512	
      3980	0.00731834	
      3981	0.00733194	
      3982	0.00734594	
      3983	0.00736874	
      3984	0.00738367	
      3985	0.00739909	
      3986	0.00742349	
      3987	0.00744004	
      3988	0.00746571	
      3989	0.00748359	
      3990	0.00751075	
      3991	 0.0075216	
      3992	0.00754189	
      3993	0.00755451	
      3994	0.00757685	
      3995	0.00759169	
      3996	0.00762539	
      3997	  0.007652	
      3998	0.00768937	
      3999	0.00772024	
      4000	 0.0077629	
