       280	4.09986e-09	
       281	8.29669e-09	
       282	1.54496e-08	
       283	2.03514e-08	
       284	2.0195e-08	
       285	1.40956e-08	
       286	1.95131e-08	
       287	3.0172e-08	
       288	2.98826e-08	
       289	3.96188e-08	
       290	5.9148e-08	
       291	6.99009e-08	
       292	6.92769e-08	
       293	7.05009e-08	
       294	7.45565e-08	
       295	7.93792e-08	
       296	 8.818e-08	
       297	8.44923e-08	
       298	9.18415e-08	
       299	9.07951e-08	
       300	9.30593e-08	
       301	3.08283e-07	
       302	1.05375e-06	
       303	4.4285e-06	
       304	1.55733e-05	
       305	5.18979e-05	
       306	7.98581e-05	
       307	0.000139408	
       308	0.000247172	
       309	0.000370843	
       310	0.000596652	
       311	0.00111013	
       312	0.00152043	
       313	0.00211204	
       314	0.00302697	
       315	0.00402983	
       316	0.00435899	
       317	 0.0061319	
       318	0.00722725	
       319	0.00820446	
       320	 0.0106238	
       321	 0.0120054	
       322	 0.0129321	
       323	  0.013688	
       324	  0.017117	
       325	 0.0222106	
       326	 0.0283101	
       327	 0.0314366	
       328	 0.0327488	
       329	 0.0374741	
       330	 0.0440355	
       331	  0.042781	
       332	 0.0444692	
       333	 0.0454921	
       334	 0.0478185	
       335	 0.0522443	
       336	 0.0488998	
       337	 0.0474189	
       338	 0.0543476	
       339	 0.0595286	
       340	   0.06586	
       341	 0.0650556	
       342	 0.0677998	
       343	 0.0720686	
       344	 0.0637602	
       345	 0.0679505	
       346	 0.0738403	
       347	 0.0764021	
       348	  0.076431	
       349	 0.0772949	
       350	   0.08747	
       351	 0.0935919	
       352	 0.0894878	
       353	 0.0932565	
       354	  0.108024	
       355	  0.111724	
       356	  0.104331	
       357	 0.0906335	
       358	 0.0839389	
       359	 0.0945801	
       360	  0.118033	
       361	  0.109052	
       362	  0.112959	
       363	  0.125686	
       364	  0.128672	
       365	  0.138197	
       366	  0.160042	
       367	  0.162349	
       368	  0.154758	
       369	  0.161532	
       370	  0.172235	
       371	  0.165795	
       372	  0.163268	
       373	   0.14891	
       374	  0.137759	
       375	  0.149793	
       376	  0.169529	
       377	  0.185794	
       378	  0.218391	
       379	  0.199196	
       380	  0.189892	
       381	  0.202275	
       382	  0.163288	
       383	  0.129555	
       384	  0.146242	
       385	  0.185831	
       386	  0.182711	
       387	  0.189602	
       388	  0.188186	
       389	   0.20619	
       390	  0.238248	
       391	  0.256888	
       392	  0.240366	
       393	  0.156085	
       394	  0.162074	
       395	  0.251821	
       396	  0.234548	
       397	  0.164839	
       398	  0.273668	
       399	  0.350813	
       400	   0.37366	
       401	  0.391393	
       402	  0.406345	
       403	  0.401763	
       404	  0.407101	
       405	  0.404215	
       406	  0.397861	
       407	  0.396052	
       408	  0.415722	
       409	  0.434819	
       410	    0.3984	
       411	  0.431711	
       412	  0.458971	
       413	  0.450903	
       414	  0.449389	
       415	  0.466865	
       416	  0.482272	
       417	  0.476322	
       418	   0.46536	
       419	   0.47471	
       420	  0.457713	
       421	  0.500344	
       422	  0.504339	
       423	  0.495041	
       424	  0.497398	
       425	  0.510662	
       426	  0.501936	
       427	  0.491448	
       428	  0.491194	
       429	  0.454776	
       430	  0.378515	
       431	  0.372299	
       432	  0.534809	
       433	  0.532096	
       434	  0.506609	
       435	  0.548266	
       436	  0.599036	
       437	  0.608211	
       438	  0.552945	
       439	  0.542223	
       440	  0.600564	
       441	   0.61241	
       442	  0.647678	
       443	  0.662879	
       444	  0.657116	
       445	  0.671128	
       446	  0.634561	
       447	  0.691573	
       448	  0.711635	
       449	  0.718047	
       450	  0.744693	
       451	  0.767997	
       452	  0.744564	
       453	  0.707405	
       454	  0.739901	
       455	  0.748088	
       456	  0.769876	
       457	   0.78102	
       458	  0.771823	
       459	  0.768149	
       460	   0.77203	
       461	  0.794642	
       462	  0.808207	
       463	   0.81109	
       464	   0.79621	
       465	  0.788003	
       466	  0.798043	
       467	  0.781585	
       468	  0.806154	
       469	  0.813709	
       470	  0.795815	
       471	  0.810415	
       472	  0.843118	
       473	  0.829009	
       474	  0.839129	
       475	   0.86288	
       476	   0.85001	
       477	  0.860186	
       478	  0.882078	
       479	  0.875301	
       480	  0.886086	
       481	  0.888531	
       482	  0.890391	
       483	  0.882417	
       484	  0.871033	
       485	  0.848517	
       486	  0.736506	
       487	  0.789999	
       488	  0.847228	
       489	  0.830686	
       490	  0.893498	
       491	  0.876705	
       492	  0.851827	
       493	  0.887903	
       494	  0.887799	
       495	  0.923604	
       496	  0.901182	
       497	  0.905569	
       498	  0.889743	
       499	  0.889389	
       500	  0.888984	
       501	  0.870942	
       502	  0.875546	
       503	  0.903018	
       504	  0.875879	
       505	  0.918791	
       506	  0.951858	
       507	  0.923888	
       508	  0.905237	
       509	  0.933054	
       510	  0.921427	
       511	  0.934547	
       512	  0.950118	
       513	  0.909468	
       514	  0.890379	
       515	   0.91253	
       516	  0.901192	
       517	  0.789323	
       518	  0.847494	
       519	  0.851152	
       520	  0.909764	
       521	  0.928312	
       522	  0.941941	
       523	  0.910854	
       524	  0.956806	
       525	  0.959865	
       526	  0.924162	
       527	  0.850734	
       528	  0.933793	
       529	  0.979424	
       530	  0.963508	
       531	  0.999531	
       532	  0.980061	
       533	  0.907296	
       534	  0.943328	
       535	  0.968666	
       536	  0.989612	
       537	  0.944254	
       538	   0.96773	
       539	  0.952202	
       540	  0.923117	
       541	  0.904384	
       542	  0.960901	
       543	  0.962116	
       544	   0.98529	
       545	  0.971602	
       546	  0.967569	
       547	  0.973246	
       548	  0.960029	
       549	  0.976752	
       550	  0.973899	
       551	  0.976094	
       552	  0.988747	
       553	  0.971252	
       554	  0.984531	
       555	  0.989933	
       556	  0.976268	
       557	  0.957957	
       558	  0.965257	
       559	  0.935015	
       560	  0.948198	
       561	  0.984457	
       562	    0.9607	
       563	  0.981128	
       564	  0.975135	
       565	  0.971098	
       566	  0.940578	
       567	  0.981481	
       568	  0.984002	
       569	  0.971932	
       570	  0.965795	
       571	  0.944605	
       572	  0.984213	
       573	  0.995009	
       574	  0.989474	
       575	  0.972825	
       576	  0.969549	
       577	  0.981637	
       578	  0.962578	
       579	  0.968161	
       580	   0.97447	
       581	  0.977497	
       582	  0.987238	
       583	  0.993018	
       584	  0.990136	
       585	  0.983247	
       586	  0.966968	
       587	  0.983561	
       588	  0.966594	
       589	  0.892389	
       590	  0.926493	
       591	  0.969454	
       592	  0.968619	
       593	   0.96846	
       594	  0.970816	
       595	  0.971156	
       596	  0.982435	
       597	  0.988324	
       598	  0.975034	
       599	  0.972027	
       600	  0.976643	
       601	  0.966759	
       602	  0.961737	
       603	  0.978412	
       604	  0.995996	
       605	   0.99693	
       606	  0.995904	
       607	   0.99863	
       608	  0.997409	
       609	  0.992354	
       610	  0.991686	
       611	  0.992216	
       612	   1.00579	
       613	  0.994668	
       614	  0.977605	
       615	  0.995591	
       616	  0.979103	
       617	  0.974288	
       618	   1.00349	
       619	   1.01577	
       620	   1.02065	
       621	   1.02554	
       622	   1.01168	
       623	   1.01126	
       624	   1.00779	
       625	  0.996694	
       626	   1.00147	
       627	   1.02762	
       628	   1.03479	
       629	    1.0366	
       630	   1.02993	
       631	   1.02104	
       632	  0.996605	
       633	    1.0287	
       634	   1.02435	
       635	   1.02621	
       636	   1.01476	
       637	   1.03854	
       638	   1.04826	
       639	   1.03909	
       640	   1.02116	
       641	   1.02057	
       642	   1.02471	
       643	   1.03523	
       644	   1.03142	
       645	   1.03878	
       646	    1.0253	
       647	   1.03345	
       648	   1.02873	
       649	   1.00457	
       650	  0.999717	
       651	   1.03787	
       652	   1.03793	
       653	   1.04206	
       654	   1.03065	
       655	  0.985557	
       656	  0.889276	
       657	  0.917994	
       658	   1.00469	
       659	   1.02223	
       660	    1.0357	
       661	   1.04507	
       662	   1.04778	
       663	   1.04464	
       664	   1.04314	
       665	   1.05424	
       666	   1.05189	
       667	   1.04274	
       668	   1.03161	
       669	     1.032	
       670	   1.01241	
       671	   1.00288	
       672	  0.989463	
       673	  0.988173	
       674	  0.980045	
       675	  0.973128	
       676	  0.977826	
       677	  0.968247	
       678	  0.967743	
       679	   0.95699	
       680	  0.953626	
       681	  0.951999	
       682	  0.949695	
       683	  0.942722	
       684	  0.935862	
       685	  0.930691	
       686	  0.913711	
       687	  0.929321	
       688	  0.936255	
       689	  0.936119	
       690	  0.934459	
       691	  0.932581	
       692	  0.927538	
       693	  0.935316	
       694	  0.939198	
       695	  0.934276	
       696	   0.93751	
       697	  0.940858	
       698	   0.93693	
       699	  0.944643	
       700	  0.945081	
       701	  0.943996	
       702	  0.944756	
       703	  0.955909	
       704	  0.969185	
       705	  0.980421	
       706	  0.977585	
       707	  0.978883	
       708	  0.986593	
       709	  0.993959	
       710	   1.01866	
       711	  0.966171	
       712	  0.929097	
       713	  0.903659	
       714	  0.888983	
       715	  0.862852	
       716	  0.857397	
       717	  0.846712	
       718	  0.826998	
       719	  0.798492	
       720	  0.812714	
       721	  0.813356	
       722	  0.813337	
       723	  0.806693	
       724	  0.806125	
       725	  0.804711	
       726	  0.807029	
       727	  0.814087	
       728	  0.817612	
       729	  0.802798	
       730	  0.832525	
       731	  0.833864	
       732	  0.849161	
       733	  0.853854	
       734	   0.87721	
       735	  0.885161	
       736	   0.88741	
       737	  0.899483	
       738	  0.907655	
       739	  0.907767	
       740	  0.944394	
       741	  0.942007	
       742	  0.940582	
       743	  0.959703	
       744	  0.969644	
       745	  0.967538	
       746	   0.96927	
       747	  0.971129	
       748	  0.968421	
       749	   0.96968	
       750	  0.967408	
       751	  0.970282	
       752	  0.974771	
       753	  0.978924	
       754	  0.985783	
       755	  0.985901	
       756	  0.975392	
       757	  0.975492	
       758	  0.980363	
       759	  0.971613	
       760	  0.975447	
       761	   0.97152	
       762	  0.971466	
       763	  0.927951	
       764	  0.895477	
       765	  0.861605	
       766	   0.81624	
       767	  0.802168	
       768	  0.807229	
       769	  0.806289	
       770	  0.812246	
       771	  0.820253	
       772	  0.828713	
       773	  0.837709	
       774	  0.847355	
       775	  0.857817	
       776	  0.868448	
       777	  0.875979	
       778	  0.891182	
       779	   0.91453	
       780	  0.943782	
       781	  0.941774	
       782	  0.945865	
       783	  0.939227	
       784	  0.932699	
       785	    0.9371	
       786	  0.937625	
       787	  0.936237	
       788	  0.929977	
       789	  0.927698	
       790	  0.920539	
       791	  0.912431	
       792	  0.904355	
       793	  0.896306	
       794	  0.889264	
       795	   0.88912	
       796	  0.896852	
       797	  0.908526	
       798	  0.903517	
       799	  0.894593	
       800	  0.883719	
       801	  0.871868	
       802	  0.857752	
       803	  0.836263	
       804	  0.827687	
       805	   0.80653	
       806	  0.811664	
       807	  0.801992	
       808	  0.792864	
       809	  0.777147	
       810	  0.775024	
       811	  0.771413	
       812	  0.771485	
       813	  0.767437	
       814	  0.761882	
       815	   0.75229	
       816	  0.747129	
       817	  0.740418	
       818	  0.723962	
       819	  0.707829	
       820	  0.702656	
       821	  0.701711	
       822	  0.690326	
       823	  0.693648	
       824	  0.690604	
       825	  0.700584	
       826	  0.716227	
       827	  0.727794	
       828	  0.734378	
       829	  0.742048	
       830	  0.756572	
       831	  0.774514	
       832	  0.784056	
       833	  0.773096	
       834	  0.785591	
       835	  0.792719	
       836	  0.802009	
       837	  0.802099	
       838	  0.805353	
       839	  0.806115	
       840	  0.817118	
       841	  0.817719	
       842	  0.807592	
       843	   0.80529	
       844	  0.798099	
       845	  0.815503	
       846	  0.817246	
       847	  0.801253	
       848	  0.800088	
       849	  0.792022	
       850	  0.742987	
       851	  0.786732	
       852	  0.791886	
       853	  0.776606	
       854	    0.7162	
       855	  0.748582	
       856	  0.797248	
       857	  0.818797	
       858	  0.824317	
       859	  0.827536	
       860	  0.827086	
       861	   0.82681	
       862	  0.833775	
       863	  0.833086	
       864	   0.81927	
       865	  0.795517	
       866	  0.729028	
       867	   0.76339	
       868	  0.796836	
       869	  0.797275	
       870	  0.806207	
       871	  0.800954	
       872	  0.806782	
       873	   0.80038	
       874	  0.787645	
       875	  0.780718	
       876	   0.79609	
       877	  0.800568	
       878	  0.797582	
       879	   0.78784	
       880	  0.785255	
       881	  0.720226	
       882	  0.707477	
       883	  0.689544	
       884	  0.677889	
       885	  0.668548	
       886	  0.642476	
       887	  0.629578	
       888	  0.629044	
       889	  0.622816	
       890	  0.613342	
       891	  0.603261	
       892	  0.591439	
       893	  0.577272	
       894	  0.572351	
       895	  0.567916	
       896	  0.564992	
       897	  0.556238	
       898	  0.547918	
       899	  0.537789	
       900	  0.530631	
       901	  0.517128	
       902	  0.505362	
       903	  0.518265	
       904	  0.516131	
       905	  0.509571	
       906	  0.509195	
       907	  0.514045	
       908	  0.511183	
       909	  0.508084	
       910	  0.514756	
       911	  0.519593	
       912	  0.521316	
       913	  0.529055	
       914	  0.532276	
       915	  0.532373	
       916	  0.534501	
       917	   0.53244	
       918	  0.532023	
       919	  0.533402	
       920	  0.529611	
       921	  0.521999	
       922	  0.515658	
       923	  0.504586	
       924	  0.519602	
       925	  0.522997	
       926	   0.44414	
       927	  0.405112	
       928	  0.366434	
       929	  0.334749	
       930	  0.308507	
       931	  0.288289	
       932	   0.26913	
       933	  0.253884	
       934	  0.238619	
       935	  0.223218	
       936	  0.210463	
       937	  0.200156	
       938	  0.203477	
       939	  0.205248	
       940	  0.204378	
       941	  0.204118	
       942	  0.202564	
       943	  0.209757	
       944	  0.209966	
       945	  0.213241	
       946	  0.217441	
       947	  0.220012	
       948	   0.22348	
       949	  0.231765	
       950	  0.239058	
       951	  0.245952	
       952	  0.255859	
       953	   0.26506	
       954	  0.271707	
       955	  0.272983	
       956	  0.292312	
       957	  0.308749	
       958	  0.325574	
       959	  0.343217	
       960	  0.358675	
       961	  0.376946	
       962	  0.400802	
       963	  0.426558	
       964	  0.456294	
       965	  0.501832	
       966	   0.50214	
       967	   0.50867	
       968	  0.508719	
       969	  0.513624	
       970	  0.518751	
       971	  0.519308	
       972	  0.525369	
       973	  0.525885	
       974	    0.5242	
       975	  0.530732	
       976	  0.539494	
       977	  0.541294	
       978	  0.548224	
       979	  0.549404	
       980	  0.558663	
       981	  0.562825	
       982	  0.569714	
       983	  0.571842	
       984	  0.572837	
       985	  0.577665	
       986	  0.580015	
       987	  0.584631	
       988	  0.588267	
       989	  0.589109	
       990	  0.596528	
       991	  0.606647	
       992	   0.61265	
       993	  0.622389	
       994	  0.630517	
       995	  0.628076	
       996	  0.626367	
       997	  0.620481	
       998	  0.619812	
       999	  0.619762	
      1000	  0.621185	
      1001	  0.624278	
      1002	  0.624249	
      1003	  0.618351	
      1004	  0.608575	
      1005	  0.582326	
      1006	  0.600639	
      1007	  0.613104	
      1008	  0.615812	
      1009	   0.61422	
      1010	  0.615056	
      1011	  0.612518	
      1012	  0.611356	
      1013	   0.60893	
      1014	  0.609574	
      1015	  0.603136	
      1016	  0.603569	
      1017	  0.600942	
      1018	  0.604366	
      1019	  0.593683	
      1020	  0.595525	
      1021	  0.596844	
      1022	    0.5919	
      1023	  0.595481	
      1024	  0.597801	
      1025	  0.597363	
      1026	  0.597477	
      1027	  0.596314	
      1028	  0.596563	
      1029	  0.593082	
      1030	  0.594117	
      1031	  0.593787	
      1032	  0.593053	
      1033	  0.586529	
      1034	  0.588878	
      1035	  0.591497	
      1036	  0.591911	
      1037	  0.588047	
      1038	   0.58698	
      1039	  0.590602	
      1040	  0.589382	
      1041	  0.589603	
      1042	   0.58916	
      1043	  0.585666	
      1044	  0.586645	
      1045	  0.582598	
      1046	  0.572314	
      1047	  0.578434	
      1048	  0.583348	
      1049	  0.581701	
      1050	   0.57896	
      1051	  0.578844	
      1052	  0.576319	
      1053	  0.575107	
      1054	  0.574113	
      1055	  0.575745	
      1056	   0.57475	
      1057	  0.573316	
      1058	  0.567281	
      1059	  0.556204	
      1060	  0.564512	
      1061	  0.558804	
      1062	  0.564818	
      1063	  0.560748	
      1064	  0.565553	
      1065	  0.564446	
      1066	  0.555652	
      1067	  0.556956	
      1068	  0.554301	
      1069	  0.533763	
      1070	  0.544502	
      1071	  0.530154	
      1072	  0.521076	
      1073	  0.506902	
      1074	  0.505616	
      1075	  0.494056	
      1076	  0.491661	
      1077	   0.48711	
      1078	  0.481935	
      1079	  0.471501	
      1080	  0.471202	
      1081	  0.459069	
      1082	  0.452009	
      1083	  0.452688	
      1084	  0.452806	
      1085	   0.44951	
      1086	  0.446337	
      1087	  0.431766	
      1088	  0.435695	
      1089	  0.435162	
      1090	    0.4305	
      1091	  0.428764	
      1092	  0.420489	
      1093	  0.411906	
      1094	  0.395014	
      1095	   0.40195	
      1096	  0.403758	
      1097	  0.404211	
      1098	  0.400163	
      1099	  0.396857	
      1100	  0.403564	
      1101	  0.329917	
      1102	  0.279712	
      1103	   0.25074	
      1104	  0.225205	
      1105	  0.203736	
      1106	  0.185833	
      1107	  0.170081	
      1108	  0.157251	
      1109	  0.145824	
      1110	  0.135839	
      1111	  0.126264	
      1112	  0.118024	
      1113	   0.11022	
      1114	  0.104327	
      1115	 0.0980459	
      1116	 0.0918402	
      1117	 0.0873971	
      1118	 0.0817162	
      1119	 0.0772359	
      1120	 0.0730727	
      1121	 0.0765209	
      1122	 0.0802278	
      1123	 0.0837443	
      1124	 0.0873774	
      1125	 0.0907343	
      1126	 0.0930543	
      1127	 0.0985419	
      1128	  0.104509	
      1129	  0.109928	
      1130	  0.115225	
      1131	   0.11536	
      1132	  0.115139	
      1133	  0.113583	
      1134	  0.113118	
      1135	  0.112779	
      1136	  0.112345	
      1137	  0.109849	
      1138	  0.108164	
      1139	   0.10898	
      1140	   0.10893	
      1141	  0.106996	
      1142	  0.107929	
      1143	  0.106981	
      1144	  0.105871	
      1145	  0.106193	
      1146	  0.111955	
      1147	    0.1174	
      1148	  0.122546	
      1149	  0.128332	
      1150	  0.134696	
      1151	   0.14175	
      1152	  0.149226	
      1153	  0.158356	
      1154	  0.169164	
      1155	  0.180084	
      1156	   0.19083	
      1157	  0.205596	
      1158	  0.221313	
      1159	  0.237303	
      1160	  0.256729	
      1161	  0.281444	
      1162	   0.29126	
      1163	  0.297965	
      1164	  0.299574	
      1165	  0.306561	
      1166	  0.307498	
      1167	  0.316095	
      1168	  0.323234	
      1169	  0.322649	
      1170	  0.334318	
      1171	   0.33763	
      1172	  0.338822	
      1173	   0.33835	
      1174	  0.339163	
      1175	  0.335548	
      1176	  0.332884	
      1177	  0.339418	
      1178	  0.338807	
      1179	  0.339357	
      1180	  0.343797	
      1181	  0.343809	
      1182	  0.342079	
      1183	  0.330896	
      1184	  0.341972	
      1185	  0.347928	
      1186	  0.349461	
      1187	  0.350592	
      1188	  0.347468	
      1189	  0.337185	
      1190	   0.34869	
      1191	  0.356329	
      1192	  0.357693	
      1193	  0.358824	
      1194	  0.360163	
      1195	   0.35941	
      1196	  0.360633	
      1197	   0.36001	
      1198	  0.354185	
      1199	  0.347772	
      1200	   0.36293	
      1201	  0.368042	
      1202	  0.367192	
      1203	  0.356848	
      1204	  0.356119	
      1205	  0.364245	
      1206	  0.364544	
      1207	  0.364822	
      1208	  0.357297	
      1209	  0.346044	
      1210	  0.357561	
      1211	  0.354545	
      1212	  0.360767	
      1213	  0.362898	
      1214	  0.362212	
      1215	  0.363228	
      1216	  0.363543	
      1217	   0.36362	
      1218	  0.362979	
      1219	   0.36172	
      1220	  0.363407	
      1221	  0.363915	
      1222	  0.363333	
      1223	  0.362032	
      1224	  0.365903	
      1225	  0.366123	
      1226	  0.366597	
      1227	  0.361738	
      1228	  0.365791	
      1229	  0.369459	
      1230	   0.37012	
      1231	  0.370578	
      1232	  0.369579	
      1233	  0.372045	
      1234	  0.372905	
      1235	  0.373554	
      1236	  0.377584	
      1237	  0.380196	
      1238	  0.382579	
      1239	  0.383894	
      1240	  0.391413	
      1241	  0.391467	
      1242	  0.388181	
      1243	  0.382826	
      1244	  0.379477	
      1245	  0.378609	
      1246	  0.378948	
      1247	  0.377485	
      1248	   0.37772	
      1249	  0.375951	
      1250	  0.373622	
      1251	  0.370027	
      1252	  0.366275	
      1253	  0.365906	
      1254	  0.364864	
      1255	  0.363043	
      1256	  0.360958	
      1257	  0.358213	
      1258	  0.357781	
      1259	  0.355388	
      1260	  0.355197	
      1261	   0.35325	
      1262	  0.349166	
      1263	  0.350014	
      1264	  0.346181	
      1265	  0.345591	
      1266	  0.345894	
      1267	  0.340969	
      1268	  0.338114	
      1269	   0.33952	
      1270	  0.340359	
      1271	  0.341041	
      1272	  0.340382	
      1273	  0.340505	
      1274	  0.339797	
      1275	  0.342215	
      1276	  0.344071	
      1277	   0.34515	
      1278	   0.34544	
      1279	  0.344547	
      1280	  0.342655	
      1281	  0.332015	
      1282	  0.307834	
      1283	  0.327759	
      1284	  0.342374	
      1285	  0.347076	
      1286	  0.349579	
      1287	  0.352339	
      1288	  0.353493	
      1289	  0.356171	
      1290	   0.35506	
      1291	  0.348012	
      1292	  0.343017	
      1293	  0.337546	
      1294	  0.329487	
      1295	  0.326957	
      1296	  0.324169	
      1297	  0.319063	
      1298	  0.314021	
      1299	  0.313061	
      1300	   0.30972	
      1301	  0.306249	
      1302	  0.301536	
      1303	  0.297793	
      1304	  0.294895	
      1305	  0.294979	
      1306	  0.293511	
      1307	  0.291674	
      1308	  0.289464	
      1309	  0.287589	
      1310	  0.284915	
      1311	  0.282482	
      1312	  0.278395	
      1313	  0.271629	
      1314	  0.274588	
      1315	  0.268942	
      1316	  0.268501	
      1317	  0.270666	
      1318	  0.267734	
      1319	  0.269207	
      1320	  0.267603	
      1321	   0.21419	
      1322	  0.182689	
      1323	  0.160086	
      1324	   0.14246	
      1325	  0.127882	
      1326	  0.115443	
      1327	  0.104818	
      1328	 0.0961605	
      1329	 0.0869815	
      1330	 0.0810777	
      1331	 0.0756193	
      1332	 0.0694298	
      1333	 0.0656357	
      1334	 0.0615438	
      1335	 0.0575061	
      1336	 0.0535867	
      1337	 0.0504107	
      1338	 0.0472479	
      1339	 0.0440821	
      1340	 0.0415227	
      1341	 0.0398537	
      1342	  0.037693	
      1343	 0.0357111	
      1344	   0.03389	
      1345	 0.0321499	
      1346	 0.0303452	
      1347	 0.0289429	
      1348	 0.0275172	
      1349	 0.0261212	
      1350	 0.0246643	
      1351	 0.0217818	
      1352	 0.0194145	
      1353	 0.0172472	
      1354	 0.0153366	
      1355	 0.0135996	
      1356	 0.0122021	
      1357	 0.0109077	
      1358	0.00995341	
      1359	0.00899931	
      1360	0.00811017	
      1361	0.00743664	
      1362	0.00675601	
      1363	0.00608584	
      1364	0.00560523	
      1365	0.00513028	
      1366	0.00469607	
      1367	0.00428266	
      1368	0.00395553	
      1369	0.00359429	
      1370	0.00330509	
      1371	0.00305441	
      1372	0.00284551	
      1373	0.00263539	
      1374	0.00243488	
      1375	0.00222614	
      1376	0.00205054	
      1377	0.00191722	
      1378	0.00178218	
      1379	0.00166559	
      1380	0.00154275	
      1381	0.00143607	
      1382	 0.0013256	
      1383	0.00123797	
      1384	0.00115935	
      1385	0.00107582	
      1386	0.00100923	
      1387	0.000937684	
      1388	0.000880469	
      1389	0.000824875	
      1390	0.000763127	
      1391	0.000721437	
      1392	0.000677521	
      1393	0.000632788	
      1394	0.000591303	
      1395	0.000555406	
      1396	0.000588783	
      1397	0.000624111	
      1398	0.000662917	
      1399	0.000699713	
      1400	0.000726784	
      1401	0.000770969	
      1402	0.00082774	
      1403	0.000875081	
      1404	0.000932191	
      1405	0.000992267	
      1406	0.00106197	
      1407	0.00113109	
      1408	0.00120513	
      1409	0.00128966	
      1410	0.00137558	
      1411	0.00146018	
      1412	0.00153368	
      1413	0.00165563	
      1414	0.00179469	
      1415	0.00192826	
      1416	0.00206435	
      1417	0.00222944	
      1418	0.00240368	
      1419	 0.0025672	
      1420	0.00276198	
      1421	0.00299373	
      1422	 0.0031893	
      1423	0.00344133	
      1424	0.00372761	
      1425	0.00407372	
      1426	0.00434061	
      1427	0.00475344	
      1428	0.00520892	
      1429	0.00560026	
      1430	0.00610752	
      1431	 0.0067215	
      1432	0.00749629	
      1433	0.00824367	
      1434	 0.0089649	
      1435	0.00992198	
      1436	 0.0109962	
      1437	 0.0122243	
      1438	 0.0135673	
      1439	  0.015153	
      1440	 0.0164058	
      1441	 0.0185134	
      1442	 0.0209264	
      1443	 0.0228558	
      1444	 0.0238905	
      1445	 0.0249366	
      1446	 0.0261055	
      1447	  0.027111	
      1448	 0.0284727	
      1449	 0.0297021	
      1450	 0.0308598	
      1451	 0.0319713	
      1452	 0.0334523	
      1453	 0.0351282	
      1454	 0.0366865	
      1455	   0.03838	
      1456	 0.0401748	
      1457	 0.0425246	
      1458	 0.0452966	
      1459	 0.0479244	
      1460	 0.0502743	
      1461	 0.0529422	
      1462	 0.0556407	
      1463	 0.0569907	
      1464	 0.0570744	
      1465	  0.057553	
      1466	 0.0571289	
      1467	 0.0577709	
      1468	 0.0573477	
      1469	 0.0577824	
      1470	 0.0574996	
      1471	  0.056706	
      1472	  0.056889	
      1473	 0.0567716	
      1474	 0.0556991	
      1475	  0.056398	
      1476	 0.0567017	
      1477	 0.0566114	
      1478	 0.0587014	
      1479	 0.0614696	
      1480	 0.0640773	
      1481	   0.06617	
      1482	 0.0691579	
      1483	 0.0711088	
      1484	 0.0749134	
      1485	 0.0791087	
      1486	 0.0820788	
      1487	 0.0842455	
      1488	 0.0818193	
      1489	 0.0928007	
      1490	 0.0997782	
      1491	  0.105601	
      1492	  0.110992	
      1493	  0.118941	
      1494	  0.127037	
      1495	  0.135237	
      1496	  0.142437	
      1497	  0.156607	
      1498	  0.159668	
      1499	  0.160792	
      1500	    0.1652	
      1501	  0.167375	
      1502	  0.166524	
      1503	  0.157756	
      1504	  0.163423	
      1505	    0.1627	
      1506	  0.171111	
      1507	  0.179307	
      1508	  0.181211	
      1509	  0.183721	
      1510	  0.189961	
      1511	  0.193727	
      1512	  0.194645	
      1513	  0.197718	
      1514	  0.201461	
      1515	   0.20788	
      1516	  0.213117	
      1517	  0.218851	
      1518	   0.22881	
      1519	  0.236422	
      1520	  0.252594	
      1521	  0.248304	
      1522	  0.247464	
      1523	  0.250286	
      1524	  0.250818	
      1525	  0.247407	
      1526	  0.251864	
      1527	  0.251263	
      1528	  0.252345	
      1529	  0.249799	
      1530	   0.24105	
      1531	  0.250347	
      1532	  0.252243	
      1533	  0.250158	
      1534	  0.247337	
      1535	  0.249736	
      1536	  0.252803	
      1537	  0.253073	
      1538	  0.249252	
      1539	  0.252188	
      1540	  0.244512	
      1541	  0.244531	
      1542	   0.24474	
      1543	  0.243802	
      1544	  0.243996	
      1545	  0.243616	
      1546	   0.24168	
      1547	  0.237862	
      1548	   0.23272	
      1549	  0.234665	
      1550	   0.23265	
      1551	  0.232503	
      1552	  0.233453	
      1553	  0.230485	
      1554	   0.22585	
      1555	  0.225393	
      1556	  0.223167	
      1557	   0.22633	
      1558	  0.225183	
      1559	  0.225124	
      1560	  0.224219	
      1561	  0.227338	
      1562	  0.226981	
      1563	  0.226206	
      1564	  0.224475	
      1565	   0.22669	
      1566	  0.225192	
      1567	  0.225512	
      1568	  0.223913	
      1569	   0.22576	
      1570	  0.226007	
      1571	  0.230274	
      1572	   0.23111	
      1573	  0.229037	
      1574	  0.226963	
      1575	  0.219107	
      1576	  0.224168	
      1577	   0.21334	
      1578	  0.225317	
      1579	   0.23083	
      1580	   0.23259	
      1581	  0.232034	
      1582	  0.225112	
      1583	  0.225889	
      1584	  0.224367	
      1585	  0.228553	
      1586	  0.226273	
      1587	  0.223116	
      1588	   0.21735	
      1589	  0.205904	
      1590	  0.210214	
      1591	  0.211786	
      1592	  0.219898	
      1593	  0.223742	
      1594	  0.222694	
      1595	  0.221888	
      1596	  0.213636	
      1597	  0.215134	
      1598	  0.219002	
      1599	  0.215776	
      1600	  0.215786	
      1601	  0.210984	
      1602	  0.212299	
      1603	  0.212447	
      1604	   0.21238	
      1605	  0.210203	
      1606	  0.209303	
      1607	  0.208208	
      1608	  0.210705	
      1609	  0.208566	
      1610	  0.198847	
      1611	  0.202791	
      1612	  0.204762	
      1613	  0.208347	
      1614	  0.208235	
      1615	  0.207394	
      1616	  0.200774	
      1617	    0.2036	
      1618	  0.209706	
      1619	  0.209162	
      1620	  0.204509	
      1621	  0.204772	
      1622	  0.208138	
      1623	  0.212689	
      1624	  0.213684	
      1625	  0.211755	
      1626	  0.214386	
      1627	  0.216167	
      1628	  0.218412	
      1629	  0.220058	
      1630	  0.220719	
      1631	  0.221518	
      1632	  0.221284	
      1633	  0.218727	
      1634	  0.216649	
      1635	  0.218966	
      1636	  0.218165	
      1637	  0.211124	
      1638	  0.209297	
      1639	    0.2062	
      1640	  0.208068	
      1641	  0.207056	
      1642	   0.20732	
      1643	  0.210344	
      1644	  0.208647	
      1645	  0.207994	
      1646	  0.210559	
      1647	  0.210951	
      1648	  0.210315	
      1649	  0.207261	
      1650	  0.208923	
      1651	  0.207027	
      1652	  0.208933	
      1653	  0.207502	
      1654	  0.208142	
      1655	  0.206486	
      1656	  0.207471	
      1657	  0.207547	
      1658	  0.206468	
      1659	  0.204481	
      1660	  0.205591	
      1661	  0.206354	
      1662	  0.205631	
      1663	  0.204799	
      1664	  0.204419	
      1665	  0.202783	
      1666	  0.201268	
      1667	  0.201241	
      1668	  0.198803	
      1669	  0.200155	
      1670	  0.203002	
      1671	  0.201714	
      1672	  0.195854	
      1673	  0.197897	
      1674	  0.200051	
      1675	  0.197972	
      1676	  0.195783	
      1677	  0.196914	
      1678	  0.197468	
      1679	  0.193615	
      1680	  0.186674	
      1681	  0.180228	
      1682	   0.18267	
      1683	  0.186938	
      1684	  0.189093	
      1685	  0.189158	
      1686	  0.186811	
      1687	  0.186609	
      1688	  0.185873	
      1689	  0.183399	
      1690	  0.183034	
      1691	  0.185208	
      1692	  0.185095	
      1693	   0.18401	
      1694	   0.18348	
      1695	  0.182971	
      1696	  0.181814	
      1697	   0.18068	
      1698	  0.180093	
      1699	  0.178757	
      1700	  0.176369	
      1701	  0.175702	
      1702	  0.175334	
      1703	  0.174759	
      1704	  0.174149	
      1705	  0.173486	
      1706	  0.172397	
      1707	  0.171248	
      1708	  0.170107	
      1709	  0.168974	
      1710	  0.168016	
      1711	  0.168076	
      1712	  0.168307	
      1713	   0.16854	
      1714	  0.168776	
      1715	  0.168872	
      1716	  0.168084	
      1717	   0.16716	
      1718	  0.166241	
      1719	  0.165327	
      1720	  0.164484	
      1721	  0.164011	
      1722	  0.163608	
      1723	  0.163209	
      1724	  0.162812	
      1725	   0.16236	
      1726	  0.161533	
      1727	  0.160653	
      1728	  0.159777	
      1729	  0.158904	
      1730	  0.157897	
      1731	  0.156027	
      1732	  0.154024	
      1733	  0.152028	
      1734	  0.150039	
      1735	  0.148447	
      1736	  0.149167	
      1737	  0.150277	
      1738	  0.151385	
      1739	  0.152491	
      1740	  0.153353	
      1741	   0.13535	
      1742	  0.123471	
      1743	  0.114318	
      1744	   0.10679	
      1745	  0.100412	
      1746	 0.0950697	
      1747	 0.0903729	
      1748	 0.0861574	
      1749	 0.0823369	
      1750	 0.0788604	
      1751	  0.075722	
      1752	 0.0728335	
      1753	 0.0701519	
      1754	 0.0676522	
      1755	 0.0652894	
      1756	 0.0629157	
      1757	 0.0606606	
      1758	 0.0585351	
      1759	 0.0565275	
      1760	 0.0546427	
      1761	 0.0529431	
      1762	 0.0513426	
      1763	 0.0498196	
      1764	 0.0483684	
      1765	 0.0469838	
      1766	 0.0456611	
      1767	 0.0443961	
      1768	 0.0431851	
      1769	 0.0420246	
      1770	 0.0408955	
      1771	 0.0397097	
      1772	 0.0385565	
      1773	 0.0374488	
      1774	 0.0363843	
      1775	 0.0353805	
      1776	  0.034532	
      1777	 0.0337329	
      1778	 0.0329614	
      1779	 0.0322163	
      1780	 0.0314873	
      1781	 0.0307299	
      1782	 0.0299893	
      1783	 0.0292733	
      1784	 0.0285806	
      1785	 0.0279183	
      1786	 0.0273241	
      1787	 0.0267557	
      1788	 0.0262044	
      1789	 0.0256693	
      1790	 0.0251398	
      1791	 0.0245605	
      1792	 0.0239888	
      1793	 0.0234342	
      1794	  0.022896	
      1795	 0.0223735	
      1796	 0.0218661	
      1797	 0.0213732	
      1798	 0.0208944	
      1799	  0.020429	
      1800	 0.0199885	
      1801	 0.0176704	
      1802	 0.0157164	
      1803	 0.0140452	
      1804	 0.0126046	
      1805	 0.0113527	
      1806	 0.0102498	
      1807	0.00928109	
      1808	0.00842718	
      1809	0.00767121	
      1810	0.00698483	
      1811	  0.006294	
      1812	0.00566946	
      1813	 0.0051149	
      1814	0.00462121	
      1815	 0.0041936	
      1816	0.00388121	
      1817	0.00360827	
      1818	0.00335896	
      1819	0.00313079	
      1820	0.00292067	
      1821	0.00272264	
      1822	0.00254003	
      1823	0.00237213	
      1824	0.00221753	
      1825	0.00207282	
      1826	0.00192674	
      1827	0.00179062	
      1828	 0.0016655	
      1829	0.00155035	
      1830	0.00144498	
      1831	0.00135151	
      1832	0.00126565	
      1833	0.00118607	
      1834	0.00111225	
      1835	0.00104357	
      1836	0.000978767	
      1837	0.000918426	
      1838	0.000862313	
      1839	0.000810091	
      1840	0.000761355	
      1841	0.000715198	
      1842	0.000672098	
      1843	0.00063191	
      1844	0.000594412	
      1845	0.000559694	
      1846	0.000528768	
      1847	0.000500041	
      1848	0.000473086	
      1849	0.00044778	
      1850	0.000423869	
      1851	0.000400614	
      1852	0.000378662	
      1853	0.000358052	
      1854	0.000338692	
      1855	0.000320497	
      1856	0.00030339	
      1857	0.000287297	
      1858	0.000272152	
      1859	0.000257892	
      1860	0.000244461	
      1861	0.000251017	
      1862	0.000257777	
      1863	0.000264746	
      1864	0.000271932	
      1865	0.000279401	
      1866	0.00028738	
      1867	0.000295682	
      1868	0.00030426	
      1869	0.000313123	
      1870	0.000321577	
      1871	0.000325837	
      1872	0.000329345	
      1873	 0.0003328	
      1874	0.000336197	
      1875	0.000341403	
      1876	0.000358166	
      1877	0.000377694	
      1878	0.000398154	
      1879	0.000419589	
      1880	0.000440846	
      1881	0.000455651	
      1882	0.000469738	
      1883	0.000484332	
      1884	0.000499452	
      1885	0.000514697	
      1886	0.000527717	
      1887	0.000540669	
      1888	0.000553987	
      1889	0.000567685	
      1890	0.00058219	
      1891	0.000599705	
      1892	0.000618287	
      1893	0.00063755	
      1894	0.000657521	
      1895	0.000678725	
      1896	0.000703786	
      1897	0.000730429	
      1898	0.000758215	
      1899	0.000787202	
      1900	0.00081704	
      1901	0.000845389	
      1902	0.000874457	
      1903	0.000904708	
      1904	0.000936199	
      1905	0.000968849	
      1906	 0.0010017	
      1907	0.00103573	
      1908	0.00107115	
      1909	0.00110802	
      1910	0.00114667	
      1911	0.00118817	
      1912	0.00123173	
      1913	 0.0012772	
      1914	0.00132469	
      1915	0.00137429	
      1916	0.00142613	
      1917	0.00148033	
      1918	0.00153701	
      1919	0.00159631	
      1920	0.00165837	
      1921	0.00159256	
      1922	0.00159956	
      1923	0.00162196	
      1924	0.00165333	
      1925	0.00169072	
      1926	0.00172979	
      1927	  0.001773	
      1928	0.00182069	
      1929	0.00187275	
      1930	0.00193065	
      1931	0.00200226	
      1932	0.00208084	
      1933	0.00216523	
      1934	0.00225577	
      1935	0.00235164	
      1936	0.00244589	
      1937	 0.0025455	
      1938	 0.0026522	
      1939	0.00276658	
      1940	0.00288481	
      1941	0.00298365	
      1942	0.00308415	
      1943	0.00319123	
      1944	0.00330542	
      1945	0.00343878	
      1946	0.00365422	
      1947	0.00390136	
      1948	0.00417113	
      1949	0.00446625	
      1950	0.00478606	
      1951	0.00511329	
      1952	0.00546891	
      1953	0.00586115	
      1954	0.00629529	
      1955	0.00677234	
      1956	0.00727025	
      1957	0.00782086	
      1958	0.00843968	
      1959	0.00913954	
      1960	0.00993526	
      1961	 0.0104269	
      1962	 0.0109514	
      1963	 0.0115137	
      1964	 0.0121177	
      1965	 0.0127782	
      1966	  0.013557	
      1967	  0.014414	
      1968	  0.015347	
      1969	 0.0163655	
      1970	 0.0174709	
      1971	 0.0186157	
      1972	 0.0198639	
      1973	 0.0212425	
      1974	 0.0227725	
      1975	 0.0244801	
      1976	 0.0263981	
      1977	 0.0285686	
      1978	 0.0310471	
      1979	 0.0339081	
      1980	 0.0372653	
      1981	 0.0413121	
      1982	 0.0462606	
      1983	 0.0525082	
      1984	 0.0608431	
      1985	 0.0732679	
      1986	 0.0588502	
      1987	 0.0513822	
      1988	 0.0460927	
      1989	  0.041978	
      1990	  0.038585	
      1991	 0.0355489	
      1992	 0.0329095	
      1993	 0.0306045	
      1994	 0.0285677	
      1995	 0.0267693	
      1996	 0.0252476	
      1997	  0.023886	
      1998	 0.0226458	
      1999	 0.0215107	
      2000	 0.0204587	
      2001	 0.0194382	
      2002	 0.0184866	
      2003	 0.0176043	
      2004	  0.016784	
      2005	 0.0160264	
      2006	  0.016568	
      2007	 0.0171441	
      2008	 0.0177496	
      2009	 0.0183868	
      2010	 0.0190547	
      2011	 0.0197318	
      2012	 0.0204428	
      2013	 0.0211943	
      2014	 0.0219897	
      2015	 0.0228291	
      2016	 0.0236873	
      2017	 0.0245958	
      2018	 0.0255641	
      2019	 0.0265987	
      2020	 0.0277195	
      2021	  0.029002	
      2022	 0.0304002	
      2023	 0.0319156	
      2024	 0.0335653	
      2025	 0.0353544	
      2026	 0.0372231	
      2027	 0.0392753	
      2028	 0.0415684	
      2029	 0.0441591	
      2030	 0.0471412	
      2031	 0.0506903	
      2032	 0.0549689	
      2033	  0.060344	
      2034	 0.0677119	
      2035	 0.0812727	
      2036	  0.080155	
      2037	 0.0791143	
      2038	 0.0781457	
      2039	 0.0772359	
      2040	 0.0764324	
      2041	 0.0759821	
      2042	 0.0756199	
      2043	 0.0752849	
      2044	 0.0749739	
      2045	 0.0746361	
      2046	 0.0740018	
      2047	 0.0733413	
      2048	  0.072701	
      2049	 0.0720795	
      2050	 0.0714957	
      2051	  0.071022	
      2052	 0.0705828	
      2053	  0.070157	
      2054	 0.0697439	
      2055	 0.0693296	
      2056	 0.0688217	
      2057	 0.0683125	
      2058	 0.0678149	
      2059	 0.0673283	
      2060	 0.0668719	
      2061	 0.0665165	
      2062	 0.0661898	
      2063	 0.0658723	
      2064	 0.0655639	
      2065	 0.0652644	
      2066	 0.0654753	
      2067	 0.0656904	
      2068	 0.0659101	
      2069	 0.0661345	
      2070	 0.0663835	
      2071	 0.0667304	
      2072	 0.0671039	
      2073	 0.0674847	
      2074	  0.067873	
      2075	 0.0682422	
      2076	 0.0684427	
      2077	 0.0686221	
      2078	 0.0688079	
      2079	 0.0690005	
      2080	 0.0692143	
      2081	 0.0695062	
      2082	 0.0698218	
      2083	 0.0701478	
      2084	 0.0704849	
      2085	 0.0708413	
      2086	 0.0712255	
      2087	 0.0716316	
      2088	 0.0720537	
      2089	 0.0724936	
      2090	 0.0729382	
      2091	 0.0733289	
      2092	 0.0737274	
      2093	 0.0741519	
      2094	 0.0746066	
      2095	 0.0751278	
      2096	 0.0758972	
      2097	 0.0767553	
      2098	 0.0776849	
      2099	 0.0787077	
      2100	 0.0798511	
      2101	 0.0798591	
      2102	 0.0798593	
      2103	 0.0798603	
      2104	 0.0798619	
      2105	 0.0798476	
      2106	 0.0797338	
      2107	  0.079604	
      2108	 0.0794746	
      2109	 0.0793459	
      2110	 0.0792261	
      2111	 0.0791741	
      2112	 0.0791313	
      2113	 0.0790893	
      2114	 0.0790482	
      2115	 0.0790081	
      2116	 0.0789522	
      2117	 0.0788973	
      2118	 0.0788434	
      2119	 0.0787907	
      2120	 0.0787391	
      2121	 0.0786719	
      2122	  0.078606	
      2123	 0.0785415	
      2124	 0.0784785	
      2125	 0.0784425	
      2126	 0.0785446	
      2127	 0.0786744	
      2128	 0.0788066	
      2129	 0.0789415	
      2130	 0.0790449	
      2131	 0.0789627	
      2132	 0.0788488	
      2133	 0.0787377	
      2134	 0.0786298	
      2135	 0.0785512	
      2136	 0.0786493	
      2137	 0.0787784	
      2138	 0.0789133	
      2139	 0.0790549	
      2140	 0.0791782	
      2141	 0.0791536	
      2142	  0.079113	
      2143	 0.0790848	
      2144	 0.0790724	
      2145	 0.0791076	
      2146	 0.0792961	
      2147	 0.0795581	
      2148	  0.079903	
      2149	 0.0798543	
      2150	 0.0797968	
      2151	 0.0796504	
      2152	 0.0794952	
      2153	 0.0793401	
      2154	 0.0791852	
      2155	 0.0790303	
      2156	   0.07884	
      2157	 0.0786498	
      2158	 0.0784597	
      2159	 0.0782698	
      2160	 0.0779733	
      2161	 0.0770198	
      2162	 0.0759601	
      2163	 0.0749007	
      2164	 0.0738418	
      2165	 0.0729873	
      2166	 0.0733756	
      2167	 0.0739679	
      2168	 0.0745601	
      2169	 0.0751522	
      2170	 0.0756821	
      2171	 0.0758039	
      2172	 0.0758637	
      2173	 0.0759235	
      2174	 0.0759833	
      2175	 0.0760077	
      2176	 0.0758195	
      2177	 0.0755959	
      2178	 0.0753725	
      2179	 0.0751491	
      2180	 0.0749525	
      2181	  0.074933	
      2182	 0.0749402	
      2183	 0.0749474	
      2184	 0.0749547	
      2185	 0.0749266	
      2186	 0.0746685	
      2187	 0.0743751	
      2188	 0.0740818	
      2189	 0.0737887	
      2190	 0.0735399	
      2191	 0.0735565	
      2192	 0.0736173	
      2193	 0.0736782	
      2194	 0.0737391	
      2195	 0.0737736	
      2196	 0.0736666	
      2197	 0.0735333	
      2198	    0.0734	
      2199	 0.0732533	
      2200	 0.0730804	
      2201	 0.0727487	
      2202	 0.0723908	
      2203	 0.0720333	
      2204	  0.071676	
      2205	  0.071363	
      2206	 0.0712795	
      2207	 0.0712401	
      2208	 0.0712009	
      2209	 0.0711617	
      2210	 0.0711137	
      2211	 0.0710307	
      2212	  0.070939	
      2213	 0.0708474	
      2214	 0.0707559	
      2215	 0.0706646	
      2216	 0.0705733	
      2217	 0.0704822	
      2218	 0.0703911	
      2219	 0.0703002	
      2220	 0.0701918	
      2221	 0.0699783	
      2222	 0.0697474	
      2223	 0.0695167	
      2224	 0.0692862	
      2225	 0.0690734	
      2226	 0.0689658	
      2227	  0.068876	
      2228	 0.0687862	
      2229	 0.0686965	
      2230	 0.0686069	
      2231	    0.0685	
      2232	 0.0683931	
      2233	 0.0682863	
      2234	 0.0681797	
      2235	 0.0680557	
      2236	 0.0678094	
      2237	  0.067546	
      2238	 0.0672827	
      2239	 0.0670195	
      2240	 0.0667828	
      2241	 0.0667033	
      2242	   0.06665	
      2243	 0.0665968	
      2244	 0.0665436	
      2245	 0.0664731	
      2246	 0.0663156	
      2247	 0.0661407	
      2248	  0.065966	
      2249	 0.0657915	
      2250	  0.065617	
      2251	  0.065408	
      2252	  0.065199	
      2253	 0.0649902	
      2254	 0.0647816	
      2255	 0.0645905	
      2256	 0.0645211	
      2257	 0.0644692	
      2258	 0.0644174	
      2259	 0.0643656	
      2260	 0.0643053	
      2261	 0.0641582	
      2262	 0.0640025	
      2263	  0.063847	
      2264	 0.0636916	
      2265	 0.0635536	
      2266	 0.0634851	
      2267	  0.063434	
      2268	 0.0633829	
      2269	 0.0633319	
      2270	 0.0632723	
      2271	 0.0629376	
      2272	 0.0626044	
      2273	 0.0622803	
      2274	 0.0619646	
      2275	 0.0616396	
      2276	 0.0612371	
      2277	  0.060825	
      2278	 0.0604197	
      2279	 0.0600209	
      2280	 0.0596531	
      2281	 0.0594408	
      2282	 0.0592577	
      2283	 0.0590784	
      2284	 0.0589029	
      2285	 0.0587309	
      2286	 0.0585293	
      2287	 0.0583311	
      2288	 0.0581361	
      2289	 0.0579441	
      2290	 0.0577226	
      2291	 0.0572936	
      2292	 0.0568363	
      2293	  0.056383	
      2294	 0.0559335	
      2295	 0.0555357	
      2296	 0.0553968	
      2297	 0.0553078	
      2298	 0.0552204	
      2299	 0.0551346	
      2300	 0.0550425	
      2301	 0.0548887	
      2302	 0.0547289	
      2303	 0.0545708	
      2304	 0.0544144	
      2305	 0.0542519	
      2306	 0.0540597	
      2307	 0.0538616	
      2308	 0.0536651	
      2309	 0.0534703	
      2310	 0.0532772	
      2311	 0.0530547	
      2312	  0.052834	
      2313	 0.0526148	
      2314	 0.0523973	
      2315	 0.0521814	
      2316	 0.0519822	
      2317	 0.0517845	
      2318	 0.0515882	
      2319	 0.0513932	
      2320	 0.0511769	
      2321	 0.0507957	
      2322	 0.0503939	
      2323	 0.0499941	
      2324	 0.0495965	
      2325	 0.0492533	
      2326	 0.0491964	
      2327	 0.0491924	
      2328	 0.0491889	
      2329	 0.0491859	
      2330	  0.049161	
      2331	 0.0490179	
      2332	 0.0488536	
      2333	 0.0486902	
      2334	 0.0485278	
      2335	 0.0483664	
      2336	 0.0482059	
      2337	 0.0480464	
      2338	 0.0478878	
      2339	   0.04773	
      2340	 0.0475805	
      2341	 0.0474755	
      2342	 0.0473784	
      2343	  0.047282	
      2344	 0.0471862	
      2345	 0.0470765	
      2346	 0.0468954	
      2347	 0.0467006	
      2348	 0.0465069	
      2349	  0.046314	
      2350	 0.0461077	
      2351	 0.0458021	
      2352	 0.0454834	
      2353	  0.045166	
      2354	 0.0448499	
      2355	 0.0445778	
      2356	  0.044534	
      2357	 0.0445332	
      2358	 0.0445326	
      2359	 0.0445322	
      2360	 0.0445249	
      2361	 0.0430353	
      2362	 0.0416964	
      2363	 0.0404814	
      2364	 0.0393672	
      2365	  0.038331	
      2366	 0.0373189	
      2367	 0.0363652	
      2368	 0.0354678	
      2369	 0.0346202	
      2370	 0.0338117	
      2371	 0.0330115	
      2372	 0.0322439	
      2373	 0.0315108	
      2374	 0.0308093	
      2375	 0.0301566	
      2376	 0.0296265	
      2377	 0.0291361	
      2378	 0.0286644	
      2379	 0.0282101	
      2380	 0.0277359	
      2381	 0.0270749	
      2382	 0.0264009	
      2383	 0.0257487	
      2384	 0.0251172	
      2385	 0.0245466	
      2386	 0.0242383	
      2387	 0.0239792	
      2388	 0.0237276	
      2389	 0.0234829	
      2390	 0.0232295	
      2391	 0.0228917	
      2392	  0.022548	
      2393	 0.0222132	
      2394	  0.021887	
      2395	  0.021569	
      2396	 0.0212518	
      2397	 0.0209424	
      2398	 0.0206403	
      2399	 0.0203455	
      2400	 0.0200574	
      2401	 0.0197827	
      2402	 0.0195141	
      2403	 0.0192515	
      2404	 0.0189946	
      2405	 0.0187433	
      2406	 0.0185036	
      2407	  0.018269	
      2408	 0.0180392	
      2409	 0.0178141	
      2410	 0.0175786	
      2411	 0.0172599	
      2412	 0.0169332	
      2413	 0.0166133	
      2414	 0.0162999	
      2415	 0.0160154	
      2416	 0.0158586	
      2417	 0.0157266	
      2418	 0.0155969	
      2419	 0.0154693	
      2420	 0.0153359	
      2421	 0.0151521	
      2422	 0.0149639	
      2423	 0.0147791	
      2424	 0.0145975	
      2425	 0.0144216	
      2426	 0.0142637	
      2427	  0.014111	
      2428	 0.0139608	
      2429	  0.013813	
      2430	 0.0136653	
      2431	 0.0134964	
      2432	  0.013328	
      2433	 0.0131623	
      2434	 0.0129994	
      2435	 0.0128414	
      2436	  0.012704	
      2437	  0.012571	
      2438	   0.01244	
      2439	 0.0123111	
      2440	 0.0121819	
      2441	 0.0120376	
      2442	 0.0118934	
      2443	 0.0117514	
      2444	 0.0116117	
      2445	  0.011472	
      2446	 0.0113262	
      2447	 0.0111807	
      2448	 0.0110374	
      2449	 0.0108963	
      2450	 0.0107612	
      2451	 0.0102233	
      2452	0.00972748	
      2453	0.00926592	
      2454	0.00883534	
      2455	0.00843596	
      2456	0.00807676	
      2457	0.00774222	
      2458	0.00742743	
      2459	0.00713077	
      2460	0.00684955	
      2461	0.00657417	
      2462	0.00631272	
      2463	0.00606534	
      2464	0.00583102	
      2465	0.00560676	
      2466	0.00538402	
      2467	0.00517076	
      2468	 0.0049683	
      2469	0.00477592	
      2470	0.00459469	
      2471	0.00443382	
      2472	0.00428194	
      2473	 0.0041369	
      2474	0.00399831	
      2475	0.00386361	
      2476	0.00372077	
      2477	0.00358235	
      2478	0.00345014	
      2479	0.00332381	
      2480	0.00320486	
      2481	0.00309939	
      2482	0.00299999	
      2483	0.00290461	
      2484	0.00281303	
      2485	0.00272613	
      2486	 0.0026477	
      2487	0.00257317	
      2488	0.00250135	
      2489	0.00243212	
      2490	0.00236128	
      2491	0.00226838	
      2492	0.00217551	
      2493	0.00208655	
      2494	0.00200131	
      2495	0.00192549	
      2496	0.00188555	
      2497	0.00185228	
      2498	0.00181977	
      2499	0.00178799	
      2500	0.00175419	
      2501	0.000792726	
      2502	0.000398903	
      2503	0.000215673	
      2504	0.000122834	
      2505	7.28001e-05	
      2506	4.44634e-05	
      2507	2.78782e-05	
      2508	1.78736e-05	
      2509	1.1681e-05	
      2510	7.76399e-06	
      2511	5.24343e-06	
      2512	3.5887e-06	
      2513	2.48533e-06	
      2514	1.73969e-06	
      2515	1.22966e-06	
      2516	8.77302e-07	
      2517	6.31074e-07	
      2518	4.57415e-07	
      2519	3.3389e-07	
      2520	2.45381e-07	
      2521	1.81597e-07	
      2522	1.35199e-07	
      2523	1.01203e-07	
      2524	7.61437e-08	
      2525	5.75789e-08	
      2526	4.37952e-08	
      2527	3.34632e-08	
      2528	2.56744e-08	
      2529	1.97761e-08	
      2530	1.52869e-08	
      2531	1.18343e-08	
      2532	9.19086e-09	
      2533	7.16132e-09	
      2534	5.5975e-09	
      2535	4.3893e-09	
      2536	3.45481e-09	
      2537	2.72746e-09	
      2538	2.15904e-09	
      2539	1.71351e-09	
      2540	1.36333e-09	
      2541	1.0878e-09	
      2542	8.69982e-10	
      2543	6.97354e-10	
      2544	5.60203e-10	
      2545	4.50981e-10	
      2546	3.63643e-10	
      2547	2.93803e-10	
      2548	2.37836e-10	
      2549	1.92892e-10	
      2550	1.56726e-10	
      2551	1.27512e-10	
      2552	1.03922e-10	
      2553	8.48386e-11	
      2554	6.93727e-11	
      2555	5.68165e-11	
      2556	4.65848e-11	
      2557	3.82534e-11	
      2558	3.14583e-11	
      2559	2.59075e-11	
      2560	2.13707e-11	
      2561	1.76682e-11	
      2562	 1.463e-11	
      2563	1.21302e-11	
      2564	1.00704e-11	
      2565	8.37095e-12	
      2566	6.96372e-12	
      2567	5.80003e-12	
      2568	4.83648e-12	
      2569	4.03766e-12	
      2570	3.37458e-12	
      2571	2.82226e-12	
      2572	2.36289e-12	
      2573	1.98039e-12	
      2574	1.66154e-12	
      2575	1.39545e-12	
      2576	1.17315e-12	
      2577	9.87231e-13	
      2578	8.31579e-13	
      2579	7.01132e-13	
      2580	5.91564e-13	
      2581	4.98894e-13	
      2582	4.21019e-13	
      2583	3.5561e-13	
      2584	3.00621e-13	
      2585	2.54467e-13	
      2586	2.16277e-13	
      2587	1.84055e-13	
      2588	1.56762e-13	
      2589	1.33623e-13	
      2590	1.13963e-13	
      2591	9.70923e-14	
      2592	8.27628e-14	
      2593	7.06009e-14	
      2594	6.02707e-14	
      2595	5.15014e-14	
      2596	4.40806e-14	
      2597	3.77646e-14	
      2598	3.23761e-14	
      2599	2.77757e-14	
      2600	2.3845e-14	
      2601	1.62811e-14	
      2602	1.31008e-14	
      2603	1.0872e-14	
      2604	9.17154e-15	
      2605	7.8202e-15	
      2606	6.71338e-15	
      2607	5.79752e-15	
      2608	5.03053e-15	
      2609	4.38226e-15	
      2610	3.83032e-15	
      2611	3.35916e-15	
      2612	2.95342e-15	
      2613	2.60253e-15	
      2614	2.29795e-15	
      2615	2.03272e-15	
      2616	1.79938e-15	
      2617	1.59525e-15	
      2618	1.41626e-15	
      2619	1.25899e-15	
      2620	1.12001e-15	
      2621	9.94156e-16	
      2622	8.82929e-16	
      2623	7.84904e-16	
      2624	6.98397e-16	
      2625	6.22725e-16	
      2626	5.5956e-16	
      2627	5.03827e-16	
      2628	4.53993e-16	
      2629	4.09389e-16	
      2630	3.69247e-16	
      2631	3.32298e-16	
      2632	2.99097e-16	
      2633	2.69383e-16	
      2634	2.42769e-16	
      2635	2.18859e-16	
      2636	1.96933e-16	
      2637	1.77255e-16	
      2638	1.59625e-16	
      2639	1.43821e-16	
      2640	1.29709e-16	
      2641	1.17387e-16	
      2642	1.06339e-16	
      2643	9.63752e-17	
      2644	8.73838e-17	
      2645	7.92657e-17	
      2646	7.18608e-17	
      2647	6.51746e-17	
      2648	5.91343e-17	
      2649	5.3675e-17	
      2650	4.87384e-17	
      2651	4.42283e-17	
      2652	4.01501e-17	
      2653	3.6461e-17	
      2654	3.31225e-17	
      2655	3.01076e-17	
      2656	2.7404e-17	
      2657	2.49579e-17	
      2658	2.27375e-17	
      2659	2.07213e-17	
      2660	1.88851e-17	
      2661	1.71907e-17	
      2662	1.5649e-17	
      2663	1.42498e-17	
      2664	1.29794e-17	
      2665	1.18317e-17	
      2666	1.08107e-17	
      2667	9.88562e-18	
      2668	9.04218e-18	
      2669	8.27296e-18	
      2670	7.56926e-18	
      2671	6.90953e-18	
      2672	6.30728e-18	
      2673	5.75897e-18	
      2674	5.25961e-18	
      2675	4.80597e-18	
      2676	4.39706e-18	
      2677	4.02496e-18	
      2678	3.68523e-18	
      2679	3.37497e-18	
      2680	3.09154e-18	
      2681	2.83257e-18	
      2682	2.59588e-18	
      2683	2.37949e-18	
      2684	2.18163e-18	
      2685	2.00065e-18	
      2686	1.83316e-18	
      2687	1.68004e-18	
      2688	1.54003e-18	
      2689	1.41198e-18	
      2690	1.29484e-18	
      2691	1.18828e-18	
      2692	1.09071e-18	
      2693	1.00135e-18	
      2694	9.19493e-19	
      2695	8.44489e-19	
      2696	7.75336e-19	
      2697	7.1198e-19	
      2698	6.53922e-19	
      2699	6.00709e-19	
      2700	5.52074e-19	
      2701	6.16152e-19	
      2702	6.88109e-19	
      2703	7.68762e-19	
      2704	8.59194e-19	
      2705	9.60634e-19	
      2706	1.07447e-18	
      2707	1.20226e-18	
      2708	1.34578e-18	
      2709	1.50703e-18	
      2710	1.68828e-18	
      2711	1.89313e-18	
      2712	2.12371e-18	
      2713	2.38335e-18	
      2714	2.67585e-18	
      2715	3.00551e-18	
      2716	3.37538e-18	
      2717	3.79239e-18	
      2718	4.26275e-18	
      2719	4.79354e-18	
      2720	5.39281e-18	
      2721	6.06634e-18	
      2722	6.82706e-18	
      2723	7.68664e-18	
      2724	8.6584e-18	
      2725	9.76022e-18	
      2726	1.10135e-17	
      2727	1.2437e-17	
      2728	1.40512e-17	
      2729	1.58827e-17	
      2730	1.79616e-17	
      2731	  2.03e-17	
      2732	2.29543e-17	
      2733	2.59686e-17	
      2734	2.93937e-17	
      2735	3.32877e-17	
      2736	3.77382e-17	
      2737	4.28063e-17	
      2738	4.85808e-17	
      2739	5.5164e-17	
      2740	6.26734e-17	
      2741	7.12846e-17	
      2742	8.11241e-17	
      2743	9.23741e-17	
      2744	1.05244e-16	
      2745	1.19977e-16	
      2746	1.36776e-16	
      2747	1.56018e-16	
      2748	1.78075e-16	
      2749	2.03374e-16	
      2750	2.32409e-16	
      2751	2.65605e-16	
      2752	3.03734e-16	
      2753	3.47558e-16	
      2754	3.97963e-16	
      2755	4.55977e-16	
      2756	5.22795e-16	
      2757	5.9981e-16	
      2758	6.88641e-16	
      2759	7.91177e-16	
      2760	9.09619e-16	
      2761	1.04714e-15	
      2762	1.20634e-15	
      2763	1.39076e-15	
      2764	1.60457e-15	
      2765	1.85267e-15	
      2766	2.14201e-15	
      2767	2.47849e-15	
      2768	2.87011e-15	
      2769	3.32629e-15	
      2770	3.85702e-15	
      2771	4.47095e-15	
      2772	5.18546e-15	
      2773	6.01932e-15	
      2774	6.99337e-15	
      2775	8.13225e-15	
      2776	9.47074e-15	
      2777	1.10397e-14	
      2778	1.28806e-14	
      2779	1.50429e-14	
      2780	1.75853e-14	
      2781	2.05899e-14	
      2782	2.41324e-14	
      2783	2.83134e-14	
      2784	3.32536e-14	
      2785	3.90977e-14	
      2786	4.60191e-14	
      2787	5.4226e-14	
      2788	6.39691e-14	
      2789	7.55504e-14	
      2790	8.93341e-14	
      2791	1.05697e-13	
      2792	1.2521e-13	
      2793	1.48514e-13	
      2794	1.76382e-13	
      2795	2.0982e-13	
      2796	2.50085e-13	
      2797	2.98582e-13	
      2798	3.56988e-13	
      2799	4.27439e-13	
      2800	5.12555e-13	
      2801	5.81491e-13	
      2802	6.60055e-13	
      2803	7.49646e-13	
      2804	8.51872e-13	
      2805	9.68882e-13	
      2806	1.10328e-12	
      2807	1.25744e-12	
      2808	1.43399e-12	
      2809	1.63631e-12	
      2810	1.86832e-12	
      2811	2.13455e-12	
      2812	2.44025e-12	
      2813	2.79151e-12	
      2814	3.19541e-12	
      2815	3.66017e-12	
      2816	4.19272e-12	
      2817	4.80603e-12	
      2818	5.51286e-12	
      2819	6.32807e-12	
      2820	7.26902e-12	
      2821	8.35073e-12	
      2822	9.60046e-12	
      2823	1.10455e-11	
      2824	1.27177e-11	
      2825	1.4659e-11	
      2826	1.69207e-11	
      2827	1.95532e-11	
      2828	2.26138e-11	
      2829	2.61753e-11	
      2830	3.03236e-11	
      2831	3.51376e-11	
      2832	4.07519e-11	
      2833	4.73058e-11	
      2834	5.49641e-11	
      2835	6.39221e-11	
      2836	7.43639e-11	
      2837	8.65956e-11	
      2838	1.00939e-10	
      2839	1.17779e-10	
      2840	1.3757e-10	
      2841	1.60961e-10	
      2842	1.88533e-10	
      2843	2.21074e-10	
      2844	2.59525e-10	
      2845	3.05019e-10	
      2846	3.58682e-10	
      2847	 4.223e-10	
      2848	4.97822e-10	
      2849	5.87599e-10	
      2850	6.94476e-10	
      2851	8.21895e-10	
      2852	9.74035e-10	
      2853	1.15597e-09	
      2854	1.37389e-09	
      2855	1.63533e-09	
      2856	1.95081e-09	
      2857	2.33083e-09	
      2858	2.78943e-09	
      2859	3.34387e-09	
      2860	4.01547e-09	
      2861	4.83057e-09	
      2862	5.82186e-09	
      2863	7.02997e-09	
      2864	8.5055e-09	
      2865	1.03117e-08	
      2866	1.25112e-08	
      2867	1.5213e-08	
      2868	1.85401e-08	
      2869	2.2648e-08	
      2870	2.77432e-08	
      2871	3.40942e-08	
      2872	4.20247e-08	
      2873	5.19434e-08	
      2874	6.43891e-08	
      2875	8.00856e-08	
      2876	9.99928e-08	
      2877	1.25307e-07	
      2878	1.57579e-07	
      2879	1.98892e-07	
      2880	2.52014e-07	
      2881	 3.202e-07	
      2882	4.08609e-07	
      2883	5.23842e-07	
      2884	6.7489e-07	
      2885	8.74083e-07	
      2886	1.13927e-06	
      2887	1.49398e-06	
      2888	1.97211e-06	
      2889	2.62202e-06	
      2890	3.51367e-06	
      2891	4.74963e-06	
      2892	6.48283e-06	
      2893	8.94563e-06	
      2894	1.24992e-05	
      2895	1.77209e-05	
      2896	2.55507e-05	
      2897	3.76596e-05	
      2898	5.71891e-05	
      2899	9.10819e-05	
      2900	0.000167595	
      2901	0.000170513	
      2902	0.000173491	
      2903	0.000176529	
      2904	0.000179631	
      2905	0.000182796	
      2906	0.000185898	
      2907	0.000189062	
      2908	0.000192291	
      2909	0.000195585	
      2910	0.000198946	
      2911	0.000202234	
      2912	0.000205587	
      2913	0.000209007	
      2914	0.000212495	
      2915	0.000216053	
      2916	0.000219839	
      2917	0.000223705	
      2918	0.000227651	
      2919	0.000231682	
      2920	0.000235798	
      2921	0.000240001	
      2922	0.000244295	
      2923	0.000248681	
      2924	0.000253162	
      2925	0.00025774	
      2926	0.000262417	
      2927	0.000267197	
      2928	0.000272082	
      2929	0.000277075	
      2930	0.000282178	
      2931	0.000287186	
      2932	0.000292303	
      2933	0.000297531	
      2934	0.000302873	
      2935	0.000308333	
      2936	0.000314143	
      2937	0.000320087	
      2938	0.000326167	
      2939	0.000332387	
      2940	0.000338753	
      2941	0.000345011	
      2942	0.000351412	
      2943	0.000357959	
      2944	0.000364657	
      2945	0.000371647	
      2946	0.000379086	
      2947	0.000386851	
      2948	0.000394809	
      2949	0.000402967	
      2950	0.00041133	
      2951	0.000419904	
      2952	0.000428696	
      2953	0.000437713	
      2954	0.000446962	
      2955	0.000456451	
      2956	0.000465835	
      2957	0.000475459	
      2958	0.000485329	
      2959	0.000495453	
      2960	0.000505841	
      2961	0.000516891	
      2962	0.000528239	
      2963	0.000539895	
      2964	0.000551869	
      2965	0.000564172	
      2966	0.000576376	
      2967	0.000588912	
      2968	0.00060179	
      2969	0.000615023	
      2970	0.000628622	
      2971	0.000643094	
      2972	0.000657984	
      2973	0.000673305	
      2974	0.000689073	
      2975	0.000705306	
      2976	0.000721465	
      2977	0.000738095	
      2978	0.000755216	
      2979	0.000772846	
      2980	0.000791003	
      2981	0.000810338	
      2982	0.000830275	
      2983	0.000850838	
      2984	0.000872053	
      2985	0.000893947	
      2986	0.000915834	
      2987	0.000938421	
      2988	0.000961737	
      2989	0.000985814	
      2990	0.00101069	
      2991	 0.0010372	
      2992	0.00106463	
      2993	0.00109302	
      2994	0.00112241	
      2995	0.00115285	
      2996	 0.0011844	
      2997	0.00121711	
      2998	0.00125106	
      2999	 0.0012863	
      3000	0.00132293	
      3001	0.00132189	
      3002	0.00132086	
      3003	0.00131983	
      3004	0.00131879	
      3005	0.00131775	
      3006	0.00131776	
      3007	0.00131777	
      3008	0.00131778	
      3009	0.00131779	
      3010	 0.0013178	
      3011	0.00131781	
      3012	0.00131782	
      3013	0.00131783	
      3014	0.00131785	
      3015	0.00131786	
      3016	0.00131681	
      3017	0.00131576	
      3018	0.00131471	
      3019	0.00131366	
      3020	 0.0013126	
      3021	0.00131155	
      3022	0.00131049	
      3023	0.00130943	
      3024	0.00130837	
      3025	0.00130731	
      3026	0.00130731	
      3027	0.00130732	
      3028	0.00130732	
      3029	0.00130733	
      3030	0.00130733	
      3031	0.00130627	
      3032	 0.0013052	
      3033	0.00130413	
      3034	0.00130306	
      3035	0.00130199	
      3036	0.00129984	
      3037	0.00129769	
      3038	0.00129553	
      3039	0.00129337	
      3040	0.00129175	
      3041	0.00129337	
      3042	0.00129553	
      3043	 0.0012977	
      3044	0.00129987	
      3045	0.00130205	
      3046	0.00130314	
      3047	0.00130424	
      3048	0.00130534	
      3049	0.00130644	
      3050	0.00130755	
      3051	0.00130757	
      3052	0.00130758	
      3053	 0.0013076	
      3054	0.00130762	
      3055	0.00130764	
      3056	0.00130766	
      3057	0.00130769	
      3058	0.00130771	
      3059	0.00130774	
      3060	0.00130776	
      3061	0.00130559	
      3062	0.00130341	
      3063	0.00130124	
      3064	0.00129905	
      3065	0.00129742	
      3066	 0.0012969	
      3067	0.00129692	
      3068	0.00129695	
      3069	0.00129698	
      3070	0.00129701	
      3071	0.00129815	
      3072	0.00129929	
      3073	0.00130044	
      3074	0.00130159	
      3075	0.00130275	
      3076	0.00130168	
      3077	0.00130061	
      3078	0.00129954	
      3079	0.00129848	
      3080	0.00129741	
      3081	0.00129634	
      3082	0.00129527	
      3083	0.00129421	
      3084	0.00129314	
      3085	0.00129208	
      3086	0.00129102	
      3087	0.00128995	
      3088	0.00128889	
      3089	0.00128783	
      3090	0.00128678	
      3091	0.00128572	
      3092	0.00128467	
      3093	0.00128361	
      3094	0.00128256	
      3095	0.00128152	
      3096	0.00128047	
      3097	0.00127943	
      3098	0.00127839	
      3099	0.00127736	
      3100	0.00127633	
      3101	0.00126492	
      3102	0.00126202	
      3103	0.00126186	
      3104	0.00126319	
      3105	 0.0012655	
      3106	 0.0012674	
      3107	0.00126986	
      3108	0.00127277	
      3109	0.00127605	
      3110	0.00127967	
      3111	0.00128241	
      3112	0.00128539	
      3113	 0.0012886	
      3114	0.00129201	
      3115	 0.0012962	
      3116	0.00130177	
      3117	0.00130812	
      3118	0.00131466	
      3119	0.00132137	
      3120	0.00132825	
      3121	 0.0013353	
      3122	 0.0013425	
      3123	0.00134987	
      3124	0.00135739	
      3125	0.00136506	
      3126	0.00137288	
      3127	0.00138086	
      3128	0.00138898	
      3129	0.00139725	
      3130	0.00140566	
      3131	0.00141423	
      3132	0.00142293	
      3133	0.00143179	
      3134	0.00144079	
      3135	0.00144994	
      3136	0.00145787	
      3137	0.00146593	
      3138	0.00147412	
      3139	0.00148244	
      3140	0.00149089	
      3141	0.00150088	
      3142	0.00151103	
      3143	0.00152133	
      3144	0.00153179	
      3145	 0.0015424	
      3146	 0.0015517	
      3147	0.00156114	
      3148	0.00157072	
      3149	0.00158044	
      3150	0.00159029	
      3151	0.00160183	
      3152	0.00161354	
      3153	0.00162542	
      3154	0.00163748	
      3155	0.00164971	
      3156	0.00166213	
      3157	0.00167473	
      3158	0.00168751	
      3159	0.00170049	
      3160	0.00171366	
      3161	0.00172869	
      3162	0.00174395	
      3163	0.00175945	
      3164	0.00177518	
      3165	0.00179115	
      3166	0.00180387	
      3167	0.00181678	
      3168	0.00182988	
      3169	0.00184318	
      3170	0.00185757	
      3171	0.00187401	
      3172	0.00189163	
      3173	0.00190953	
      3174	0.00192771	
      3175	0.00194618	
      3176	0.00196111	
      3177	0.00197627	
      3178	0.00199166	
      3179	0.00200728	
      3180	0.00202315	
      3181	0.00204127	
      3182	0.00205969	
      3183	 0.0020784	
      3184	0.00209742	
      3185	0.00211675	
      3186	0.00213852	
      3187	0.00216066	
      3188	0.00218317	
      3189	0.00220607	
      3190	0.00222936	
      3191	0.00225083	
      3192	0.00227267	
      3193	0.00229488	
      3194	0.00231748	
      3195	0.00234048	
      3196	0.00236152	
      3197	0.00238293	
      3198	0.00240471	
      3199	0.00242687	
      3200	0.00245065	
      3201	0.00243954	
      3202	0.00242974	
      3203	0.00242001	
      3204	0.00241035	
      3205	0.00240076	
      3206	0.00238884	
      3207	0.00237701	
      3208	0.00236527	
      3209	0.00235361	
      3210	0.00234204	
      3211	 0.0023282	
      3212	0.00231445	
      3213	0.00230081	
      3214	0.00228726	
      3215	0.00227381	
      3216	0.00226276	
      3217	 0.0022518	
      3218	0.00224091	
      3219	0.00223009	
      3220	0.00221935	
      3221	0.00220868	
      3222	0.00219809	
      3223	0.00218756	
      3224	0.00217711	
      3225	0.00216673	
      3226	0.00215864	
      3227	 0.0021506	
      3228	0.00214261	
      3229	0.00213468	
      3230	0.00212679	
      3231	0.00211677	
      3232	0.00210681	
      3233	0.00209692	
      3234	0.00208709	
      3235	0.00207732	
      3236	0.00206762	
      3237	0.00205797	
      3238	0.00204839	
      3239	0.00203886	
      3240	 0.0020294	
      3241	0.00201999	
      3242	0.00201065	
      3243	0.00200136	
      3244	0.00199212	
      3245	0.00198295	
      3246	 0.0019759	
      3247	0.00196889	
      3248	0.00196192	
      3249	0.00195498	
      3250	0.00194809	
      3251	0.00193718	
      3252	0.00192633	
      3253	0.00191554	
      3254	0.00190482	
      3255	0.00189417	
      3256	0.00188558	
      3257	0.00187704	
      3258	0.00186855	
      3259	0.00186011	
      3260	0.00185172	
      3261	0.00184337	
      3262	0.00183508	
      3263	0.00182683	
      3264	0.00181863	
      3265	0.00181048	
      3266	0.00180237	
      3267	0.00179431	
      3268	0.00178629	
      3269	0.00177832	
      3270	0.00177039	
      3271	0.00176251	
      3272	0.00175468	
      3273	0.00174688	
      3274	0.00173913	
      3275	0.00173142	
      3276	0.00172376	
      3277	0.00171614	
      3278	0.00170856	
      3279	0.00170102	
      3280	0.00169352	
      3281	0.00168606	
      3282	0.00167865	
      3283	0.00167127	
      3284	0.00166393	
      3285	0.00165664	
      3286	0.00165118	
      3287	0.00164576	
      3288	0.00164036	
      3289	0.00163499	
      3290	0.00162875	
      3291	  0.001619	
      3292	0.00160841	
      3293	0.00159789	
      3294	0.00158743	
      3295	 0.0015779	
      3296	0.00157017	
      3297	0.00156335	
      3298	0.00155657	
      3299	0.00154982	
      3300	0.00154311	
      3301	0.00155849	
      3302	0.00157408	
      3303	0.00158989	
      3304	0.00160591	
      3305	0.00162215	
      3306	0.00163496	
      3307	0.00164793	
      3308	0.00166105	
      3309	0.00167433	
      3310	0.00168778	
      3311	0.00170332	
      3312	0.00171908	
      3313	0.00173504	
      3314	0.00175123	
      3315	0.00176764	
      3316	0.00178022	
      3317	0.00179295	
      3318	0.00180582	
      3319	0.00181885	
      3320	 0.0018331	
      3321	 0.0018518	
      3322	0.00187186	
      3323	0.00189224	
      3324	0.00191292	
      3325	0.00193393	
      3326	0.00195074	
      3327	0.00196779	
      3328	0.00198507	
      3329	0.00200261	
      3330	0.00202039	
      3331	0.00204082	
      3332	0.00206156	
      3333	0.00208263	
      3334	0.00210402	
      3335	0.00212576	
      3336	0.00214784	
      3337	0.00217028	
      3338	0.00219308	
      3339	0.00221625	
      3340	0.00223981	
      3341	0.00226375	
      3342	 0.0022881	
      3343	0.00231285	
      3344	0.00233803	
      3345	0.00236364	
      3346	0.00238684	
      3347	0.00241043	
      3348	0.00243442	
      3349	0.00245881	
      3350	0.00248362	
      3351	0.00251189	
      3352	0.00254067	
      3353	0.00256999	
      3354	0.00259985	
      3355	0.00263028	
      3356	0.00266129	
      3357	0.00269289	
      3358	0.00272511	
      3359	0.00275796	
      3360	0.00279147	
      3361	0.00282565	
      3362	0.00286053	
      3363	0.00289613	
      3364	0.00293247	
      3365	0.00296957	
      3366	0.00300747	
      3367	0.00304619	
      3368	0.00308576	
      3369	 0.0031262	
      3370	0.00316756	
      3371	0.00320986	
      3372	0.00325314	
      3373	0.00329744	
      3374	0.00334279	
      3375	0.00338924	
      3376	0.00343683	
      3377	0.00348561	
      3378	0.00353563	
      3379	0.00358694	
      3380	 0.0036396	
      3381	0.00369828	
      3382	0.00375859	
      3383	 0.0038206	
      3384	0.00388438	
      3385	0.00395002	
      3386	 0.0040126	
      3387	0.00407706	
      3388	 0.0041435	
      3389	0.00421203	
      3390	0.00428277	
      3391	0.00435583	
      3392	0.00443137	
      3393	0.00450952	
      3394	0.00459047	
      3395	0.00467438	
      3396	0.00475544	
      3397	0.00483964	
      3398	0.00492723	
      3399	0.00501847	
      3400	0.00511693	
      3401	0.00514668	
      3402	0.00518001	
      3403	0.00521365	
      3404	0.00524761	
      3405	0.00527853	
      3406	0.00529622	
      3407	0.00531066	
      3408	0.00532522	
      3409	0.00533991	
      3410	0.00535817	
      3411	0.00538355	
      3412	0.00541266	
      3413	0.00544205	
      3414	0.00547173	
      3415	0.00550171	
      3416	0.00552485	
      3417	0.00554821	
      3418	0.00557181	
      3419	0.00559564	
      3420	 0.0056197	
      3421	0.00564401	
      3422	0.00566856	
      3423	0.00569337	
      3424	0.00571843	
      3425	0.00574375	
      3426	0.00576934	
      3427	 0.0057952	
      3428	0.00582134	
      3429	0.00584776	
      3430	0.00587447	
      3431	0.00590925	
      3432	0.00594442	
      3433	0.00597999	
      3434	0.00601597	
      3435	0.00605236	
      3436	0.00608117	
      3437	0.00611032	
      3438	0.00613981	
      3439	0.00616965	
      3440	0.00619985	
      3441	0.00623042	
      3442	0.00626136	
      3443	0.00629269	
      3444	0.00632442	
      3445	0.00635654	
      3446	0.00638909	
      3447	0.00642205	
      3448	0.00645545	
      3449	 0.0064893	
      3450	 0.0065236	
      3451	0.00656719	
      3452	0.00661138	
      3453	0.00665618	
      3454	0.00670161	
      3455	 0.0067477	
      3456	0.00678533	
      3457	0.00682351	
      3458	0.00686227	
      3459	0.00690162	
      3460	0.00694158	
      3461	0.00699161	
      3462	0.00704243	
      3463	0.00709405	
      3464	0.00714651	
      3465	0.00719982	
      3466	0.00724422	
      3467	0.00728938	
      3468	0.00733534	
      3469	0.00738212	
      3470	0.00742976	
      3471	0.00747827	
      3472	0.00752771	
      3473	 0.0075781	
      3474	0.00762948	
      3475	 0.0076819	
      3476	0.00773539	
      3477	0.00779001	
      3478	 0.0078458	
      3479	0.00790282	
      3480	0.00796112	
      3481	0.00803186	
      3482	0.00810421	
      3483	0.00817827	
      3484	0.00825411	
      3485	0.00833184	
      3486	0.00839996	
      3487	0.00846996	
      3488	0.00854197	
      3489	0.00861612	
      3490	0.00869256	
      3491	0.00877147	
      3492	0.00885304	
      3493	0.00893749	
      3494	0.00902509	
      3495	0.00911615	
      3496	0.00921104	
      3497	 0.0093102	
      3498	 0.0094142	
      3499	0.00952375	
      3500	0.00963979	
      3501	0.00964548	
      3502	0.00965119	
      3503	0.00965692	
      3504	0.00966266	
      3505	0.00966843	
      3506	0.00966059	
      3507	0.00965275	
      3508	0.00964492	
      3509	0.00963709	
      3510	0.00962926	
      3511	0.00962144	
      3512	0.00961362	
      3513	0.00960581	
      3514	  0.009598	
      3515	 0.0095902	
      3516	 0.0095824	
      3517	0.00957461	
      3518	0.00956682	
      3519	0.00955904	
      3520	0.00955127	
      3521	0.00955725	
      3522	0.00956325	
      3523	0.00956928	
      3524	0.00957534	
      3525	0.00958142	
      3526	0.00957373	
      3527	0.00956604	
      3528	0.00955837	
      3529	 0.0095507	
      3530	0.00954304	
      3531	0.00954923	
      3532	0.00955545	
      3533	 0.0095617	
      3534	0.00956797	
      3535	0.00957427	
      3536	0.00956672	
      3537	0.00955918	
      3538	0.00955165	
      3539	0.00954413	
      3540	0.00953662	
      3541	0.00954306	
      3542	0.00954953	
      3543	0.00955603	
      3544	0.00956257	
      3545	0.00956914	
      3546	0.00956177	
      3547	0.00955441	
      3548	0.00954707	
      3549	0.00953974	
      3550	0.00953244	
      3551	0.00952515	
      3552	0.00951788	
      3553	0.00951063	
      3554	 0.0095034	
      3555	 0.0094962	
      3556	0.00948901	
      3557	0.00948185	
      3558	0.00947471	
      3559	0.00946759	
      3560	0.00946051	
      3561	0.00946757	
      3562	0.00947469	
      3563	0.00948186	
      3564	0.00948907	
      3565	0.00949634	
      3566	0.00948948	
      3567	0.00948266	
      3568	0.00947587	
      3569	0.00946911	
      3570	0.00946239	
      3571	0.00945572	
      3572	0.00944908	
      3573	0.00944249	
      3574	0.00943594	
      3575	0.00942944	
      3576	0.00942299	
      3577	0.00941659	
      3578	0.00941024	
      3579	0.00940395	
      3580	0.00939772	
      3581	0.00940592	
      3582	 0.0094142	
      3583	0.00942258	
      3584	0.00943106	
      3585	0.00943965	
      3586	0.00943391	
      3587	0.00942827	
      3588	0.00942272	
      3589	0.00941726	
      3590	0.00941191	
      3591	0.00940668	
      3592	0.00940156	
      3593	0.00939657	
      3594	0.00939172	
      3595	0.00938702	
      3596	0.00939704	
      3597	0.00940728	
      3598	0.00941773	
      3599	0.00942842	
      3600	0.00943937	
      3601	0.00942855	
      3602	0.00941773	
      3603	0.00940691	
      3604	0.00939608	
      3605	0.00938525	
      3606	0.00937441	
      3607	0.00936357	
      3608	0.00935273	
      3609	0.00934188	
      3610	0.00933103	
      3611	0.00933487	
      3612	0.00933873	
      3613	0.00934259	
      3614	0.00934646	
      3615	0.00935034	
      3616	 0.0093395	
      3617	0.00932866	
      3618	0.00931781	
      3619	0.00930696	
      3620	 0.0092961	
      3621	0.00930001	
      3622	0.00930392	
      3623	0.00930785	
      3624	0.00931178	
      3625	0.00931572	
      3626	0.00930488	
      3627	0.00929403	
      3628	0.00928319	
      3629	0.00927234	
      3630	0.00926149	
      3631	0.00926546	
      3632	0.00926944	
      3633	0.00927343	
      3634	0.00927743	
      3635	0.00928144	
      3636	 0.0092706	
      3637	0.00925977	
      3638	0.00924893	
      3639	0.00923809	
      3640	0.00922725	
      3641	0.00923129	
      3642	0.00923535	
      3643	0.00923942	
      3644	0.00924349	
      3645	0.00924759	
      3646	0.00923677	
      3647	0.00922595	
      3648	0.00921513	
      3649	 0.0092043	
      3650	0.00919348	
      3651	0.00918266	
      3652	0.00917183	
      3653	0.00916101	
      3654	0.00915018	
      3655	0.00913936	
      3656	0.00914352	
      3657	 0.0091477	
      3658	0.00915189	
      3659	0.00915609	
      3660	0.00916031	
      3661	0.00916454	
      3662	0.00916879	
      3663	0.00917305	
      3664	0.00917733	
      3665	0.00918163	
      3666	0.00915582	
      3667	   0.00913	
      3668	0.00910416	
      3669	0.00907832	
      3670	   0.00906	
      3671	0.00905678	
      3672	0.00906112	
      3673	0.00906547	
      3674	0.00906984	
      3675	0.00907423	
      3676	0.00906351	
      3677	0.00905279	
      3678	0.00904208	
      3679	0.00903137	
      3680	0.00902066	
      3681	0.00900996	
      3682	0.00899927	
      3683	0.00898858	
      3684	 0.0089779	
      3685	0.00896723	
      3686	0.00897177	
      3687	0.00897633	
      3688	0.00898091	
      3689	0.00898552	
      3690	0.00899016	
      3691	0.00897957	
      3692	0.00896899	
      3693	0.00895843	
      3694	0.00894787	
      3695	0.00893733	
      3696	 0.0089268	
      3697	0.00891629	
      3698	0.00890578	
      3699	 0.0088953	
      3700	0.00888482	
      3701	0.00888944	
      3702	0.00889406	
      3703	 0.0088987	
      3704	0.00890336	
      3705	0.00890803	
      3706	0.00889735	
      3707	0.00888666	
      3708	0.00887598	
      3709	0.00886529	
      3710	 0.0088546	
      3711	0.00885932	
      3712	0.00886405	
      3713	 0.0088688	
      3714	0.00887356	
      3715	0.00887834	
      3716	0.00886768	
      3717	0.00885702	
      3718	0.00884636	
      3719	 0.0088357	
      3720	0.00882504	
      3721	0.00882987	
      3722	0.00883471	
      3723	0.00883957	
      3724	0.00884445	
      3725	0.00884934	
      3726	0.00883871	
      3727	0.00882808	
      3728	0.00881745	
      3729	0.00880682	
      3730	0.00879619	
      3731	0.00880113	
      3732	0.00880609	
      3733	0.00881107	
      3734	0.00881606	
      3735	0.00882107	
      3736	0.00879486	
      3737	0.00876863	
      3738	0.00874237	
      3739	 0.0087161	
      3740	0.00869764	
      3741	0.00869483	
      3742	0.00869987	
      3743	0.00870493	
      3744	0.00871001	
      3745	 0.0087151	
      3746	 0.0087045	
      3747	 0.0086939	
      3748	0.00868329	
      3749	0.00867269	
      3750	0.00866209	
      3751	0.00866724	
      3752	0.00867242	
      3753	0.00867761	
      3754	0.00868282	
      3755	0.00868805	
      3756	0.00867749	
      3757	0.00866693	
      3758	0.00865637	
      3759	0.00864582	
      3760	0.00863526	
      3761	0.00864055	
      3762	0.00864587	
      3763	0.00865121	
      3764	0.00865656	
      3765	0.00866194	
      3766	0.00866734	
      3767	0.00867276	
      3768	0.00867819	
      3769	0.00868365	
      3770	0.00868913	
      3771	0.00867868	
      3772	0.00866823	
      3773	0.00865778	
      3774	0.00864733	
      3775	0.00863689	
      3776	0.00862644	
      3777	  0.008616	
      3778	0.00860556	
      3779	0.00859511	
      3780	0.00858468	
      3781	 0.0085903	
      3782	0.00859594	
      3783	0.00860161	
      3784	 0.0086073	
      3785	0.00861301	
      3786	0.00860264	
      3787	0.00859227	
      3788	 0.0085819	
      3789	0.00857154	
      3790	0.00856118	
      3791	0.00856698	
      3792	0.00857281	
      3793	0.00857867	
      3794	0.00858455	
      3795	0.00859046	
      3796	0.00858018	
      3797	 0.0085699	
      3798	0.00855962	
      3799	0.00854935	
      3800	0.00853908	
      3801	0.00849956	
      3802	0.00846853	
      3803	0.00844263	
      3804	0.00842023	
      3805	0.00840042	
      3806	0.00836665	
      3807	0.00833456	
      3808	0.00830386	
      3809	0.00827435	
      3810	0.00824586	
      3811	 0.0082341	
      3812	0.00822309	
      3813	0.00821275	
      3814	0.00820302	
      3815	0.00819383	
      3816	0.00816941	
      3817	0.00814549	
      3818	0.00812202	
      3819	0.00809898	
      3820	0.00807634	
      3821	0.00806974	
      3822	0.00806346	
      3823	 0.0080575	
      3824	0.00805182	
      3825	0.00804643	
      3826	 0.0080413	
      3827	0.00803642	
      3828	0.00803178	
      3829	0.00802738	
      3830	 0.0080232	
      3831	0.00800366	
      3832	0.00798435	
      3833	0.00796525	
      3834	0.00794635	
      3835	0.00792766	
      3836	0.00792471	
      3837	0.00792193	
      3838	0.00791932	
      3839	0.00791688	
      3840	0.00791461	
      3841	0.00789699	
      3842	0.00787953	
      3843	0.00786224	
      3844	0.00784511	
      3845	0.00782813	
      3846	0.00782681	
      3847	0.00782563	
      3848	 0.0078246	
      3849	0.00782372	
      3850	0.00782297	
      3851	0.00780688	
      3852	0.00779093	
      3853	0.00777512	
      3854	0.00775945	
      3855	0.00774391	
      3856	0.00773626	
      3857	0.00772875	
      3858	0.00771362	
      3859	0.00770638	
      3860	0.00769927	
      3861	 0.0076923	
      3862	0.00769322	
      3863	0.00768652	
      3864	0.00768771	
      3865	0.00768129	
      3866	0.00766726	
      3867	0.00766112	
      3868	0.00764736	
      3869	0.00764151	
      3870	0.00762804	
      3871	0.00763023	
      3872	0.00763258	
      3873	0.00763509	
      3874	0.00763775	
      3875	0.00764058	
      3876	0.00762803	
      3877	0.00762341	
      3878	0.00761118	
      3879	 0.0076069	
      3880	0.00759501	
      3881	0.00759109	
      3882	0.00758735	
      3883	0.00758381	
      3884	0.00758048	
      3885	0.00757735	
      3886	0.00758225	
      3887	 0.0075874	
      3888	0.00760062	
      3889	0.00760627	
      3890	 0.0076122	
      3891	0.00760273	
      3892	0.00759354	
      3893	 0.0075925	
      3894	0.00758392	
      3895	0.00757567	
      3896	0.00758356	
      3897	0.00758397	
      3898	0.00759273	
      3899	0.00759407	
      3900	0.00760386	
      3901	 0.0076122	
      3902	0.00762058	
      3903	0.00762107	
      3904	0.00762954	
      3905	0.00763805	
      3906	0.00763864	
      3907	0.00763128	
      3908	0.00763192	
      3909	0.00762459	
      3910	0.00762529	
      3911	0.00763404	
      3912	0.00763481	
      3913	0.00764365	
      3914	 0.0076445	
      3915	0.00765343	
      3916	 0.0076463	
      3917	0.00763918	
      3918	0.00764016	
      3919	0.00763308	
      3920	0.00762603	
      3921	0.00763522	
      3922	0.00764447	
      3923	0.00764565	
      3924	0.00765502	
      3925	0.00766445	
      3926	0.00765761	
      3927	0.00765897	
      3928	 0.0076522	
      3929	0.00765364	
      3930	0.00764693	
      3931	0.00765668	
      3932	0.00765827	
      3933	0.00766815	
      3934	0.00766986	
      3935	0.00767987	
      3936	 0.0076817	
      3937	 0.0076753	
      3938	0.00767723	
      3939	0.00767092	
      3940	0.00767296	
      3941	0.00767505	
      3942	0.00768555	
      3943	0.00768779	
      3944	0.00769846	
      3945	0.00770085	
      3946	0.00769492	
      3947	0.00768905	
      3948	0.00769163	
      3949	0.00768587	
      3950	0.00768017	
      3951	0.00768297	
      3952	 0.0076943	
      3953	0.00769728	
      3954	0.00770883	
      3955	  0.007712	
      3956	0.00771527	
      3957	0.00771863	
      3958	0.00771357	
      3959	0.00771712	
      3960	0.00772079	
      3961	0.00773314	
      3962	0.00774564	
      3963	0.00774968	
      3964	0.00776246	
      3965	 0.0077754	
      3966	0.00777121	
      3967	 0.0077758	
      3968	0.00777186	
      3969	0.00777672	
      3970	0.00777305	
      3971	0.00778694	
      3972	0.00779231	
      3973	 0.0078066	
      3974	0.00781235	
      3975	0.00782708	
      3976	0.00783325	
      3977	0.00783083	
      3978	0.00783743	
      3979	0.00783542	
      3980	0.00784251	
      3981	0.00784987	
      3982	0.00785751	
      3983	0.00787439	
      3984	0.00788269	
      3985	0.00789133	
      3986	0.00790934	
      3987	0.00791878	
      3988	0.00793768	
      3989	0.00794804	
      3990	0.00796799	
      3991	0.00797034	
      3992	0.00798237	
      3993	0.00798593	
      3994	0.00799934	
      3995	0.00800439	
      3996	0.00802876	
      3997	  0.008045	
      3998	0.00807173	
      3999	0.00809062	
      4000	0.00812053	
