       280	5.01976e-13	
       281	1.06192e-12	
       282	2.0654e-12	
       283	2.83938e-12	
       284	2.93807e-12	
       285	2.1367e-12	
       286	3.0796e-12	
       287	4.95392e-12	
       288	5.10059e-12	
       289	7.02499e-12	
       290	1.08873e-11	
       291	1.33475e-11	
       292	1.37135e-11	
       293	1.44581e-11	
       294	 1.583e-11	
       295	1.74383e-11	
       296	2.00311e-11	
       297	1.98348e-11	
       298	2.22673e-11	
       299	2.27228e-11	
       300	2.40261e-11	
       301	1.51791e-10	
       302	9.88942e-10	
       303	7.91771e-09	
       304	5.30162e-08	
       305	3.36235e-07	
       306	6.82087e-07	
       307	1.56901e-06	
       308	3.66394e-06	
       309	7.23685e-06	
       310	1.53212e-05	
       311	3.43121e-05	
       312	5.65391e-05	
       313	9.44517e-05	
       314	0.000162727	
       315	0.000260319	
       316	0.000307686	
       317	0.000472771	
       318	0.000608409	
       319	0.000753835	
       320	  0.001065	
       321	0.00129258	
       322	0.00149488	
       323	0.00169819	
       324	0.00227841	
       325	0.00317088	
       326	0.00423214	
       327	0.00491945	
       328	0.00536293	
       329	0.00641993	
       330	0.00788976	
       331	0.00788699	
       332	0.00843321	
       333	0.00887199	
       334	 0.0095876	
       335	 0.0107663	
       336	 0.0102934	
       337	 0.0101933	
       338	 0.0119274	
       339	 0.0133346	
       340	 0.0150543	
       341	 0.0151454	
       342	 0.0160723	
       343	  0.017392	
       344	 0.0156605	
       345	 0.0169825	
       346	 0.0187542	
       347	 0.0197157	
       348	 0.0200348	
       349	 0.0205771	
       350	 0.0236439	
       351	 0.0256568	
       352	  0.024874	
       353	  0.026278	
       354	 0.0308521	
       355	 0.0323354	
       356	 0.0305938	
       357	 0.0269226	
       358	 0.0252536	
       359	 0.0288148	
       360	 0.0364082	
       361	 0.0340374	
       362	 0.0356698	
       363	 0.0401467	
       364	 0.0415685	
       365	 0.0451466	
       366	 0.0528616	
       367	 0.0542086	
       368	 0.0522303	
       369	 0.0550948	
       370	 0.0593602	
       371	 0.0577305	
       372	 0.0574296	
       373	 0.0529053	
       374	 0.0494285	
       375	 0.0542714	
       376	 0.0620142	
       377	 0.0686105	
       378	 0.0814052	
       379	 0.0749378	
       380	 0.0720903	
       381	 0.0774836	
       382	 0.0631055	
       383	 0.0505084	
       384	 0.0575082	
       385	 0.0737009	
       386	 0.0730752	
       387	 0.0764628	
       388	 0.0765159	
       389	 0.0845166	
       390	 0.0984394	
       391	   0.10698	
       392	  0.100881	
       393	 0.0660135	
       394	 0.0690684	
       395	  0.108121	
       396	  0.101451	
       397	 0.0718218	
       398	  0.120102	
       399	  0.155058	
       400	  0.166321	
       401	  0.175428	
       402	  0.183383	
       403	  0.182547	
       404	  0.186214	
       405	   0.18612	
       406	  0.184394	
       407	  0.184742	
       408	  0.195157	
       409	   0.20541	
       410	   0.18938	
       411	  0.206479	
       412	  0.220853	
       413	  0.218275	
       414	  0.218836	
       415	   0.22868	
       416	  0.237598	
       417	  0.236012	
       418	  0.231887	
       419	  0.237871	
       420	  0.230623	
       421	  0.253482	
       422	  0.256887	
       423	  0.253499	
       424	  0.256051	
       425	  0.264251	
       426	  0.261076	
       427	  0.256925	
       428	  0.258088	
       429	  0.240144	
       430	  0.200859	
       431	  0.198524	
       432	  0.286554	
       433	  0.286458	
       434	  0.274021	
       435	  0.297935	
       436	  0.327023	
       437	  0.333544	
       438	  0.304601	
       439	  0.300025	
       440	   0.33377	
       441	  0.341776	
       442	  0.362951	
       443	  0.372986	
       444	  0.371236	
       445	  0.380665	
       446	  0.361344	
       447	  0.395345	
       448	  0.408382	
       449	  0.413634	
       450	  0.430601	
       451	  0.445731	
       452	  0.433724	
       453	   0.41358	
       454	  0.434138	
       455	  0.440507	
       456	  0.454935	
       457	   0.46313	
       458	  0.459254	
       459	  0.458626	
       460	  0.462499	
       461	  0.477605	
       462	  0.487332	
       463	  0.490637	
       464	  0.483162	
       465	   0.47968	
       466	  0.487298	
       467	  0.478711	
       468	  0.495256	
       469	  0.501396	
       470	  0.491824	
       471	  0.502316	
       472	  0.524102	
       473	   0.51681	
       474	  0.524604	
       475	  0.540967	
       476	  0.534378	
       477	  0.542261	
       478	  0.557573	
       479	  0.554776	
       480	  0.563106	
       481	  0.566044	
       482	  0.568605	
       483	  0.564864	
       484	  0.558897	
       485	  0.545726	
       486	  0.474783	
       487	  0.510432	
       488	  0.548648	
       489	  0.539139	
       490	  0.581188	
       491	  0.571445	
       492	  0.556363	
       493	  0.581097	
       494	  0.582188	
       495	  0.606861	
       496	  0.593281	
       497	  0.597316	
       498	  0.587992	
       499	  0.588862	
       500	  0.589686	
       501	  0.578743	
       502	  0.582821	
       503	  0.602148	
       504	  0.585049	
       505	  0.614748	
       506	  0.637933	
       507	  0.620206	
       508	  0.608673	
       509	  0.628384	
       510	  0.621537	
       511	  0.631447	
       512	  0.643037	
       513	  0.616537	
       514	  0.604577	
       515	  0.620613	
       516	  0.613875	
       517	  0.538515	
       518	  0.579099	
       519	   0.58249	
       520	  0.623544	
       521	  0.636946	
       522	  0.646986	
       523	  0.626289	
       524	  0.658563	
       525	  0.661339	
       526	  0.637374	
       527	  0.587309	
       528	  0.645271	
       529	  0.677445	
       530	  0.667058	
       531	  0.692755	
       532	  0.679993	
       533	  0.630176	
       534	   0.65589	
       535	  0.674203	
       536	  0.689484	
       537	  0.658542	
       538	  0.675582	
       539	   0.66539	
       540	  0.645685	
       541	  0.633255	
       542	  0.673536	
       543	  0.675087	
       544	  0.692055	
       545	   0.68313	
       546	  0.680972	
       547	  0.685641	
       548	  0.676986	
       549	  0.689438	
       550	  0.688073	
       551	  0.689961	
       552	  0.699237	
       553	  0.687182	
       554	  0.696892	
       555	  0.701023	
       556	  0.691641	
       557	   0.67895	
       558	    0.6844	
       559	  0.663217	
       560	  0.672823	
       561	  0.698809	
       562	  0.682189	
       563	  0.696937	
       564	  0.692912	
       565	  0.690267	
       566	  0.668782	
       567	  0.698077	
       568	  0.700075	
       569	  0.691682	
       570	  0.687501	
       571	  0.672338	
       572	   0.70079	
       573	  0.708897	
       574	  0.705455	
       575	  0.694127	
       576	  0.692362	
       577	  0.701595	
       578	  0.688577	
       579	   0.69319	
       580	  0.698338	
       581	  0.701145	
       582	  0.708781	
       583	  0.713586	
       584	   0.71217	
       585	  0.707867	
       586	  0.696789	
       587	  0.709397	
       588	  0.697799	
       589	  0.644819	
       590	  0.670073	
       591	  0.701783	
       592	  0.701814	
       593	  0.702332	
       594	   0.70499	
       595	  0.706187	
       596	  0.715353	
       597	  0.720615	
       598	  0.711889	
       599	   0.71066	
       600	  0.715014	
       601	  0.708755	
       602	  0.706057	
       603	  0.719315	
       604	  0.733298	
       605	  0.735069	
       606	  0.735436	
       607	  0.738637	
       608	  0.739026	
       609	  0.736771	
       610	  0.738294	
       611	  0.740053	
       612	  0.751556	
       613	  0.744611	
       614	  0.733174	
       615	  0.748023	
       616	  0.736969	
       617	   0.73467	
       618	  0.758049	
       619	  0.768703	
       620	  0.773779	
       621	  0.778873	
       622	   0.76971	
       623	   0.77075	
       624	   0.76946	
       625	  0.762326	
       626	  0.767323	
       627	  0.788734	
       628	  0.795614	
       629	  0.798389	
       630	  0.794622	
       631	   0.78887	
       632	  0.771063	
       633	  0.796999	
       634	  0.794733	
       635	  0.797274	
       636	  0.789463	
       637	  0.809063	
       638	  0.817751	
       639	    0.8117	
       640	  0.798777	
       641	  0.799384	
       642	  0.803709	
       643	  0.813048	
       644	  0.811133	
       645	  0.818003	
       646	  0.808454	
       647	  0.815954	
       648	   0.81329	
       649	  0.795228	
       650	   0.79242	
       651	   0.82373	
       652	  0.824845	
       653	  0.829192	
       654	  0.821165	
       655	   0.78624	
       656	  0.710333	
       657	   0.73431	
       658	  0.804788	
       659	  0.819996	
       660	  0.831966	
       661	  0.840659	
       662	  0.844017	
       663	  0.842652	
       664	  0.842609	
       665	  0.852749	
       666	  0.852014	
       667	  0.845763	
       668	  0.834911	
       669	  0.833185	
       670	  0.816345	
       671	  0.807988	
       672	  0.796718	
       673	  0.795355	
       674	  0.788593	
       675	  0.782885	
       676	  0.786586	
       677	  0.778854	
       678	  0.778466	
       679	  0.769872	
       680	  0.767251	
       681	  0.766057	
       682	  0.764341	
       683	   0.75889	
       684	  0.753545	
       685	  0.749576	
       686	  0.736107	
       687	  0.748907	
       688	  0.754734	
       689	  0.754876	
       690	  0.753799	
       691	  0.753561	
       692	   0.75077	
       693	  0.758377	
       694	  0.762858	
       695	  0.760205	
       696	  0.764207	
       697	  0.768334	
       698	  0.766544	
       699	  0.774314	
       700	  0.776166	
       701	  0.776804	
       702	  0.779006	
       703	   0.78985	
       704	  0.802558	
       705	  0.813705	
       706	  0.813299	
       707	  0.816485	
       708	  0.825281	
       709	  0.834311	
       710	  0.860853	
       711	  0.805926	
       712	  0.769745	
       713	  0.744735	
       714	  0.729394	
       715	  0.705199	
       716	  0.698286	
       717	  0.687375	
       718	  0.669381	
       719	  0.645683	
       720	  0.656575	
       721	   0.65651	
       722	  0.655934	
       723	  0.650042	
       724	   0.64907	
       725	  0.648786	
       726	  0.652452	
       727	  0.660022	
       728	  0.664807	
       729	  0.654715	
       730	  0.681056	
       731	  0.684334	
       732	  0.699208	
       733	   0.70552	
       734	  0.727475	
       735	  0.736927	
       736	  0.741892	
       737	  0.755431	
       738	  0.766231	
       739	  0.771046	
       740	  0.809115	
       741	  0.807775	
       742	  0.807269	
       743	  0.824423	
       744	  0.833728	
       745	    0.8327	
       746	  0.834998	
       747	  0.837438	
       748	   0.83598	
       749	  0.838003	
       750	  0.837061	
       751	  0.840727	
       752	  0.846135	
       753	   0.85104	
       754	  0.857503	
       755	  0.858106	
       756	  0.849455	
       757	  0.850037	
       758	  0.854751	
       759	  0.847556	
       760	  0.851334	
       761	  0.848337	
       762	   0.84872	
       763	  0.800323	
       764	  0.764386	
       765	  0.730143	
       766	  0.687587	
       767	  0.672243	
       768	   0.67577	
       769	  0.676806	
       770	  0.683708	
       771	  0.692443	
       772	  0.701688	
       773	  0.711535	
       774	  0.722115	
       775	  0.733609	
       776	  0.745526	
       777	  0.755144	
       778	  0.771928	
       779	  0.796833	
       780	  0.832614	
       781	  0.830473	
       782	  0.833856	
       783	   0.82787	
       784	  0.822044	
       785	  0.825892	
       786	  0.826354	
       787	  0.825154	
       788	  0.819677	
       789	  0.817723	
       790	  0.811478	
       791	  0.804406	
       792	  0.797367	
       793	  0.790357	
       794	  0.784239	
       795	  0.784209	
       796	  0.791129	
       797	  0.801533	
       798	  0.797222	
       799	  0.789459	
       800	  0.779974	
       801	  0.764853	
       802	  0.749421	
       803	  0.728249	
       804	  0.718739	
       805	  0.698598	
       806	  0.701427	
       807	  0.691595	
       808	  0.682367	
       809	  0.667592	
       810	  0.664592	
       811	  0.660383	
       812	  0.659384	
       813	  0.654915	
       814	  0.649211	
       815	  0.640122	
       816	  0.634853	
       817	  0.628114	
       818	  0.613175	
       819	  0.598588	
       820	  0.593326	
       821	  0.591669	
       822	  0.581249	
       823	  0.583244	
       824	  0.580805	
       825	  0.591527	
       826	  0.607248	
       827	  0.619767	
       828	   0.62831	
       829	  0.638094	
       830	  0.654219	
       831	  0.673981	
       832	  0.685219	
       833	  0.676627	
       834	  0.688599	
       835	  0.695935	
       836	   0.70524	
       837	  0.706526	
       838	  0.710675	
       839	  0.712721	
       840	  0.723963	
       841	  0.724951	
       842	  0.716429	
       843	  0.714847	
       844	  0.708927	
       845	  0.724869	
       846	  0.726909	
       847	  0.713175	
       848	  0.712639	
       849	  0.705962	
       850	  0.662745	
       851	  0.702299	
       852	  0.707456	
       853	  0.694373	
       854	  0.640913	
       855	    0.6705	
       856	  0.714788	
       857	  0.734902	
       858	  0.740785	
       859	  0.744883	
       860	  0.746637	
       861	  0.746507	
       862	  0.752915	
       863	  0.752414	
       864	  0.740056	
       865	  0.718716	
       866	  0.658753	
       867	  0.689915	
       868	   0.72026	
       869	  0.720775	
       870	   0.72897	
       871	   0.72434	
       872	   0.72973	
       873	   0.72406	
       874	  0.712657	
       875	  0.706507	
       876	  0.720537	
       877	   0.72471	
       878	  0.722127	
       879	  0.713425	
       880	  0.711201	
       881	  0.640875	
       882	  0.624243	
       883	  0.604401	
       884	   0.59083	
       885	  0.579761	
       886	  0.554604	
       887	  0.541171	
       888	  0.538574	
       889	  0.531254	
       890	  0.521322	
       891	  0.511023	
       892	  0.499389	
       893	  0.485914	
       894	  0.480329	
       895	  0.475226	
       896	  0.471454	
       897	  0.462886	
       898	  0.454754	
       899	  0.445198	
       900	  0.438168	
       901	  0.425969	
       902	  0.415279	
       903	  0.424882	
       904	  0.422159	
       905	  0.415855	
       906	  0.416354	
       907	  0.421144	
       908	  0.419631	
       909	  0.417926	
       910	  0.424276	
       911	  0.429147	
       912	  0.431471	
       913	  0.438805	
       914	  0.442428	
       915	  0.443476	
       916	  0.445331	
       917	  0.443695	
       918	  0.443429	
       919	   0.44466	
       920	  0.441579	
       921	  0.435311	
       922	  0.430101	
       923	  0.420941	
       924	  0.433546	
       925	  0.436457	
       926	  0.356864	
       927	  0.315776	
       928	  0.278244	
       929	  0.248296	
       930	  0.223976	
       931	  0.205536	
       932	  0.188623	
       933	  0.175072	
       934	  0.162016	
       935	  0.149325	
       936	  0.138795	
       937	   0.13019	
       938	  0.132788	
       939	  0.134389	
       940	  0.134268	
       941	   0.13455	
       942	   0.13398	
       943	  0.139213	
       944	  0.139833	
       945	  0.142509	
       946	  0.145825	
       947	  0.148072	
       948	  0.150942	
       949	  0.158005	
       950	  0.164544	
       951	   0.17096	
       952	  0.179653	
       953	  0.188062	
       954	  0.194863	
       955	  0.197972	
       956	  0.214457	
       957	  0.229265	
       958	  0.244833	
       959	  0.261556	
       960	  0.277217	
       961	  0.295764	
       962	  0.319657	
       963	  0.346368	
       964	  0.378129	
       965	  0.426047	
       966	  0.427181	
       967	  0.433638	
       968	    0.4346	
       969	  0.439741	
       970	  0.445112	
       971	  0.446597	
       972	  0.452855	
       973	  0.454375	
       974	  0.454021	
       975	  0.460831	
       976	  0.469649	
       977	  0.472474	
       978	  0.479847	
       979	  0.482264	
       980	  0.491865	
       981	  0.496499	
       982	  0.503589	
       983	  0.506524	
       984	  0.508502	
       985	  0.513941	
       986	  0.517245	
       987	   0.52265	
       988	  0.527277	
       989	  0.529505	
       990	  0.537792	
       991	  0.548733	
       992	   0.55625	
       993	   0.56764	
       994	  0.576716	
       995	  0.574635	
       996	  0.573222	
       997	  0.567985	
       998	  0.567523	
       999	  0.567628	
      1000	  0.569084	
      1001	  0.572071	
      1002	  0.572198	
      1003	  0.566945	
      1004	  0.558133	
      1005	  0.534206	
      1006	  0.551157	
      1007	   0.56275	
      1008	  0.565393	
      1009	  0.564089	
      1010	  0.565015	
      1011	  0.562842	
      1012	  0.561934	
      1013	  0.559865	
      1014	   0.56062	
      1015	  0.554861	
      1016	  0.555423	
      1017	  0.553169	
      1018	  0.556489	
      1019	  0.546818	
      1020	  0.548684	
      1021	  0.550071	
      1022	  0.545686	
      1023	  0.549164	
      1024	  0.551484	
      1025	  0.551263	
      1026	  0.551555	
      1027	  0.550673	
      1028	    0.5511	
      1029	  0.548086	
      1030	   0.54925	
      1031	   0.54916	
      1032	  0.548707	
      1033	  0.542905	
      1034	   0.54533	
      1035	  0.548025	
      1036	  0.548704	
      1037	  0.545453	
      1038	  0.544847	
      1039	  0.548681	
      1040	  0.548175	
      1041	  0.548434	
      1042	  0.548075	
      1043	  0.544878	
      1044	  0.545842	
      1045	  0.542129	
      1046	  0.532611	
      1047	  0.538357	
      1048	  0.542983	
      1049	  0.541503	
      1050	  0.539002	
      1051	  0.538945	
      1052	  0.536646	
      1053	  0.535567	
      1054	  0.534692	
      1055	  0.536263	
      1056	  0.535386	
      1057	    0.5341	
      1058	  0.528527	
      1059	  0.518255	
      1060	  0.526046	
      1061	  0.520776	
      1062	  0.526429	
      1063	  0.522683	
      1064	  0.527211	
      1065	  0.526227	
      1066	  0.518076	
      1067	  0.519339	
      1068	  0.516911	
      1069	  0.497803	
      1070	  0.507864	
      1071	  0.489191	
      1072	  0.478439	
      1073	  0.463613	
      1074	  0.460895	
      1075	  0.449021	
      1076	  0.445636	
      1077	  0.440406	
      1078	  0.434708	
      1079	  0.424356	
      1080	  0.423198	
      1081	  0.411476	
      1082	  0.404372	
      1083	  0.404233	
      1084	  0.403619	
      1085	  0.399993	
      1086	  0.396507	
      1087	  0.382943	
      1088	   0.38582	
      1089	  0.384758	
      1090	  0.380067	
      1091	  0.377982	
      1092	  0.370158	
      1093	  0.362097	
      1094	  0.346773	
      1095	  0.352388	
      1096	  0.353508	
      1097	  0.353448	
      1098	  0.349464	
      1099	  0.346144	
      1100	  0.351562	
      1101	  0.272506	
      1102	  0.222244	
      1103	  0.192879	
      1104	  0.168373	
      1105	  0.148447	
      1106	  0.132224	
      1107	  0.118363	
      1108	  0.107174	
      1109	 0.0974367	
      1110	 0.0890668	
      1111	  0.081304	
      1112	 0.0746873	
      1113	 0.0685876	
      1114	 0.0638749	
      1115	  0.059092	
      1116	 0.0545121	
      1117	 0.0511089	
      1118	 0.0470991	
      1119	 0.0438913	
      1120	 0.0409554	
      1121	  0.043374	
      1122	     0.046	
      1123	 0.0485811	
      1124	  0.051297	
      1125	 0.0539204	
      1126	 0.0559916	
      1127	 0.0600533	
      1128	 0.0645262	
      1129	 0.0687856	
      1130	 0.0730983	
      1131	 0.0731153	
      1132	 0.0729071	
      1133	 0.0718551	
      1134	 0.0714941	
      1135	 0.0712139	
      1136	 0.0708738	
      1137	 0.0692355	
      1138	 0.0681101	
      1139	 0.0685609	
      1140	 0.0684668	
      1141	 0.0671892	
      1142	 0.0677129	
      1143	 0.0670571	
      1144	 0.0663007	
      1145	 0.0664421	
      1146	 0.0709183	
      1147	 0.0753158	
      1148	 0.0796484	
      1149	 0.0845351	
      1150	 0.0899627	
      1151	 0.0960373	
      1152	  0.102613	
      1153	  0.110582	
      1154	  0.120045	
      1155	  0.129969	
      1156	  0.140195	
      1157	  0.153924	
      1158	  0.169082	
      1159	  0.185331	
      1160	  0.205445	
      1161	  0.231567	
      1162	  0.240662	
      1163	  0.247275	
      1164	  0.249724	
      1165	  0.256728	
      1166	  0.258739	
      1167	  0.267284	
      1168	  0.274718	
      1169	  0.275681	
      1170	  0.287241	
      1171	  0.290404	
      1172	   0.29175	
      1173	  0.291668	
      1174	  0.292696	
      1175	  0.289904	
      1176	  0.287931	
      1177	  0.293921	
      1178	  0.293734	
      1179	  0.294556	
      1180	  0.298764	
      1181	  0.299133	
      1182	  0.297988	
      1183	    0.2886	
      1184	   0.29863	
      1185	  0.304212	
      1186	   0.30594	
      1187	  0.307325	
      1188	  0.304982	
      1189	  0.296347	
      1190	  0.306868	
      1191	  0.314016	
      1192	  0.315651	
      1193	   0.31709	
      1194	  0.318725	
      1195	  0.318516	
      1196	  0.320069	
      1197	  0.319992	
      1198	  0.315293	
      1199	  0.310063	
      1200	   0.32409	
      1201	  0.328261	
      1202	  0.327397	
      1203	  0.318172	
      1204	  0.317572	
      1205	  0.324904	
      1206	   0.32528	
      1207	  0.325655	
      1208	  0.319078	
      1209	  0.309176	
      1210	   0.31963	
      1211	  0.317106	
      1212	  0.322857	
      1213	   0.32496	
      1214	   0.32455	
      1215	  0.325675	
      1216	  0.326181	
      1217	  0.326482	
      1218	  0.326147	
      1219	  0.325266	
      1220	  0.327043	
      1221	   0.32777	
      1222	  0.327527	
      1223	  0.326644	
      1224	  0.330442	
      1225	  0.330958	
      1226	  0.331717	
      1227	  0.327662	
      1228	  0.331696	
      1229	  0.335404	
      1230	  0.336408	
      1231	  0.337252	
      1232	  0.336796	
      1233	  0.339529	
      1234	  0.340839	
      1235	  0.342005	
      1236	  0.346336	
      1237	  0.349461	
      1238	  0.352517	
      1239	  0.354844	
      1240	  0.364203	
      1241	  0.363768	
      1242	  0.360264	
      1243	  0.354876	
      1244	  0.351379	
      1245	  0.350201	
      1246	  0.350157	
      1247	  0.348463	
      1248	   0.34835	
      1249	  0.346402	
      1250	   0.34395	
      1251	  0.340347	
      1252	  0.336615	
      1253	  0.336001	
      1254	  0.334779	
      1255	   0.33285	
      1256	  0.330688	
      1257	  0.327929	
      1258	  0.327296	
      1259	  0.324876	
      1260	  0.324474	
      1261	  0.322474	
      1262	  0.318531	
      1263	  0.319094	
      1264	  0.315394	
      1265	  0.314655	
      1266	  0.314732	
      1267	  0.310059	
      1268	  0.307274	
      1269	  0.308366	
      1270	  0.308944	
      1271	  0.309461	
      1272	  0.308927	
      1273	  0.309178	
      1274	  0.308721	
      1275	   0.31114	
      1276	  0.313077	
      1277	  0.314334	
      1278	  0.314897	
      1279	  0.314402	
      1280	  0.313017	
      1281	   0.30365	
      1282	  0.281885	
      1283	   0.30053	
      1284	  0.314382	
      1285	  0.319192	
      1286	  0.322038	
      1287	  0.325187	
      1288	  0.326937	
      1289	  0.330218	
      1290	  0.330179	
      1291	   0.32172	
      1292	  0.315696	
      1293	  0.309505	
      1294	  0.301126	
      1295	  0.297933	
      1296	  0.294591	
      1297	  0.289222	
      1298	   0.28398	
      1299	  0.282483	
      1300	  0.278879	
      1301	    0.2752	
      1302	  0.270446	
      1303	  0.266599	
      1304	  0.263539	
      1305	  0.263169	
      1306	  0.261432	
      1307	  0.259387	
      1308	  0.257033	
      1309	  0.254995	
      1310	  0.252268	
      1311	  0.249775	
      1312	  0.245841	
      1313	  0.239567	
      1314	  0.241889	
      1315	  0.236648	
      1316	  0.236011	
      1317	  0.237686	
      1318	  0.234916	
      1319	  0.236055	
      1320	  0.234578	
      1321	  0.177355	
      1322	  0.145057	
      1323	  0.122724	
      1324	  0.105886	
      1325	 0.0924237	
      1326	 0.0813055	
      1327	 0.0720617	
      1328	 0.0646236	
      1329	 0.0572072	
      1330	 0.0522379	
      1331	 0.0477694	
      1332	 0.0430351	
      1333	 0.0399454	
      1334	 0.0367977	
      1335	 0.0337983	
      1336	 0.0309738	
      1337	 0.0286689	
      1338	 0.0264485	
      1339	 0.0242982	
      1340	 0.0225447	
      1341	 0.0213215	
      1342	  0.019876	
      1343	  0.018566	
      1344	  0.017376	
      1345	 0.0162604	
      1346	 0.0151432	
      1347	 0.0142542	
      1348	 0.0133774	
      1349	 0.0125377	
      1350	 0.0116905	
      1351	0.00998502	
      1352	 0.0086178	
      1353	0.00742119	
      1354	 0.0064031	
      1355	 0.0055141	
      1356	0.00480861	
      1357	0.00418094	
      1358	0.00371331	
      1359	0.00326978	
      1360	0.00287153	
      1361	0.00256727	
      1362	0.00227517	
      1363	0.00200024	
      1364	0.00179882	
      1365	0.00160824	
      1366	0.00143858	
      1367	0.00128252	
      1368	0.00115842	
      1369	0.00102975	
      1370	0.00092662	
      1371	0.000838262	
      1372	0.000764671	
      1373	0.000693658	
      1374	0.000627885	
      1375	0.000562566	
      1376	0.000507941	
      1377	0.000465636	
      1378	0.000424478	
      1379	0.000389135	
      1380	0.000353628	
      1381	0.000323027	
      1382	0.000292667	
      1383	0.000268318	
      1384	0.000246728	
      1385	0.000224845	
      1386	0.000207183	
      1387	0.000189109	
      1388	0.000174475	
      1389	0.000160635	
      1390	0.000146066	
      1391	0.000135743	
      1392	0.000125335	
      1393	0.000115107	
      1394	0.00010578	
      1395	9.77278e-05	
      1396	0.000105091	
      1397	0.000113093	
      1398	0.000122004	
      1399	0.000130828	
      1400	0.000138085	
      1401	0.000148876	
      1402	0.000162485	
      1403	0.000174652	
      1404	0.000189198	
      1405	0.000204835	
      1406	0.000223012	
      1407	0.000241677	
      1408	0.000262044	
      1409	0.000285429	
      1410	0.00030994	
      1411	0.000335005	
      1412	0.000358363	
      1413	0.000394084	
      1414	0.000435255	
      1415	0.000476592	
      1416	0.000520108	
      1417	0.000572713	
      1418	0.000629739	
      1419	0.000686119	
      1420	0.000753238	
      1421	0.000833331	
      1422	0.000906406	
      1423	0.000998874	
      1424	0.00110538	
      1425	0.00123457	
      1426	0.00134484	
      1427	0.00150622	
      1428	0.00168872	
      1429	0.00185836	
      1430	0.00207534	
      1431	 0.0023399	
      1432	0.00267486	
      1433	 0.0030167	
      1434	0.00336636	
      1435	0.00382547	
      1436	0.00435601	
      1437	  0.004979	
      1438	0.00568627	
      1439	0.00654065	
      1440	0.00729996	
      1441	0.00850096	
      1442	0.00992771	
      1443	 0.0110869	
      1444	 0.0117165	
      1445	 0.0123661	
      1446	 0.0130924	
      1447	 0.0137529	
      1448	 0.0146122	
      1449	 0.0154236	
      1450	 0.0162177	
      1451	 0.0170074	
      1452	 0.0180167	
      1453	  0.019159	
      1454	 0.0202672	
      1455	  0.021482	
      1456	 0.0227887	
      1457	 0.0244526	
      1458	 0.0264122	
      1459	 0.0283461	
      1460	 0.0301742	
      1461	 0.0322565	
      1462	 0.0344287	
      1463	 0.0355472	
      1464	 0.0356061	
      1465	 0.0359115	
      1466	 0.0356538	
      1467	 0.0360615	
      1468	 0.0358046	
      1469	 0.0360833	
      1470	 0.0359142	
      1471	  0.035426	
      1472	 0.0355481	
      1473	 0.0354826	
      1474	 0.0348203	
      1475	 0.0352655	
      1476	  0.035464	
      1477	 0.0354164	
      1478	  0.037097	
      1479	  0.039249	
      1480	 0.0413472	
      1481	 0.0431596	
      1482	  0.045608	
      1483	 0.0474267	
      1484	 0.0505461	
      1485	 0.0540157	
      1486	 0.0567343	
      1487	 0.0589724	
      1488	 0.0580272	
      1489	 0.0667127	
      1490	 0.0727461	
      1491	 0.0781317	
      1492	 0.0833961	
      1493	 0.0908333	
      1494	 0.0987051	
      1495	  0.107039	
      1496	  0.115024	
      1497	  0.129306	
      1498	  0.132311	
      1499	  0.133735	
      1500	  0.137921	
      1501	  0.140275	
      1502	  0.140114	
      1503	  0.133273	
      1504	  0.138634	
      1505	   0.13861	
      1506	  0.146415	
      1507	  0.154124	
      1508	   0.15649	
      1509	  0.159428	
      1510	  0.165676	
      1511	  0.169852	
      1512	  0.171601	
      1513	  0.175328	
      1514	  0.179756	
      1515	  0.186719	
      1516	  0.192811	
      1517	  0.199593	
      1518	  0.210602	
      1519	  0.220065	
      1520	  0.239071	
      1521	  0.234978	
      1522	  0.234176	
      1523	  0.236859	
      1524	  0.237389	
      1525	  0.234199	
      1526	  0.238469	
      1527	  0.237959	
      1528	  0.239053	
      1529	  0.236719	
      1530	   0.22851	
      1531	  0.237419	
      1532	  0.239323	
      1533	  0.237461	
      1534	  0.234913	
      1535	  0.237339	
      1536	  0.240428	
      1537	  0.240897	
      1538	  0.237544	
      1539	  0.240851	
      1540	   0.23291	
      1541	   0.23248	
      1542	  0.232306	
      1543	  0.231088	
      1544	  0.230976	
      1545	  0.230344	
      1546	  0.228262	
      1547	  0.224425	
      1548	  0.219359	
      1549	  0.220986	
      1550	  0.218893	
      1551	  0.218569	
      1552	  0.219281	
      1553	  0.216322	
      1554	   0.21181	
      1555	  0.211225	
      1556	  0.208987	
      1557	  0.211801	
      1558	  0.210585	
      1559	  0.210648	
      1560	   0.20992	
      1561	  0.212964	
      1562	  0.212754	
      1563	  0.212155	
      1564	  0.210659	
      1565	   0.21287	
      1566	  0.211597	
      1567	  0.212035	
      1568	   0.21067	
      1569	   0.21255	
      1570	  0.212929	
      1571	  0.217102	
      1572	  0.218048	
      1573	  0.216253	
      1574	  0.214459	
      1575	    0.2072	
      1576	  0.212161	
      1577	  0.202085	
      1578	   0.21362	
      1579	  0.218795	
      1580	  0.220412	
      1581	  0.219836	
      1582	  0.213231	
      1583	  0.213919	
      1584	  0.212432	
      1585	  0.216349	
      1586	  0.214146	
      1587	  0.211115	
      1588	  0.205617	
      1589	   0.19475	
      1590	  0.198786	
      1591	  0.200233	
      1592	  0.207863	
      1593	  0.211373	
      1594	  0.210263	
      1595	  0.209386	
      1596	   0.20149	
      1597	  0.202796	
      1598	  0.206337	
      1599	  0.203194	
      1600	  0.203103	
      1601	  0.198488	
      1602	   0.19963	
      1603	  0.199676	
      1604	  0.199522	
      1605	  0.197388	
      1606	  0.196455	
      1607	  0.195342	
      1608	  0.197601	
      1609	  0.195512	
      1610	  0.186324	
      1611	  0.190162	
      1612	  0.192158	
      1613	  0.195676	
      1614	  0.195729	
      1615	    0.1951	
      1616	  0.189034	
      1617	  0.191864	
      1618	  0.197798	
      1619	  0.197472	
      1620	  0.193269	
      1621	  0.193716	
      1622	  0.197113	
      1623	  0.201652	
      1624	  0.202841	
      1625	  0.201273	
      1626	  0.204062	
      1627	  0.206084	
      1628	  0.208607	
      1629	  0.210665	
      1630	  0.212184	
      1631	  0.212898	
      1632	  0.212622	
      1633	   0.21012	
      1634	  0.208083	
      1635	  0.210269	
      1636	  0.209463	
      1637	   0.20267	
      1638	  0.200886	
      1639	  0.197884	
      1640	  0.199649	
      1641	  0.198652	
      1642	  0.198881	
      1643	  0.201758	
      1644	  0.200106	
      1645	  0.199458	
      1646	  0.201896	
      1647	  0.202257	
      1648	  0.201633	
      1649	  0.198692	
      1650	  0.200275	
      1651	  0.198446	
      1652	  0.200264	
      1653	  0.198884	
      1654	   0.19949	
      1655	  0.197897	
      1656	  0.198834	
      1657	  0.198902	
      1658	  0.197863	
      1659	  0.195956	
      1660	  0.197017	
      1661	  0.197745	
      1662	   0.19705	
      1663	  0.196252	
      1664	  0.195887	
      1665	   0.19432	
      1666	  0.192869	
      1667	  0.192844	
      1668	   0.19051	
      1669	  0.191807	
      1670	  0.194539	
      1671	  0.193308	
      1672	  0.187696	
      1673	  0.189659	
      1674	  0.191729	
      1675	  0.189741	
      1676	  0.187651	
      1677	  0.188742	
      1678	  0.189281	
      1679	  0.185323	
      1680	  0.178464	
      1681	  0.172116	
      1682	  0.174277	
      1683	  0.178186	
      1684	  0.180086	
      1685	  0.180004	
      1686	  0.177635	
      1687	  0.177313	
      1688	   0.17649	
      1689	  0.174023	
      1690	  0.173565	
      1691	  0.175516	
      1692	  0.175302	
      1693	  0.174171	
      1694	  0.173569	
      1695	   0.17299	
      1696	  0.171803	
      1697	  0.170639	
      1698	  0.169996	
      1699	  0.168649	
      1700	  0.166312	
      1701	  0.165601	
      1702	  0.165175	
      1703	  0.164555	
      1704	  0.163904	
      1705	  0.163205	
      1706	  0.162108	
      1707	  0.160956	
      1708	  0.159813	
      1709	   0.15868	
      1710	  0.157714	
      1711	  0.157705	
      1712	  0.157856	
      1713	   0.15801	
      1714	  0.158168	
      1715	  0.158194	
      1716	  0.157395	
      1717	  0.156468	
      1718	  0.155548	
      1719	  0.154635	
      1720	  0.153789	
      1721	   0.15329	
      1722	  0.152857	
      1723	  0.152428	
      1724	  0.152003	
      1725	  0.151528	
      1726	  0.150703	
      1727	  0.149829	
      1728	   0.14896	
      1729	  0.148097	
      1730	  0.147108	
      1731	  0.145316	
      1732	  0.143404	
      1733	  0.141499	
      1734	  0.139601	
      1735	  0.138075	
      1736	    0.1387	
      1737	  0.139687	
      1738	  0.140672	
      1739	  0.141656	
      1740	  0.142412	
      1741	  0.121685	
      1742	  0.108452	
      1743	 0.0984901	
      1744	 0.0904558	
      1745	 0.0837584	
      1746	   0.07819	
      1747	  0.073354	
      1748	 0.0690699	
      1749	  0.065235	
      1750	 0.0617834	
      1751	 0.0586903	
      1752	 0.0558711	
      1753	 0.0532801	
      1754	 0.0508886	
      1755	 0.0486545	
      1756	 0.0464619	
      1757	 0.0444025	
      1758	 0.0424795	
      1759	 0.0406794	
      1760	 0.0390015	
      1761	 0.0374862	
      1762	 0.0360682	
      1763	 0.0347296	
      1764	  0.033464	
      1765	 0.0322657	
      1766	 0.0311295	
      1767	 0.0300509	
      1768	 0.0290258	
      1769	 0.0280504	
      1770	 0.0271107	
      1771	 0.0261479	
      1772	 0.0252205	
      1773	 0.0243361	
      1774	 0.0234921	
      1775	 0.0226988	
      1776	 0.0220154	
      1777	 0.0213726	
      1778	 0.0207559	
      1779	 0.0201638	
      1780	 0.0195896	
      1781	 0.0190052	
      1782	 0.0184386	
      1783	 0.0178941	
      1784	 0.0173705	
      1785	 0.0168716	
      1786	 0.0164197	
      1787	 0.0159887	
      1788	 0.0155729	
      1789	 0.0151716	
      1790	 0.0147782	
      1791	 0.0143602	
      1792	 0.0139513	
      1793	 0.0135569	
      1794	 0.0131763	
      1795	 0.0128088	
      1796	 0.0124539	
      1797	 0.0121111	
      1798	 0.0117798	
      1799	 0.0114596	
      1800	 0.0111566	
      1801	0.00954301	
      1802	0.00822456	
      1803	0.00713118	
      1804	0.00621612	
      1805	0.00544354	
      1806	0.00478274	
      1807	0.00421783	
      1808	0.00373268	
      1809	0.00331393	
      1810	0.00294472	
      1811	0.00259104	
      1812	0.00228023	
      1813	0.00201084	
      1814	0.00177665	
      1815	0.00157734	
      1816	0.00142882	
      1817	 0.0013006	
      1818	 0.0011859	
      1819	0.00108303	
      1820	0.000990272	
      1821	0.00090507	
      1822	0.00082809	
      1823	0.000758661	
      1824	0.000695932	
      1825	0.000638494	
      1826	0.00058267	
      1827	0.000531756	
      1828	 0.0004858	
      1829	0.000444265	
      1830	0.00040688	
      1831	0.000374027	
      1832	0.000344316	
      1833	0.000317248	
      1834	0.000292559	
      1835	0.000269981	
      1836	0.000249093	
      1837	0.000229969	
      1838	0.000212472	
      1839	0.000196449	
      1840	0.000181738	
      1841	0.00016807	
      1842	0.000155512	
      1843	0.000143984	
      1844	0.000133392	
      1845	0.000123718	
      1846	0.000115144	
      1847	0.000107283	
      1848	0.000100015	
      1849	9.32905e-05	
      1850	8.70369e-05	
      1851	8.10858e-05	
      1852	7.55551e-05	
      1853	7.04364e-05	
      1854	6.56962e-05	
      1855	6.13038e-05	
      1856	5.72314e-05	
      1857	5.34535e-05	
      1858	4.9947e-05	
      1859	4.66905e-05	
      1860	4.36647e-05	
      1861	4.5185e-05	
      1862	4.67644e-05	
      1863	4.84055e-05	
      1864	5.01111e-05	
      1865	5.18946e-05	
      1866	5.38004e-05	
      1867	5.57959e-05	
      1868	5.7874e-05	
      1869	6.00386e-05	
      1870	6.21573e-05	
      1871	6.34909e-05	
      1872	6.46967e-05	
      1873	6.59097e-05	
      1874	6.71287e-05	
      1875	6.87301e-05	
      1876	7.27016e-05	
      1877	7.7303e-05	
      1878	8.21709e-05	
      1879	8.73212e-05	
      1880	9.2518e-05	
      1881	9.64345e-05	
      1882	0.000100261	
      1883	0.000104259	
      1884	0.000108437	
      1885	0.000112711	
      1886	0.000116563	
      1887	0.000120464	
      1888	0.000124511	
      1889	0.000128712	
      1890	0.000133167	
      1891	0.000138392	
      1892	0.000143954	
      1893	0.000149771	
      1894	0.000155856	
      1895	0.00016234	
      1896	0.000169869	
      1897	0.000177916	
      1898	0.000186386	
      1899	0.000195305	
      1900	0.000204597	
      1901	0.00021368	
      1902	0.000223111	
      1903	0.000233018	
      1904	0.000243429	
      1905	0.000254335	
      1906	0.000265496	
      1907	0.000277182	
      1908	0.000289462	
      1909	0.000302372	
      1910	0.000316017	
      1911	0.000330714	
      1912	0.000346277	
      1913	0.000362685	
      1914	0.000379993	
      1915	0.000398256	
      1916	0.000417538	
      1917	0.000437902	
      1918	0.000459421	
      1919	0.000482169	
      1920	0.00050623	
      1921	0.00048125	
      1922	0.000484182	
      1923	0.000493006	
      1924	0.000505331	
      1925	0.000520121	
      1926	0.000535986	
      1927	0.00055367	
      1928	0.000573297	
      1929	0.000594862	
      1930	0.000618881	
      1931	0.000647966	
      1932	0.000680068	
      1933	0.000714896	
      1934	0.000752663	
      1935	0.000793194	
      1936	0.000834226	
      1937	0.000878195	
      1938	0.00092583	
      1939	0.000977478	
      1940	0.00103195	
      1941	0.00108094	
      1942	  0.001132	
      1943	0.00118704	
      1944	0.00124648	
      1945	0.00131512	
      1946	0.00141781	
      1947	0.00153628	
      1948	0.00166769	
      1949	0.00181382	
      1950	0.00197521	
      1951	0.00214549	
      1952	0.00233421	
      1953	0.00254606	
      1954	0.00278485	
      1955	0.00305282	
      1956	0.00334186	
      1957	 0.0036686	
      1958	0.00404336	
      1959	 0.0044763	
      1960	 0.0049798	
      1961	0.00530041	
      1962	0.00564748	
      1963	0.00602488	
      1964	0.00643614	
      1965	0.00689095	
      1966	0.00742545	
      1967	0.00802131	
      1968	0.00868059	
      1969	0.00941235	
      1970	 0.0102216	
      1971	 0.0110849	
      1972	 0.0120447	
      1973	 0.0131241	
      1974	 0.0143448	
      1975	 0.0157338	
      1976	 0.0173258	
      1977	 0.0191657	
      1978	 0.0213135	
      1979	 0.0238511	
      1980	 0.0269015	
      1981	 0.0306678	
      1982	 0.0354063	
      1983	 0.0415835	
      1984	 0.0501312	
      1985	 0.0634437	
      1986	 0.0480652	
      1987	 0.0404608	
      1988	 0.0352464	
      1989	 0.0312976	
      1990	  0.028124	
      1991	 0.0253804	
      1992	 0.0230497	
      1993	 0.0210536	
      1994	 0.0193219	
      1995	 0.0178161	
      1996	 0.0165468	
      1997	 0.0154253	
      1998	 0.0144184	
      1999	 0.0135097	
      2000	 0.0126802	
      2001	 0.0118944	
      2002	 0.0111723	
      2003	 0.0105112	
      2004	0.00990413	
      2005	0.00934919	
      2006	0.00975223	
      2007	 0.0101836	
      2008	 0.0106412	
      2009	 0.0111272	
      2010	 0.0116421	
      2011	 0.0121735	
      2012	 0.0127376	
      2013	 0.0133396	
      2014	 0.0139832	
      2015	   0.01467	
      2016	 0.0153856	
      2017	 0.0161517	
      2018	  0.016977	
      2019	 0.0178686	
      2020	  0.018843	
      2021	  0.019956	
      2022	 0.0211819	
      2023	 0.0225277	
      2024	 0.0240122	
      2025	 0.0256472	
      2026	 0.0273984	
      2027	 0.0293529	
      2028	 0.0315697	
      2029	 0.0341141	
      2030	 0.0370898	
      2031	 0.0406826	
      2032	 0.0450997	
      2033	 0.0507783	
      2034	 0.0587785	
      2035	 0.0740862	
      2036	 0.0728691	
      2037	 0.0717459	
      2038	 0.0707071	
      2039	  0.069737	
      2040	 0.0688758	
      2041	 0.0683434	
      2042	 0.0678986	
      2043	 0.0674855	
      2044	 0.0671005	
      2045	 0.0666974	
      2046	 0.0660352	
      2047	 0.0653553	
      2048	 0.0646987	
      2049	 0.0640638	
      2050	  0.063467	
      2051	 0.0629721	
      2052	 0.0625114	
      2053	 0.0620661	
      2054	 0.0616353	
      2055	 0.0612067	
      2056	 0.0606984	
      2057	 0.0601921	
      2058	 0.0596989	
      2059	 0.0592182	
      2060	 0.0587668	
      2061	 0.0584065	
      2062	 0.0580739	
      2063	 0.0577516	
      2064	 0.0574395	
      2065	 0.0571374	
      2066	 0.0574014	
      2067	 0.0576708	
      2068	 0.0579457	
      2069	 0.0582264	
      2070	 0.0585306	
      2071	  0.058923	
      2072	 0.0593412	
      2073	  0.059768	
      2074	  0.060204	
      2075	 0.0606255	
      2076	 0.0608995	
      2077	 0.0611569	
      2078	 0.0614222	
      2079	  0.061696	
      2080	 0.0619914	
      2081	 0.0623595	
      2082	  0.062752	
      2083	 0.0631572	
      2084	 0.0635761	
      2085	 0.0640164	
      2086	 0.0644859	
      2087	 0.0649799	
      2088	 0.0654935	
      2089	 0.0660288	
      2090	 0.0665743	
      2091	 0.0670771	
      2092	 0.0675942	
      2093	 0.0681431	
      2094	 0.0687288	
      2095	 0.0693863	
      2096	 0.0702863	
      2097	 0.0712846	
      2098	 0.0723697	
      2099	 0.0735674	
      2100	 0.0749132	
      2101	 0.0749376	
      2102	 0.0749549	
      2103	  0.074973	
      2104	 0.0749919	
      2105	  0.074996	
      2106	 0.0749069	
      2107	 0.0748028	
      2108	 0.0746994	
      2109	 0.0745967	
      2110	 0.0745026	
      2111	 0.0744723	
      2112	 0.0744509	
      2113	 0.0744306	
      2114	 0.0744113	
      2115	 0.0743932	
      2116	 0.0743604	
      2117	 0.0743288	
      2118	 0.0742986	
      2119	 0.0742696	
      2120	 0.0742421	
      2121	 0.0742002	
      2122	 0.0741598	
      2123	  0.074121	
      2124	  0.074084	
      2125	  0.074073	
      2126	 0.0741928	
      2127	 0.0743393	
      2128	 0.0744888	
      2129	 0.0746414	
      2130	 0.0747649	
      2131	 0.0747135	
      2132	 0.0746327	
      2133	 0.0745553	
      2134	 0.0744817	
      2135	 0.0744367	
      2136	 0.0745601	
      2137	 0.0747142	
      2138	 0.0748753	
      2139	 0.0750443	
      2140	 0.0751977	
      2141	  0.075213	
      2142	 0.0752154	
      2143	 0.0752329	
      2144	 0.0752697	
      2145	 0.0753575	
      2146	 0.0756009	
      2147	 0.0759312	
      2148	 0.0763807	
      2149	 0.0763319	
      2150	 0.0762747	
      2151	 0.0761326	
      2152	  0.075982	
      2153	 0.0758317	
      2154	 0.0756814	
      2155	 0.0755313	
      2156	 0.0753473	
      2157	 0.0751635	
      2158	 0.0749798	
      2159	 0.0747962	
      2160	 0.0745109	
      2161	 0.0735978	
      2162	 0.0725832	
      2163	 0.0715691	
      2164	 0.0705554	
      2165	 0.0697372	
      2166	 0.0701065	
      2167	 0.0706706	
      2168	 0.0712347	
      2169	 0.0717986	
      2170	  0.072303	
      2171	 0.0724176	
      2172	  0.072473	
      2173	 0.0725284	
      2174	 0.0725839	
      2175	 0.0726055	
      2176	 0.0724241	
      2177	 0.0722089	
      2178	 0.0719939	
      2179	  0.071779	
      2180	 0.0715896	
      2181	 0.0715695	
      2182	 0.0715748	
      2183	 0.0715802	
      2184	 0.0715856	
      2185	 0.0715573	
      2186	 0.0713094	
      2187	 0.0710278	
      2188	 0.0707463	
      2189	  0.070465	
      2190	  0.070226	
      2191	 0.0702406	
      2192	 0.0702974	
      2193	 0.0703542	
      2194	 0.0704111	
      2195	 0.0704427	
      2196	 0.0703394	
      2197	 0.0702109	
      2198	 0.0700824	
      2199	 0.0699367	
      2200	  0.069766	
      2201	 0.0694438	
      2202	 0.0690967	
      2203	 0.0687499	
      2204	 0.0684035	
      2205	 0.0680995	
      2206	 0.0680145	
      2207	 0.0679716	
      2208	 0.0679288	
      2209	 0.0678862	
      2210	 0.0678352	
      2211	 0.0677508	
      2212	 0.0676581	
      2213	 0.0675656	
      2214	 0.0674732	
      2215	  0.067381	
      2216	 0.0672889	
      2217	 0.0671969	
      2218	 0.0671051	
      2219	 0.0670134	
      2220	 0.0669051	
      2221	 0.0666966	
      2222	 0.0664716	
      2223	 0.0662469	
      2224	 0.0660223	
      2225	 0.0658147	
      2226	 0.0657075	
      2227	 0.0656171	
      2228	 0.0655268	
      2229	 0.0654367	
      2230	 0.0653466	
      2231	 0.0652401	
      2232	 0.0651336	
      2233	 0.0650273	
      2234	 0.0649211	
      2235	 0.0647985	
      2236	 0.0645595	
      2237	 0.0643041	
      2238	 0.0640489	
      2239	  0.063794	
      2240	 0.0635642	
      2241	 0.0634841	
      2242	  0.063429	
      2243	  0.063374	
      2244	  0.063319	
      2245	 0.0632476	
      2246	 0.0630934	
      2247	 0.0629228	
      2248	 0.0627523	
      2249	  0.062582	
      2250	 0.0624119	
      2251	 0.0622088	
      2252	 0.0620059	
      2253	 0.0618032	
      2254	 0.0616007	
      2255	 0.0614148	
      2256	 0.0613448	
      2257	 0.0612914	
      2258	 0.0612381	
      2259	 0.0611849	
      2260	 0.0611235	
      2261	 0.0609797	
      2262	 0.0608278	
      2263	  0.060676	
      2264	 0.0605244	
      2265	 0.0603894	
      2266	 0.0603203	
      2267	 0.0602679	
      2268	 0.0602155	
      2269	 0.0601632	
      2270	 0.0601027	
      2271	 0.0597213	
      2272	 0.0593442	
      2273	 0.0589782	
      2274	 0.0586225	
      2275	   0.05826	
      2276	 0.0578265	
      2277	 0.0573859	
      2278	 0.0569536	
      2279	 0.0565292	
      2280	 0.0561358	
      2281	   0.05589	
      2282	 0.0556729	
      2283	 0.0554606	
      2284	 0.0552528	
      2285	 0.0550493	
      2286	 0.0548192	
      2287	 0.0545931	
      2288	  0.054371	
      2289	 0.0541525	
      2290	 0.0539073	
      2291	 0.0534694	
      2292	 0.0530061	
      2293	 0.0525476	
      2294	 0.0520938	
      2295	 0.0516891	
      2296	 0.0515261	
      2297	   0.05141	
      2298	  0.051296	
      2299	  0.051184	
      2300	 0.0510666	
      2301	 0.0508925	
      2302	 0.0507133	
      2303	 0.0505362	
      2304	 0.0503612	
      2305	  0.050181	
      2306	 0.0499739	
      2307	 0.0497618	
      2308	 0.0495517	
      2309	 0.0493436	
      2310	 0.0491376	
      2311	  0.048905	
      2312	 0.0486744	
      2313	 0.0484458	
      2314	 0.0482191	
      2315	 0.0479944	
      2316	 0.0477855	
      2317	 0.0475783	
      2318	 0.0473729	
      2319	 0.0471691	
      2320	  0.046946	
      2321	 0.0465722	
      2322	 0.0461801	
      2323	 0.0457904	
      2324	 0.0454032	
      2325	 0.0450663	
      2326	 0.0449918	
      2327	 0.0449658	
      2328	 0.0449405	
      2329	 0.0449157	
      2330	 0.0448711	
      2331	 0.0447189	
      2332	 0.0445476	
      2333	 0.0443775	
      2334	 0.0442085	
      2335	 0.0440407	
      2336	  0.043874	
      2337	 0.0437085	
      2338	  0.043544	
      2339	 0.0433806	
      2340	 0.0432249	
      2341	 0.0431099	
      2342	 0.0430023	
      2343	 0.0428955	
      2344	 0.0427894	
      2345	  0.042671	
      2346	  0.042488	
      2347	 0.0422929	
      2348	  0.042099	
      2349	 0.0419062	
      2350	 0.0417014	
      2351	 0.0414071	
      2352	 0.0411014	
      2353	 0.0407972	
      2354	 0.0404945	
      2355	 0.0402318	
      2356	 0.0401754	
      2357	 0.0401578	
      2358	 0.0401405	
      2359	 0.0401235	
      2360	 0.0401004	
      2361	 0.0384119	
      2362	 0.0369089	
      2363	 0.0355561	
      2364	  0.034325	
      2365	 0.0331898	
      2366	 0.0320995	
      2367	 0.0310806	
      2368	 0.0301284	
      2369	  0.029235	
      2370	 0.0283893	
      2371	  0.027564	
      2372	 0.0267782	
      2373	 0.0260324	
      2374	 0.0253229	
      2375	 0.0246629	
      2376	 0.0241114	
      2377	 0.0235993	
      2378	 0.0231088	
      2379	 0.0226384	
      2380	  0.022158	
      2381	 0.0215345	
      2382	 0.0209075	
      2383	 0.0203041	
      2384	 0.0197231	
      2385	 0.0191955	
      2386	 0.0188774	
      2387	 0.0186008	
      2388	 0.0183329	
      2389	 0.0180732	
      2390	 0.0178095	
      2391	  0.017484	
      2392	 0.0171569	
      2393	 0.0168397	
      2394	 0.0165317	
      2395	 0.0162327	
      2396	 0.0159368	
      2397	 0.0156493	
      2398	 0.0153697	
      2399	 0.0150977	
      2400	  0.014833	
      2401	 0.0145803	
      2402	 0.0143341	
      2403	 0.0140942	
      2404	 0.0138604	
      2405	 0.0136324	
      2406	 0.0134146	
      2407	  0.013202	
      2408	 0.0129946	
      2409	  0.012792	
      2410	 0.0125836	
      2411	 0.0123171	
      2412	 0.0120469	
      2413	 0.0117833	
      2414	 0.0115261	
      2415	 0.0112909	
      2416	 0.0111471	
      2417	 0.0110217	
      2418	 0.0108987	
      2419	  0.010778	
      2420	 0.0106542	
      2421	 0.0104963	
      2422	 0.0103364	
      2423	 0.0101798	
      2424	 0.0100264	
      2425	0.00987792	
      2426	0.00974265	
      2427	0.00961172	
      2428	0.00948333	
      2429	0.00935742	
      2430	 0.0092323	
      2431	0.00909363	
      2432	 0.0089561	
      2433	0.00882126	
      2434	0.00868904	
      2435	0.00856088	
      2436	0.00844714	
      2437	0.00833696	
      2438	0.00822877	
      2439	0.00812254	
      2440	0.00801677	
      2441	0.00790164	
      2442	0.00778723	
      2443	0.00767491	
      2444	0.00756462	
      2445	0.00745499	
      2446	0.00734204	
      2447	0.00722982	
      2448	0.00711964	
      2449	0.00701145	
      2450	0.00690772	
      2451	0.00647669	
      2452	0.00608397	
      2453	0.00572307	
      2454	 0.0053906	
      2455	0.00508548	
      2456	0.00481197	
      2457	 0.0045597	
      2458	0.00432501	
      2459	0.00410628	
      2460	0.00390139	
      2461	0.00370443	
      2462	0.00351961	
      2463	0.00334657	
      2464	0.00318436	
      2465	0.00303101	
      2466	0.00288164	
      2467	0.00274034	
      2468	0.00260753	
      2469	0.00248259	
      2470	0.00236582	
      2471	0.00226167	
      2472	0.00216404	
      2473	0.00207167	
      2474	0.00198419	
      2475	0.00190024	
      2476	0.00181382	
      2477	0.00173108	
      2478	0.00165277	
      2479	0.00157861	
      2480	 0.0015092	
      2481	0.00144726	
      2482	0.00138919	
      2483	0.00133392	
      2484	0.00128129	
      2485	0.00123164	
      2486	0.00118659	
      2487	  0.001144	
      2488	0.00110328	
      2489	0.00106433	
      2490	0.00102529	
      2491	0.000977349	
      2492	0.000930155	
      2493	0.000885335	
      2494	0.000842757	
      2495	0.000804757	
      2496	0.000782203	
      2497	0.000762726	
      2498	0.000743843	
      2499	0.00072553	
      2500	0.000706665	
      2501	0.000258547	
      2502	0.000108436	
      2503	4.98069e-05	
      2504	2.44352e-05	
      2505	1.26083e-05	
      2506	6.76179e-06	
      2507	3.74898e-06	
      2508	2.13811e-06	
      2509	1.24935e-06	
      2510	7.45781e-07	
      2511	4.54116e-07	
      2512	2.81212e-07	
      2513	1.76763e-07	
      2514	1.12622e-07	
      2515	7.26456e-08	
      2516	4.74109e-08	
      2517	3.12654e-08	
      2518	2.08175e-08	
      2519	1.39852e-08	
      2520	9.47585e-09	
      2521	6.47603e-09	
      2522	4.45924e-09	
      2523	3.0917e-09	
      2524	2.15747e-09	
      2525	1.5151e-09	
      2526	1.07152e-09	
      2527	7.62143e-10	
      2528	5.44935e-10	
      2529	3.91575e-10	
      2530	2.82654e-10	
      2531	2.04528e-10	
      2532	1.48607e-10	
      2533	1.08425e-10	
      2534	7.94227e-11	
      2535	5.84131e-11	
      2536	4.31558e-11	
      2537	3.20034e-11	
      2538	2.38139e-11	
      2539	1.77784e-11	
      2540	1.33146e-11	
      2541	1.00064e-11	
      2542	7.54243e-12	
      2543	5.70148e-12	
      2544	4.32181e-12	
      2545	3.2848e-12	
      2546	2.50204e-12	
      2547	1.91062e-12	
      2548	1.46257e-12	
      2549	1.12226e-12	
      2550	8.63118e-13	
      2551	6.6502e-13	
      2552	5.13508e-13	
      2553	3.97358e-13	
      2554	3.08116e-13	
      2555	2.39399e-13	
      2556	1.86292e-13	
      2557	1.45244e-13	
      2558	1.13452e-13	
      2559	8.87799e-14	
      2560	6.96124e-14	
      2561	5.47264e-14	
      2562	4.31063e-14	
      2563	3.40101e-14	
      2564	2.68769e-14	
      2565	2.12737e-14	
      2566	1.68573e-14	
      2567	1.33782e-14	
      2568	1.06329e-14	
      2569	8.46328e-15	
      2570	6.74602e-15	
      2571	5.38234e-15	
      2572	4.30022e-15	
      2573	3.44028e-15	
      2574	2.75594e-15	
      2575	2.21059e-15	
      2576	1.7754e-15	
      2577	1.42767e-15	
      2578	1.14945e-15	
      2579	9.26556e-16	
      2580	7.47599e-16	
      2581	6.03081e-16	
      2582	4.86938e-16	
      2583	3.93599e-16	
      2584	3.18498e-16	
      2585	2.58122e-16	
      2586	2.10092e-16	
      2587	1.71257e-16	
      2588	1.39745e-16	
      2589	1.14147e-16	
      2590	9.33092e-17	
      2591	 7.621e-17	
      2592	 6.229e-17	
      2593	5.0961e-17	
      2594	4.17314e-17	
      2595	3.42129e-17	
      2596	2.81005e-17	
      2597	2.31063e-17	
      2598	1.90165e-17	
      2599	1.56642e-17	
      2600	1.2914e-17	
      2601	7.97003e-18	
      2602	6.05381e-18	
      2603	4.78132e-18	
      2604	3.85551e-18	
      2605	3.15132e-18	
      2606	2.59862e-18	
      2607	2.15902e-18	
      2608	1.80464e-18	
      2609	1.51599e-18	
      2610	1.2789e-18	
      2611	1.08336e-18	
      2612	9.20662e-19	
      2613	7.84626e-19	
      2614	6.70398e-19	
      2615	5.74122e-19	
      2616	4.92241e-19	
      2617	4.22851e-19	
      2618	3.63888e-19	
      2619	3.13664e-19	
      2620	2.70658e-19	
      2621	2.33099e-19	
      2622	2.0092e-19	
      2623	1.73397e-19	
      2624	1.49819e-19	
      2625	1.29748e-19	
      2626	1.13264e-19	
      2627	9.90971e-20	
      2628	8.67868e-20	
      2629	7.60765e-20	
      2630	6.67151e-20	
      2631	5.83857e-20	
      2632	5.11138e-20	
      2633	4.47833e-20	
      2634	3.92671e-20	
      2635	3.44475e-20	
      2636	3.01672e-20	
      2637	2.64303e-20	
      2638	2.31716e-20	
      2639	2.03275e-20	
      2640	1.78525e-20	
      2641	1.57352e-20	
      2642	1.38842e-20	
      2643	1.2258e-20	
      2644	1.08285e-20	
      2645	9.57094e-21	
      2646	8.45555e-21	
      2647	7.47406e-21	
      2648	6.60988e-21	
      2649	5.84853e-21	
      2650	5.1774e-21	
      2651	4.58088e-21	
      2652	4.05497e-21	
      2653	3.59107e-21	
      2654	3.18165e-21	
      2655	2.82085e-21	
      2656	2.50457e-21	
      2657	2.22525e-21	
      2658	1.9779e-21	
      2659	1.75876e-21	
      2660	1.56413e-21	
      2661	1.38946e-21	
      2662	1.23446e-21	
      2663	1.09715e-21	
      2664	9.75479e-22	
      2665	8.68055e-22	
      2666	7.74324e-22	
      2667	6.91314e-22	
      2668	6.17418e-22	
      2669	5.51611e-22	
      2670	4.92858e-22	
      2671	4.39384e-22	
      2672	3.91738e-22	
      2673	3.49369e-22	
      2674	3.11681e-22	
      2675	2.78216e-22	
      2676	2.48678e-22	
      2677	2.22402e-22	
      2678	1.98962e-22	
      2679	1.78046e-22	
      2680	1.59375e-22	
      2681	1.42704e-22	
      2682	1.27813e-22	
      2683	1.14508e-22	
      2684	1.02617e-22	
      2685	9.19866e-23	
      2686	8.23933e-23	
      2687	7.38201e-23	
      2688	6.61564e-23	
      2689	5.93038e-23	
      2690	5.31746e-23	
      2691	4.77163e-23	
      2692	4.28292e-23	
      2693	3.84523e-23	
      2694	3.45312e-23	
      2695	3.10176e-23	
      2696	2.78534e-23	
      2697	2.50179e-23	
      2698	2.24764e-23	
      2699	2.01978e-23	
      2700	1.81593e-23	
      2701	2.08756e-23	
      2702	2.40162e-23	
      2703	2.76424e-23	
      2704	3.18316e-23	
      2705	3.66734e-23	
      2706	4.22725e-23	
      2707	4.87506e-23	
      2708	5.62495e-23	
      2709	6.49347e-23	
      2710	7.4999e-23	
      2711	8.67149e-23	
      2712	1.00313e-22	
      2713	1.16104e-22	
      2714	1.34452e-22	
      2715	1.55783e-22	
      2716	1.80496e-22	
      2717	2.09243e-22	
      2718	2.42701e-22	
      2719	2.81665e-22	
      2720	3.27066e-22	
      2721	3.79791e-22	
      2722	4.41265e-22	
      2723	5.12984e-22	
      2724	5.96704e-22	
      2725	6.94686e-22	
      2726	8.09685e-22	
      2727	9.44547e-22	
      2728	1.10254e-21	
      2729	1.28775e-21	
      2730	 1.505e-21	
      2731	1.75804e-21	
      2732	2.05493e-21	
      2733	2.40348e-21	
      2734	2.81295e-21	
      2735	3.29433e-21	
      2736	3.86279e-21	
      2737	4.53236e-21	
      2738	5.32158e-21	
      2739	6.2525e-21	
      2740	7.35133e-21	
      2741	8.65419e-21	
      2742	1.01952e-20	
      2743	1.20191e-20	
      2744	1.41797e-20	
      2745	1.67409e-20	
      2746	1.97682e-20	
      2747	2.33605e-20	
      2748	2.76266e-20	
      2749	3.26969e-20	
      2750	3.8728e-20	
      2751	4.58817e-20	
      2752	5.44003e-20	
      2753	6.45527e-20	
      2754	7.66626e-20	
      2755	9.11201e-20	
      2756	1.08395e-19	
      2757	1.29056e-19	
      2758	1.53788e-19	
      2759	1.83421e-19	
      2760	2.18959e-19	
      2761	2.61771e-19	
      2762	3.13241e-19	
      2763	3.75181e-19	
      2764	4.49795e-19	
      2765	5.39767e-19	
      2766	6.48746e-19	
      2767	7.80502e-19	
      2768	9.39964e-19	
      2769	1.13317e-18	
      2770	1.3671e-18	
      2771	1.64915e-18	
      2772	1.99093e-18	
      2773	2.40617e-18	
      2774	2.91123e-18	
      2775	3.52626e-18	
      2776	4.27865e-18	
      2777	5.19763e-18	
      2778	6.32151e-18	
      2779	7.6977e-18	
      2780	9.38504e-18	
      2781	1.14634e-17	
      2782	 1.402e-17	
      2783	1.71692e-17	
      2784	2.10537e-17	
      2785	2.5852e-17	
      2786	3.17879e-17	
      2787	3.91418e-17	
      2788	4.82664e-17	
      2789	5.96055e-17	
      2790	7.37189e-17	
      2791	9.12588e-17	
      2792	1.13149e-16	
      2793	1.40513e-16	
      2794	1.74781e-16	
      2795	2.17836e-16	
      2796	2.72127e-16	
      2797	3.40648e-16	
      2798	4.27189e-16	
      2799	 5.367e-16	
      2800	6.75556e-16	
      2801	7.92981e-16	
      2802	9.31457e-16	
      2803	1.09488e-15	
      2804	1.28788e-15	
      2805	1.51645e-15	
      2806	1.78799e-15	
      2807	2.11036e-15	
      2808	2.49273e-15	
      2809	2.94663e-15	
      2810	3.48587e-15	
      2811	4.12703e-15	
      2812	4.89001e-15	
      2813	5.79874e-15	
      2814	 6.882e-15	
      2815	8.17444e-15	
      2816	9.71181e-15	
      2817	1.15483e-14	
      2818	1.3744e-14	
      2819	1.63717e-14	
      2820	1.95195e-14	
      2821	2.32793e-14	
      2822	2.77892e-14	
      2823	3.32044e-14	
      2824	3.9713e-14	
      2825	4.75591e-14	
      2826	5.70483e-14	
      2827	6.85221e-14	
      2828	8.23893e-14	
      2829	9.91677e-14	
      2830	1.19492e-13	
      2831	1.44049e-13	
      2832	1.73847e-13	
      2833	2.10048e-13	
      2834	2.54083e-13	
      2835	3.07715e-13	
      2836	3.72881e-13	
      2837	4.52407e-13	
      2838	5.49584e-13	
      2839	6.68495e-13	
      2840	8.14203e-13	
      2841	9.93641e-13	
      2842	1.21429e-12	
      2843	1.48603e-12	
      2844	1.8212e-12	
      2845	2.23524e-12	
      2846	2.74579e-12	
      2847	3.37814e-12	
      2848	4.16269e-12	
      2849	5.13776e-12	
      2850	6.35175e-12	
      2851	7.86597e-12	
      2852	9.75821e-12	
      2853	1.21274e-11	
      2854	1.50995e-11	
      2855	1.88358e-11	
      2856	2.35578e-11	
      2857	2.95228e-11	
      2858	3.70747e-11	
      2859	4.66576e-11	
      2860	5.88463e-11	
      2861	7.43873e-11	
      2862	9.42526e-11	
      2863	1.19711e-10	
      2864	1.52427e-10	
      2865	1.94584e-10	
      2866	2.48733e-10	
      2867	3.18831e-10	
      2868	4.09857e-10	
      2869	5.28442e-10	
      2870	6.8368e-10	
      2871	8.87977e-10	
      2872	1.1576e-09	
      2873	1.51438e-09	
      2874	1.98839e-09	
      2875	2.62169e-09	
      2876	3.47293e-09	
      2877	4.62156e-09	
      2878	6.17734e-09	
      2879	8.29541e-09	
      2880	1.11946e-08	
      2881	1.51651e-08	
      2882	2.06572e-08	
      2883	2.83035e-08	
      2884	3.90227e-08	
      2885	5.41615e-08	
      2886	7.57655e-08	
      2887	1.06808e-07	
      2888	1.51832e-07	
      2889	2.17809e-07	
      2890	3.15584e-07	
      2891	4.6231e-07	
      2892	6.8561e-07	
      2893	1.03092e-06	
      2894	1.57485e-06	
      2895	2.45061e-06	
      2896	3.89623e-06	
      2897	6.36966e-06	
      2898	1.08143e-05	
      2899	1.95012e-05	
      2900	4.22106e-05	
      2901	4.31513e-05	
      2902	4.41159e-05	
      2903	4.5105e-05	
      2904	4.61193e-05	
      2905	4.71596e-05	
      2906	4.81931e-05	
      2907	4.92524e-05	
      2908	5.03385e-05	
      2909	5.14521e-05	
      2910	5.25939e-05	
      2911	5.37271e-05	
      2912	5.48884e-05	
      2913	5.60787e-05	
      2914	5.72988e-05	
      2915	5.85495e-05	
      2916	5.98743e-05	
      2917	6.12337e-05	
      2918	6.26286e-05	
      2919	6.40602e-05	
      2920	6.55295e-05	
      2921	6.70378e-05	
      2922	6.85861e-05	
      2923	7.01758e-05	
      2924	7.18081e-05	
      2925	7.34843e-05	
      2926	7.52059e-05	
      2927	7.69741e-05	
      2928	7.87906e-05	
      2929	8.06568e-05	
      2930	8.25743e-05	
      2931	8.44834e-05	
      2932	8.6444e-05	
      2933	8.84578e-05	
      2934	9.05264e-05	
      2935	9.26517e-05	
      2936	9.49049e-05	
      2937	9.72221e-05	
      2938	9.96053e-05	
      2939	0.000102057	
      2940	0.000104579	
      2941	0.000107094	
      2942	0.000109681	
      2943	0.000112341	
      2944	0.000115078	
      2945	0.000117937	
      2946	0.000120969	
      2947	0.00012414	
      2948	0.000127408	
      2949	0.000130776	
      2950	0.000134248	
      2951	0.000137829	
      2952	0.000141521	
      2953	0.00014533	
      2954	0.000149259	
      2955	0.000153312	
      2956	0.000157377	
      2957	0.000161569	
      2958	0.000165894	
      2959	0.000170357	
      2960	0.000174962	
      2961	0.000179851	
      2962	0.000184902	
      2963	0.000190121	
      2964	0.000195515	
      2965	0.00020109	
      2966	0.000206697	
      2967	0.000212491	
      2968	0.00021848	
      2969	0.000224671	
      2970	0.000231073	
      2971	0.000237878	
      2972	0.000244921	
      2973	0.000252215	
      2974	0.000259769	
      2975	0.000267596	
      2976	0.000275493	
      2977	0.000283674	
      2978	0.000292149	
      2979	0.000300933	
      2980	0.000310039	
      2981	0.00031973	
      2982	0.000329788	
      2983	0.000340232	
      2984	0.000351079	
      2985	0.000362348	
      2986	0.000373769	
      2987	0.000385636	
      2988	0.000397969	
      2989	0.000410793	
      2990	0.000424132	
      2991	0.000438357	
      2992	0.000453176	
      2993	0.000468622	
      2994	0.000484727	
      2995	0.00050153	
      2996	0.000519071	
      2997	0.000537394	
      2998	0.000556547	
      2999	0.000576583	
      3000	0.000597561	
      3001	0.000597224	
      3002	0.000596885	
      3003	0.000596545	
      3004	0.000596205	
      3005	0.000595864	
      3006	0.000595997	
      3007	0.000596131	
      3008	0.000596264	
      3009	0.000596398	
      3010	0.000596532	
      3011	0.000596667	
      3012	0.000596801	
      3013	0.000596936	
      3014	0.00059707	
      3015	0.000597205	
      3016	0.000596861	
      3017	0.000596515	
      3018	0.000596168	
      3019	0.000595821	
      3020	0.000595473	
      3021	0.000595125	
      3022	0.000594775	
      3023	0.000594425	
      3024	0.000594074	
      3025	0.000593722	
      3026	0.000593855	
      3027	0.000593988	
      3028	0.000594122	
      3029	0.000594256	
      3030	0.00059439	
      3031	0.000594036	
      3032	0.000593683	
      3033	0.000593328	
      3034	0.000592973	
      3035	0.000592617	
      3036	0.00059177	
      3037	0.000590921	
      3038	0.000590071	
      3039	0.000589219	
      3040	0.000588612	
      3041	0.000589482	
      3042	0.000590601	
      3043	0.000591723	
      3044	0.000592847	
      3045	0.000593974	
      3046	0.000594608	
      3047	0.000595243	
      3048	0.00059588	
      3049	0.000596519	
      3050	0.00059716	
      3051	0.000597304	
      3052	0.000597449	
      3053	0.000597594	
      3054	0.00059774	
      3055	0.000597887	
      3056	0.000598034	
      3057	0.000598183	
      3058	0.000598332	
      3059	0.000598482	
      3060	0.000598633	
      3061	0.000597777	
      3062	0.000596921	
      3063	0.000596063	
      3064	0.000595204	
      3065	0.000594596	
      3066	0.000594494	
      3067	0.000594647	
      3068	 0.0005948	
      3069	0.000594954	
      3070	0.00059511	
      3071	0.000595776	
      3072	0.000596445	
      3073	0.000597116	
      3074	0.00059779	
      3075	0.000598467	
      3076	0.000598122	
      3077	0.000597777	
      3078	0.000597433	
      3079	0.00059709	
      3080	0.000596747	
      3081	0.000596405	
      3082	0.000596064	
      3083	0.000595723	
      3084	0.000595384	
      3085	0.000595046	
      3086	0.000594709	
      3087	0.000594373	
      3088	0.000594038	
      3089	0.000593705	
      3090	0.000593374	
      3091	0.000593045	
      3092	0.000592718	
      3093	0.000592392	
      3094	0.000592069	
      3095	0.000591749	
      3096	0.000591432	
      3097	0.000591117	
      3098	0.000590806	
      3099	0.000590498	
      3100	0.000590194	
      3101	0.000583491	
      3102	0.000582017	
      3103	0.000582118	
      3104	0.000583077	
      3105	0.000584604	
      3106	0.000586021	
      3107	0.000587762	
      3108	0.000589768	
      3109	0.000591997	
      3110	0.000594421	
      3111	0.000596476	
      3112	0.000598681	
      3113	0.000601021	
      3114	0.000603486	
      3115	0.000606345	
      3116	0.000609876	
      3117	0.000613805	
      3118	0.000617849	
      3119	0.000622004	
      3120	0.000626269	
      3121	0.000630639	
      3122	0.000635114	
      3123	0.000639692	
      3124	0.000644372	
      3125	0.000649153	
      3126	0.000654034	
      3127	0.000659015	
      3128	0.000664095	
      3129	0.000669276	
      3130	0.000674556	
      3131	0.000679936	
      3132	0.000685416	
      3133	0.000690998	
      3134	0.000696681	
      3135	0.000702466	
      3136	0.000707692	
      3137	0.000713009	
      3138	0.000718419	
      3139	0.000723922	
      3140	0.000729519	
      3141	0.000735905	
      3142	0.000742401	
      3143	0.000749008	
      3144	0.000755728	
      3145	0.000762561	
      3146	0.00076878	
      3147	0.000775102	
      3148	0.000781527	
      3149	0.000788058	
      3150	0.000794696	
      3151	0.000802212	
      3152	0.000809853	
      3153	0.000817624	
      3154	0.000825525	
      3155	0.00083356	
      3156	0.00084173	
      3157	0.000850038	
      3158	0.000858487	
      3159	0.00086708	
      3160	0.000875819	
      3161	0.000885562	
      3162	0.000895477	
      3163	0.000905566	
      3164	0.000915833	
      3165	0.000926282	
      3166	0.000935107	
      3167	0.00094408	
      3168	0.000953204	
      3169	0.000962483	
      3170	0.000972392	
      3171	0.000983434	
      3172	0.000995159	
      3173	 0.0010071	
      3174	0.00101926	
      3175	0.00103164	
      3176	0.00104222	
      3177	0.00105298	
      3178	0.00106393	
      3179	0.00107508	
      3180	0.00108642	
      3181	0.00109905	
      3182	0.00111192	
      3183	0.00112503	
      3184	0.00113838	
      3185	0.00115199	
      3186	0.00116701	
      3187	0.00118233	
      3188	0.00119796	
      3189	0.00121389	
      3190	0.00123015	
      3191	 0.0012455	
      3192	0.00126116	
      3193	0.00127713	
      3194	0.00129342	
      3195	0.00131004	
      3196	0.00132568	
      3197	0.00134163	
      3198	 0.0013579	
      3199	 0.0013745	
      3200	0.00139214	
      3201	0.00138435	
      3202	0.00137731	
      3203	0.00137034	
      3204	0.00136342	
      3205	0.00135656	
      3206	0.00134841	
      3207	0.00134032	
      3208	0.00133231	
      3209	0.00132436	
      3210	0.00131648	
      3211	0.00130734	
      3212	0.00129828	
      3213	 0.0012893	
      3214	0.00128039	
      3215	0.00127156	
      3216	0.00126409	
      3217	0.00125669	
      3218	0.00124934	
      3219	0.00124205	
      3220	0.00123482	
      3221	0.00122765	
      3222	0.00122054	
      3223	0.00121348	
      3224	0.00120648	
      3225	0.00119953	
      3226	0.00119387	
      3227	0.00118824	
      3228	0.00118266	
      3229	0.00117712	
      3230	0.00117162	
      3231	0.00116496	
      3232	0.00115835	
      3233	0.00115179	
      3234	0.00114527	
      3235	0.00113881	
      3236	0.00113239	
      3237	0.00112602	
      3238	 0.0011197	
      3239	0.00111343	
      3240	 0.0011072	
      3241	0.00110101	
      3242	0.00109487	
      3243	0.00108878	
      3244	0.00108273	
      3245	0.00107672	
      3246	0.00107188	
      3247	0.00106707	
      3248	0.00106229	
      3249	0.00105754	
      3250	0.00105283	
      3251	0.00104595	
      3252	0.00103912	
      3253	0.00103234	
      3254	0.00102561	
      3255	0.00101893	
      3256	0.00101337	
      3257	0.00100785	
      3258	0.00100237	
      3259	0.000996926	
      3260	0.000991519	
      3261	0.000986148	
      3262	0.000980813	
      3263	0.000975515	
      3264	0.000970252	
      3265	0.000965025	
      3266	0.000959833	
      3267	0.000954675	
      3268	0.000949552	
      3269	0.000944463	
      3270	0.000939408	
      3271	0.000934386	
      3272	0.000929398	
      3273	0.000924442	
      3274	0.000919519	
      3275	0.000914628	
      3276	0.000909769	
      3277	0.000904941	
      3278	0.000900145	
      3279	0.00089538	
      3280	0.000890646	
      3281	0.000885942	
      3282	0.000881269	
      3283	0.000876626	
      3284	0.000872012	
      3285	0.000867428	
      3286	0.000863817	
      3287	0.000860227	
      3288	0.000856658	
      3289	0.000853109	
      3290	0.000849117	
      3291	 0.0008433	
      3292	0.000837062	
      3293	0.000830866	
      3294	0.000824713	
      3295	0.000819057	
      3296	0.000814344	
      3297	0.000810112	
      3298	0.000805907	
      3299	0.000801728	
      3300	0.000797574	
      3301	0.000807655	
      3302	0.000817899	
      3303	0.000828312	
      3304	0.000838897	
      3305	0.000849657	
      3306	0.000858673	
      3307	0.000867822	
      3308	0.000877107	
      3309	0.00088653	
      3310	0.000896096	
      3311	0.000906832	
      3312	0.000917743	
      3313	0.000928832	
      3314	0.000940104	
      3315	0.000951562	
      3316	0.000961019	
      3317	0.000970613	
      3318	0.000980346	
      3319	0.00099022	
      3320	0.00100082	
      3321	0.00101392	
      3322	0.00102786	
      3323	0.00104204	
      3324	0.00105649	
      3325	 0.0010712	
      3326	0.00108368	
      3327	0.00109636	
      3328	0.00110926	
      3329	0.00112237	
      3330	0.00113572	
      3331	0.00115063	
      3332	0.00116583	
      3333	 0.0011813	
      3334	0.00119707	
      3335	0.00121313	
      3336	 0.0012295	
      3337	0.00124617	
      3338	0.00126317	
      3339	 0.0012805	
      3340	0.00129817	
      3341	0.00131618	
      3342	0.00133455	
      3343	0.00135329	
      3344	0.00137241	
      3345	0.00139191	
      3346	0.00141013	
      3347	0.00142871	
      3348	0.00144766	
      3349	0.00146699	
      3350	0.00148671	
      3351	0.00150866	
      3352	0.00153107	
      3353	0.00155398	
      3354	0.00157739	
      3355	0.00160132	
      3356	0.00162579	
      3357	0.00165081	
      3358	 0.0016764	
      3359	0.00170259	
      3360	0.00172938	
      3361	0.00175681	
      3362	 0.0017849	
      3363	0.00181366	
      3364	0.00184313	
      3365	0.00187332	
      3366	0.00190427	
      3367	  0.001936	
      3368	0.00196854	
      3369	0.00200193	
      3370	0.00203619	
      3371	0.00207136	
      3372	0.00210749	
      3373	 0.0021446	
      3374	0.00218273	
      3375	0.00222194	
      3376	0.00226227	
      3377	0.00230377	
      3378	0.00234649	
      3379	0.00239049	
      3380	0.00243582	
      3381	0.00248566	
      3382	0.00253709	
      3383	0.00259021	
      3384	0.00264508	
      3385	0.00270181	
      3386	0.00275704	
      3387	0.00281418	
      3388	0.00287333	
      3389	0.00293462	
      3390	0.00299816	
      3391	 0.0030641	
      3392	0.00313259	
      3393	0.00320378	
      3394	0.00327787	
      3395	0.00335506	
      3396	 0.0034312	
      3397	0.00351068	
      3398	0.00359376	
      3399	0.00368073	
      3400	0.00377434	
      3401	0.00380149	
      3402	0.00383139	
      3403	0.00386162	
      3404	0.00389218	
      3405	0.00392058	
      3406	0.00393923	
      3407	0.00395553	
      3408	0.00397198	
      3409	0.00398859	
      3410	0.00400793	
      3411	0.00403268	
      3412	0.00406031	
      3413	0.00408825	
      3414	0.00411651	
      3415	0.00414509	
      3416	0.00416862	
      3417	 0.0041924	
      3418	0.00421644	
      3419	0.00424075	
      3420	0.00426533	
      3421	0.00429019	
      3422	0.00431534	
      3423	0.00434077	
      3424	 0.0043665	
      3425	0.00439252	
      3426	0.00441886	
      3427	0.00444551	
      3428	0.00447247	
      3429	0.00449976	
      3430	0.00452739	
      3431	0.00456135	
      3432	0.00459576	
      3433	0.00463061	
      3434	0.00466592	
      3435	0.00470169	
      3436	 0.0047317	
      3437	0.00476211	
      3438	0.00479291	
      3439	0.00482413	
      3440	0.00485576	
      3441	0.00488782	
      3442	0.00492031	
      3443	0.00495326	
      3444	0.00498667	
      3445	0.00502054	
      3446	 0.0050549	
      3447	0.00508976	
      3448	0.00512513	
      3449	0.00516101	
      3450	0.00519743	
      3451	0.00524144	
      3452	0.00528613	
      3453	0.00533153	
      3454	0.00537765	
      3455	0.00542451	
      3456	0.00546479	
      3457	0.00550573	
      3458	0.00554734	
      3459	0.00558965	
      3460	0.00563268	
      3461	0.00568413	
      3462	0.00573648	
      3463	0.00578977	
      3464	0.00584402	
      3465	0.00589927	
      3466	 0.0059475	
      3467	0.00599665	
      3468	0.00604673	
      3469	0.00609779	
      3470	0.00614987	
      3471	0.00620299	
      3472	0.00625721	
      3473	0.00631257	
      3474	0.00636912	
      3475	 0.0064269	
      3476	0.00648596	
      3477	0.00654637	
      3478	0.00660819	
      3479	0.00667147	
      3480	 0.0067363	
      3481	0.00681215	
      3482	0.00688991	
      3483	0.00696969	
      3484	0.00705159	
      3485	0.00713574	
      3486	0.00721229	
      3487	0.00729111	
      3488	0.00737235	
      3489	0.00745616	
      3490	0.00754274	
      3491	0.00763229	
      3492	0.00772504	
      3493	0.00782128	
      3494	0.00792131	
      3495	0.00802551	
      3496	0.00813431	
      3497	0.00824827	
      3498	0.00836804	
      3499	0.00849448	
      3500	0.00862871	
      3501	0.00863516	
      3502	0.00864163	
      3503	0.00864812	
      3504	0.00865464	
      3505	0.00866117	
      3506	0.00865553	
      3507	0.00864989	
      3508	0.00864425	
      3509	0.00863862	
      3510	0.00863299	
      3511	0.00862737	
      3512	0.00862176	
      3513	0.00861615	
      3514	0.00861055	
      3515	0.00860495	
      3516	0.00859936	
      3517	0.00859378	
      3518	 0.0085882	
      3519	0.00858263	
      3520	0.00857707	
      3521	0.00858387	
      3522	 0.0085907	
      3523	0.00859755	
      3524	0.00860443	
      3525	0.00861135	
      3526	0.00860589	
      3527	0.00860044	
      3528	  0.008595	
      3529	0.00858957	
      3530	0.00858415	
      3531	0.00859119	
      3532	0.00859827	
      3533	0.00860538	
      3534	0.00861252	
      3535	0.00861969	
      3536	 0.0086144	
      3537	0.00860912	
      3538	0.00860385	
      3539	 0.0085986	
      3540	0.00859337	
      3541	 0.0086007	
      3542	0.00860807	
      3543	0.00861548	
      3544	0.00862293	
      3545	0.00863042	
      3546	0.00862534	
      3547	0.00862028	
      3548	0.00861524	
      3549	0.00861022	
      3550	0.00860522	
      3551	0.00860024	
      3552	0.00859529	
      3553	0.00859036	
      3554	0.00858545	
      3555	0.00858057	
      3556	0.00857571	
      3557	0.00857088	
      3558	0.00856608	
      3559	0.00856131	
      3560	0.00855656	
      3561	0.00856464	
      3562	0.00857276	
      3563	0.00858095	
      3564	0.00858919	
      3565	 0.0085975	
      3566	0.00859302	
      3567	0.00858859	
      3568	0.00858419	
      3569	0.00857984	
      3570	0.00857553	
      3571	0.00857127	
      3572	0.00856705	
      3573	0.00856289	
      3574	0.00855878	
      3575	0.00855472	
      3576	0.00855072	
      3577	0.00854678	
      3578	 0.0085429	
      3579	0.00853909	
      3580	0.00853535	
      3581	0.00854473	
      3582	0.00855421	
      3583	 0.0085638	
      3584	 0.0085735	
      3585	0.00858333	
      3586	0.00858016	
      3587	0.00857709	
      3588	0.00857413	
      3589	0.00857129	
      3590	0.00856856	
      3591	0.00856597	
      3592	0.00856351	
      3593	 0.0085612	
      3594	0.00855905	
      3595	0.00855707	
      3596	0.00856857	
      3597	0.00858029	
      3598	0.00859228	
      3599	0.00860454	
      3600	0.00861711	
      3601	0.00860816	
      3602	0.00859921	
      3603	0.00859026	
      3604	 0.0085813	
      3605	0.00857234	
      3606	0.00856337	
      3607	 0.0085544	
      3608	0.00854543	
      3609	0.00853645	
      3610	0.00852747	
      3611	0.00853192	
      3612	0.00853638	
      3613	0.00854085	
      3614	0.00854534	
      3615	0.00854983	
      3616	0.00854086	
      3617	0.00853189	
      3618	0.00852292	
      3619	0.00851394	
      3620	0.00850496	
      3621	0.00850948	
      3622	0.00851402	
      3623	0.00851857	
      3624	0.00852312	
      3625	0.00852769	
      3626	0.00851873	
      3627	0.00850977	
      3628	 0.0085008	
      3629	0.00849183	
      3630	0.00848286	
      3631	0.00848746	
      3632	0.00849208	
      3633	0.00849671	
      3634	0.00850136	
      3635	0.00850601	
      3636	0.00849706	
      3637	0.00848811	
      3638	0.00847916	
      3639	0.00847021	
      3640	0.00846126	
      3641	0.00846596	
      3642	0.00847067	
      3643	 0.0084754	
      3644	0.00848014	
      3645	0.00848489	
      3646	0.00847597	
      3647	0.00846705	
      3648	0.00845812	
      3649	 0.0084492	
      3650	0.00844028	
      3651	0.00843135	
      3652	0.00842243	
      3653	 0.0084135	
      3654	0.00840458	
      3655	0.00839566	
      3656	0.00840051	
      3657	0.00840537	
      3658	0.00841026	
      3659	0.00841516	
      3660	0.00842008	
      3661	0.00842501	
      3662	0.00842997	
      3663	0.00843494	
      3664	0.00843993	
      3665	0.00844495	
      3666	0.00842227	
      3667	0.00839959	
      3668	0.00837689	
      3669	0.00835417	
      3670	0.00833839	
      3671	 0.0083365	
      3672	0.00834157	
      3673	0.00834667	
      3674	0.00835178	
      3675	0.00835692	
      3676	0.00834815	
      3677	0.00833939	
      3678	0.00833063	
      3679	0.00832188	
      3680	0.00831313	
      3681	 0.0083044	
      3682	0.00829567	
      3683	0.00828696	
      3684	0.00827825	
      3685	0.00826956	
      3686	 0.0082749	
      3687	0.00828027	
      3688	0.00828567	
      3689	0.00829111	
      3690	0.00829658	
      3691	0.00828801	
      3692	0.00827946	
      3693	0.00827092	
      3694	 0.0082624	
      3695	 0.0082539	
      3696	0.00824543	
      3697	0.00823697	
      3698	0.00822854	
      3699	0.00822013	
      3700	0.00821174	
      3701	0.00821713	
      3702	0.00822253	
      3703	0.00822795	
      3704	0.00823339	
      3705	0.00823884	
      3706	 0.0082301	
      3707	0.00822136	
      3708	0.00821262	
      3709	0.00820388	
      3710	0.00819513	
      3711	0.00820065	
      3712	0.00820619	
      3713	0.00821174	
      3714	0.00821732	
      3715	0.00822291	
      3716	0.00821421	
      3717	0.00820551	
      3718	0.00819681	
      3719	0.00818811	
      3720	0.00817941	
      3721	0.00818507	
      3722	0.00819075	
      3723	0.00819645	
      3724	0.00820216	
      3725	 0.0082079	
      3726	0.00819925	
      3727	0.00819059	
      3728	0.00818194	
      3729	0.00817329	
      3730	0.00816463	
      3731	0.00817044	
      3732	0.00817627	
      3733	0.00818211	
      3734	0.00818798	
      3735	0.00819387	
      3736	0.00817075	
      3737	0.00814762	
      3738	0.00812446	
      3739	0.00810128	
      3740	0.00808536	
      3741	0.00808399	
      3742	0.00808992	
      3743	0.00809588	
      3744	0.00810185	
      3745	0.00810785	
      3746	0.00809925	
      3747	0.00809065	
      3748	0.00808205	
      3749	0.00807345	
      3750	0.00806485	
      3751	0.00807093	
      3752	0.00807702	
      3753	0.00808315	
      3754	0.00808929	
      3755	0.00809546	
      3756	0.00808692	
      3757	0.00807838	
      3758	0.00806985	
      3759	0.00806131	
      3760	0.00805278	
      3761	0.00805903	
      3762	0.00806531	
      3763	0.00807162	
      3764	0.00807795	
      3765	 0.0080843	
      3766	0.00809068	
      3767	0.00809708	
      3768	0.00810351	
      3769	0.00810997	
      3770	0.00811645	
      3771	0.00810806	
      3772	0.00809966	
      3773	0.00809127	
      3774	0.00808288	
      3775	 0.0080745	
      3776	0.00806611	
      3777	0.00805774	
      3778	0.00804936	
      3779	0.00804099	
      3780	0.00803262	
      3781	0.00803928	
      3782	0.00804597	
      3783	0.00805268	
      3784	0.00805943	
      3785	0.00806621	
      3786	0.00805792	
      3787	0.00804964	
      3788	0.00804137	
      3789	 0.0080331	
      3790	0.00802483	
      3791	0.00803173	
      3792	0.00803865	
      3793	0.00804561	
      3794	 0.0080526	
      3795	0.00805962	
      3796	0.00805145	
      3797	0.00804329	
      3798	0.00803514	
      3799	0.00802699	
      3800	0.00801885	
      3801	  0.007972	
      3802	0.00793558	
      3803	0.00790528	
      3804	0.00787912	
      3805	0.00785598	
      3806	0.00782027	
      3807	0.00778652	
      3808	 0.0077544	
      3809	0.00772366	
      3810	0.00769412	
      3811	0.00768039	
      3812	0.00766754	
      3813	0.00765547	
      3814	 0.0076441	
      3815	0.00763338	
      3816	0.00760859	
      3817	0.00758438	
      3818	 0.0075607	
      3819	0.00753752	
      3820	0.00751481	
      3821	0.00750711	
      3822	0.00749979	
      3823	0.00749283	
      3824	0.00748621	
      3825	0.00747992	
      3826	0.00747394	
      3827	0.00746825	
      3828	0.00746285	
      3829	0.00745771	
      3830	0.00745284	
      3831	0.00743376	
      3832	0.00741494	
      3833	0.00739636	
      3834	0.00737804	
      3835	0.00735994	
      3836	 0.0073565	
      3837	0.00735326	
      3838	0.00735023	
      3839	 0.0073474	
      3840	0.00734476	
      3841	0.00732791	
      3842	0.00731126	
      3843	 0.0072948	
      3844	0.00727852	
      3845	0.00726243	
      3846	 0.0072609	
      3847	0.00725954	
      3848	0.00725835	
      3849	0.00725732	
      3850	0.00725646	
      3851	 0.0072414	
      3852	0.00722651	
      3853	0.00721178	
      3854	0.00719721	
      3855	 0.0071828	
      3856	0.00717574	
      3857	0.00716883	
      3858	 0.0071549	
      3859	0.00714832	
      3860	0.00714189	
      3861	0.00713562	
      3862	 0.0071367	
      3863	0.00713075	
      3864	0.00713215	
      3865	0.00712653	
      3866	0.00711387	
      3867	0.00710857	
      3868	0.00709624	
      3869	0.00709127	
      3870	0.00707927	
      3871	0.00708185	
      3872	0.00708461	
      3873	0.00708754	
      3874	0.00709067	
      3875	0.00709399	
      3876	0.00708306	
      3877	0.00707954	
      3878	0.00706899	
      3879	0.00706587	
      3880	0.00705572	
      3881	0.00705301	
      3882	0.00705052	
      3883	0.00704827	
      3884	0.00704624	
      3885	0.00704447	
      3886	0.00705021	
      3887	0.00705624	
      3888	0.00706983	
      3889	0.00707646	
      3890	 0.0070834	
      3891	0.00707608	
      3892	0.00706908	
      3893	0.00706975	
      3894	0.00706348	
      3895	 0.0070576	
      3896	0.00706683	
      3897	 0.0070692	
      3898	0.00707945	
      3899	 0.0070829	
      3900	0.00709437	
      3901	0.00710421	
      3902	 0.0071141	
      3903	0.00711663	
      3904	0.00712663	
      3905	0.00713669	
      3906	0.00713935	
      3907	0.00713459	
      3908	0.00713732	
      3909	 0.0071326	
      3910	 0.0071354	
      3911	0.00714575	
      3912	0.00714864	
      3913	 0.0071591	
      3914	0.00716209	
      3915	0.00717268	
      3916	0.00716821	
      3917	0.00716376	
      3918	0.00716692	
      3919	0.00716253	
      3920	0.00715817	
      3921	0.00716908	
      3922	0.00718006	
      3923	0.00718347	
      3924	0.00719458	
      3925	0.00720578	
      3926	 0.0072017	
      3927	0.00720534	
      3928	0.00720134	
      3929	0.00720509	
      3930	0.00720117	
      3931	0.00721276	
      3932	0.00721669	
      3933	0.00722845	
      3934	0.00723252	
      3935	0.00724446	
      3936	0.00724868	
      3937	0.00724516	
      3938	0.00724951	
      3939	 0.0072461	
      3940	0.00725059	
      3941	0.00725516	
      3942	0.00726769	
      3943	0.00727243	
      3944	0.00728517	
      3945	 0.0072901	
      3946	0.00728718	
      3947	0.00728433	
      3948	 0.0072895	
      3949	0.00728679	
      3950	0.00728415	
      3951	0.00728959	
      3952	0.00730316	
      3953	0.00730883	
      3954	0.00732267	
      3955	0.00732858	
      3956	0.00733461	
      3957	0.00734077	
      3958	0.00733893	
      3959	0.00734532	
      3960	0.00735185	
      3961	0.00736668	
      3962	 0.0073817	
      3963	0.00738869	
      3964	0.00740406	
      3965	0.00741963	
      3966	0.00741889	
      3967	0.00742656	
      3968	0.00742613	
      3969	0.00743416	
      3970	0.00743405	
      3971	0.00745081	
      3972	0.00745945	
      3973	 0.0074767	
      3974	0.00748582	
      3975	0.00750361	
      3976	0.00751326	
      3977	0.00751472	
      3978	0.00752491	
      3979	 0.0075269	
      3980	0.00753769	
      3981	0.00754881	
      3982	 0.0075603	
      3983	0.00758077	
      3984	0.00759307	
      3985	0.00760581	
      3986	0.00762768	
      3987	0.00764142	
      3988	0.00766441	
      3989	0.00767931	
      3990	0.00770362	
      3991	0.00771109	
      3992	0.00772811	
      3993	0.00773712	
      3994	0.00775591	
      3995	0.00776686	
      3996	0.00779688	
      3997	0.00781937	
      3998	0.00785253	
      3999	0.00787864	
      4000	0.00791623	
