       280	2.62614e-24	
       281	6.31398e-24	
       282	1.39228e-23	
       283	2.16477e-23	
       284	2.52755e-23	
       285	2.06936e-23	
       286	3.35019e-23	
       287	6.04034e-23	
       288	6.95572e-23	
       289	1.06923e-22	
       290	1.84572e-22	
       291	2.51537e-22	
       292	2.86723e-22	
       293	3.34743e-22	
       294	4.05097e-22	
       295	4.9235e-22	
       296	6.22864e-22	
       297	6.78079e-22	
       298	8.35505e-22	
       299	9.34219e-22	
       300	1.08062e-21	
       301	4.39288e-20	
       302	1.83872e-18	
       303	9.44328e-17	
       304	4.0501e-15	
       305	1.64287e-13	
       306	7.39473e-13	
       307	3.76902e-12	
       308	1.9475e-11	
       309	8.5001e-11	
       310	3.97143e-10	
       311	1.51787e-09	
       312	4.26313e-09	
       313	1.21241e-08	
       314	3.5517e-08	
       315	9.64958e-08	
       316	1.4728e-07	
       317	2.91897e-07	
       318	4.83992e-07	
       319	7.71811e-07	
       320	1.4019e-06	
       321	2.0905e-06	
       322	2.96743e-06	
       323	4.13341e-06	
       324	6.79327e-06	
       325	 1.157e-05	
       326	1.76356e-05	
       327	2.33896e-05	
       328	2.90665e-05	
       329	3.96297e-05	
       330	5.54213e-05	
       331	6.01563e-05	
       332	6.97842e-05	
       333	7.95836e-05	
       334	9.31542e-05	
       335	0.000113215	
       336	0.000115082	
       337	0.000121071	
       338	0.000150392	
       339	0.00017836	
       340	0.000213454	
       341	0.000226399	
       342	0.000253117	
       343	0.000288368	
       344	0.000273194	
       345	0.000311496	
       346	0.000360349	
       347	0.000396586	
       348	0.000421642	
       349	0.000452808	
       350	0.000543705	
       351	0.000614394	
       352	0.00061993	
       353	0.000681238	
       354	0.000831494	
       355	0.000905493	
       356	0.000889698	
       357	0.000812645	
       358	0.000790785	
       359	0.000935584	
       360	0.00122513	
       361	0.00118503	
       362	0.00128426	
       363	0.00149408	
       364	0.00159832	
       365	0.00179267	
       366	 0.0021667	
       367	0.00229255	
       368	0.00227813	
       369	0.00247736	
       370	0.00275051	
       371	0.00275541	
       372	0.00282231	
       373	0.00267599	
       374	0.00257222	
       375	0.00290458	
       376	0.00341209	
       377	0.00387951	
       378	0.00472865	
       379	0.00447023	
       380	0.00441465	
       381	0.00486933	
       382	0.00406836	
       383	0.00333936	
       384	0.00389793	
       385	0.00511965	
       386	0.00520071	
       387	0.00557354	
       388	0.00571067	
       389	0.00645656	
       390	0.00769523	
       391	0.00855504	
       392	0.00825028	
       393	0.00551959	
       394	0.00590267	
       395	0.00944174	
       396	0.00905022	
       397	0.00654332	
       398	 0.0111717	
       399	 0.0147224	
       400	 0.0161152	
       401	 0.0173413	
       402	 0.0184896	
       403	 0.0187684	
       404	 0.0195183	
       405	 0.0198837	
       406	 0.0200736	
       407	  0.020489	
       408	 0.0220453	
       409	 0.0236285	
       410	 0.0221785	
       411	 0.0246131	
       412	 0.0267914	
       413	 0.0269406	
       414	 0.0274752	
       415	 0.0292002	
       416	 0.0308493	
       417	 0.0311528	
       418	 0.0311111	
       419	 0.0324321	
       420	 0.0319483	
       421	 0.0356717	
       422	 0.0367174	
       423	 0.0367941	
       424	 0.0377334	
       425	  0.039531	
       426	   0.03964	
       427	 0.0395864	
       428	 0.0403465	
       429	 0.0380836	
       430	 0.0323085	
       431	 0.0323836	
       432	 0.0473956	
       433	 0.0480335	
       434	  0.046575	
       435	 0.0513226	
       436	 0.0570848	
       437	 0.0589909	
       438	 0.0545747	
       439	 0.0544481	
       440	 0.0613446	
       441	 0.0635757	
       442	 0.0683218	
       443	 0.0710407	
       444	 0.0715335	
       445	 0.0741977	
       446	  0.071236	
       447	  0.078819	
       448	  0.082327	
       449	 0.0843058	
       450	 0.0887217	
       451	   0.09283	
       452	 0.0912931	
       453	 0.0879714	
       454	 0.0933075	
       455	 0.0956528	
       456	 0.0997934	
       457	  0.102616	
       458	  0.102772	
       459	  0.103644	
       460	  0.105539	
       461	  0.110019	
       462	  0.113312	
       463	  0.115138	
       464	  0.114423	
       465	  0.114628	
       466	  0.117492	
       467	  0.116445	
       468	  0.121525	
       469	  0.124099	
       470	  0.122773	
       471	  0.126456	
       472	  0.133047	
       473	  0.132285	
       474	  0.135382	
       475	  0.140738	
       476	   0.14014	
       477	  0.143337	
       478	  0.148542	
       479	  0.148946	
       480	  0.152344	
       481	  0.154225	
       482	  0.156008	
       483	  0.156056	
       484	  0.155465	
       485	  0.152829	
       486	  0.133851	
       487	  0.144854	
       488	  0.156717	
       489	  0.154997	
       490	  0.168153	
       491	  0.166322	
       492	  0.162889	
       493	  0.171122	
       494	  0.172432	
       495	  0.180763	
       496	  0.177712	
       497	  0.179915	
       498	  0.178078	
       499	  0.179309	
       500	  0.180522	
       501	   0.17808	
       502	  0.180242	
       503	  0.187149	
       504	  0.182732	
       505	  0.192944	
       506	  0.201184	
       507	  0.196523	
       508	  0.193773	
       509	  0.200975	
       510	  0.199695	
       511	  0.203865	
       512	  0.208604	
       513	  0.200958	
       514	  0.197984	
       515	  0.204178	
       516	  0.202887	
       517	  0.178787	
       518	  0.193122	
       519	  0.195113	
       520	  0.209778	
       521	  0.214957	
       522	  0.219016	
       523	  0.212651	
       524	  0.224275	
       525	   0.22588	
       526	  0.218322	
       527	  0.201742	
       528	   0.22227	
       529	  0.233991	
       530	  0.231024	
       531	  0.240681	
       532	  0.236984	
       533	  0.220296	
       534	  0.229979	
       535	  0.237106	
       536	  0.243192	
       537	  0.232951	
       538	  0.239662	
       539	   0.23671	
       540	  0.230337	
       541	  0.226597	
       542	  0.241742	
       543	  0.243024	
       544	  0.249868	
       545	  0.247364	
       546	  0.247292	
       547	  0.249694	
       548	  0.247233	
       549	  0.252476	
       550	  0.252663	
       551	  0.253713	
       552	  0.257477	
       553	  0.253376	
       554	   0.25729	
       555	  0.259143	
       556	  0.255989	
       557	  0.251593	
       558	  0.253907	
       559	  0.246326	
       560	  0.250168	
       561	  0.260107	
       562	  0.254182	
       563	  0.259936	
       564	  0.258685	
       565	  0.257939	
       566	  0.250136	
       567	  0.261321	
       568	   0.26229	
       569	  0.259356	
       570	   0.25799	
       571	  0.252367	
       572	  0.263521	
       573	  0.267182	
       574	  0.266557	
       575	  0.262974	
       576	  0.263022	
       577	  0.267271	
       578	  0.263051	
       579	  0.265563	
       580	  0.268297	
       581	  0.270144	
       582	  0.273865	
       583	  0.276508	
       584	  0.276746	
       585	  0.275855	
       586	  0.272308	
       587	  0.278018	
       588	  0.274243	
       589	  0.254132	
       590	  0.264821	
       591	  0.278124	
       592	  0.278905	
       593	  0.279879	
       594	  0.281976	
       595	  0.283497	
       596	  0.288236	
       597	  0.291426	
       598	   0.28896	
       599	  0.289527	
       600	   0.29238	
       601	  0.290899	
       602	  0.290877	
       603	  0.297458	
       604	  0.304399	
       605	   0.30632	
       606	  0.307692	
       607	  0.310307	
       608	  0.311834	
       609	  0.312427	
       610	  0.315279	
       611	  0.317717	
       612	  0.324371	
       613	  0.323076	
       614	  0.319793	
       615	  0.327985	
       616	  0.324831	
       617	  0.325509	
       618	  0.337615	
       619	  0.344134	
       620	  0.348195	
       621	  0.352291	
       622	  0.349932	
       623	  0.352195	
       624	  0.353396	
       625	  0.351897	
       626	  0.355995	
       627	  0.367772	
       628	  0.372844	
       629	  0.376017	
       630	   0.37611	
       631	  0.374899	
       632	  0.367915	
       633	  0.381818	
       634	  0.382256	
       635	  0.385006	
       636	  0.382747	
       637	    0.3938	
       638	  0.399595	
       639	  0.398194	
       640	  0.393385	
       641	  0.395216	
       642	  0.398894	
       643	  0.405087	
       644	  0.405688	
       645	  0.410691	
       646	  0.407446	
       647	   0.41279	
       648	     0.413	
       649	  0.405352	
       650	  0.405439	
       651	  0.423038	
       652	  0.425191	
       653	  0.429021	
       654	  0.426442	
       655	  0.409811	
       656	  0.371608	
       657	  0.385721	
       658	  0.424463	
       659	  0.434238	
       660	  0.442359	
       661	  0.448784	
       662	  0.452388	
       663	  0.453466	
       664	  0.455254	
       665	  0.462567	
       666	  0.464003	
       667	  0.462422	
       668	  0.454597	
       669	  0.451644	
       670	  0.441632	
       671	  0.436657	
       672	  0.430365	
       673	  0.429594	
       674	  0.426031	
       675	  0.423131	
       676	  0.425391	
       677	  0.421529	
       678	   0.42169	
       679	  0.417446	
       680	  0.416472	
       681	  0.416303	
       682	  0.415879	
       683	  0.413442	
       684	  0.411079	
       685	   0.40948	
       686	  0.402696	
       687	    0.4103	
       688	  0.414114	
       689	  0.414828	
       690	  0.414884	
       691	  0.416556	
       692	   0.41683	
       693	  0.422913	
       694	  0.427308	
       695	  0.427739	
       696	  0.431949	
       697	  0.436285	
       698	  0.437305	
       699	  0.443837	
       700	  0.447051	
       701	  0.449629	
       702	  0.453184	
       703	  0.461882	
       704	  0.471835	
       705	  0.481065	
       706	  0.483655	
       707	  0.488605	
       708	  0.497289	
       709	  0.506825	
       710	  0.531045	
       711	  0.483348	
       712	  0.454929	
       713	  0.435227	
       714	  0.422275	
       715	  0.404937	
       716	  0.398042	
       717	  0.389223	
       718	  0.376718	
       719	  0.362783	
       720	  0.368329	
       721	   0.36775	
       722	  0.366914	
       723	  0.363134	
       724	  0.362133	
       725	  0.363183	
       726	  0.367611	
       727	   0.37435	
       728	  0.379636	
       729	  0.376494	
       730	  0.394471	
       731	   0.39933	
       732	  0.411175	
       733	  0.418245	
       734	  0.434928	
       735	  0.444549	
       736	   0.45187	
       737	  0.464972	
       738	  0.477214	
       739	  0.486982	
       740	  0.521109	
       741	  0.521433	
       742	  0.522309	
       743	  0.534654	
       744	  0.541971	
       745	  0.542609	
       746	  0.545449	
       747	   0.54843	
       748	  0.548912	
       749	  0.551754	
       750	  0.552759	
       751	  0.557014	
       752	  0.562931	
       753	  0.568393	
       754	  0.573663	
       755	  0.575024	
       756	  0.570177	
       757	  0.571524	
       758	  0.575601	
       759	  0.571599	
       760	  0.574992	
       761	  0.573807	
       762	  0.574904	
       763	   0.52713	
       764	  0.492187	
       765	  0.462748	
       766	   0.43018	
       767	  0.415904	
       768	  0.417252	
       769	  0.420564	
       770	  0.427651	
       771	  0.436065	
       772	  0.445011	
       773	  0.454588	
       774	  0.464928	
       775	  0.476218	
       776	  0.488242	
       777	   0.49935	
       778	  0.516095	
       779	  0.539982	
       780	  0.580107	
       781	  0.578075	
       782	  0.580223	
       783	  0.576017	
       784	  0.572017	
       785	   0.57481	
       786	  0.575289	
       787	  0.574642	
       788	  0.571039	
       789	  0.569905	
       790	  0.565794	
       791	  0.561112	
       792	  0.556459	
       793	   0.55183	
       794	  0.547826	
       795	  0.548077	
       796	  0.553194	
       797	  0.560757	
       798	  0.558031	
       799	  0.552886	
       800	  0.546533	
       801	  0.528884	
       802	  0.513654	
       803	  0.495605	
       804	  0.486155	
       805	  0.469975	
       806	  0.469561	
       807	  0.460886	
       808	  0.452823	
       809	   0.44127	
       810	   0.43765	
       811	   0.43334	
       812	  0.431226	
       813	  0.426921	
       814	  0.421893	
       815	  0.414748	
       816	  0.410153	
       817	  0.404391	
       818	  0.393454	
       819	  0.382853	
       820	  0.378301	
       821	    0.3761	
       822	  0.368389	
       823	  0.368594	
       824	   0.36729	
       825	  0.377432	
       826	  0.391117	
       827	  0.403161	
       828	  0.413065	
       829	  0.424316	
       830	  0.440538	
       831	  0.460347	
       832	  0.472592	
       833	  0.468264	
       834	  0.478234	
       835	  0.485097	
       836	  0.493455	
       837	  0.496325	
       838	  0.501336	
       839	  0.505029	
       840	  0.515475	
       841	  0.516989	
       842	  0.511722	
       843	  0.511411	
       844	  0.507999	
       845	  0.520277	
       846	  0.522613	
       847	  0.513609	
       848	   0.51411	
       849	  0.510191	
       850	  0.479823	
       851	  0.509401	
       852	   0.51412	
       853	  0.505607	
       854	   0.46764	
       855	  0.490284	
       856	  0.523871	
       857	  0.539962	
       858	  0.545828	
       859	  0.550792	
       860	  0.555845	
       861	  0.556004	
       862	   0.56104	
       863	  0.560932	
       864	  0.551983	
       865	  0.536326	
       866	   0.49182	
       867	  0.515339	
       868	  0.538271	
       869	  0.538924	
       870	  0.545323	
       871	  0.542131	
       872	  0.546441	
       873	  0.542468	
       874	  0.534195	
       875	  0.529853	
       876	  0.540649	
       877	  0.544057	
       878	  0.542393	
       879	   0.53613	
       880	  0.534731	
       881	  0.463631	
       882	  0.443267	
       883	  0.422961	
       884	  0.408351	
       885	  0.396299	
       886	  0.375315	
       887	  0.362845	
       888	   0.35799	
       889	  0.350256	
       890	   0.34106	
       891	  0.331868	
       892	  0.322034	
       893	  0.311229	
       894	  0.305651	
       895	  0.300504	
       896	  0.296305	
       897	  0.289203	
       898	  0.282493	
       899	  0.275012	
       900	  0.269197	
       901	  0.260313	
       902	  0.252463	
       903	   0.25699	
       904	  0.254075	
       905	  0.249062	
       906	  0.250468	
       907	  0.254487	
       908	  0.254724	
       909	  0.254854	
       910	  0.259931	
       911	  0.264153	
       912	  0.266852	
       913	  0.272702	
       914	  0.276304	
       915	   0.27834	
       916	  0.279653	
       917	  0.278773	
       918	  0.278753	
       919	  0.279674	
       920	  0.277882	
       921	  0.274081	
       922	  0.270941	
       923	  0.265308	
       924	  0.273393	
       925	   0.27537	
       926	  0.207013	
       927	  0.171266	
       928	  0.142405	
       929	  0.120649	
       930	  0.103785	
       931	 0.0914931	
       932	 0.0808462	
       933	 0.0723907	
       934	 0.0647349	
       935	  0.057736	
       936	 0.0519954	
       937	 0.0473076	
       938	 0.0486117	
       939	 0.0495677	
       940	 0.0498977	
       941	 0.0503837	
       942	 0.0505554	
       943	 0.0529362	
       944	 0.0535863	
       945	 0.0550405	
       946	 0.0567671	
       947	 0.0581014	
       948	 0.0597042	
       949	 0.0638126	
       950	 0.0678866	
       951	 0.0720961	
       952	 0.0774886	
       953	 0.0830211	
       954	 0.0881115	
       955	 0.0917678	
       956	  0.102006	
       957	  0.112022	
       958	  0.123043	
       959	    0.1354	
       960	  0.148084	
       961	  0.163385	
       962	  0.183116	
       963	  0.206514	
       964	  0.235888	
       965	   0.28047	
       966	  0.282524	
       967	  0.288151	
       968	  0.290182	
       969	  0.295057	
       970	  0.300159	
       971	  0.302704	
       972	  0.308555	
       973	  0.311254	
       974	  0.312726	
       975	  0.319217	
       976	  0.327225	
       977	   0.33118	
       978	  0.338452	
       979	  0.342367	
       980	  0.351552	
       981	  0.356441	
       982	  0.363187	
       983	  0.367032	
       984	  0.370272	
       985	  0.376141	
       986	  0.380575	
       987	  0.386703	
       988	  0.392433	
       989	  0.396578	
       990	   0.40553	
       991	  0.416883	
       992	  0.426183	
       993	  0.439326	
       994	  0.449271	
       995	  0.447951	
       996	  0.447152	
       997	  0.443367	
       998	  0.443307	
       999	  0.443691	
      1000	  0.445133	
      1001	  0.447775	
      1002	  0.448182	
      1003	  0.444374	
      1004	   0.43777	
      1005	  0.419293	
      1006	  0.432899	
      1007	  0.442314	
      1008	  0.444703	
      1009	   0.44399	
      1010	  0.445035	
      1011	  0.443639	
      1012	  0.443241	
      1013	  0.441928	
      1014	  0.442845	
      1015	  0.438616	
      1016	  0.439383	
      1017	  0.437925	
      1018	  0.440882	
      1019	  0.433548	
      1020	  0.435359	
      1021	  0.436795	
      1022	  0.433651	
      1023	  0.436759	
      1024	  0.438955	
      1025	  0.439135	
      1026	  0.439731	
      1027	  0.439396	
      1028	  0.440113	
      1029	   0.43809	
      1030	  0.439416	
      1031	  0.439751	
      1032	  0.439809	
      1033	  0.435593	
      1034	  0.437998	
      1035	  0.440655	
      1036	  0.441734	
      1037	  0.439707	
      1038	  0.439906	
      1039	  0.443877	
      1040	  0.444781	
      1041	  0.445117	
      1042	  0.444951	
      1043	   0.44248	
      1044	  0.443387	
      1045	  0.440494	
      1046	  0.432882	
      1047	  0.437675	
      1048	  0.441558	
      1049	  0.440477	
      1050	  0.438565	
      1051	   0.43864	
      1052	  0.436889	
      1053	  0.436132	
      1054	  0.435539	
      1055	  0.436939	
      1056	  0.436345	
      1057	  0.435416	
      1058	  0.430991	
      1059	   0.42273	
      1060	  0.429201	
      1061	  0.425017	
      1062	  0.429747	
      1063	  0.426805	
      1064	  0.430618	
      1065	  0.429931	
      1066	  0.423385	
      1067	  0.424531	
      1068	  0.422659	
      1069	  0.407144	
      1070	  0.415484	
      1071	  0.390985	
      1072	  0.378221	
      1073	  0.363359	
      1074	  0.358581	
      1075	  0.347066	
      1076	  0.342406	
      1077	  0.336532	
      1078	  0.330474	
      1079	  0.321046	
      1080	  0.318702	
      1081	   0.30852	
      1082	  0.301924	
      1083	  0.300606	
      1084	  0.298986	
      1085	   0.29519	
      1086	  0.291556	
      1087	  0.280591	
      1088	  0.281731	
      1089	  0.280019	
      1090	  0.275707	
      1091	  0.273325	
      1092	  0.266838	
      1093	  0.260236	
      1094	  0.248483	
      1095	  0.251772	
      1096	  0.251852	
      1097	  0.251103	
      1098	  0.247591	
      1099	  0.244576	
      1100	  0.247744	
      1101	  0.170641	
      1102	  0.127692	
      1103	  0.103143	
      1104	 0.0845296	
      1105	 0.0703874	
      1106	 0.0594798	
      1107	 0.0506915	
      1108	 0.0438238	
      1109	 0.0381316	
      1110	 0.0334272	
      1111	 0.0293144	
      1112	 0.0259101	
      1113	 0.0229254	
      1114	 0.0205958	
      1115	 0.0184007	
      1116	 0.0164093	
      1117	 0.0148862	
      1118	 0.0132847	
      1119	  0.011998	
      1120	 0.0108578	
      1121	  0.011791	
      1122	 0.0128282	
      1123	  0.013905	
      1124	 0.0150771	
      1125	 0.0162834	
      1126	 0.0173834	
      1127	   0.01918	
      1128	 0.0212151	
      1129	 0.0232985	
      1130	 0.0255277	
      1131	 0.0254822	
      1132	 0.0253584	
      1133	 0.0249423	
      1134	 0.0247672	
      1135	 0.0246208	
      1136	 0.0244543	
      1137	 0.0238414	
      1138	 0.0234072	
      1139	 0.0235154	
      1140	 0.0234366	
      1141	 0.0229537	
      1142	  0.023087	
      1143	 0.0228183	
      1144	 0.0225166	
      1145	 0.0225204	
      1146	 0.0247074	
      1147	 0.0269898	
      1148	 0.0293814	
      1149	 0.0321279	
      1150	 0.0352586	
      1151	 0.0388552	
      1152	 0.0429063	
      1153	 0.0478503	
      1154	 0.0538364	
      1155	 0.0605138	
      1156	 0.0679078	
      1157	 0.0777548	
      1158	 0.0893441	
      1159	  0.102836	
      1160	  0.120334	
      1161	   0.14427	
      1162	  0.151361	
      1163	  0.157037	
      1164	  0.160183	
      1165	  0.166376	
      1166	  0.169466	
      1167	  0.176993	
      1168	  0.183997	
      1169	  0.186841	
      1170	    0.1971	
      1171	  0.199765	
      1172	  0.201193	
      1173	  0.201643	
      1174	  0.202869	
      1175	  0.201449	
      1176	  0.200596	
      1177	  0.205304	
      1178	  0.205714	
      1179	   0.20684	
      1180	  0.210359	
      1181	   0.21119	
      1182	   0.21096	
      1183	   0.20488	
      1184	  0.212595	
      1185	  0.217183	
      1186	  0.219043	
      1187	  0.220674	
      1188	  0.219636	
      1189	  0.214053	
      1190	  0.222321	
      1191	  0.228196	
      1192	  0.230096	
      1193	  0.231874	
      1194	  0.233815	
      1195	  0.234421	
      1196	  0.236343	
      1197	  0.237081	
      1198	  0.234399	
      1199	  0.231316	
      1200	  0.242641	
      1201	   0.24505	
      1202	  0.244287	
      1203	  0.237443	
      1204	   0.23711	
      1205	   0.24275	
      1206	  0.243231	
      1207	  0.243741	
      1208	  0.239065	
      1209	  0.231905	
      1210	  0.240033	
      1211	  0.238438	
      1212	  0.243085	
      1213	  0.245008	
      1214	  0.245054	
      1215	  0.246275	
      1216	  0.247044	
      1217	  0.247675	
      1218	   0.24784	
      1219	  0.247602	
      1220	  0.249407	
      1221	  0.250432	
      1222	  0.250733	
      1223	  0.250563	
      1224	  0.254008	
      1225	   0.25496	
      1226	  0.256125	
      1227	  0.253593	
      1228	  0.257349	
      1229	  0.260899	
      1230	  0.262392	
      1231	  0.263804	
      1232	  0.264248	
      1233	  0.267255	
      1234	   0.26922	
      1235	  0.271164	
      1236	  0.275743	
      1237	  0.279542	
      1238	  0.283545	
      1239	   0.28743	
      1240	  0.299232	
      1241	     0.298	
      1242	  0.294323	
      1243	  0.289175	
      1244	  0.285626	
      1245	  0.284007	
      1246	  0.283339	
      1247	  0.281365	
      1248	  0.280694	
      1249	  0.278568	
      1250	  0.276064	
      1251	  0.272662	
      1252	  0.269182	
      1253	  0.268217	
      1254	  0.266781	
      1255	  0.264798	
      1256	  0.262646	
      1257	  0.260037	
      1258	  0.259127	
      1259	  0.256815	
      1260	  0.256111	
      1261	  0.254155	
      1262	  0.250683	
      1263	  0.250767	
      1264	  0.247512	
      1265	  0.246591	
      1266	  0.246317	
      1267	  0.242334	
      1268	  0.239841	
      1269	  0.240381	
      1270	  0.240524	
      1271	  0.240784	
      1272	  0.240528	
      1273	  0.241002	
      1274	  0.240996	
      1275	  0.243289	
      1276	  0.245257	
      1277	  0.246736	
      1278	  0.247712	
      1279	  0.247896	
      1280	  0.247413	
      1281	  0.240642	
      1282	  0.224022	
      1283	  0.239559	
      1284	   0.25141	
      1285	  0.256148	
      1286	  0.259416	
      1287	  0.263052	
      1288	  0.265718	
      1289	  0.269854	
      1290	  0.271643	
      1291	  0.261238	
      1292	  0.253834	
      1293	   0.24681	
      1294	  0.238394	
      1295	   0.23433	
      1296	  0.230317	
      1297	  0.224866	
      1298	  0.219644	
      1299	  0.217416	
      1300	  0.213646	
      1301	  0.209898	
      1302	  0.205402	
      1303	  0.201663	
      1304	  0.198577	
      1305	  0.197559	
      1306	  0.195552	
      1307	  0.193352	
      1308	  0.190959	
      1309	  0.188836	
      1310	  0.186238	
      1311	  0.183846	
      1312	   0.18043	
      1313	  0.175339	
      1314	  0.176571	
      1315	  0.172311	
      1316	  0.171441	
      1317	  0.172282	
      1318	  0.169948	
      1319	  0.170519	
      1320	  0.169365	
      1321	  0.112838	
      1322	 0.0840866	
      1323	 0.0658102	
      1324	 0.0530155	
      1325	 0.0434866	
      1326	 0.0361241	
      1327	 0.0303485	
      1328	 0.0258775	
      1329	 0.0218374	
      1330	 0.0190507	
      1331	 0.0166755	
      1332	 0.0144039	
      1333	  0.012838	
      1334	  0.011371	
      1335	 0.0100541	
      1336	0.00887937	
      1337	0.00792812	
      1338	  0.007062	
      1339	0.00626953	
      1340	0.00562572	
      1341	0.00514918	
      1342	0.00464873	
      1343	0.00420806	
      1344	0.00381881	
      1345	0.00346713	
      1346	0.00313436	
      1347	0.00286538	
      1348	0.00261292	
      1349	0.00238057	
      1350	0.00215871	
      1351	0.00171209	
      1352	 0.0013758	
      1353	0.00110574	
      1354	0.000892327	
      1355	0.000720129	
      1356	0.000589563	
      1357	0.000482023	
      1358	0.000403172	
      1359	0.000334802	
      1360	0.000277641	
      1361	0.000234674	
      1362	0.000196844	
      1363	0.00016397	
      1364	0.000139854	
      1365	 0.0001187	
      1366	0.000100886	
      1367	8.55312e-05	
      1368	7.35248e-05	
      1369	6.22497e-05	
      1370	5.33898e-05	
      1371	4.60666e-05	
      1372	4.01067e-05	
      1373	3.47453e-05	
      1374	3.0054e-05	
      1375	2.57464e-05	
      1376	2.22392e-05	
      1377	1.95141e-05	
      1378	1.70363e-05	
      1379	1.49641e-05	
      1380	1.30358e-05	
      1381	1.14201e-05	
      1382	9.92743e-06	
      1383	8.7364e-06	
      1384	7.71437e-06	
      1385	6.75366e-06	
      1386	5.98072e-06	
      1387	5.24831e-06	
      1388	4.65701e-06	
      1389	4.12511e-06	
      1390	3.61008e-06	
      1391	  3.23e-06	
      1392	2.87221e-06	
      1393	2.54121e-06	
      1394	2.25049e-06	
      1395	2.00425e-06	
      1396	2.22405e-06	
      1397	2.47553e-06	
      1398	2.76466e-06	
      1399	3.07078e-06	
      1400	3.35879e-06	
      1401	3.75435e-06	
      1402	4.24981e-06	
      1403	4.7397e-06	
      1404	5.32946e-06	
      1405	5.99143e-06	
      1406	6.77621e-06	
      1407	7.63136e-06	
      1408	8.60251e-06	
      1409	9.7458e-06	
      1410	1.10116e-05	
      1411	 1.239e-05	
      1412	1.38033e-05	
      1413	1.5816e-05	
      1414	1.82099e-05	
      1415	2.07961e-05	
      1416	2.36824e-05	
      1417	2.72269e-05	
      1418	3.12746e-05	
      1419	3.56164e-05	
      1420	4.08945e-05	
      1421	4.73482e-05	
      1422	5.39318e-05	
      1423	6.22825e-05	
      1424	7.22787e-05	
      1425	8.47196e-05	
      1426	9.69284e-05	
      1427	0.000114114	
      1428	0.000134605	
      1429	0.000155986	
      1430	0.000183622	
      1431	0.000218456	
      1432	0.000263804	
      1433	0.000314657	
      1434	0.00037183	
      1435	0.000448064	
      1436	0.000541821	
      1437	0.000658743	
      1438	0.000801615	
      1439	0.000984359	
      1440	0.00117534	
      1441	 0.0014677	
      1442	0.00184283	
      1443	0.00216217	
      1444	0.00234129	
      1445	0.00253286	
      1446	 0.0027496	
      1447	0.00296258	
      1448	0.00322984	
      1449	0.00349958	
      1450	0.00377887	
      1451	0.00407142	
      1452	0.00443323	
      1453	0.00484809	
      1454	0.00527678	
      1455	0.00575794	
      1456	0.00629199	
      1457	0.00695898	
      1458	0.00775307	
      1459	0.00858875	
      1460	0.00944469	
      1461	 0.0104391	
      1462	 0.0115311	
      1463	 0.0121192	
      1464	 0.0121446	
      1465	 0.0122543	
      1466	 0.0121718	
      1467	 0.0123167	
      1468	 0.0122346	
      1469	 0.0123357	
      1470	 0.0122838	
      1471	 0.0121228	
      1472	 0.0121706	
      1473	 0.0121544	
      1474	 0.0119338	
      1475	 0.0120928	
      1476	 0.0121676	
      1477	 0.0121582	
      1478	 0.0130242	
      1479	  0.014099	
      1480	  0.015204	
      1481	 0.0162543	
      1482	 0.0176016	
      1483	 0.0187679	
      1484	 0.0205232	
      1485	 0.0225189	
      1486	 0.0243043	
      1487	 0.0259816	
      1488	 0.0263172	
      1489	 0.0311795	
      1490	 0.0350787	
      1491	  0.038925	
      1492	 0.0429935	
      1493	 0.0485475	
      1494	 0.0548146	
      1495	 0.0619341	
      1496	 0.0695887	
      1497	 0.0821827	
      1498	 0.0847731	
      1499	 0.0863929	
      1500	 0.0898475	
      1501	 0.0921689	
      1502	 0.0928742	
      1503	 0.0891384	
      1504	 0.0935833	
      1505	 0.0944586	
      1506	  0.100756	
      1507	  0.107135	
      1508	  0.109918	
      1509	  0.113196	
      1510	   0.11896	
      1511	  0.123397	
      1512	  0.126209	
      1513	  0.130634	
      1514	  0.135792	
      1515	  0.143154	
      1516	  0.150223	
      1517	  0.158309	
      1518	  0.170495	
      1519	  0.182667	
      1520	  0.205955	
      1521	  0.202319	
      1522	  0.201603	
      1523	   0.20394	
      1524	  0.204459	
      1525	    0.2018	
      1526	  0.205589	
      1527	  0.205278	
      1528	  0.206368	
      1529	  0.204513	
      1530	  0.197592	
      1531	  0.205489	
      1532	  0.207351	
      1533	  0.205971	
      1534	  0.204016	
      1535	  0.206412	
      1536	  0.209435	
      1537	  0.210247	
      1538	  0.207841	
      1539	  0.211689	
      1540	  0.203555	
      1541	  0.202324	
      1542	  0.201457	
      1543	  0.199776	
      1544	  0.199116	
      1545	  0.198057	
      1546	  0.195793	
      1547	  0.192065	
      1548	  0.187327	
      1549	  0.188333	
      1550	  0.186186	
      1551	  0.185564	
      1552	  0.185835	
      1553	  0.183011	
      1554	  0.178895	
      1555	  0.178113	
      1556	  0.175952	
      1557	   0.17805	
      1558	  0.176768	
      1559	  0.177046	
      1560	  0.176664	
      1561	  0.179461	
      1562	  0.179524	
      1563	  0.179262	
      1564	  0.178244	
      1565	  0.180369	
      1566	  0.179547	
      1567	  0.180181	
      1568	  0.179289	
      1569	  0.181165	
      1570	  0.181771	
      1571	  0.185629	
      1572	  0.186744	
      1573	  0.185519	
      1574	    0.1843	
      1575	  0.178382	
      1576	  0.182992	
      1577	  0.174637	
      1578	  0.184978	
      1579	  0.189365	
      1580	  0.190671	
      1581	  0.190081	
      1582	  0.184283	
      1583	  0.184792	
      1584	  0.183423	
      1585	  0.186722	
      1586	  0.184739	
      1587	  0.182044	
      1588	  0.177227	
      1589	   0.16779	
      1590	  0.171196	
      1591	  0.172371	
      1592	  0.178867	
      1593	  0.181653	
      1594	  0.180475	
      1595	  0.179504	
      1596	  0.172531	
      1597	  0.173449	
      1598	  0.176279	
      1599	  0.173403	
      1600	  0.173138	
      1601	  0.169025	
      1602	  0.169822	
      1603	  0.169689	
      1604	  0.169389	
      1605	  0.167413	
      1606	  0.166461	
      1607	  0.165361	
      1608	  0.167117	
      1609	  0.165199	
      1610	  0.157293	
      1611	  0.160802	
      1612	  0.162768	
      1613	  0.166039	
      1614	  0.166383	
      1615	  0.166157	
      1616	  0.161298	
      1617	  0.164035	
      1618	  0.169454	
      1619	  0.169532	
      1620	   0.16629	
      1621	  0.167058	
      1622	  0.170398	
      1623	  0.174767	
      1624	  0.176275	
      1625	  0.175422	
      1626	  0.178419	
      1627	  0.180824	
      1628	  0.183786	
      1629	  0.186543	
      1630	  0.189551	
      1631	  0.190073	
      1632	  0.189726	
      1633	  0.187406	
      1634	  0.185512	
      1635	   0.18739	
      1636	  0.186607	
      1637	  0.180498	
      1638	  0.178856	
      1639	  0.176135	
      1640	   0.17766	
      1641	  0.176729	
      1642	  0.176891	
      1643	   0.17941	
      1644	  0.177904	
      1645	  0.177292	
      1646	  0.179425	
      1647	  0.179721	
      1648	  0.179146	
      1649	  0.176514	
      1650	  0.177904	
      1651	  0.176265	
      1652	  0.177867	
      1653	   0.17663	
      1654	  0.177159	
      1655	  0.175735	
      1656	  0.176561	
      1657	  0.176617	
      1658	   0.17569	
      1659	  0.173994	
      1660	  0.174935	
      1661	  0.175581	
      1662	  0.174966	
      1663	   0.17426	
      1664	  0.173939	
      1665	  0.172552	
      1666	   0.17127	
      1667	  0.171255	
      1668	  0.169191	
      1669	  0.170353	
      1670	  0.172791	
      1671	  0.171711	
      1672	   0.16674	
      1673	  0.168499	
      1674	  0.170356	
      1675	   0.16861	
      1676	  0.166774	
      1677	  0.167767	
      1678	  0.168273	
      1679	  0.164244	
      1680	  0.157745	
      1681	  0.151774	
      1682	  0.153348	
      1683	  0.156474	
      1684	  0.157846	
      1685	  0.157495	
      1686	  0.155161	
      1687	  0.154632	
      1688	  0.153677	
      1689	  0.151306	
      1690	  0.150692	
      1691	  0.152176	
      1692	  0.151787	
      1693	  0.150613	
      1694	  0.149903	
      1695	  0.149219	
      1696	  0.148018	
      1697	  0.146843	
      1698	  0.146122	
      1699	  0.144802	
      1700	  0.142639	
      1701	  0.141877	
      1702	  0.141363	
      1703	  0.140687	
      1704	  0.139988	
      1705	  0.139252	
      1706	  0.138179	
      1707	  0.137065	
      1708	  0.135963	
      1709	  0.134872	
      1710	  0.133928	
      1711	  0.133797	
      1712	  0.133806	
      1713	  0.133818	
      1714	  0.133834	
      1715	  0.133741	
      1716	  0.132952	
      1717	  0.132058	
      1718	  0.131172	
      1719	  0.130295	
      1720	  0.129477	
      1721	  0.128953	
      1722	  0.128487	
      1723	  0.128026	
      1724	  0.127569	
      1725	  0.127072	
      1726	  0.126284	
      1727	  0.125457	
      1728	  0.124636	
      1729	  0.123822	
      1730	  0.122905	
      1731	   0.12132	
      1732	  0.119637	
      1733	  0.117963	
      1734	  0.116299	
      1735	  0.114947	
      1736	  0.115387	
      1737	  0.116128	
      1738	  0.116867	
      1739	  0.117604	
      1740	  0.118152	
      1741	 0.0939466	
      1742	 0.0795157	
      1743	   0.06918	
      1744	 0.0611892	
      1745	  0.054763	
      1746	 0.0495448	
      1747	 0.0451414	
      1748	  0.041351	
      1749	  0.038049	
      1750	   0.03515	
      1751	 0.0326037	
      1752	 0.0303342	
      1753	 0.0282949	
      1754	 0.0264532	
      1755	  0.024773	
      1756	 0.0231852	
      1757	 0.0217278	
      1758	 0.0203937	
      1759	 0.0191691	
      1760	  0.018047	
      1761	 0.0170397	
      1762	 0.0161118	
      1763	  0.015251	
      1764	 0.0144509	
      1765	  0.013706	
      1766	 0.0130113	
      1767	 0.0123624	
      1768	 0.0117555	
      1769	 0.0111869	
      1770	 0.0106496	
      1771	 0.0101191	
      1772	0.00961762	
      1773	0.00914662	
      1774	0.00870383	
      1775	0.00829187	
      1776	0.00793077	
      1777	 0.0075938	
      1778	0.00727493	
      1779	0.00697293	
      1780	0.00668479	
      1781	0.00640059	
      1782	0.00612946	
      1783	0.00587232	
      1784	 0.0056283	
      1785	0.00539812	
      1786	0.00518832	
      1787	0.00498999	
      1788	0.00480102	
      1789	0.00462086	
      1790	0.00444721	
      1791	0.00427021	
      1792	0.00409989	
      1793	0.00393757	
      1794	0.00378281	
      1795	0.00363519	
      1796	 0.0034943	
      1797	 0.0033598	
      1798	0.00323134	
      1799	 0.0031086	
      1800	0.00299306	
      1801	0.00237965	
      1802	0.00191245	
      1803	0.00155064	
      1804	0.00126712	
      1805	0.00104253	
      1806	0.000862289	
      1807	0.000717155	
      1808	0.000599516	
      1809	0.000503533	
      1810	0.000423869	
      1811	0.000353766	
      1812	0.000295656	
      1813	0.000247873	
      1814	0.000208421	
      1815	0.000176268	
      1816	0.000152238	
      1817	0.00013224	
      1818	0.000115156	
      1819	0.000100515	
      1820	8.79042e-05	
      1821	7.68957e-05	
      1822	6.73822e-05	
      1823	5.91609e-05	
      1824	5.20393e-05	
      1825	4.58086e-05	
      1826	4.01305e-05	
      1827	3.51766e-05	
      1828	3.08821e-05	
      1829	2.71524e-05	
      1830	2.39194e-05	
      1831	2.11592e-05	
      1832	1.87523e-05	
      1833	1.66409e-05	
      1834	1.47858e-05	
      1835	1.31519e-05	
      1836	1.17004e-05	
      1837	1.04197e-05	
      1838	9.28931e-06	
      1839	8.29039e-06	
      1840	7.40559e-06	
      1841	6.61504e-06	
      1842	5.91383e-06	
      1843	5.2919e-06	
      1844	4.73969e-06	
      1845	4.25109e-06	
      1846	3.82716e-06	
      1847	3.45024e-06	
      1848	3.11304e-06	
      1849	2.81106e-06	
      1850	2.53956e-06	
      1851	2.29154e-06	
      1852	2.06861e-06	
      1853	1.86872e-06	
      1854	1.68935e-06	
      1855	1.52825e-06	
      1856	1.38346e-06	
      1857	1.25321e-06	
      1858	1.13596e-06	
      1859	1.03033e-06	
      1860	9.35107e-07	
      1861	9.84463e-07	
      1862	1.03663e-06	
      1863	1.09179e-06	
      1864	1.15012e-06	
      1865	1.21206e-06	
      1866	1.27882e-06	
      1867	1.34984e-06	
      1868	1.42511e-06	
      1869	1.50492e-06	
      1870	1.58608e-06	
      1871	1.6494e-06	
      1872	1.71124e-06	
      1873	1.77512e-06	
      1874	1.84105e-06	
      1875	1.91964e-06	
      1876	2.06808e-06	
      1877	2.23977e-06	
      1878	2.42519e-06	
      1879	2.62545e-06	
      1880	2.83402e-06	
      1881	3.0098e-06	
      1882	3.18864e-06	
      1883	3.37902e-06	
      1884	3.58175e-06	
      1885	3.79459e-06	
      1886	4.00021e-06	
      1887	4.21445e-06	
      1888	4.44115e-06	
      1889	4.68111e-06	
      1890	4.93871e-06	
      1891	5.23427e-06	
      1892	5.55317e-06	
      1893	5.89333e-06	
      1894	6.25631e-06	
      1895	6.6486e-06	
      1896	7.09859e-06	
      1897	7.58705e-06	
      1898	8.11187e-06	
      1899	8.67598e-06	
      1900	9.27794e-06	
      1901	9.8927e-06	
      1902	1.05468e-05	
      1903	1.12484e-05	
      1904	1.20013e-05	
      1905	1.28078e-05	
      1906	1.36582e-05	
      1907	1.45687e-05	
      1908	1.55464e-05	
      1909	1.65965e-05	
      1910	1.77291e-05	
      1911	1.89666e-05	
      1912	2.0304e-05	
      1913	2.17458e-05	
      1914	2.3301e-05	
      1915	2.49794e-05	
      1916	2.67918e-05	
      1917	2.87502e-05	
      1918	3.08677e-05	
      1919	3.31585e-05	
      1920	3.56386e-05	
      1921	3.31449e-05	
      1922	3.34709e-05	
      1923	3.43967e-05	
      1924	3.56927e-05	
      1925	3.72699e-05	
      1926	3.90259e-05	
      1927	4.10168e-05	
      1928	4.32599e-05	
      1929	4.57663e-05	
      1930	4.85899e-05	
      1931	5.19589e-05	
      1932	5.57398e-05	
      1933	5.99355e-05	
      1934	6.45924e-05	
      1935	6.97274e-05	
      1936	7.51711e-05	
      1937	8.11704e-05	
      1938	8.78363e-05	
      1939	9.52543e-05	
      1940	0.000103364	
      1941	0.000111368	
      1942	0.000120049	
      1943	0.000129675	
      1944	0.000140373	
      1945	0.000152797	
      1946	0.000170089	
      1947	0.000190461	
      1948	0.000213853	
      1949	0.000240808	
      1950	0.000271768	
      1951	0.000306251	
      1952	0.000346054	
      1953	0.00039251	
      1954	0.00044702	
      1955	0.00051095	
      1956	0.000584095	
      1957	0.000670725	
      1958	0.000774721	
      1959	0.000900711	
      1960	0.00105478	
      1961	0.00115838	
      1962	0.00127418	
      1963	0.00140417	
      1964	0.00155049	
      1965	0.00171707	
      1966	0.00191521	
      1967	0.00214319	
      1968	0.00240465	
      1969	0.00270572	
      1970	0.00305221	
      1971	0.00344195	
      1972	0.00389367	
      1973	0.00442276	
      1974	0.00504671	
      1975	0.00578826	
      1976	0.00667743	
      1977	0.00775471	
      1978	0.00907597	
      1979	 0.0107205	
      1980	 0.0128085	
      1981	 0.0155361	
      1982	 0.0191949	
      1983	 0.0243187	
      1984	 0.0320127	
      1985	 0.0452393	
      1986	 0.0301011	
      1987	  0.023366	
      1988	 0.0190719	
      1989	 0.0160101	
      1990	 0.0136819	
      1991	 0.0117933	
      1992	 0.0102641	
      1993	 0.0090088	
      1994	0.00796241	
      1995	0.00708402	
      1996	0.00635855	
      1997	 0.0057368	
      1998	0.00519628	
      1999	0.00472327	
      2000	 0.0043051	
      2001	0.00392515	
      2002	0.00358656	
      2003	0.00328504	
      2004	0.00301554	
      2005	0.00277503	
      2006	0.00295289	
      2007	0.00314648	
      2008	0.00335607	
      2009	0.00358335	
      2010	0.00382954	
      2011	0.00409168	
      2012	0.00437637	
      2013	0.00468694	
      2014	 0.0050265	
      2015	0.00539769	
      2016	0.00579729	
      2017	0.00623592	
      2018	   0.00672	
      2019	0.00725601	
      2020	0.00785519	
      2021	0.00854688	
      2022	0.00932801	
      2023	 0.0102101	
      2024	  0.011212	
      2025	  0.012352	
      2026	 0.0136285	
      2027	 0.0151032	
      2028	 0.0168337	
      2029	 0.0188923	
      2030	 0.0213912	
      2031	 0.0245217	
      2032	 0.0285477	
      2033	 0.0339992	
      2034	 0.0421703	
      2035	 0.0592521	
      2036	 0.0579285	
      2037	 0.0567247	
      2038	 0.0556232	
      2039	 0.0546049	
      2040	 0.0536959	
      2041	 0.0530627	
      2042	 0.0525134	
      2043	 0.0520023	
      2044	 0.0515249	
      2045	 0.0510446	
      2046	 0.0503767	
      2047	 0.0497056	
      2048	  0.049062	
      2049	 0.0484438	
      2050	 0.0478624	
      2051	 0.0473653	
      2052	 0.0469007	
      2053	 0.0464539	
      2054	 0.0460237	
      2055	 0.0456008	
      2056	 0.0451239	
      2057	 0.0446538	
      2058	 0.0441985	
      2059	 0.0437573	
      2060	 0.0433424	
      2061	 0.0429989	
      2062	 0.0426799	
      2063	 0.0423724	
      2064	 0.0420761	
      2065	 0.0417908	
      2066	 0.0421138	
      2067	 0.0424438	
      2068	  0.042781	
      2069	 0.0431259	
      2070	 0.0434917	
      2071	 0.0439269	
      2072	 0.0443857	
      2073	 0.0448556	
      2074	 0.0453372	
      2075	 0.0458128	
      2076	 0.0461816	
      2077	 0.0465424	
      2078	  0.046914	
      2079	 0.0472969	
      2080	 0.0477017	
      2081	 0.0481683	
      2082	 0.0486602	
      2083	 0.0491689	
      2084	 0.0496956	
      2085	 0.0502471	
      2086	 0.0508302	
      2087	  0.051442	
      2088	 0.0520797	
      2089	 0.0527459	
      2090	 0.0534327	
      2091	 0.0540986	
      2092	 0.0547906	
      2093	 0.0555248	
      2094	 0.0563077	
      2095	 0.0571714	
      2096	 0.0582617	
      2097	  0.059467	
      2098	 0.0607861	
      2099	 0.0622528	
      2100	 0.0639169	
      2101	 0.0639704	
      2102	 0.0640183	
      2103	 0.0640672	
      2104	 0.0641172	
      2105	 0.0641549	
      2106	 0.0641132	
      2107	  0.064059	
      2108	 0.0640056	
      2109	 0.0639531	
      2110	 0.0639084	
      2111	 0.0639188	
      2112	 0.0639373	
      2113	 0.0639571	
      2114	 0.0639784	
      2115	 0.0640011	
      2116	 0.0640117	
      2117	 0.0640239	
      2118	 0.0640378	
      2119	 0.0640534	
      2120	 0.0640709	
      2121	 0.0640765	
      2122	 0.0640842	
      2123	  0.064094	
      2124	  0.064106	
      2125	 0.0641414	
      2126	 0.0642909	
      2127	 0.0644648	
      2128	 0.0646425	
      2129	 0.0648241	
      2130	 0.0649818	
      2131	 0.0649888	
      2132	 0.0649716	
      2133	 0.0649587	
      2134	 0.0649506	
      2135	 0.0649692	
      2136	 0.0651369	
      2137	 0.0653338	
      2138	 0.0655395	
      2139	 0.0657554	
      2140	 0.0659614	
      2141	 0.0660502	
      2142	 0.0661326	
      2143	 0.0662341	
      2144	 0.0663602	
      2145	 0.0665421	
      2146	 0.0668775	
      2147	 0.0673187	
      2148	 0.0679393	
      2149	 0.0678921	
      2150	 0.0678374	
      2151	 0.0677072	
      2152	 0.0675696	
      2153	 0.0674322	
      2154	  0.067295	
      2155	 0.0671579	
      2156	 0.0669908	
      2157	 0.0668239	
      2158	 0.0666572	
      2159	 0.0664906	
      2160	 0.0662337	
      2161	 0.0654187	
      2162	 0.0645137	
      2163	 0.0636093	
      2164	 0.0627053	
      2165	 0.0619752	
      2166	 0.0623005	
      2167	 0.0627989	
      2168	 0.0632972	
      2169	 0.0637954	
      2170	 0.0642408	
      2171	 0.0643399	
      2172	 0.0643863	
      2173	 0.0644328	
      2174	 0.0644794	
      2175	  0.064496	
      2176	 0.0643322	
      2177	 0.0641385	
      2178	  0.063945	
      2179	 0.0637517	
      2180	 0.0635811	
      2181	 0.0635608	
      2182	 0.0635633	
      2183	 0.0635658	
      2184	 0.0635684	
      2185	 0.0635411	
      2186	 0.0633188	
      2187	 0.0630667	
      2188	 0.0628147	
      2189	  0.062563	
      2190	 0.0623489	
      2191	   0.06236	
      2192	 0.0624086	
      2193	 0.0624573	
      2194	 0.0625061	
      2195	 0.0625325	
      2196	 0.0624392	
      2197	 0.0623235	
      2198	  0.062208	
      2199	 0.0620681	
      2200	 0.0619059	
      2201	 0.0616095	
      2202	 0.0612912	
      2203	 0.0609733	
      2204	 0.0606559	
      2205	 0.0603762	
      2206	 0.0602908	
      2207	 0.0602428	
      2208	  0.060195	
      2209	 0.0601473	
      2210	 0.0600923	
      2211	 0.0600078	
      2212	  0.059916	
      2213	 0.0598244	
      2214	  0.059733	
      2215	 0.0596418	
      2216	 0.0595508	
      2217	   0.05946	
      2218	 0.0593694	
      2219	 0.0592789	
      2220	 0.0591739	
      2221	 0.0589803	
      2222	 0.0587722	
      2223	 0.0585644	
      2224	 0.0583569	
      2225	 0.0581645	
      2226	 0.0580608	
      2227	 0.0579721	
      2228	 0.0578836	
      2229	 0.0577952	
      2230	  0.057707	
      2231	 0.0576042	
      2232	 0.0575017	
      2233	 0.0573993	
      2234	 0.0572971	
      2235	 0.0571803	
      2236	 0.0569611	
      2237	 0.0567274	
      2238	  0.056494	
      2239	  0.056261	
      2240	 0.0560502	
      2241	 0.0559715	
      2242	 0.0559148	
      2243	 0.0558583	
      2244	 0.0558019	
      2245	  0.055731	
      2246	 0.0555872	
      2247	  0.055429	
      2248	 0.0552711	
      2249	 0.0551133	
      2250	 0.0549558	
      2251	 0.0547693	
      2252	  0.054583	
      2253	  0.054397	
      2254	 0.0542113	
      2255	 0.0540403	
      2256	 0.0539713	
      2257	 0.0539169	
      2258	 0.0538626	
      2259	 0.0538085	
      2260	 0.0537472	
      2261	 0.0536135	
      2262	 0.0534727	
      2263	 0.0533321	
      2264	 0.0531917	
      2265	 0.0530659	
      2266	 0.0529982	
      2267	 0.0529451	
      2268	  0.052892	
      2269	 0.0528391	
      2270	  0.052779	
      2271	  0.052321	
      2272	 0.0518724	
      2273	 0.0514389	
      2274	 0.0510192	
      2275	 0.0505982	
      2276	 0.0501197	
      2277	 0.0496393	
      2278	   0.04917	
      2279	 0.0487113	
      2280	 0.0482826	
      2281	 0.0479838	
      2282	 0.0477123	
      2283	 0.0474472	
      2284	 0.0471882	
      2285	 0.0469351	
      2286	 0.0466613	
      2287	 0.0463929	
      2288	 0.0461298	
      2289	 0.0458716	
      2290	 0.0455926	
      2291	 0.0451526	
      2292	 0.0446934	
      2293	 0.0442404	
      2294	 0.0437934	
      2295	 0.0433897	
      2296	 0.0431905	
      2297	 0.0430317	
      2298	 0.0428758	
      2299	 0.0427226	
      2300	 0.0425658	
      2301	 0.0423629	
      2302	 0.0421568	
      2303	 0.0419536	
      2304	 0.0417531	
      2305	 0.0415493	
      2306	 0.0413243	
      2307	 0.0410961	
      2308	 0.0408706	
      2309	 0.0406478	
      2310	 0.0404275	
      2311	 0.0401864	
      2312	 0.0399479	
      2313	  0.039712	
      2314	 0.0394786	
      2315	 0.0392476	
      2316	 0.0390305	
      2317	 0.0388156	
      2318	 0.0386029	
      2319	 0.0383923	
      2320	 0.0381669	
      2321	 0.0378198	
      2322	 0.0374589	
      2323	 0.0371011	
      2324	 0.0367463	
      2325	 0.0364333	
      2326	  0.036333	
      2327	 0.0362724	
      2328	 0.0362127	
      2329	 0.0361537	
      2330	 0.0360792	
      2331	 0.0359185	
      2332	 0.0357431	
      2333	 0.0355692	
      2334	 0.0353968	
      2335	 0.0352259	
      2336	 0.0350564	
      2337	 0.0348884	
      2338	 0.0347217	
      2339	 0.0345564	
      2340	 0.0343977	
      2341	 0.0342718	
      2342	 0.0341523	
      2343	 0.0340338	
      2344	 0.0339162	
      2345	 0.0337893	
      2346	 0.0336116	
      2347	 0.0334249	
      2348	 0.0332396	
      2349	 0.0330557	
      2350	 0.0328629	
      2351	    0.0326	
      2352	 0.0323288	
      2353	 0.0320595	
      2354	 0.0317919	
      2355	 0.0315563	
      2356	 0.0314829	
      2357	 0.0314402	
      2358	  0.031398	
      2359	 0.0313561	
      2360	 0.0313096	
      2361	 0.0293988	
      2362	 0.0277324	
      2363	 0.0262595	
      2364	 0.0249415	
      2365	 0.0237472	
      2366	 0.0226312	
      2367	 0.0216054	
      2368	 0.0206607	
      2369	 0.0197867	
      2370	  0.018972	
      2371	 0.0181951	
      2372	 0.0174662	
      2373	 0.0167832	
      2374	 0.0161415	
      2375	 0.0155476	
      2376	 0.0150362	
      2377	 0.0145618	
      2378	 0.0141119	
      2379	 0.0136848	
      2380	 0.0132613	
      2381	 0.0127625	
      2382	 0.0122722	
      2383	 0.0118057	
      2384	 0.0113616	
      2385	 0.0109567	
      2386	 0.0106783	
      2387	 0.0104287	
      2388	 0.0101887	
      2389	0.00995786	
      2390	0.00972914	
      2391	0.00947118	
      2392	0.00921702	
      2393	0.00897255	
      2394	0.00873725	
      2395	0.00851063	
      2396	0.00828949	
      2397	0.00807631	
      2398	 0.0078707	
      2399	0.00767228	
      2400	0.00748071	
      2401	0.00729812	
      2402	0.00712164	
      2403	0.00695098	
      2404	 0.0067859	
      2405	0.00662614	
      2406	0.00647366	
      2407	0.00632595	
      2408	0.00618281	
      2409	0.00604406	
      2410	0.00590451	
      2411	0.00573991	
      2412	0.00557585	
      2413	0.00541709	
      2414	0.00526342	
      2415	0.00512182	
      2416	0.00502329	
      2417	 0.0049343	
      2418	0.00484757	
      2419	0.00476303	
      2420	0.00467818	
      2421	0.00457959	
      2422	0.00448136	
      2423	0.00438581	
      2424	0.00429285	
      2425	0.00420313	
      2426	0.00412011	
      2427	0.00403993	
      2428	0.00396179	
      2429	0.00388563	
      2430	0.00381071	
      2431	0.00373112	
      2432	0.00365294	
      2433	0.00357678	
      2434	0.00350256	
      2435	0.00343083	
      2436	0.00336567	
      2437	0.00330266	
      2438	0.00324117	
      2439	0.00318113	
      2440	0.00312194	
      2441	 0.0030598	
      2442	0.00299861	
      2443	0.00293891	
      2444	0.00288064	
      2445	0.00282324	
      2446	0.00276522	
      2447	0.00270811	
      2448	0.00265236	
      2449	0.00259794	
      2450	0.00254575	
      2451	0.00231824	
      2452	0.00211654	
      2453	0.00193635	
      2454	0.00177489	
      2455	 0.0016304	
      2456	0.00150294	
      2457	0.00138813	
      2458	0.00128398	
      2459	 0.0011893	
      2460	0.00110284	
      2461	0.00102244	
      2462	0.000948854	
      2463	0.000881551	
      2464	 0.0008199	
      2465	0.000763059	
      2466	0.000709541	
      2467	0.000660143	
      2468	0.000614728	
      2469	0.000572923	
      2470	0.000534595	
      2471	0.000500536	
      2472	0.00046918	
      2473	0.000440112	
      2474	0.000413137	
      2475	0.000387864	
      2476	0.000363011	
      2477	0.000339769	
      2478	0.000318204	
      2479	0.000298179	
      2480	0.000279731	
      2481	0.000263275	
      2482	0.000248064	
      2483	0.000233856	
      2484	0.000220575	
      2485	0.000208232	
      2486	0.000197056	
      2487	0.000186639	
      2488	0.000176853	
      2489	0.000167656	
      2490	0.000158732	
      2491	0.000148731	
      2492	0.000139155	
      2493	0.000130226	
      2494	0.000121898	
      2495	0.000114476	
      2496	0.00010944	
      2497	0.000104974	
      2498	0.000100717	
      2499	9.66573e-05	
      2500	9.26397e-05	
      2501	2.1211e-05	
      2502	5.93768e-06	
      2503	1.89924e-06	
      2504	6.6911e-07	
      2505	2.53861e-07	
      2506	1.02019e-07	
      2507	4.30523e-08	
      2508	1.89367e-08	
      2509	8.63119e-09	
      2510	4.0588e-09	
      2511	1.96399e-09	
      2512	9.74009e-10	
      2513	4.93751e-10	
      2514	2.55313e-10	
      2515	1.34428e-10	
      2516	7.19911e-11	
      2517	3.91467e-11	
      2518	2.15893e-11	
      2519	1.20635e-11	
      2520	 6.825e-12	
      2521	3.90888e-12	
      2522	2.26332e-12	
      2523	1.32377e-12	
      2524	7.81636e-13	
      2525	4.65785e-13	
      2526	2.80287e-13	
      2527	1.70065e-13	
      2528	1.03981e-13	
      2529	6.40421e-14	
      2530	3.97109e-14	
      2531	2.4736e-14	
      2532	1.5503e-14	
      2533	9.77568e-15	
      2534	6.20028e-15	
      2535	3.9555e-15	
      2536	2.53921e-15	
      2537	1.63886e-15	
      2538	1.06304e-15	
      2539	6.92872e-16	
      2540	4.53703e-16	
      2541	2.98555e-16	
      2542	1.97315e-16	
      2543	1.30954e-16	
      2544	8.72648e-17	
      2545	5.83807e-17	
      2546	3.91893e-17	
      2547	2.64042e-17	
      2548	1.7854e-17	
      2549	1.21147e-17	
      2550	8.24824e-18	
      2551	5.63185e-18	
      2552	3.85773e-18	
      2553	2.65074e-18	
      2554	1.82692e-18	
      2555	1.26286e-18	
      2556	8.75092e-19	
      2557	6.08096e-19	
      2558	4.23721e-19	
      2559	2.96039e-19	
      2560	2.07418e-19	
      2561	1.45826e-19	
      2562	1.02802e-19	
      2563	7.26491e-20	
      2564	5.14627e-20	
      2565	 3.654e-20	
      2566	2.59922e-20	
      2567	1.85305e-20	
      2568	1.32398e-20	
      2569	9.47989e-21	
      2570	6.80201e-21	
      2571	4.88844e-21	
      2572	3.52028e-21	
      2573	2.54004e-21	
      2574	1.83631e-21	
      2575	1.33007e-21	
      2576	9.65194e-22	
      2577	7.01694e-22	
      2578	5.11046e-22	
      2579	3.72854e-22	
      2580	2.7244e-22	
      2581	1.99135e-22	
      2582	1.45763e-22	
      2583	1.0687e-22	
      2584	7.84805e-23	
      2585	 5.775e-23	
      2586	4.26996e-23	
      2587	3.16347e-23	
      2588	2.34726e-23	
      2589	1.74423e-23	
      2590	1.29773e-23	
      2591	9.65136e-24	
      2592	7.18636e-24	
      2593	5.35839e-24	
      2594	4.00089e-24	
      2595	2.99204e-24	
      2596	2.24265e-24	
      2597	1.68356e-24	
      2598	1.26549e-24	
      2599	9.52451e-25	
      2600	7.17753e-25	
      2601	3.54126e-25	
      2602	2.36666e-25	
      2603	1.67477e-25	
      2604	1.22178e-25	
      2605	9.09174e-26	
      2606	6.85676e-26	
      2607	5.22851e-26	
      2608	4.02235e-26	
      2609	3.11719e-26	
      2610	2.43077e-26	
      2611	1.90659e-26	
      2612	1.50249e-26	
      2613	1.18899e-26	
      2614	9.44425e-27	
      2615	7.52709e-27	
      2616	6.01193e-27	
      2617	4.81536e-27	
      2618	3.86701e-27	
      2619	3.11294e-27	
      2620	2.51037e-27	
      2621	2.02191e-27	
      2622	1.63088e-27	
      2623	1.31788e-27	
      2624	1.06678e-27	
      2625	8.66005e-28	
      2626	7.08989e-28	
      2627	5.82031e-28	
      2628	4.78492e-28	
      2629	3.93912e-28	
      2630	3.2455e-28	
      2631	2.66961e-28	
      2632	2.19752e-28	
      2633	1.81103e-28	
      2634	1.4942e-28	
      2635	1.23384e-28	
      2636	1.01743e-28	
      2637	8.39612e-29	
      2638	6.93546e-29	
      2639	5.73431e-29	
      2640	4.74786e-29	
      2641	3.94639e-29	
      2642	3.28472e-29	
      2643	2.73633e-29	
      2644	2.28138e-29	
      2645	1.90361e-29	
      2646	1.58806e-29	
      2647	1.32584e-29	
      2648	1.10775e-29	
      2649	9.26206e-30	
      2650	7.74972e-30	
      2651	6.48236e-30	
      2652	5.42596e-30	
      2653	4.54475e-30	
      2654	3.80914e-30	
      2655	3.19545e-30	
      2656	2.68503e-30	
      2657	2.25811e-30	
      2658	1.90022e-30	
      2659	1.60001e-30	
      2660	1.34768e-30	
      2661	1.13406e-30	
      2662	9.54602e-31	
      2663	8.03981e-31	
      2664	6.77491e-31	
      2665	5.71498e-31	
      2666	4.83332e-31	
      2667	4.0919e-31	
      2668	3.46598e-31	
      2669	2.93729e-31	
      2670	2.48984e-31	
      2671	2.10619e-31	
      2672	1.78205e-31	
      2673	1.5085e-31	
      2674	1.27753e-31	
      2675	1.0827e-31	
      2676	9.18947e-32	
      2677	7.80515e-32	
      2678	6.6323e-32	
      2679	5.63816e-32	
      2680	4.7951e-32	
      2681	4.07984e-32	
      2682	3.47274e-32	
      2683	2.9572e-32	
      2684	2.51923e-32	
      2685	 2.147e-32	
      2686	1.82858e-32	
      2687	 1.558e-32	
      2688	1.32797e-32	
      2689	1.13234e-32	
      2690	9.65895e-33	
      2691	8.24663e-33	
      2692	7.04344e-33	
      2693	6.01802e-33	
      2694	5.14376e-33	
      2695	4.39809e-33	
      2696	3.75986e-33	
      2697	3.21538e-33	
      2698	2.7507e-33	
      2699	2.35398e-33	
      2700	2.01572e-33	
      2701	2.47454e-33	
      2702	3.04073e-33	
      2703	3.73911e-33	
      2704	4.60114e-33	
      2705	5.66595e-33	
      2706	6.98222e-33	
      2707	8.61054e-33	
      2708	1.06264e-32	
      2709	1.31239e-32	
      2710	1.62204e-32	
      2711	2.00736e-32	
      2712	2.48611e-32	
      2713	3.0814e-32	
      2714	3.82219e-32	
      2715	4.74478e-32	
      2716	5.89149e-32	
      2717	7.32116e-32	
      2718	9.10507e-32	
      2719	1.13328e-31	
      2720	1.41172e-31	
      2721	1.75906e-31	
      2722	2.19368e-31	
      2723	2.73799e-31	
      2724	3.42026e-31	
      2725	4.27741e-31	
      2726	5.35697e-31	
      2727	6.71677e-31	
      2728	8.42921e-31	
      2729	1.05877e-30	
      2730	1.33111e-30	
      2731	1.67316e-30	
      2732	2.10506e-30	
      2733	2.65093e-30	
      2734	3.34149e-30	
      2735	4.21597e-30	
      2736	5.32743e-30	
      2737	6.73849e-30	
      2738	8.53174e-30	
      2739	1.0813e-29	
      2740	1.37182e-29	
      2741	1.74315e-29	
      2742	2.21731e-29	
      2743	2.82339e-29	
      2744	3.59897e-29	
      2745	4.59255e-29	
      2746	5.86348e-29	
      2747	7.49439e-29	
      2748	9.58963e-29	
      2749	1.22845e-28	
      2750	1.57547e-28	
      2751	2.02172e-28	
      2752	2.5974e-28	
      2753	3.34098e-28	
      2754	4.30262e-28	
      2755	5.54781e-28	
      2756	7.16222e-28	
      2757	9.25803e-28	
      2758	1.19824e-27	
      2759	1.55284e-27	
      2760	2.01502e-27	
      2761	2.61976e-27	
      2762	3.41058e-27	
      2763	4.44621e-27	
      2764	5.80438e-27	
      2765	7.58811e-27	
      2766	9.94001e-27	
      2767	1.30398e-26	
      2768	1.71317e-26	
      2769	2.25413e-26	
      2770	2.96958e-26	
      2771	3.91361e-26	
      2772	5.16434e-26	
      2773	6.82569e-26	
      2774	9.03616e-26	
      2775	1.19823e-25	
      2776	1.59251e-25	
      2777	2.12015e-25	
      2778	2.82755e-25	
      2779	3.77767e-25	
      2780	5.05619e-25	
      2781	6.78392e-25	
      2782	9.11913e-25	
      2783	1.22817e-24	
      2784	1.65732e-24	
      2785	2.24089e-24	
      2786	3.0361e-24	
      2787	 4.122e-24	
      2788	5.60812e-24	
      2789	7.64649e-24	
      2790	1.04487e-23	
      2791	1.43013e-23	
      2792	1.96193e-23	
      2793	2.69781e-23	
      2794	3.71861e-23	
      2795	5.13978e-23	
      2796	7.12629e-23	
      2797	 9.909e-23	
      2798	1.38146e-22	
      2799	1.93116e-22	
      2800	2.70706e-22	
      2801	3.42726e-22	
      2802	4.34345e-22	
      2803	5.51019e-22	
      2804	6.99759e-22	
      2805	8.89859e-22	
      2806	1.13351e-21	
      2807	1.44589e-21	
      2808	1.84639e-21	
      2809	2.36046e-21	
      2810	3.02108e-21	
      2811	3.87104e-21	
      2812	4.96594e-21	
      2813	6.37809e-21	
      2814	8.20169e-21	
      2815	1.05596e-20	
      2816	1.36039e-20	
      2817	1.75479e-20	
      2818	2.26645e-20	
      2819	2.93112e-20	
      2820	3.79574e-20	
      2821	4.91896e-20	
      2822	6.38329e-20	
      2823	8.29508e-20	
      2824	1.07947e-19	
      2825	1.40723e-19	
      2826	1.83836e-19	
      2827	2.40593e-19	
      2828	3.15353e-19	
      2829	4.13986e-19	
      2830	5.44328e-19	
      2831	7.16409e-19	
      2832	9.44441e-19	
      2833	1.24714e-18	
      2834	1.64967e-18	
      2835	2.18592e-18	
      2836	2.8998e-18	
      2837	3.85379e-18	
      2838	5.1311e-18	
      2839	6.84468e-18	
      2840	9.14815e-18	
      2841	1.22588e-17	
      2842	1.64604e-17	
      2843	2.21476e-17	
      2844	2.98628e-17	
      2845	4.03526e-17	
      2846	5.46125e-17	
      2847	7.40789e-17	
      2848	1.00717e-16	
      2849	1.3726e-16	
      2850	1.87517e-16	
      2851	2.56816e-16	
      2852	3.52629e-16	
      2853	4.85464e-16	
      2854	6.70147e-16	
      2855	9.27663e-16	
      2856	1.28866e-15	
      2857	1.79541e-15	
      2858	2.50903e-15	
      2859	3.51726e-15	
      2860	4.94652e-15	
      2861	6.97969e-15	
      2862	9.88237e-15	
      2863	1.40418e-14	
      2864	2.00251e-14	
      2865	2.86662e-14	
      2866	4.11421e-14	
      2867	5.92878e-14	
      2868	8.57969e-14	
      2869	1.24703e-13	
      2870	1.82137e-13	
      2871	2.67467e-13	
      2872	3.94846e-13	
      2873	5.85894e-13	
      2874	8.74062e-13	
      2875	1.31175e-12	
      2876	1.98159e-12	
      2877	3.01302e-12	
      2878	4.61115e-12	
      2879	7.10531e-12	
      2880	1.10277e-11	
      2881	1.7223e-11	
      2882	2.71168e-11	
      2883	4.3062e-11	
      2884	6.90119e-11	
      2885	1.11687e-10	
      2886	1.82783e-10	
      2887	3.02543e-10	
      2888	5.06942e-10	
      2889	8.60841e-10	
      2890	1.48332e-09	
      2891	2.59751e-09	
      2892	4.63114e-09	
      2893	8.42602e-09	
      2894	1.56902e-08	
      2895	3.0019e-08	
      2896	5.92916e-08	
      2897	1.21993e-07	
      2898	2.65302e-07	
      2899	6.30274e-07	
      2900	1.95647e-06	
      2901	2.02141e-06	
      2902	2.08872e-06	
      2903	2.15847e-06	
      2904	2.23077e-06	
      2905	2.30573e-06	
      2906	2.38177e-06	
      2907	2.46057e-06	
      2908	2.54223e-06	
      2909	2.62687e-06	
      2910	2.7146e-06	
      2911	2.80358e-06	
      2912	2.89578e-06	
      2913	2.99131e-06	
      2914	3.09032e-06	
      2915	3.19294e-06	
      2916	3.30166e-06	
      2917	3.41446e-06	
      2918	3.53151e-06	
      2919	3.65298e-06	
      2920	3.77906e-06	
      2921	3.90993e-06	
      2922	4.04581e-06	
      2923	4.18691e-06	
      2924	4.33344e-06	
      2925	4.48563e-06	
      2926	4.64374e-06	
      2927	4.80801e-06	
      2928	4.9787e-06	
      2929	5.15611e-06	
      2930	5.34051e-06	
      2931	5.52821e-06	
      2932	5.72323e-06	
      2933	5.9259e-06	
      2934	6.13655e-06	
      2935	6.35553e-06	
      2936	6.58803e-06	
      2937	6.82999e-06	
      2938	7.08182e-06	
      2939	7.34398e-06	
      2940	7.61694e-06	
      2941	7.89535e-06	
      2942	8.18513e-06	
      2943	8.48678e-06	
      2944	8.80086e-06	
      2945	9.13134e-06	
      2946	9.48277e-06	
      2947	9.85297e-06	
      2948	1.02393e-05	
      2949	1.06425e-05	
      2950	1.10634e-05	
      2951	1.15029e-05	
      2952	1.19618e-05	
      2953	1.24413e-05	
      2954	1.29422e-05	
      2955	1.34657e-05	
      2956	1.40024e-05	
      2957	1.45631e-05	
      2958	1.51491e-05	
      2959	1.57616e-05	
      2960	1.6402e-05	
      2961	1.70847e-05	
      2962	1.77993e-05	
      2963	1.85475e-05	
      2964	1.93312e-05	
      2965	2.01522e-05	
      2966	2.09965e-05	
      2967	2.18809e-05	
      2968	2.28074e-05	
      2969	2.37785e-05	
      2970	2.47965e-05	
      2971	2.58839e-05	
      2972	2.70253e-05	
      2973	2.82239e-05	
      2974	2.94828e-05	
      2975	3.08055e-05	
      2976	3.21711e-05	
      2977	3.36058e-05	
      2978	3.51137e-05	
      2979	3.66991e-05	
      2980	3.83667e-05	
      2981	4.01525e-05	
      2982	4.20335e-05	
      2983	4.40157e-05	
      2984	4.61052e-05	
      2985	4.8309e-05	
      2986	5.05947e-05	
      2987	5.30058e-05	
      2988	5.55503e-05	
      2989	5.82369e-05	
      2990	6.10749e-05	
      2991	6.41248e-05	
      2992	6.73525e-05	
      2993	7.07701e-05	
      2994	7.43912e-05	
      2995	7.82304e-05	
      2996	8.23037e-05	
      2997	8.66285e-05	
      2998	9.12244e-05	
      2999	9.61127e-05	
      3000	0.000101318	
      3001	0.000101309	
      3002	 0.0001013	
      3003	0.000101291	
      3004	0.000101282	
      3005	0.000101273	
      3006	0.000101345	
      3007	0.000101416	
      3008	0.000101488	
      3009	0.00010156	
      3010	0.000101632	
      3011	0.000101704	
      3012	0.000101776	
      3013	0.000101849	
      3014	0.000101921	
      3015	0.000101994	
      3016	0.000101984	
      3017	0.000101975	
      3018	0.000101965	
      3019	0.000101956	
      3020	0.000101946	
      3021	0.000101936	
      3022	0.000101926	
      3023	0.000101916	
      3024	0.000101905	
      3025	0.000101895	
      3026	0.000101968	
      3027	0.000102041	
      3028	0.000102114	
      3029	0.000102187	
      3030	0.000102261	
      3031	0.00010225	
      3032	0.00010224	
      3033	0.000102229	
      3034	0.000102219	
      3035	0.000102208	
      3036	0.000102113	
      3037	0.000102017	
      3038	0.000101921	
      3039	0.000101824	
      3040	0.00010177	
      3041	0.000101971	
      3042	0.000102216	
      3043	0.000102461	
      3044	0.000102707	
      3045	0.000102954	
      3046	0.000103116	
      3047	0.000103278	
      3048	0.000103441	
      3049	0.000103604	
      3050	0.000103768	
      3051	0.000103845	
      3052	0.000103923	
      3053	0.000104001	
      3054	0.000104079	
      3055	0.000104158	
      3056	0.000104237	
      3057	0.000104316	
      3058	0.000104396	
      3059	0.000104476	
      3060	0.000104556	
      3061	0.00010446	
      3062	0.000104364	
      3063	0.000104268	
      3064	0.000104172	
      3065	0.00010412	
      3066	0.000104156	
      3067	0.000104237	
      3068	0.000104319	
      3069	0.000104401	
      3070	0.000104483	
      3071	0.000104655	
      3072	0.000104828	
      3073	0.000105002	
      3074	0.000105177	
      3075	0.000105352	
      3076	0.000105348	
      3077	0.000105344	
      3078	0.00010534	
      3079	0.000105337	
      3080	0.000105334	
      3081	0.000105331	
      3082	0.000105329	
      3083	0.000105327	
      3084	0.000105325	
      3085	0.000105324	
      3086	0.000105324	
      3087	0.000105324	
      3088	0.000105324	
      3089	0.000105326	
      3090	0.000105327	
      3091	0.00010533	
      3092	0.000105334	
      3093	0.000105338	
      3094	0.000105343	
      3095	0.00010535	
      3096	0.000105358	
      3097	0.000105366	
      3098	0.000105377	
      3099	0.000105389	
      3100	0.000105402	
      3101	0.000103696	
      3102	0.000103385	
      3103	0.000103473	
      3104	0.000103779	
      3105	0.000104231	
      3106	0.000104697	
      3107	0.000105248	
      3108	0.000105869	
      3109	0.000106551	
      3110	0.000107286	
      3111	0.000107971	
      3112	0.000108698	
      3113	0.000109465	
      3114	0.000110268	
      3115	0.000111156	
      3116	0.000112182	
      3117	0.000113294	
      3118	0.000114442	
      3119	0.000115625	
      3120	0.000116842	
      3121	0.000118093	
      3122	0.000119377	
      3123	0.000120696	
      3124	0.000122047	
      3125	0.000123433	
      3126	0.000124853	
      3127	0.000126306	
      3128	0.000127794	
      3129	0.000129317	
      3130	0.000130874	
      3131	0.000132467	
      3132	0.000134096	
      3133	0.000135762	
      3134	0.000137464	
      3135	0.000139204	
      3136	0.00014085	
      3137	0.000142531	
      3138	0.000144248	
      3139	0.000146001	
      3140	0.000147792	
      3141	0.000149761	
      3142	0.000151772	
      3143	0.000153827	
      3144	0.000155926	
      3145	0.000158069	
      3146	0.000160107	
      3147	0.000162187	
      3148	0.000164311	
      3149	0.000166479	
      3150	0.000168691	
      3151	0.000171114	
      3152	0.00017359	
      3153	0.000176119	
      3154	0.000178702	
      3155	0.000181342	
      3156	0.000184039	
      3157	0.000186795	
      3158	0.000189612	
      3159	0.00019249	
      3160	0.000195432	
      3161	0.000198631	
      3162	0.000201903	
      3163	0.00020525	
      3164	0.000208674	
      3165	0.000212177	
      3166	0.000215345	
      3167	0.000218581	
      3168	0.00022189	
      3169	0.000225271	
      3170	0.000228839	
      3171	0.000232715	
      3172	0.000236798	
      3173	0.000240978	
      3174	0.00024526	
      3175	0.000249645	
      3176	0.000253641	
      3177	0.000257729	
      3178	0.000261911	
      3179	0.000266191	
      3180	0.000270572	
      3181	0.000275327	
      3182	0.000280198	
      3183	0.000285189	
      3184	0.000290304	
      3185	0.000295547	
      3186	0.000301219	
      3187	0.000307039	
      3188	0.00031301	
      3189	0.000319138	
      3190	0.000325429	
      3191	0.000331559	
      3192	0.000337848	
      3193	0.000344303	
      3194	0.000350929	
      3195	0.000357731	
      3196	0.000364354	
      3197	0.00037115	
      3198	0.000378126	
      3199	0.000385288	
      3200	0.000392841	
      3201	0.000389714	
      3202	0.000386817	
      3203	0.000383951	
      3204	0.000381117	
      3205	0.000378313	
      3206	0.000375161	
      3207	0.000372045	
      3208	0.000368963	
      3209	0.000365915	
      3210	 0.0003629	
      3211	0.000359554	
      3212	0.000356246	
      3213	0.000352975	
      3214	0.000349739	
      3215	0.00034654	
      3216	0.000343727	
      3217	0.000340943	
      3218	0.000338189	
      3219	0.000335464	
      3220	0.000332767	
      3221	0.000330097	
      3222	0.000327456	
      3223	0.000324841	
      3224	0.000322253	
      3225	0.000319692	
      3226	0.000317483	
      3227	0.000315296	
      3228	0.00031313	
      3229	0.000310984	
      3230	0.000308858	
      3231	0.000306436	
      3232	0.000304037	
      3233	0.000301663	
      3234	0.000299312	
      3235	0.000296983	
      3236	0.000294678	
      3237	0.000292394	
      3238	0.000290133	
      3239	0.000287894	
      3240	0.000285676	
      3241	0.000283479	
      3242	0.000281303	
      3243	0.000279148	
      3244	0.000277013	
      3245	0.000274898	
      3246	0.000273089	
      3247	0.000271297	
      3248	0.000269519	
      3249	0.000267758	
      3250	0.000266011	
      3251	0.000263726	
      3252	0.000261464	
      3253	0.000259223	
      3254	0.000257003	
      3255	0.000254805	
      3256	0.000252896	
      3257	0.000251005	
      3258	0.00024913	
      3259	0.000247273	
      3260	0.000245432	
      3261	0.000243607	
      3262	 0.0002418	
      3263	0.000240008	
      3264	0.000238232	
      3265	0.000236472	
      3266	0.000234727	
      3267	0.000232998	
      3268	0.000231285	
      3269	0.000229586	
      3270	0.000227902	
      3271	0.000226233	
      3272	0.000224579	
      3273	0.000222939	
      3274	0.000221313	
      3275	0.000219701	
      3276	0.000218103	
      3277	0.000216519	
      3278	0.000214949	
      3279	0.000213392	
      3280	0.000211849	
      3281	0.000210318	
      3282	0.000208801	
      3283	0.000207296	
      3284	0.000205805	
      3285	0.000204326	
      3286	0.000203081	
      3287	0.000201846	
      3288	0.000200621	
      3289	0.000199405	
      3290	0.00019809	
      3291	0.000196355	
      3292	0.000194529	
      3293	0.00019272	
      3294	0.000190927	
      3295	0.000189256	
      3296	0.000187808	
      3297	0.000186477	
      3298	0.000185157	
      3299	0.000183848	
      3300	0.000182549	
      3301	0.000185944	
      3302	0.000189414	
      3303	0.000192963	
      3304	0.000196591	
      3305	0.000200301	
      3306	0.00020364	
      3307	0.000207048	
      3308	0.000210527	
      3309	0.000214078	
      3310	0.000217705	
      3311	0.000221659	
      3312	0.000225702	
      3313	0.000229836	
      3314	0.000234063	
      3315	0.000238387	
      3316	0.000242257	
      3317	0.000246207	
      3318	0.000250238	
      3319	0.000254354	
      3320	0.000258706	
      3321	0.000263763	
      3322	0.000269097	
      3323	0.000274563	
      3324	0.000280165	
      3325	0.000285907	
      3326	0.000291119	
      3327	0.000296452	
      3328	0.00030191	
      3329	0.000307497	
      3330	0.000313215	
      3331	0.000319444	
      3332	0.00032583	
      3333	0.000332376	
      3334	0.00033909	
      3335	0.000345975	
      3336	0.000353037	
      3337	0.000360283	
      3338	0.000367718	
      3339	0.000375348	
      3340	0.000383181	
      3341	0.000391222	
      3342	0.00039948	
      3343	0.000407961	
      3344	0.000416674	
      3345	0.000425626	
      3346	0.000434307	
      3347	0.000443222	
      3348	0.000452378	
      3349	0.000461783	
      3350	0.000471448	
      3351	0.000481962	
      3352	0.000492781	
      3353	0.000503918	
      3354	0.000515383	
      3355	0.000527191	
      3356	0.000539355	
      3357	0.000551888	
      3358	0.000564805	
      3359	0.000578122	
      3360	0.000591855	
      3361	0.000606021	
      3362	0.000620639	
      3363	0.000635728	
      3364	0.000651308	
      3365	0.000667401	
      3366	0.000684028	
      3367	0.000701214	
      3368	0.000718984	
      3369	0.000737366	
      3370	0.000756387	
      3371	0.000776078	
      3372	0.00079647	
      3373	0.000817599	
      3374	0.000839501	
      3375	0.000862214	
      3376	0.000885781	
      3377	0.000910244	
      3378	0.000935653	
      3379	0.000962058	
      3380	0.000989513	
      3381	0.00101935	
      3382	0.00105044	
      3383	0.00108285	
      3384	0.00111667	
      3385	0.00115197	
      3386	0.00118737	
      3387	0.00122435	
      3388	0.00126303	
      3389	 0.0013035	
      3390	 0.0013459	
      3391	0.00139035	
      3392	0.00143701	
      3393	0.00148604	
      3394	0.00153763	
      3395	0.00159196	
      3396	0.00164718	
      3397	0.00170547	
      3398	0.00176709	
      3399	0.00183234	
      3400	 0.0019028	
      3401	0.00192234	
      3402	0.00194341	
      3403	0.00196477	
      3404	0.00198644	
      3405	0.00200715	
      3406	0.00202298	
      3407	0.00203771	
      3408	0.00205262	
      3409	0.00206771	
      3410	0.00208432	
      3411	0.00210386	
      3412	0.00212505	
      3413	0.00214654	
      3414	0.00216835	
      3415	0.00219047	
      3416	0.00221007	
      3417	0.00222994	
      3418	0.00225009	
      3419	0.00227052	
      3420	0.00229125	
      3421	0.00231227	
      3422	 0.0023336	
      3423	0.00235524	
      3424	 0.0023772	
      3425	0.00239948	
      3426	 0.0024221	
      3427	0.00244505	
      3428	0.00246835	
      3429	0.00249201	
      3430	0.00251604	
      3431	0.00254378	
      3432	0.00257198	
      3433	0.00260064	
      3434	0.00262978	
      3435	0.00265942	
      3436	0.00268601	
      3437	0.00271304	
      3438	0.00274052	
      3439	0.00276845	
      3440	0.00279685	
      3441	0.00282573	
      3442	 0.0028551	
      3443	0.00288498	
      3444	0.00291538	
      3445	0.00294631	
      3446	 0.0029778	
      3447	0.00300985	
      3448	0.00304247	
      3449	 0.0030757	
      3450	0.00310954	
      3451	0.00314824	
      3452	 0.0031877	
      3453	0.00322793	
      3454	0.00326897	
      3455	0.00331085	
      3456	0.00334907	
      3457	0.00338806	
      3458	0.00342784	
      3459	0.00346844	
      3460	0.00350989	
      3461	0.00355701	
      3462	0.00360517	
      3463	 0.0036544	
      3464	0.00370473	
      3465	0.00375622	
      3466	0.00380375	
      3467	0.00385237	
      3468	0.00390212	
      3469	0.00395304	
      3470	0.00400519	
      3471	0.00405862	
      3472	0.00411337	
      3473	0.00416951	
      3474	0.00422709	
      3475	0.00428618	
      3476	0.00434685	
      3477	0.00440917	
      3478	0.00447323	
      3479	 0.0045391	
      3480	0.00460689	
      3481	0.00468314	
      3482	0.00476174	
      3483	 0.0048428	
      3484	0.00492647	
      3485	 0.0050129	
      3486	0.00509522	
      3487	 0.0051804	
      3488	0.00526863	
      3489	0.00536013	
      3490	0.00545514	
      3491	0.00555393	
      3492	 0.0056568	
      3493	0.00576412	
      3494	0.00587629	
      3495	 0.0059938	
      3496	0.00611722	
      3497	0.00624725	
      3498	0.00638473	
      3499	0.00653077	
      3500	0.00668677	
      3501	0.00669412	
      3502	 0.0067015	
      3503	0.00670891	
      3504	0.00671634	
      3505	0.00672381	
      3506	0.00672182	
      3507	0.00671984	
      3508	0.00671787	
      3509	 0.0067159	
      3510	0.00671395	
      3511	  0.006712	
      3512	0.00671006	
      3513	0.00670813	
      3514	0.00670621	
      3515	0.00670431	
      3516	0.00670241	
      3517	0.00670052	
      3518	0.00669864	
      3519	0.00669677	
      3520	0.00669492	
      3521	0.00670272	
      3522	0.00671055	
      3523	0.00671842	
      3524	0.00672632	
      3525	0.00673426	
      3526	0.00673254	
      3527	0.00673083	
      3528	0.00672913	
      3529	0.00672745	
      3530	0.00672578	
      3531	0.00673389	
      3532	0.00674203	
      3533	0.00675022	
      3534	0.00675845	
      3535	0.00676672	
      3536	0.00676521	
      3537	0.00676372	
      3538	0.00676225	
      3539	 0.0067608	
      3540	0.00675936	
      3541	0.00676783	
      3542	0.00677635	
      3543	0.00678491	
      3544	0.00679352	
      3545	0.00680218	
      3546	0.00680095	
      3547	0.00679974	
      3548	0.00679856	
      3549	 0.0067974	
      3550	0.00679627	
      3551	0.00679517	
      3552	 0.0067941	
      3553	0.00679306	
      3554	0.00679205	
      3555	0.00679107	
      3556	0.00679012	
      3557	0.00678921	
      3558	0.00678834	
      3559	 0.0067875	
      3560	0.00678669	
      3561	0.00679608	
      3562	0.00680552	
      3563	0.00681504	
      3564	0.00682464	
      3565	 0.0068343	
      3566	0.00683383	
      3567	0.00683341	
      3568	0.00683303	
      3569	0.00683271	
      3570	0.00683245	
      3571	0.00683224	
      3572	0.00683209	
      3573	  0.006832	
      3574	0.00683198	
      3575	0.00683202	
      3576	0.00683214	
      3577	0.00683232	
      3578	0.00683259	
      3579	0.00683293	
      3580	0.00683336	
      3581	0.00684432	
      3582	0.00685541	
      3583	0.00686664	
      3584	  0.006878	
      3585	 0.0068895	
      3586	0.00689062	
      3587	0.00689186	
      3588	0.00689323	
      3589	0.00689473	
      3590	0.00689638	
      3591	0.00689819	
      3592	0.00690016	
      3593	 0.0069023	
      3594	0.00690464	
      3595	0.00690718	
      3596	0.00692067	
      3597	0.00693444	
      3598	0.00694852	
      3599	0.00696293	
      3600	0.00697769	
      3601	0.00697213	
      3602	0.00696656	
      3603	0.00696099	
      3604	0.00695541	
      3605	0.00694984	
      3606	0.00694425	
      3607	0.00693867	
      3608	0.00693308	
      3609	0.00692749	
      3610	0.00692189	
      3611	 0.0069272	
      3612	0.00693252	
      3613	0.00693786	
      3614	0.00694321	
      3615	0.00694857	
      3616	  0.006943	
      3617	0.00693742	
      3618	0.00693185	
      3619	0.00692626	
      3620	0.00692068	
      3621	0.00692609	
      3622	0.00693151	
      3623	0.00693695	
      3624	 0.0069424	
      3625	0.00694786	
      3626	0.00694231	
      3627	0.00693675	
      3628	0.00693119	
      3629	0.00692563	
      3630	0.00692007	
      3631	0.00692559	
      3632	0.00693112	
      3633	0.00693667	
      3634	0.00694223	
      3635	0.00694782	
      3636	0.00694229	
      3637	0.00693676	
      3638	0.00693123	
      3639	0.00692571	
      3640	0.00692018	
      3641	0.00692582	
      3642	0.00693148	
      3643	0.00693716	
      3644	0.00694285	
      3645	0.00694857	
      3646	0.00694308	
      3647	 0.0069376	
      3648	0.00693212	
      3649	0.00692664	
      3650	0.00692116	
      3651	0.00691568	
      3652	 0.0069102	
      3653	0.00690473	
      3654	0.00689926	
      3655	0.00689379	
      3656	0.00689963	
      3657	0.00690549	
      3658	0.00691138	
      3659	0.00691729	
      3660	0.00692322	
      3661	0.00692918	
      3662	0.00693516	
      3663	0.00694116	
      3664	0.00694719	
      3665	0.00695324	
      3666	0.00693651	
      3667	0.00691975	
      3668	0.00690299	
      3669	0.00688621	
      3670	0.00687514	
      3671	0.00687553	
      3672	0.00688167	
      3673	0.00688784	
      3674	0.00689404	
      3675	0.00690027	
      3676	0.00689502	
      3677	0.00688978	
      3678	0.00688456	
      3679	0.00687934	
      3680	0.00687414	
      3681	0.00686895	
      3682	0.00686378	
      3683	0.00685862	
      3684	0.00685347	
      3685	0.00684834	
      3686	0.00685485	
      3687	 0.0068614	
      3688	  0.006868	
      3689	0.00687463	
      3690	0.00688131	
      3691	0.00687637	
      3692	0.00687144	
      3693	0.00686655	
      3694	0.00686168	
      3695	0.00685685	
      3696	0.00685205	
      3697	0.00684728	
      3698	0.00684254	
      3699	0.00683785	
      3700	 0.0068332	
      3701	0.00683979	
      3702	 0.0068464	
      3703	0.00685303	
      3704	0.00685969	
      3705	0.00686638	
      3706	0.00686124	
      3707	 0.0068561	
      3708	0.00685096	
      3709	0.00684583	
      3710	0.00684069	
      3711	0.00684747	
      3712	0.00685427	
      3713	 0.0068611	
      3714	0.00686795	
      3715	0.00687483	
      3716	0.00686976	
      3717	 0.0068647	
      3718	0.00685964	
      3719	0.00685458	
      3720	0.00684952	
      3721	 0.0068565	
      3722	 0.0068635	
      3723	0.00687053	
      3724	0.00687758	
      3725	0.00688466	
      3726	0.00687968	
      3727	 0.0068747	
      3728	0.00686972	
      3729	0.00686474	
      3730	0.00685977	
      3731	0.00686695	
      3732	0.00687416	
      3733	0.00688139	
      3734	0.00688866	
      3735	0.00689595	
      3736	0.00687884	
      3737	 0.0068617	
      3738	0.00684454	
      3739	0.00682736	
      3740	0.00681629	
      3741	0.00681749	
      3742	0.00682485	
      3743	0.00683225	
      3744	0.00683967	
      3745	0.00684712	
      3746	0.00684226	
      3747	0.00683739	
      3748	0.00683253	
      3749	0.00682768	
      3750	0.00682282	
      3751	0.00683039	
      3752	0.00683799	
      3753	0.00684562	
      3754	0.00685328	
      3755	0.00686098	
      3756	0.00685622	
      3757	0.00685146	
      3758	 0.0068467	
      3759	0.00684195	
      3760	0.00683721	
      3761	0.00684503	
      3762	0.00685288	
      3763	0.00686077	
      3764	0.00686869	
      3765	0.00687664	
      3766	0.00688463	
      3767	0.00689265	
      3768	0.00690071	
      3769	 0.0069088	
      3770	0.00691693	
      3771	0.00691239	
      3772	0.00690786	
      3773	0.00690333	
      3774	0.00689881	
      3775	0.00689429	
      3776	0.00688978	
      3777	0.00688528	
      3778	0.00688079	
      3779	 0.0068763	
      3780	0.00687182	
      3781	0.00688021	
      3782	0.00688863	
      3783	 0.0068971	
      3784	 0.0069056	
      3785	0.00691415	
      3786	 0.0069098	
      3787	0.00690545	
      3788	0.00690112	
      3789	0.00689679	
      3790	0.00689248	
      3791	0.00690119	
      3792	0.00690995	
      3793	0.00691875	
      3794	0.00692759	
      3795	0.00693648	
      3796	0.00693231	
      3797	0.00692815	
      3798	  0.006924	
      3799	0.00691987	
      3800	0.00691574	
      3801	0.00685766	
      3802	0.00681274	
      3803	 0.0067754	
      3804	0.00674317	
      3805	0.00671467	
      3806	0.00667633	
      3807	0.00664041	
      3808	 0.0066065	
      3809	0.00657429	
      3810	0.00654356	
      3811	0.00652667	
      3812	0.00651087	
      3813	0.00649603	
      3814	0.00648207	
      3815	 0.0064689	
      3816	0.00644405	
      3817	0.00641991	
      3818	0.00639643	
      3819	0.00637357	
      3820	0.00635129	
      3821	0.00634185	
      3822	0.00633289	
      3823	0.00632437	
      3824	0.00631627	
      3825	0.00630857	
      3826	0.00630126	
      3827	0.00629431	
      3828	 0.0062877	
      3829	0.00628143	
      3830	0.00627549	
      3831	0.00625768	
      3832	0.00624018	
      3833	  0.006223	
      3834	0.00620612	
      3835	0.00618952	
      3836	0.00618533	
      3837	0.00618139	
      3838	0.00617771	
      3839	0.00617426	
      3840	0.00617106	
      3841	0.00615599	
      3842	0.00614116	
      3843	0.00612657	
      3844	 0.0061122	
      3845	0.00609806	
      3846	0.00609621	
      3847	0.00609458	
      3848	0.00609314	
      3849	0.00609192	
      3850	0.00609089	
      3851	0.00607801	
      3852	0.00606534	
      3853	0.00605286	
      3854	0.00604058	
      3855	 0.0060285	
      3856	0.00602265	
      3857	0.00601699	
      3858	0.00600549	
      3859	0.00600022	
      3860	0.00599514	
      3861	0.00599026	
      3862	 0.0059916	
      3863	0.00598711	
      3864	0.00598886	
      3865	0.00598476	
      3866	0.00597483	
      3867	0.00597113	
      3868	0.00596159	
      3869	 0.0059583	
      3870	0.00594917	
      3871	0.00595235	
      3872	0.00595576	
      3873	0.00595938	
      3874	0.00596324	
      3875	0.00596733	
      3876	0.00595952	
      3877	0.00595801	
      3878	0.00595066	
      3879	0.00594964	
      3880	0.00594278	
      3881	0.00594227	
      3882	0.00594203	
      3883	0.00594208	
      3884	0.00594241	
      3885	0.00594305	
      3886	0.00595014	
      3887	0.00595757	
      3888	0.00597151	
      3889	0.00597968	
      3890	0.00598825	
      3891	0.00598489	
      3892	0.00598193	
      3893	0.00598559	
      3894	0.00598352	
      3895	0.00598195	
      3896	0.00599335	
      3897	0.00599912	
      3898	0.00601179	
      3899	0.00601891	
      3900	0.00603309	
      3901	0.00604536	
      3902	 0.0060577	
      3903	 0.0060638	
      3904	0.00607629	
      3905	0.00608886	
      3906	0.00609515	
      3907	0.00609512	
      3908	0.00610151	
      3909	0.00610155	
      3910	0.00610804	
      3911	0.00612102	
      3912	0.00612765	
      3913	0.00614079	
      3914	0.00614756	
      3915	0.00616087	
      3916	0.00616128	
      3917	0.00616173	
      3918	0.00616874	
      3919	0.00616929	
      3920	0.00616987	
      3921	0.00618364	
      3922	0.00619751	
      3923	0.00620489	
      3924	0.00621896	
      3925	0.00623313	
      3926	0.00623413	
      3927	0.00624183	
      3928	0.00624295	
      3929	0.00625081	
      3930	0.00625204	
      3931	0.00626678	
      3932	0.00627491	
      3933	0.00628988	
      3934	0.00629821	
      3935	0.00631342	
      3936	0.00632196	
      3937	0.00632378	
      3938	0.00633251	
      3939	0.00633449	
      3940	0.00634341	
      3941	0.00635245	
      3942	0.00636851	
      3943	 0.0063778	
      3944	0.00639415	
      3945	0.00640369	
      3946	0.00640639	
      3947	0.00640918	
      3948	0.00641908	
      3949	0.00642208	
      3950	0.00642519	
      3951	0.00643548	
      3952	  0.006453	
      3953	0.00646361	
      3954	 0.0064815	
      3955	0.00649245	
      3956	0.00650357	
      3957	0.00651486	
      3958	0.00651911	
      3959	0.00653074	
      3960	0.00654257	
      3961	0.00656186	
      3962	 0.0065814	
      3963	0.00659388	
      3964	0.00661392	
      3965	0.00663423	
      3966	0.00664006	
      3967	0.00665349	
      3968	0.00665974	
      3969	0.00667367	
      3970	 0.0066804	
      3971	0.00670238	
      3972	0.00671718	
      3973	0.00673985	
      3974	0.00675532	
      3975	0.00677874	
      3976	0.00679495	
      3977	0.00680388	
      3978	0.00682085	
      3979	0.00683052	
      3980	0.00684833	
      3981	0.00686662	
      3982	 0.0068854	
      3983	0.00691257	
      3984	0.00693249	
      3985	0.00695303	
      3986	0.00698216	
      3987	 0.0070041	
      3988	 0.0070348	
      3989	0.00705836	
      3990	0.00709091	
      3991	 0.0071083	
      3992	0.00713485	
      3993	0.00715443	
      3994	0.00718353	
      3995	0.00720588	
      3996	0.00724657	
      3997	0.00728105	
      3998	 0.0073264	
      3999	0.00736638	
      4000	0.00741871	
