       280	2.24432e-24	
       281	5.40014e-24	
       282	1.19168e-23	
       283	1.85424e-23	
       284	2.16656e-23	
       285	1.77509e-23	
       286	2.8758e-23	
       287	5.1886e-23	
       288	5.97894e-23	
       289	9.19693e-23	
       290	1.58862e-22	
       291	2.16638e-22	
       292	2.47097e-22	
       293	2.88658e-22	
       294	3.49538e-22	
       295	4.25078e-22	
       296	5.38072e-22	
       297	5.86107e-22	
       298	7.22587e-22	
       299	8.08407e-22	
       300	9.35599e-22	
       301	3.84642e-20	
       302	1.6282e-18	
       303	8.45665e-17	
       304	3.66792e-15	
       305	1.50463e-13	
       306	6.80525e-13	
       307	3.4853e-12	
       308	1.80957e-11	
       309	7.93605e-11	
       310	3.72569e-10	
       311	1.42856e-09	
       312	4.02526e-09	
       313	1.14845e-08	
       314	3.37515e-08	
       315	9.19934e-08	
       316	1.40625e-07	
       317	2.79137e-07	
       318	4.63545e-07	
       319	7.40334e-07	
       320	1.34677e-06	
       321	2.0108e-06	
       322	2.85783e-06	
       323	3.98566e-06	
       324	6.55849e-06	
       325	1.11838e-05	
       326	1.70606e-05	
       327	2.26451e-05	
       328	2.81636e-05	
       329	3.84288e-05	
       330	5.37838e-05	
       331	5.8408e-05	
       332	6.77895e-05	
       333	7.73466e-05	
       334	9.05795e-05	
       335	0.000110139	
       336	0.000111996	
       337	0.000117868	
       338	0.000146466	
       339	0.000173766	
       340	0.000208029	
       341	0.000220716	
       342	0.000246841	
       343	0.000281306	
       344	0.000266585	
       345	0.000304053	
       346	0.000351837	
       347	0.000387326	
       348	0.00041191	
       349	0.000442475	
       350	0.00053144	
       351	0.000600682	
       352	0.000606241	
       353	0.000666353	
       354	0.000813517	
       355	0.000886121	
       356	0.000870864	
       357	0.000795621	
       358	0.00077439	
       359	0.000916388	
       360	0.00120026	
       361	 0.0011612	
       362	0.00125869	
       363	0.00146464	
       364	0.00156713	
       365	0.00175803	
       366	0.00212524	
       367	0.00224911	
       368	0.00223538	
       369	0.00243131	
       370	0.00269988	
       371	0.00270517	
       372	0.00277134	
       373	0.00262812	
       374	0.00252665	
       375	 0.0028536	
       376	0.00335276	
       377	0.00381269	
       378	0.00464795	
       379	0.00439465	
       380	 0.0043407	
       381	0.00478852	
       382	0.00400146	
       383	0.00328494	
       384	0.00383498	
       385	0.00503773	
       386	0.00511824	
       387	0.00548595	
       388	0.00562174	
       389	 0.0063569	
       390	 0.0075775	
       391	0.00842532	
       392	0.00812629	
       393	0.00543737	
       394	0.00581551	
       395	0.00930353	
       396	0.00891889	
       397	0.00644919	
       398	 0.0110124	
       399	 0.0145142	
       400	 0.0158892	
       401	 0.0171002	
       402	 0.0182348	
       403	 0.0185119	
       404	 0.0192538	
       405	 0.0196165	
       406	 0.0198061	
       407	 0.0202183	
       408	 0.0217565	
       409	 0.0233214	
       410	 0.0218927	
       411	 0.0242985	
       412	 0.0264517	
       413	 0.0266019	
       414	 0.0271326	
       415	 0.0288389	
       416	 0.0304707	
       417	 0.0307736	
       418	 0.0307355	
       419	 0.0320435	
       420	 0.0315686	
       421	 0.0352511	
       422	 0.0362879	
       423	 0.0363671	
       424	 0.0372989	
       425	 0.0390794	
       426	 0.0391907	
       427	 0.0391411	
       428	 0.0398962	
       429	 0.0376618	
       430	 0.0319534	
       431	 0.0320303	
       432	 0.0468826	
       433	 0.0475175	
       434	 0.0460784	
       435	 0.0507795	
       436	 0.0564853	
       437	  0.058376	
       438	 0.0540101	
       439	 0.0538889	
       440	 0.0607193	
       441	 0.0629323	
       442	 0.0676352	
       443	 0.0703317	
       444	 0.0708245	
       445	 0.0734675	
       446	 0.0705397	
       447	 0.0780539	
       448	 0.0815333	
       449	 0.0834987	
       450	  0.087878	
       451	 0.0919532	
       452	 0.0904367	
       453	 0.0871517	
       454	 0.0924438	
       455	 0.0947733	
       456	  0.098882	
       457	  0.101685	
       458	  0.101846	
       459	  0.102716	
       460	    0.1046	
       461	  0.109047	
       462	  0.112317	
       463	  0.114133	
       464	   0.11343	
       465	   0.11364	
       466	  0.116485	
       467	  0.115453	
       468	  0.120497	
       469	  0.123055	
       470	  0.121747	
       471	  0.125406	
       472	  0.131949	
       473	  0.131199	
       474	  0.134277	
       475	  0.139596	
       476	   0.13901	
       477	  0.142188	
       478	  0.147358	
       479	  0.147766	
       480	  0.151144	
       481	  0.153017	
       482	  0.154793	
       483	  0.154846	
       484	  0.154266	
       485	  0.151657	
       486	   0.13283	
       487	  0.143754	
       488	  0.155534	
       489	  0.153832	
       490	  0.166897	
       491	  0.165085	
       492	  0.161683	
       493	  0.169862	
       494	  0.171167	
       495	  0.179443	
       496	  0.176421	
       497	  0.178614	
       498	  0.176797	
       499	  0.178024	
       500	  0.179234	
       501	  0.176815	
       502	  0.178967	
       503	  0.185831	
       504	   0.18145	
       505	  0.191596	
       506	  0.199785	
       507	  0.195161	
       508	  0.192437	
       509	  0.199594	
       510	  0.198328	
       511	  0.202476	
       512	  0.207189	
       513	    0.1996	
       514	  0.196652	
       515	   0.20281	
       516	  0.201533	
       517	  0.177599	
       518	  0.191844	
       519	  0.193826	
       520	    0.2084	
       521	  0.213549	
       522	  0.217586	
       523	  0.211267	
       524	  0.222819	
       525	  0.224417	
       526	  0.216911	
       527	  0.200443	
       528	  0.220841	
       529	  0.232491	
       530	  0.229547	
       531	  0.239147	
       532	  0.235477	
       533	    0.2189	
       534	  0.228526	
       535	  0.235612	
       536	  0.241664	
       537	  0.231492	
       538	  0.238164	
       539	  0.235235	
       540	  0.228905	
       541	  0.225193	
       542	  0.240248	
       543	  0.241527	
       544	  0.248333	
       545	  0.245849	
       546	  0.245782	
       547	  0.248173	
       548	  0.245731	
       549	  0.250946	
       550	  0.251137	
       551	  0.252182	
       552	  0.255925	
       553	  0.251851	
       554	  0.255744	
       555	  0.257588	
       556	  0.254455	
       557	  0.250087	
       558	  0.252389	
       559	  0.244855	
       560	  0.248676	
       561	  0.258557	
       562	  0.252669	
       563	   0.25839	
       564	  0.257148	
       565	  0.256407	
       566	  0.248653	
       567	  0.259772	
       568	  0.260737	
       569	  0.257821	
       570	  0.256465	
       571	  0.250876	
       572	  0.261968	
       573	  0.265611	
       574	  0.264995	
       575	  0.261437	
       576	  0.261489	
       577	  0.265718	
       578	  0.261527	
       579	  0.264029	
       580	  0.266752	
       581	  0.268593	
       582	  0.272298	
       583	  0.274931	
       584	  0.275172	
       585	  0.274291	
       586	  0.270769	
       587	  0.276452	
       588	  0.272702	
       589	  0.252708	
       590	  0.263343	
       591	  0.276576	
       592	  0.277358	
       593	  0.278331	
       594	  0.280422	
       595	  0.281941	
       596	   0.28666	
       597	  0.289839	
       598	  0.287392	
       599	  0.287963	
       600	  0.290807	
       601	   0.28934	
       602	  0.289325	
       603	  0.295877	
       604	  0.302788	
       605	  0.304705	
       606	  0.306077	
       607	  0.308686	
       608	  0.310212	
       609	  0.310811	
       610	  0.313661	
       611	  0.316096	
       612	  0.322727	
       613	  0.321449	
       614	  0.318192	
       615	  0.326354	
       616	  0.323226	
       617	   0.32391	
       618	  0.335967	
       619	  0.342465	
       620	  0.346518	
       621	  0.350605	
       622	  0.348268	
       623	  0.350531	
       624	  0.351737	
       625	  0.350255	
       626	  0.354345	
       627	  0.366079	
       628	  0.371138	
       629	  0.374309	
       630	  0.374412	
       631	  0.373216	
       632	  0.366272	
       633	  0.380122	
       634	  0.380567	
       635	  0.383314	
       636	  0.381074	
       637	  0.392089	
       638	  0.397868	
       639	  0.396483	
       640	  0.391704	
       641	  0.393536	
       642	  0.397208	
       643	  0.403384	
       644	  0.403991	
       645	  0.408983	
       646	  0.405761	
       647	  0.411092	
       648	  0.411311	
       649	  0.403703	
       650	  0.403799	
       651	  0.421336	
       652	   0.42349	
       653	  0.427314	
       654	  0.424755	
       655	  0.408199	
       656	  0.370155	
       657	  0.384221	
       658	  0.422823	
       659	  0.432572	
       660	  0.440672	
       661	  0.447083	
       662	  0.450685	
       663	   0.45177	
       664	  0.453562	
       665	  0.460859	
       666	  0.462301	
       667	  0.460736	
       668	  0.452932	
       669	   0.44998	
       670	  0.440001	
       671	  0.435044	
       672	  0.428775	
       673	  0.428009	
       674	   0.42446	
       675	  0.421573	
       676	  0.423827	
       677	  0.419982	
       678	  0.420146	
       679	   0.41592	
       680	  0.414954	
       681	   0.41479	
       682	   0.41437	
       683	  0.411946	
       684	  0.409596	
       685	  0.408007	
       686	  0.401252	
       687	  0.408833	
       688	  0.412637	
       689	  0.413353	
       690	  0.413414	
       691	  0.415089	
       692	  0.415373	
       693	  0.421445	
       694	  0.425835	
       695	  0.426276	
       696	  0.430483	
       697	  0.434815	
       698	  0.435843	
       699	  0.442365	
       700	  0.445581	
       701	  0.448163	
       702	  0.451719	
       703	  0.460402	
       704	  0.470338	
       705	  0.479553	
       706	  0.482151	
       707	  0.487102	
       708	  0.495779	
       709	  0.505309	
       710	  0.529499	
       711	  0.481871	
       712	  0.453504	
       713	   0.43384	
       714	  0.420909	
       715	   0.40361	
       716	  0.396723	
       717	   0.38792	
       718	  0.375446	
       719	  0.361556	
       720	   0.36708	
       721	  0.366501	
       722	  0.365665	
       723	  0.361897	
       724	  0.360897	
       725	  0.361951	
       726	  0.366376	
       727	  0.373107	
       728	  0.378389	
       729	  0.375271	
       730	  0.393205	
       731	  0.398065	
       732	  0.409889	
       733	  0.416955	
       734	  0.433606	
       735	   0.44322	
       736	  0.450542	
       737	  0.463632	
       738	  0.475868	
       739	  0.485645	
       740	  0.519732	
       741	  0.520063	
       742	  0.520943	
       743	  0.533263	
       744	  0.540568	
       745	  0.541212	
       746	  0.544052	
       747	  0.547033	
       748	  0.547522	
       749	  0.550366	
       750	  0.551377	
       751	  0.555631	
       752	  0.561546	
       753	  0.567007	
       754	   0.57227	
       755	  0.573633	
       756	  0.568804	
       757	  0.570153	
       758	  0.574226	
       759	  0.570238	
       760	  0.573629	
       761	  0.572452	
       762	  0.573551	
       763	  0.525813	
       764	  0.490899	
       765	  0.461499	
       766	  0.428991	
       767	  0.414731	
       768	  0.416071	
       769	  0.419388	
       770	  0.426471	
       771	  0.434877	
       772	  0.443816	
       773	  0.453385	
       774	  0.463717	
       775	     0.475	
       776	  0.487015	
       777	  0.498122	
       778	  0.514856	
       779	  0.538724	
       780	   0.57884	
       781	  0.576811	
       782	  0.578953	
       783	  0.574757	
       784	  0.570766	
       785	  0.573555	
       786	  0.574034	
       787	   0.57339	
       788	  0.569796	
       789	  0.568667	
       790	  0.564565	
       791	  0.559896	
       792	  0.555255	
       793	  0.550637	
       794	  0.546644	
       795	  0.546896	
       796	  0.552004	
       797	  0.559553	
       798	  0.556834	
       799	  0.551703	
       800	  0.545365	
       801	  0.527717	
       802	  0.512498	
       803	  0.494471	
       804	  0.485028	
       805	  0.468872	
       806	  0.468447	
       807	  0.459782	
       808	  0.451729	
       809	  0.440195	
       810	  0.436575	
       811	  0.432268	
       812	  0.430152	
       813	  0.425852	
       814	   0.42083	
       815	  0.413696	
       816	  0.409107	
       817	  0.403352	
       818	  0.392436	
       819	  0.381857	
       820	  0.377311	
       821	   0.37511	
       822	  0.367413	
       823	  0.367613	
       824	  0.366314	
       825	  0.376447	
       826	  0.390116	
       827	   0.40215	
       828	  0.412052	
       829	  0.423302	
       830	  0.439514	
       831	  0.459311	
       832	  0.471553	
       833	  0.467243	
       834	    0.4772	
       835	  0.484058	
       836	  0.492408	
       837	  0.495283	
       838	  0.500295	
       839	  0.503992	
       840	   0.51443	
       841	  0.515946	
       842	  0.510694	
       843	  0.510388	
       844	  0.506988	
       845	  0.519246	
       846	  0.521582	
       847	  0.512601	
       848	  0.513105	
       849	    0.5092	
       850	  0.478895	
       851	  0.508421	
       852	  0.513136	
       853	  0.504645	
       854	  0.466755	
       855	  0.489363	
       856	  0.522893	
       857	  0.538961	
       858	  0.544825	
       859	   0.54979	
       860	  0.554853	
       861	  0.555014	
       862	  0.560042	
       863	  0.559937	
       864	  0.551005	
       865	  0.535377	
       866	  0.490951	
       867	   0.51443	
       868	  0.537324	
       869	  0.537977	
       870	  0.544367	
       871	  0.541182	
       872	  0.545486	
       873	  0.541522	
       874	  0.533265	
       875	  0.528933	
       876	  0.539711	
       877	  0.543115	
       878	  0.541456	
       879	  0.535205	
       880	   0.53381	
       881	   0.46274	
       882	  0.442372	
       883	  0.422075	
       884	  0.407469	
       885	  0.395421	
       886	  0.374464	
       887	  0.362004	
       888	  0.357144	
       889	  0.349414	
       890	  0.340226	
       891	  0.331044	
       892	  0.321223	
       893	  0.310434	
       894	   0.30486	
       895	  0.299717	
       896	   0.29552	
       897	  0.288427	
       898	  0.281727	
       899	  0.274259	
       900	  0.268452	
       901	  0.259585	
       902	  0.251751	
       903	  0.256258	
       904	  0.253345	
       905	   0.24834	
       906	  0.249748	
       907	  0.253761	
       908	  0.254004	
       909	   0.25414	
       910	  0.259209	
       911	  0.263426	
       912	  0.266124	
       913	  0.271965	
       914	  0.275565	
       915	  0.277602	
       916	  0.278913	
       917	  0.278037	
       918	  0.278018	
       919	  0.278937	
       920	   0.27715	
       921	   0.27336	
       922	  0.270229	
       923	  0.264612	
       924	  0.272677	
       925	  0.274649	
       926	   0.20638	
       927	  0.170682	
       928	  0.141877	
       929	  0.120169	
       930	  0.103347	
       931	 0.0910872	
       932	 0.0804716	
       933	 0.0720418	
       934	 0.0644113	
       935	 0.0574375	
       936	 0.0517181	
       937	 0.0470477	
       938	 0.0483466	
       939	 0.0492993	
       940	 0.0496295	
       941	 0.0501149	
       942	 0.0502877	
       943	 0.0526581	
       944	 0.0533069	
       945	 0.0547558	
       946	 0.0564759	
       947	 0.0578058	
       948	 0.0594029	
       949	 0.0634975	
       950	  0.067559	
       951	 0.0717564	
       952	 0.0771327	
       953	 0.0826499	
       954	 0.0877286	
       955	 0.0913809	
       956	   0.10159	
       957	   0.11158	
       958	  0.122576	
       959	  0.134907	
       960	  0.147569	
       961	  0.162846	
       962	  0.182547	
       963	  0.205915	
       964	  0.235261	
       965	  0.279803	
       966	  0.281859	
       967	   0.28748	
       968	  0.289513	
       969	  0.294385	
       970	  0.299483	
       971	   0.30203	
       972	  0.307877	
       973	  0.310578	
       974	  0.312057	
       975	  0.318543	
       976	  0.326545	
       977	  0.330502	
       978	   0.33777	
       979	  0.341689	
       980	  0.350868	
       981	  0.355756	
       982	  0.362498	
       983	  0.366345	
       984	  0.369588	
       985	  0.375457	
       986	  0.379894	
       987	  0.386021	
       988	  0.391754	
       989	  0.395905	
       990	  0.404857	
       991	  0.416207	
       992	  0.425511	
       993	  0.438657	
       994	  0.448601	
       995	  0.447286	
       996	  0.446489	
       997	  0.442712	
       998	  0.442654	
       999	  0.443039	
      1000	   0.44448	
      1001	   0.44712	
      1002	  0.447529	
      1003	  0.443728	
      1004	  0.437134	
      1005	  0.418687	
      1006	  0.432274	
      1007	  0.441677	
      1008	  0.444065	
      1009	  0.443355	
      1010	    0.4444	
      1011	  0.443008	
      1012	  0.442612	
      1013	  0.441303	
      1014	   0.44222	
      1015	  0.437999	
      1016	  0.438767	
      1017	  0.437313	
      1018	  0.440268	
      1019	  0.432945	
      1020	  0.434756	
      1021	  0.436192	
      1022	  0.433054	
      1023	   0.43616	
      1024	  0.438355	
      1025	  0.438537	
      1026	  0.439133	
      1027	  0.438801	
      1028	   0.43952	
      1029	  0.437501	
      1030	  0.438827	
      1031	  0.439164	
      1032	  0.439225	
      1033	  0.435017	
      1034	  0.437421	
      1035	  0.440077	
      1036	  0.441157	
      1037	  0.439136	
      1038	  0.439338	
      1039	  0.443309	
      1040	  0.444219	
      1041	  0.444555	
      1042	   0.44439	
      1043	  0.441923	
      1044	   0.44283	
      1045	  0.439942	
      1046	  0.432339	
      1047	  0.437127	
      1048	  0.441007	
      1049	  0.439927	
      1050	  0.438018	
      1051	  0.438094	
      1052	  0.436346	
      1053	  0.435591	
      1054	  0.434999	
      1055	  0.436398	
      1056	  0.435805	
      1057	  0.434879	
      1058	  0.430459	
      1059	  0.422209	
      1060	  0.428674	
      1061	  0.424495	
      1062	   0.42922	
      1063	  0.426282	
      1064	  0.430091	
      1065	  0.429406	
      1066	  0.422869	
      1067	  0.424014	
      1068	  0.422145	
      1069	   0.40665	
      1070	   0.41498	
      1071	  0.390463	
      1072	  0.377695	
      1073	  0.362837	
      1074	  0.358053	
      1075	  0.346543	
      1076	  0.341879	
      1077	  0.336004	
      1078	  0.329947	
      1079	  0.320526	
      1080	  0.318179	
      1081	  0.308006	
      1082	  0.301415	
      1083	  0.300093	
      1084	  0.298469	
      1085	  0.294674	
      1086	  0.291041	
      1087	   0.28009	
      1088	  0.281223	
      1089	   0.27951	
      1090	  0.275201	
      1091	  0.272819	
      1092	  0.266339	
      1093	  0.259745	
      1094	  0.248011	
      1095	   0.25129	
      1096	  0.251366	
      1097	  0.250615	
      1098	  0.247106	
      1099	  0.244093	
      1100	  0.247252	
      1101	  0.170197	
      1102	  0.127302	
      1103	  0.102789	
      1104	  0.084212	
      1105	  0.070102	
      1106	 0.0592222	
      1107	  0.050459	
      1108	 0.0436123	
      1109	 0.0379388	
      1110	 0.0332509	
      1111	 0.0291536	
      1112	 0.0257629	
      1113	 0.0227906	
      1114	 0.0204709	
      1115	 0.0182858	
      1116	 0.0163039	
      1117	  0.014788	
      1118	 0.0131949	
      1119	 0.0119149	
      1120	 0.0107809	
      1121	  0.011709	
      1122	 0.0127407	
      1123	 0.0138121	
      1124	 0.0149785	
      1125	 0.0161791	
      1126	 0.0172746	
      1127	 0.0190628	
      1128	 0.0210886	
      1129	 0.0231633	
      1130	 0.0253836	
      1131	 0.0253381	
      1132	 0.0252147	
      1133	 0.0248008	
      1134	 0.0246264	
      1135	 0.0244806	
      1136	 0.0243147	
      1137	 0.0237051	
      1138	 0.0232732	
      1139	 0.0233805	
      1140	 0.0233019	
      1141	 0.0228216	
      1142	 0.0229539	
      1143	 0.0226865	
      1144	 0.0223863	
      1145	 0.0223898	
      1146	 0.0245677	
      1147	 0.0268412	
      1148	 0.0292241	
      1149	 0.0319609	
      1150	 0.0350809	
      1151	 0.0386659	
      1152	 0.0427046	
      1153	 0.0476339	
      1154	  0.053603	
      1155	 0.0602633	
      1156	 0.0676407	
      1157	 0.0774661	
      1158	 0.0890333	
      1159	  0.102505	
      1160	  0.119981	
      1161	  0.143892	
      1162	  0.150973	
      1163	  0.156642	
      1164	  0.159788	
      1165	  0.165975	
      1166	  0.169067	
      1167	  0.176586	
      1168	  0.183585	
      1169	  0.186434	
      1170	  0.196684	
      1171	  0.199345	
      1172	  0.200773	
      1173	  0.201226	
      1174	  0.202451	
      1175	  0.201038	
      1176	  0.200189	
      1177	   0.20489	
      1178	  0.205302	
      1179	  0.206428	
      1180	  0.209943	
      1181	  0.210776	
      1182	  0.210549	
      1183	  0.204484	
      1184	  0.212188	
      1185	   0.21677	
      1186	   0.21863	
      1187	  0.220261	
      1188	  0.219228	
      1189	  0.213659	
      1190	  0.221916	
      1191	  0.227783	
      1192	  0.229684	
      1193	  0.231462	
      1194	  0.233404	
      1195	  0.234013	
      1196	  0.235936	
      1197	  0.236676	
      1198	  0.234004	
      1199	   0.23093	
      1200	  0.242241	
      1201	  0.244642	
      1202	   0.24388	
      1203	  0.237048	
      1204	  0.236716	
      1205	  0.242347	
      1206	  0.242829	
      1207	  0.243339	
      1208	  0.238672	
      1209	  0.231526	
      1210	  0.239641	
      1211	  0.238051	
      1212	  0.242692	
      1213	  0.244614	
      1214	  0.244661	
      1215	  0.245882	
      1216	  0.246652	
      1217	  0.247285	
      1218	  0.247451	
      1219	  0.247216	
      1220	  0.249021	
      1221	  0.250046	
      1222	   0.25035	
      1223	  0.250183	
      1224	  0.253626	
      1225	  0.254579	
      1226	  0.255745	
      1227	   0.25322	
      1228	  0.256974	
      1229	  0.260523	
      1230	  0.262017	
      1231	  0.263431	
      1232	  0.263878	
      1233	  0.266886	
      1234	  0.268853	
      1235	  0.270799	
      1236	  0.275379	
      1237	  0.279179	
      1238	  0.283186	
      1239	  0.287076	
      1240	  0.298885	
      1241	   0.29765	
      1242	  0.293974	
      1243	  0.288828	
      1244	   0.28528	
      1245	  0.283659	
      1246	  0.282988	
      1247	  0.281014	
      1248	  0.280341	
      1249	  0.278215	
      1250	  0.275711	
      1251	  0.272311	
      1252	  0.268833	
      1253	  0.267866	
      1254	   0.26643	
      1255	  0.264447	
      1256	  0.262296	
      1257	  0.259688	
      1258	  0.258777	
      1259	  0.256467	
      1260	  0.255761	
      1261	  0.253807	
      1262	  0.250337	
      1263	   0.25042	
      1264	  0.247167	
      1265	  0.246246	
      1266	   0.24597	
      1267	  0.241991	
      1268	    0.2395	
      1269	  0.240038	
      1270	  0.240178	
      1271	  0.240438	
      1272	  0.240183	
      1273	  0.240658	
      1274	  0.240654	
      1275	  0.242946	
      1276	  0.244913	
      1277	  0.246393	
      1278	  0.247371	
      1279	  0.247557	
      1280	  0.247079	
      1281	   0.24032	
      1282	  0.223726	
      1283	  0.239245	
      1284	  0.251085	
      1285	  0.255822	
      1286	  0.259091	
      1287	  0.262729	
      1288	  0.265397	
      1289	  0.269537	
      1290	  0.271333	
      1291	  0.260922	
      1292	  0.253513	
      1293	  0.246488	
      1294	  0.238074	
      1295	  0.234007	
      1296	  0.229993	
      1297	  0.224543	
      1298	  0.219322	
      1299	  0.217092	
      1300	  0.213323	
      1301	  0.209575	
      1302	  0.205082	
      1303	  0.201344	
      1304	  0.198259	
      1305	  0.197239	
      1306	  0.195231	
      1307	  0.193032	
      1308	  0.190639	
      1309	  0.188517	
      1310	   0.18592	
      1311	  0.183529	
      1312	  0.180116	
      1313	  0.175032	
      1314	  0.176259	
      1315	  0.172005	
      1316	  0.171134	
      1317	  0.171972	
      1318	   0.16964	
      1319	  0.170209	
      1320	  0.169057	
      1321	  0.112557	
      1322	 0.0838368	
      1323	 0.0655879	
      1324	 0.0528175	
      1325	 0.0433101	
      1326	 0.0359667	
      1327	 0.0302077	
      1328	 0.0257506	
      1329	  0.021725	
      1330	 0.0189481	
      1331	 0.0165818	
      1332	 0.0143199	
      1333	 0.0127604	
      1334	    0.0113	
      1335	0.00998924	
      1336	 0.0088204	
      1337	0.00787398	
      1338	0.00701249	
      1339	0.00622446	
      1340	0.00558431	
      1341	 0.0051104	
      1342	0.00461294	
      1343	0.00417497	
      1344	0.00378818	
      1345	0.00343877	
      1346	0.00310823	
      1347	0.00284107	
      1348	0.00259036	
      1349	0.00235966	
      1350	0.00213944	
      1351	0.00169615	
      1352	0.00136248	
      1353	0.00109464	
      1354	0.000883059	
      1355	0.000712407	
      1356	0.000583048	
      1357	0.000476543	
      1358	0.000398463	
      1359	0.00033079	
      1360	0.000274232	
      1361	0.000231724	
      1362	0.000194314	
      1363	0.000161816	
      1364	0.000137979	
      1365	0.000117076	
      1366	9.94794e-05	
      1367	8.43166e-05	
      1368	7.2462e-05	
      1369	6.13342e-05	
      1370	5.25913e-05	
      1371	4.53664e-05	
      1372	3.94875e-05	
      1373	3.42006e-05	
      1374	2.95758e-05	
      1375	2.53308e-05	
      1376	2.18752e-05	
      1377	1.91902e-05	
      1378	1.67498e-05	
      1379	1.47092e-05	
      1380	1.28109e-05	
      1381	1.12206e-05	
      1382	9.75187e-06	
      1383	8.58006e-06	
      1384	7.57471e-06	
      1385	  6.63e-06	
      1386	5.86999e-06	
      1387	5.15008e-06	
      1388	4.56891e-06	
      1389	4.04626e-06	
      1390	3.54036e-06	
      1391	3.16699e-06	
      1392	2.81563e-06	
      1393	2.49067e-06	
      1394	2.2053e-06	
      1395	1.96363e-06	
      1396	2.17932e-06	
      1397	2.42618e-06	
      1398	2.71004e-06	
      1399	3.01067e-06	
      1400	3.29365e-06	
      1401	3.68224e-06	
      1402	4.16898e-06	
      1403	4.65046e-06	
      1404	5.23013e-06	
      1405	5.88093e-06	
      1406	6.65256e-06	
      1407	7.49361e-06	
      1408	8.44896e-06	
      1409	9.57381e-06	
      1410	1.08195e-05	
      1411	1.21764e-05	
      1412	1.35683e-05	
      1413	 1.555e-05	
      1414	1.79076e-05	
      1415	2.04554e-05	
      1416	2.32996e-05	
      1417	2.67929e-05	
      1418	3.07831e-05	
      1419	3.50648e-05	
      1420	4.02706e-05	
      1421	4.6637e-05	
      1422	5.31346e-05	
      1423	6.13769e-05	
      1424	7.12455e-05	
      1425	8.35297e-05	
      1426	9.55916e-05	
      1427	0.00011257	
      1428	0.000132819	
      1429	0.000153958	
      1430	0.000181284	
      1431	0.000215736	
      1432	0.000260593	
      1433	0.000310919	
      1434	0.000367524	
      1435	0.000443011	
      1436	0.00053588	
      1437	0.00065173	
      1438	0.000793345	
      1439	0.000974537	
      1440	0.00116402	
      1441	 0.0014541	
      1442	0.00182645	
      1443	 0.0021435	
      1444	0.00232138	
      1445	0.00251165	
      1446	0.00272692	
      1447	0.00293854	
      1448	0.00320407	
      1449	0.00347213	
      1450	0.00374975	
      1451	0.00404062	
      1452	0.00440033	
      1453	0.00481281	
      1454	0.00523917	
      1455	0.00571777	
      1456	0.00624907	
      1457	0.00691261	
      1458	0.00770265	
      1459	0.00853432	
      1460	0.00938643	
      1461	 0.0103765	
      1462	 0.0114641	
      1463	 0.0120499	
      1464	 0.0120752	
      1465	 0.0121842	
      1466	 0.0121023	
      1467	 0.0122463	
      1468	 0.0121648	
      1469	 0.0122653	
      1470	 0.0122137	
      1471	 0.0120537	
      1472	 0.0121013	
      1473	 0.0120852	
      1474	 0.0118658	
      1475	  0.012024	
      1476	 0.0120984	
      1477	  0.012089	
      1478	 0.0129517	
      1479	 0.0140221	
      1480	  0.015123	
      1481	 0.0161698	
      1482	 0.0175123	
      1483	 0.0186751	
      1484	 0.0204245	
      1485	 0.0224137	
      1486	 0.0241941	
      1487	 0.0258676	
      1488	 0.0262058	
      1489	 0.0310524	
      1490	 0.0349414	
      1491	 0.0387794	
      1492	 0.0428403	
      1493	 0.0483836	
      1494	 0.0546405	
      1495	 0.0617507	
      1496	 0.0693988	
      1497	 0.0819797	
      1498	 0.0845673	
      1499	 0.0861868	
      1500	 0.0896371	
      1501	 0.0919573	
      1502	 0.0926653	
      1503	  0.088942	
      1504	 0.0933816	
      1505	 0.0942597	
      1506	   0.10055	
      1507	   0.10692	
      1508	  0.109704	
      1509	  0.112982	
      1510	  0.118742	
      1511	  0.123178	
      1512	  0.125994	
      1513	   0.13042	
      1514	   0.13558	
      1515	  0.142941	
      1516	  0.150012	
      1517	  0.158101	
      1518	   0.17029	
      1519	  0.182472	
      1520	  0.205775	
      1521	  0.202141	
      1522	  0.201426	
      1523	  0.203761	
      1524	   0.20428	
      1525	  0.201623	
      1526	   0.20541	
      1527	    0.2051	
      1528	   0.20619	
      1529	  0.204337	
      1530	  0.197423	
      1531	  0.205314	
      1532	  0.207176	
      1533	  0.205798	
      1534	  0.203846	
      1535	  0.206242	
      1536	  0.209264	
      1537	  0.210077	
      1538	  0.207676	
      1539	  0.211526	
      1540	  0.203392	
      1541	  0.202158	
      1542	  0.201287	
      1543	  0.199605	
      1544	  0.198943	
      1545	  0.197882	
      1546	  0.195618	
      1547	  0.191891	
      1548	  0.187155	
      1549	  0.188157	
      1550	  0.186011	
      1551	  0.185387	
      1552	  0.185657	
      1553	  0.182834	
      1554	   0.17872	
      1555	  0.177938	
      1556	  0.175777	
      1557	  0.177872	
      1558	  0.176589	
      1559	  0.176869	
      1560	  0.176488	
      1561	  0.179284	
      1562	  0.179348	
      1563	  0.179087	
      1564	  0.178072	
      1565	  0.180196	
      1566	  0.179376	
      1567	  0.180011	
      1568	  0.179121	
      1569	  0.180997	
      1570	  0.181604	
      1571	   0.18546	
      1572	  0.186575	
      1573	  0.185354	
      1574	  0.184137	
      1575	  0.178226	
      1576	  0.182833	
      1577	  0.174488	
      1578	  0.184821	
      1579	  0.189204	
      1580	  0.190509	
      1581	  0.189919	
      1582	  0.184125	
      1583	  0.184634	
      1584	  0.183266	
      1585	  0.186561	
      1586	  0.184579	
      1587	  0.181887	
      1588	  0.177074	
      1589	  0.167644	
      1590	  0.171046	
      1591	   0.17222	
      1592	   0.17871	
      1593	  0.181493	
      1594	  0.180314	
      1595	  0.179343	
      1596	  0.172376	
      1597	  0.173292	
      1598	  0.176118	
      1599	  0.173243	
      1600	  0.172978	
      1601	  0.168868	
      1602	  0.169663	
      1603	  0.169529	
      1604	  0.169228	
      1605	  0.167253	
      1606	  0.166302	
      1607	  0.165203	
      1608	  0.166956	
      1609	  0.165039	
      1610	  0.157139	
      1611	  0.160646	
      1612	  0.162612	
      1613	  0.165882	
      1614	  0.166227	
      1615	  0.166002	
      1616	   0.16115	
      1617	  0.163886	
      1618	  0.169302	
      1619	  0.169382	
      1620	  0.166144	
      1621	  0.166914	
      1622	  0.170253	
      1623	  0.174621	
      1624	   0.17613	
      1625	   0.17528	
      1626	  0.178278	
      1627	  0.180685	
      1628	  0.183648	
      1629	  0.186408	
      1630	  0.189422	
      1631	  0.189943	
      1632	  0.189597	
      1633	  0.187278	
      1634	  0.185384	
      1635	   0.18726	
      1636	  0.186478	
      1637	  0.180373	
      1638	  0.178732	
      1639	  0.176012	
      1640	  0.177536	
      1641	  0.176605	
      1642	  0.176767	
      1643	  0.179284	
      1644	  0.177779	
      1645	  0.177167	
      1646	  0.179298	
      1647	  0.179595	
      1648	  0.179019	
      1649	   0.17639	
      1650	  0.177778	
      1651	  0.176141	
      1652	  0.177741	
      1653	  0.176505	
      1654	  0.177033	
      1655	  0.175611	
      1656	  0.176437	
      1657	  0.176492	
      1658	  0.175566	
      1659	  0.173871	
      1660	  0.174811	
      1661	  0.175457	
      1662	  0.174842	
      1663	  0.174136	
      1664	  0.173816	
      1665	   0.17243	
      1666	  0.171149	
      1667	  0.171134	
      1668	  0.169071	
      1669	  0.170233	
      1670	  0.172669	
      1671	   0.17159	
      1672	  0.166622	
      1673	  0.168381	
      1674	  0.170237	
      1675	  0.168492	
      1676	  0.166657	
      1677	   0.16765	
      1678	  0.168155	
      1679	  0.164127	
      1680	   0.15763	
      1681	  0.151662	
      1682	  0.153233	
      1683	  0.156355	
      1684	  0.157724	
      1685	  0.157372	
      1686	  0.155038	
      1687	  0.154508	
      1688	  0.153553	
      1689	  0.151183	
      1690	  0.150568	
      1691	  0.152049	
      1692	   0.15166	
      1693	  0.150486	
      1694	  0.149775	
      1695	  0.149091	
      1696	   0.14789	
      1697	  0.146716	
      1698	  0.145994	
      1699	  0.144675	
      1700	  0.142513	
      1701	  0.141751	
      1702	  0.141236	
      1703	   0.14056	
      1704	  0.139861	
      1705	  0.139125	
      1706	  0.138053	
      1707	  0.136939	
      1708	  0.135837	
      1709	  0.134747	
      1710	  0.133802	
      1711	  0.133671	
      1712	  0.133679	
      1713	  0.133691	
      1714	  0.133706	
      1715	  0.133613	
      1716	  0.132823	
      1717	   0.13193	
      1718	  0.131045	
      1719	  0.130167	
      1720	   0.12935	
      1721	  0.128826	
      1722	   0.12836	
      1723	  0.127898	
      1724	  0.127442	
      1725	  0.126945	
      1726	  0.126157	
      1727	  0.125331	
      1728	   0.12451	
      1729	  0.123696	
      1730	  0.122779	
      1731	  0.121196	
      1732	  0.119514	
      1733	  0.117841	
      1734	  0.116179	
      1735	  0.114827	
      1736	  0.115267	
      1737	  0.116006	
      1738	  0.116744	
      1739	   0.11748	
      1740	  0.118027	
      1741	 0.0938119	
      1742	 0.0793802	
      1743	 0.0690466	
      1744	 0.0610592	
      1745	 0.0546368	
      1746	 0.0494226	
      1747	 0.0450231	
      1748	 0.0412367	
      1749	 0.0379386	
      1750	 0.0350435	
      1751	 0.0325008	
      1752	 0.0302349	
      1753	  0.028199	
      1754	 0.0263606	
      1755	 0.0246836	
      1756	 0.0230991	
      1757	 0.0216448	
      1758	 0.0203139	
      1759	 0.0190922	
      1760	 0.0179728	
      1761	 0.0169681	
      1762	 0.0160426	
      1763	 0.0151842	
      1764	 0.0143864	
      1765	 0.0136436	
      1766	  0.012951	
      1767	 0.0123041	
      1768	  0.011699	
      1769	 0.0111323	
      1770	 0.0105967	
      1771	 0.0100681	
      1772	0.00956841	
      1773	0.00909913	
      1774	0.00865799	
      1775	0.00824759	
      1776	0.00788784	
      1777	0.00755215	
      1778	0.00723451	
      1779	 0.0069337	
      1780	0.00664671	
      1781	 0.0063637	
      1782	0.00609371	
      1783	0.00583768	
      1784	0.00559472	
      1785	0.00536557	
      1786	0.00515669	
      1787	0.00495926	
      1788	0.00477114	
      1789	0.00459181	
      1790	0.00441898	
      1791	0.00424283	
      1792	0.00407335	
      1793	0.00391185	
      1794	0.00375787	
      1795	  0.003611	
      1796	0.00347084	
      1797	0.00333705	
      1798	0.00320927	
      1799	0.00308719	
      1800	0.00297227	
      1801	0.00236222	
      1802	0.00189774	
      1803	0.00153817	
      1804	0.00125651	
      1805	0.00103346	
      1806	0.000854517	
      1807	0.000710473	
      1808	0.000593753	
      1809	0.000498548	
      1810	0.000419554	
      1811	0.000350067	
      1812	0.000292485	
      1813	0.00024515	
      1814	0.000206078	
      1815	0.000174242	
      1816	0.000150451	
      1817	0.000130656	
      1818	0.000113748	
      1819	9.92629e-05	
      1820	8.67891e-05	
      1821	7.59028e-05	
      1822	6.64971e-05	
      1823	5.83708e-05	
      1824	5.1333e-05	
      1825	4.5177e-05	
      1826	3.95688e-05	
      1827	3.46769e-05	
      1828	3.0437e-05	
      1829	2.67556e-05	
      1830	2.35651e-05	
      1831	2.08415e-05	
      1832	1.84671e-05	
      1833	1.63846e-05	
      1834	1.45552e-05	
      1835	1.29443e-05	
      1836	1.15136e-05	
      1837	1.02513e-05	
      1838	9.1375e-06	
      1839	8.1534e-06	
      1840	7.28188e-06	
      1841	6.50336e-06	
      1842	5.81294e-06	
      1843	5.20069e-06	
      1844	4.65717e-06	
      1845	4.17634e-06	
      1846	3.75921e-06	
      1847	3.3884e-06	
      1848	3.05672e-06	
      1849	2.75974e-06	
      1850	2.49277e-06	
      1851	2.24894e-06	
      1852	2.02982e-06	
      1853	1.83338e-06	
      1854	1.65713e-06	
      1855	1.49886e-06	
      1856	1.35663e-06	
      1857	1.22871e-06	
      1858	1.11358e-06	
      1859	1.00987e-06	
      1860	9.16392e-07	
      1861	9.64848e-07	
      1862	1.01607e-06	
      1863	1.07023e-06	
      1864	1.12751e-06	
      1865	1.18834e-06	
      1866	1.25392e-06	
      1867	1.32367e-06	
      1868	1.39762e-06	
      1869	1.47602e-06	
      1870	1.55577e-06	
      1871	1.61803e-06	
      1872	1.67885e-06	
      1873	1.74168e-06	
      1874	1.80655e-06	
      1875	1.88385e-06	
      1876	2.02971e-06	
      1877	2.19843e-06	
      1878	2.38065e-06	
      1879	2.57748e-06	
      1880	2.78251e-06	
      1881	2.95539e-06	
      1882	3.13131e-06	
      1883	3.31859e-06	
      1884	3.51805e-06	
      1885	3.72748e-06	
      1886	3.92986e-06	
      1887	4.14074e-06	
      1888	4.36392e-06	
      1889	4.60018e-06	
      1890	4.85382e-06	
      1891	5.14483e-06	
      1892	5.45885e-06	
      1893	5.79384e-06	
      1894	6.15133e-06	
      1895	6.53772e-06	
      1896	6.98094e-06	
      1897	7.4621e-06	
      1898	7.97913e-06	
      1899	8.53493e-06	
      1900	9.12809e-06	
      1901	9.73398e-06	
      1902	1.03787e-05	
      1903	1.10704e-05	
      1904	1.18127e-05	
      1905	1.26079e-05	
      1906	1.34465e-05	
      1907	1.43445e-05	
      1908	1.53088e-05	
      1909	1.63448e-05	
      1910	1.74622e-05	
      1911	1.86832e-05	
      1912	2.0003e-05	
      1913	2.1426e-05	
      1914	2.2961e-05	
      1915	2.46178e-05	
      1916	2.64071e-05	
      1917	2.83408e-05	
      1918	3.04318e-05	
      1919	3.26943e-05	
      1920	3.5144e-05	
      1921	3.26812e-05	
      1922	3.30032e-05	
      1923	3.39177e-05	
      1924	3.51979e-05	
      1925	3.6756e-05	
      1926	3.8491e-05	
      1927	4.04584e-05	
      1928	4.26751e-05	
      1929	4.51521e-05	
      1930	4.7943e-05	
      1931	5.12728e-05	
      1932	5.50101e-05	
      1933	5.91579e-05	
      1934	6.37621e-05	
      1935	6.88398e-05	
      1936	7.42238e-05	
      1937	8.01582e-05	
      1938	8.67529e-05	
      1939	9.40926e-05	
      1940	0.000102118	
      1941	0.000110042	
      1942	0.000118637	
      1943	0.000128171	
      1944	0.000138766	
      1945	0.000151073	
      1946	0.000168198	
      1947	0.000188376	
      1948	0.000211549	
      1949	0.000238257	
      1950	0.00026894	
      1951	0.000303122	
      1952	0.000342586	
      1953	0.000388657	
      1954	0.000442724	
      1955	0.000506151	
      1956	0.000578741	
      1957	0.000664733	
      1958	0.00076799	
      1959	0.000893114	
      1960	0.00104617	
      1961	 0.0011491	
      1962	0.00126419	
      1963	 0.0013934	
      1964	0.00153886	
      1965	 0.0017045	
      1966	0.00190153	
      1967	0.00212827	
      1968	0.00238837	
      1969	0.00268792	
      1970	0.00303274	
      1971	0.00342069	
      1972	0.00387044	
      1973	0.00439733	
      1974	0.00501883	
      1975	0.00575762	
      1976	0.00664371	
      1977	0.00771752	
      1978	0.00903486	
      1979	  0.010675	
      1980	 0.0127579	
      1981	 0.0154798	
      1982	 0.0191322	
      1983	 0.0242489	
      1984	 0.0319355	
      1985	 0.0451562	
      1986	 0.0300253	
      1987	 0.0232973	
      1988	 0.0190093	
      1989	 0.0159529	
      1990	 0.0136294	
      1991	 0.0117452	
      1992	   0.01022	
      1993	0.00896823	
      1994	0.00792498	
      1995	 0.0070494	
      1996	0.00632635	
      1997	0.00570677	
      1998	0.00516822	
      1999	0.00469702	
      2000	0.00428052	
      2001	0.00390215	
      2002	0.00356503	
      2003	0.00326487	
      2004	0.00299661	
      2005	0.00275724	
      2006	0.00293427	
      2007	0.00312697	
      2008	0.00333562	
      2009	 0.0035619	
      2010	0.00380704	
      2011	0.00406811	
      2012	0.00435165	
      2013	0.00466102	
      2014	 0.0049993	
      2015	0.00536913	
      2016	0.00576734	
      2017	 0.0062045	
      2018	0.00668701	
      2019	0.00722136	
      2020	0.00781875	
      2021	0.00850844	
      2022	0.00928741	
      2023	 0.0101672	
      2024	 0.0111667	
      2025	  0.012304	
      2026	 0.0135778	
      2027	 0.0150498	
      2028	 0.0167772	
      2029	 0.0188327	
      2030	 0.0213282	
      2031	 0.0244552	
      2032	 0.0284775	
      2033	 0.0339257	
      2034	 0.0420943	
      2035	  0.059179	
      2036	 0.0578552	
      2037	 0.0566513	
      2038	 0.0555498	
      2039	 0.0545315	
      2040	 0.0536225	
      2041	  0.052989	
      2042	 0.0524394	
      2043	  0.051928	
      2044	 0.0514504	
      2045	 0.0509699	
      2046	 0.0503021	
      2047	 0.0496312	
      2048	 0.0489879	
      2049	 0.0483698	
      2050	 0.0477887	
      2051	 0.0472917	
      2052	 0.0468272	
      2053	 0.0463805	
      2054	 0.0459505	
      2055	 0.0455276	
      2056	  0.045051	
      2057	 0.0445812	
      2058	 0.0441262	
      2059	 0.0436853	
      2060	 0.0432706	
      2061	 0.0429273	
      2062	 0.0426084	
      2063	  0.042301	
      2064	 0.0420049	
      2065	 0.0417198	
      2066	 0.0420429	
      2067	  0.042373	
      2068	 0.0427104	
      2069	 0.0430554	
      2070	 0.0434213	
      2071	 0.0438567	
      2072	 0.0443155	
      2073	 0.0447854	
      2074	  0.045267	
      2075	 0.0457428	
      2076	 0.0461119	
      2077	  0.046473	
      2078	 0.0468449	
      2079	 0.0472282	
      2080	 0.0476333	
      2081	 0.0481002	
      2082	 0.0485924	
      2083	 0.0491014	
      2084	 0.0496285	
      2085	 0.0501802	
      2086	 0.0507637	
      2087	 0.0513759	
      2088	 0.0520141	
      2089	 0.0526807	
      2090	 0.0533679	
      2091	 0.0540344	
      2092	  0.054727	
      2093	 0.0554619	
      2094	 0.0562455	
      2095	   0.05711	
      2096	 0.0582009	
      2097	  0.059407	
      2098	 0.0607268	
      2099	 0.0621946	
      2100	 0.0638599	
      2101	 0.0639135	
      2102	 0.0639615	
      2103	 0.0640106	
      2104	 0.0640607	
      2105	 0.0640986	
      2106	 0.0640571	
      2107	 0.0640031	
      2108	 0.0639499	
      2109	 0.0638977	
      2110	 0.0638532	
      2111	 0.0638638	
      2112	 0.0638825	
      2113	 0.0639025	
      2114	 0.0639239	
      2115	 0.0639468	
      2116	 0.0639577	
      2117	 0.0639701	
      2118	 0.0639841	
      2119	     0.064	
      2120	 0.0640176	
      2121	 0.0640235	
      2122	 0.0640313	
      2123	 0.0640413	
      2124	 0.0640536	
      2125	 0.0640892	
      2126	 0.0642389	
      2127	 0.0644129	
      2128	 0.0645906	
      2129	 0.0647723	
      2130	 0.0649302	
      2131	 0.0649375	
      2132	 0.0649206	
      2133	  0.064908	
      2134	 0.0649002	
      2135	 0.0649191	
      2136	 0.0650869	
      2137	  0.065284	
      2138	   0.06549	
      2139	 0.0657061	
      2140	 0.0659122	
      2141	 0.0660014	
      2142	 0.0660841	
      2143	  0.066186	
      2144	 0.0663126	
      2145	 0.0664948	
      2146	 0.0668306	
      2147	 0.0672723	
      2148	 0.0678936	
      2149	 0.0678464	
      2150	 0.0677917	
      2151	 0.0676616	
      2152	 0.0675241	
      2153	 0.0673867	
      2154	 0.0672496	
      2155	 0.0671126	
      2156	 0.0669456	
      2157	 0.0667788	
      2158	 0.0666121	
      2159	 0.0664457	
      2160	 0.0661889	
      2161	 0.0653745	
      2162	 0.0644701	
      2163	 0.0635662	
      2164	 0.0626629	
      2165	 0.0619333	
      2166	 0.0622583	
      2167	 0.0627564	
      2168	 0.0632543	
      2169	 0.0637522	
      2170	 0.0641973	
      2171	 0.0642962	
      2172	 0.0643426	
      2173	 0.0643891	
      2174	 0.0644356	
      2175	 0.0644522	
      2176	 0.0642885	
      2177	 0.0640949	
      2178	 0.0639015	
      2179	 0.0637083	
      2180	 0.0635378	
      2181	 0.0635176	
      2182	   0.06352	
      2183	 0.0635225	
      2184	 0.0635251	
      2185	 0.0634978	
      2186	 0.0632757	
      2187	 0.0630237	
      2188	 0.0627719	
      2189	 0.0625204	
      2190	 0.0623065	
      2191	 0.0623175	
      2192	 0.0623661	
      2193	 0.0624147	
      2194	 0.0624635	
      2195	 0.0624899	
      2196	 0.0623966	
      2197	  0.062281	
      2198	 0.0621656	
      2199	 0.0620256	
      2200	 0.0618636	
      2201	 0.0615673	
      2202	 0.0612492	
      2203	 0.0609314	
      2204	 0.0606142	
      2205	 0.0603347	
      2206	 0.0602492	
      2207	 0.0602012	
      2208	 0.0601534	
      2209	 0.0601057	
      2210	 0.0600507	
      2211	 0.0599662	
      2212	 0.0598744	
      2213	 0.0597828	
      2214	 0.0596915	
      2215	 0.0596003	
      2216	 0.0595093	
      2217	 0.0594185	
      2218	 0.0593279	
      2219	 0.0592375	
      2220	 0.0591324	
      2221	 0.0589389	
      2222	 0.0587309	
      2223	 0.0585232	
      2224	 0.0583159	
      2225	 0.0581235	
      2226	 0.0580199	
      2227	 0.0579312	
      2228	 0.0578427	
      2229	 0.0577543	
      2230	 0.0576661	
      2231	 0.0575634	
      2232	 0.0574609	
      2233	 0.0573585	
      2234	 0.0572563	
      2235	 0.0571396	
      2236	 0.0569205	
      2237	 0.0566869	
      2238	 0.0564537	
      2239	 0.0562208	
      2240	 0.0560101	
      2241	 0.0559314	
      2242	 0.0558747	
      2243	 0.0558182	
      2244	 0.0557618	
      2245	 0.0556909	
      2246	 0.0555472	
      2247	 0.0553891	
      2248	 0.0552312	
      2249	 0.0550735	
      2250	  0.054916	
      2251	 0.0547297	
      2252	 0.0545435	
      2253	 0.0543576	
      2254	  0.054172	
      2255	 0.0540011	
      2256	  0.053932	
      2257	 0.0538777	
      2258	 0.0538234	
      2259	 0.0537693	
      2260	  0.053708	
      2261	 0.0535743	
      2262	 0.0534336	
      2263	 0.0532931	
      2264	 0.0531527	
      2265	  0.053027	
      2266	 0.0529593	
      2267	 0.0529062	
      2268	 0.0528532	
      2269	 0.0528002	
      2270	 0.0527402	
      2271	 0.0522818	
      2272	 0.0518329	
      2273	 0.0513992	
      2274	 0.0509792	
      2275	  0.050558	
      2276	 0.0500794	
      2277	 0.0495988	
      2278	 0.0491295	
      2279	 0.0486706	
      2280	 0.0482418	
      2281	 0.0479428	
      2282	 0.0476711	
      2283	 0.0474058	
      2284	 0.0471466	
      2285	 0.0468933	
      2286	 0.0466193	
      2287	 0.0463508	
      2288	 0.0460875	
      2289	 0.0458292	
      2290	 0.0455501	
      2291	 0.0451101	
      2292	  0.044651	
      2293	 0.0441981	
      2294	 0.0437512	
      2295	 0.0433475	
      2296	 0.0431482	
      2297	 0.0429893	
      2298	 0.0428332	
      2299	 0.0426798	
      2300	 0.0425229	
      2301	 0.0423199	
      2302	 0.0421137	
      2303	 0.0419104	
      2304	 0.0417098	
      2305	 0.0415059	
      2306	 0.0412809	
      2307	 0.0410526	
      2308	 0.0408271	
      2309	 0.0406043	
      2310	  0.040384	
      2311	 0.0401429	
      2312	 0.0399044	
      2313	 0.0396685	
      2314	 0.0394351	
      2315	 0.0392041	
      2316	  0.038987	
      2317	 0.0387721	
      2318	 0.0385594	
      2319	 0.0383488	
      2320	 0.0381234	
      2321	 0.0377765	
      2322	 0.0374158	
      2323	 0.0370582	
      2324	 0.0367036	
      2325	 0.0363908	
      2326	 0.0362904	
      2327	 0.0362297	
      2328	 0.0361698	
      2329	 0.0361107	
      2330	  0.036036	
      2331	 0.0358754	
      2332	    0.0357	
      2333	 0.0355261	
      2334	 0.0353537	
      2335	 0.0351828	
      2336	 0.0350134	
      2337	 0.0348453	
      2338	 0.0346787	
      2339	 0.0345134	
      2340	 0.0343547	
      2341	 0.0342288	
      2342	 0.0341093	
      2343	 0.0339907	
      2344	 0.0338731	
      2345	 0.0337462	
      2346	 0.0335686	
      2347	  0.033382	
      2348	 0.0331967	
      2349	 0.0330129	
      2350	 0.0328201	
      2351	 0.0325575	
      2352	 0.0322865	
      2353	 0.0320173	
      2354	 0.0317499	
      2355	 0.0315145	
      2356	 0.0314411	
      2357	 0.0313983	
      2358	 0.0313559	
      2359	 0.0313139	
      2360	 0.0312674	
      2361	 0.0293561	
      2362	 0.0276895	
      2363	 0.0262164	
      2364	 0.0248985	
      2365	 0.0237043	
      2366	 0.0225886	
      2367	 0.0215631	
      2368	 0.0206188	
      2369	 0.0197453	
      2370	  0.018931	
      2371	 0.0181546	
      2372	 0.0174262	
      2373	 0.0167437	
      2374	 0.0161027	
      2375	 0.0155093	
      2376	 0.0149983	
      2377	 0.0145242	
      2378	 0.0140748	
      2379	  0.013648	
      2380	  0.013225	
      2381	 0.0127269	
      2382	 0.0122373	
      2383	 0.0117716	
      2384	 0.0113282	
      2385	  0.010924	
      2386	 0.0106459	
      2387	 0.0103965	
      2388	 0.0101569	
      2389	0.00992628	
      2390	0.00969786	
      2391	0.00944031	
      2392	0.00918658	
      2393	0.00894253	
      2394	0.00870764	
      2395	0.00848144	
      2396	0.00826071	
      2397	0.00804795	
      2398	0.00784274	
      2399	0.00764471	
      2400	0.00745354	
      2401	0.00727132	
      2402	0.00709521	
      2403	0.00692492	
      2404	 0.0067602	
      2405	 0.0066008	
      2406	0.00644865	
      2407	0.00630128	
      2408	0.00615847	
      2409	0.00602004	
      2410	0.00588084	
      2411	0.00571669	
      2412	0.00555309	
      2413	0.00539479	
      2414	0.00524157	
      2415	0.00510039	
      2416	0.00500209	
      2417	 0.0049133	
      2418	0.00482678	
      2419	0.00474245	
      2420	0.00465781	
      2421	 0.0045595	
      2422	0.00446155	
      2423	0.00436628	
      2424	0.00427359	
      2425	0.00418413	
      2426	0.00410135	
      2427	0.00402141	
      2428	0.00394351	
      2429	0.00386757	
      2430	0.00379288	
      2431	0.00371355	
      2432	0.00363563	
      2433	0.00355971	
      2434	0.00348574	
      2435	0.00341425	
      2436	 0.0033493	
      2437	0.00328651	
      2438	0.00322522	
      2439	0.00316538	
      2440	 0.0031064	
      2441	0.00304447	
      2442	 0.0029835	
      2443	0.00292401	
      2444	0.00286595	
      2445	0.00280877	
      2446	0.00275097	
      2447	0.00269407	
      2448	0.00263854	
      2449	0.00258433	
      2450	0.00253234	
      2451	0.00230568	
      2452	0.00210475	
      2453	0.00192529	
      2454	 0.0017645	
      2455	0.00162063	
      2456	0.00149373	
      2457	0.00137944	
      2458	0.00127577	
      2459	0.00118154	
      2460	0.00109551	
      2461	0.00101552	
      2462	0.000942311	
      2463	0.000875366	
      2464	0.00081405	
      2465	0.000757525	
      2466	0.000704314	
      2467	0.000655204	
      2468	0.00061006	
      2469	0.000568508	
      2470	0.000530418	
      2471	0.00049657	
      2472	0.000465413	
      2473	0.000436531	
      2474	0.000409733	
      2475	0.000384628	
      2476	0.000359946	
      2477	0.000336866	
      2478	0.000315453	
      2479	0.000295572	
      2480	0.000277257	
      2481	0.000260921	
      2482	0.000245822	
      2483	0.00023172	
      2484	0.00021854	
      2485	0.000206291	
      2486	0.000195201	
      2487	0.000184864	
      2488	0.000175156	
      2489	0.000166032	
      2490	0.00015718	
      2491	0.000147263	
      2492	0.000137769	
      2493	0.000128918	
      2494	0.000120663	
      2495	0.000113306	
      2496	0.000108312	
      2497	0.000103884	
      2498	9.96623e-05	
      2499	9.56369e-05	
      2500	9.1654e-05	
      2501	2.09338e-05	
      2502	5.84768e-06	
      2503	1.86691e-06	
      2504	6.5658e-07	
      2505	2.48706e-07	
      2506	9.9796e-08	
      2507	4.20541e-08	
      2508	1.84725e-08	
      2509	8.40864e-09	
      2510	3.94921e-09	
      2511	1.90866e-09	
      2512	9.45468e-10	
      2513	4.78743e-10	
      2514	2.47281e-10	
      2515	1.30061e-10	
      2516	6.95803e-11	
      2517	3.77975e-11	
      2518	2.08247e-11	
      2519	1.1625e-11	
      2520	6.57071e-12	
      2521	3.75976e-12	
      2522	2.17499e-12	
      2523	1.27098e-12	
      2524	7.49808e-13	
      2525	4.46434e-13	
      2526	2.68415e-13	
      2527	1.62726e-13	
      2528	9.94125e-14	
      2529	6.11788e-14	
      2530	3.79052e-14	
      2531	2.35927e-14	
      2532	1.4775e-14	
      2533	9.30951e-15	
      2534	5.90016e-15	
      2535	3.76123e-15	
      2536	2.41272e-15	
      2537	1.55609e-15	
      2538	1.00863e-15	
      2539	6.56937e-16	
      2540	4.2987e-16	
      2541	2.82675e-16	
      2542	1.86691e-16	
      2543	1.23819e-16	
      2544	8.24544e-17	
      2545	5.51255e-17	
      2546	3.69798e-17	
      2547	2.48991e-17	
      2548	1.68254e-17	
      2549	1.14094e-17	
      2550	7.76306e-18	
      2551	5.29722e-18	
      2552	3.62624e-18	
      2553	2.49012e-18	
      2554	1.71516e-18	
      2555	1.18488e-18	
      2556	8.20558e-19	
      2557	5.69856e-19	
      2558	3.96838e-19	
      2559	2.77092e-19	
      2560	1.94029e-19	
      2561	1.36333e-19	
      2562	9.6054e-20	
      2563	6.7841e-20	
      2564	4.80292e-20	
      2565	3.40827e-20	
      2566	2.42305e-20	
      2567	1.72648e-20	
      2568	1.23286e-20	
      2569	8.82258e-21	
      2570	6.32689e-21	
      2571	4.54449e-21	
      2572	3.27081e-21	
      2573	2.35877e-21	
      2574	1.70434e-21	
      2575	1.23383e-21	
      2576	8.94874e-22	
      2577	6.50228e-22	
      2578	4.73315e-22	
      2579	3.45145e-22	
      2580	2.52062e-22	
      2581	1.84145e-22	
      2582	1.34721e-22	
      2583	9.87241e-23	
      2584	7.24616e-23	
      2585	5.32941e-23	
      2586	3.93851e-23	
      2587	2.91645e-23	
      2588	2.16289e-23	
      2589	1.60643e-23	
      2590	1.19462e-23	
      2591	8.88014e-24	
      2592	6.60888e-24	
      2593	4.92541e-24	
      2594	3.67582e-24	
      2595	2.74762e-24	
      2596	2.05846e-24	
      2597	1.54455e-24	
      2598	1.16045e-24	
      2599	8.7298e-25	
      2600	6.57555e-25	
      2601	3.24046e-25	
      2602	2.16417e-25	
      2603	1.5306e-25	
      2604	1.11602e-25	
      2605	8.30065e-26	
      2606	6.25721e-26	
      2607	4.76919e-26	
      2608	3.66739e-26	
      2609	2.84091e-26	
      2610	2.21441e-26	
      2611	1.73619e-26	
      2612	1.36766e-26	
      2613	1.08187e-26	
      2614	8.59015e-27	
      2615	6.84379e-27	
      2616	5.46415e-27	
      2617	 4.375e-27	
      2618	3.5121e-27	
      2619	2.82623e-27	
      2620	2.27835e-27	
      2621	1.83439e-27	
      2622	1.47911e-27	
      2623	1.19482e-27	
      2624	9.66845e-28	
      2625	7.8461e-28	
      2626	6.42136e-28	
      2627	5.26973e-28	
      2628	4.33085e-28	
      2629	3.56414e-28	
      2630	2.93559e-28	
      2631	2.41391e-28	
      2632	1.98639e-28	
      2633	1.63651e-28	
      2634	1.34978e-28	
      2635	1.11423e-28	
      2636	9.1851e-29	
      2637	7.57744e-29	
      2638	6.25725e-29	
      2639	5.17195e-29	
      2640	4.28092e-29	
      2641	3.55718e-29	
      2642	2.95986e-29	
      2643	2.46495e-29	
      2644	2.0545e-29	
      2645	1.71378e-29	
      2646	1.42927e-29	
      2647	1.19291e-29	
      2648	9.96388e-30	
      2649	8.3285e-30	
      2650	6.96654e-30	
      2651	5.82554e-30	
      2652	4.87475e-30	
      2653	4.08187e-30	
      2654	3.42019e-30	
      2655	2.86833e-30	
      2656	2.40946e-30	
      2657	2.02577e-30	
      2658	1.70422e-30	
      2659	1.43457e-30	
      2660	1.20798e-30	
      2661	1.01622e-30	
      2662	8.55166e-31	
      2663	7.20031e-31	
      2664	6.06579e-31	
      2665	5.11537e-31	
      2666	 4.325e-31	
      2667	3.66053e-31	
      2668	3.09974e-31	
      2669	2.62619e-31	
      2670	2.22552e-31	
      2671	1.88208e-31	
      2672	1.59199e-31	
      2673	1.34724e-31	
      2674	1.14065e-31	
      2675	9.66435e-32	
      2676	8.20045e-32	
      2677	6.96323e-32	
      2678	5.9153e-32	
      2679	5.02728e-32	
      2680	4.27442e-32	
      2681	3.63586e-32	
      2682	3.09399e-32	
      2683	2.63398e-32	
      2684	2.24329e-32	
      2685	1.91132e-32	
      2686	1.62743e-32	
      2687	1.38624e-32	
      2688	1.18126e-32	
      2689	1.00698e-32	
      2690	8.58739e-33	
      2691	7.32983e-33	
      2692	6.25878e-33	
      2693	5.3462e-33	
      2694	4.56836e-33	
      2695	3.9051e-33	
      2696	3.33755e-33	
      2697	2.85348e-33	
      2698	2.44048e-33	
      2699	2.08797e-33	
      2700	1.78747e-33	
      2701	2.1951e-33	
      2702	2.69829e-33	
      2703	3.31916e-33	
      2704	4.08579e-33	
      2705	5.0331e-33	
      2706	6.20453e-33	
      2707	7.65416e-33	
      2708	9.44943e-33	
      2709	1.16744e-32	
      2710	1.44341e-32	
      2711	1.78694e-32	
      2712	2.21391e-32	
      2713	 2.745e-32	
      2714	3.40615e-32	
      2715	4.22984e-32	
      2716	5.25401e-32	
      2717	6.53135e-32	
      2718	8.12578e-32	
      2719	1.01177e-31	
      2720	1.26081e-31	
      2721	1.5716e-31	
      2722	1.96063e-31	
      2723	2.44803e-31	
      2724	3.05919e-31	
      2725	3.82728e-31	
      2726	4.79505e-31	
      2727	6.01448e-31	
      2728	7.55074e-31	
      2729	9.48793e-31	
      2730	1.19329e-30	
      2731	1.50051e-30	
      2732	1.88857e-30	
      2733	2.37922e-30	
      2734	3.00017e-30	
      2735	3.7868e-30	
      2736	 4.787e-30	
      2737	6.0573e-30	
      2738	7.6723e-30	
      2739	9.72764e-30	
      2740	1.23461e-29	
      2741	1.56943e-29	
      2742	1.99714e-29	
      2743	2.54407e-29	
      2744	3.24424e-29	
      2745	4.14156e-29	
      2746	5.28986e-29	
      2747	 6.764e-29	
      2748	8.65861e-29	
      2749	1.10965e-28	
      2750	1.4237e-28	
      2751	1.82772e-28	
      2752	2.34915e-28	
      2753	3.02294e-28	
      2754	3.89469e-28	
      2755	5.02397e-28	
      2756	6.48872e-28	
      2757	8.39107e-28	
      2758	1.0865e-27	
      2759	1.40865e-27	
      2760	1.82871e-27	
      2761	2.37858e-27	
      2762	3.09797e-27	
      2763	4.04047e-27	
      2764	5.27705e-27	
      2765	6.90183e-27	
      2766	9.04509e-27	
      2767	1.18712e-26	
      2768	1.56035e-26	
      2769	 2.054e-26	
      2770	2.70717e-26	
      2771	3.56943e-26	
      2772	4.71237e-26	
      2773	6.23125e-26	
      2774	8.2531e-26	
      2775	1.09491e-25	
      2776	1.45589e-25	
      2777	1.9392e-25	
      2778	2.58747e-25	
      2779	3.4586e-25	
      2780	4.63139e-25	
      2781	6.21702e-25	
      2782	8.36124e-25	
      2783	1.12665e-24	
      2784	1.5211e-24	
      2785	2.05775e-24	
      2786	2.78938e-24	
      2787	3.78898e-24	
      2788	5.15768e-24	
      2789	7.03598e-24	
      2790	9.61948e-24	
      2791	1.31733e-23	
      2792	1.80814e-23	
      2793	2.48767e-23	
      2794	3.43079e-23	
      2795	4.74455e-23	
      2796	6.58189e-23	
      2797	9.15706e-23	
      2798	1.27734e-22	
      2799	1.78661e-22	
      2800	2.50584e-22	
      2801	3.17377e-22	
      2802	4.02379e-22	
      2803	5.1067e-22	
      2804	6.48779e-22	
      2805	8.25363e-22	
      2806	1.05178e-21	
      2807	1.34218e-21	
      2808	1.71465e-21	
      2809	2.19295e-21	
      2810	2.80784e-21	
      2811	3.59931e-21	
      2812	4.61927e-21	
      2813	5.93532e-21	
      2814	7.63553e-21	
      2815	9.83483e-21	
      2816	1.26755e-20	
      2817	1.63574e-20	
      2818	2.1136e-20	
      2819	2.73461e-20	
      2820	3.5428e-20	
      2821	4.59317e-20	
      2822	5.96313e-20	
      2823	7.7525e-20	
      2824	1.00931e-19	
      2825	1.31635e-19	
      2826	1.72041e-19	
      2827	2.25257e-19	
      2828	2.95386e-19	
      2829	3.87949e-19	
      2830	5.10327e-19	
      2831	6.71969e-19	
      2832	8.86266e-19	
      2833	1.17087e-18	
      2834	1.5495e-18	
      2835	2.05416e-18	
      2836	2.7263e-18	
      2837	3.62494e-18	
      2838	4.82872e-18	
      2839	6.44443e-18	
      2840	8.61741e-18	
      2841	1.15533e-17	
      2842	1.55207e-17	
      2843	2.08936e-17	
      2844	2.8186e-17	
      2845	3.81061e-17	
      2846	5.15983e-17	
      2847	7.00261e-17	
      2848	9.5256e-17	
      2849	1.29885e-16	
      2850	1.77534e-16	
      2851	2.43273e-16	
      2852	3.34211e-16	
      2853	4.60354e-16	
      2854	6.35829e-16	
      2855	8.80638e-16	
      2856	1.22401e-15	
      2857	1.70628e-15	
      2858	2.38581e-15	
      2859	3.34642e-15	
      2860	4.70894e-15	
      2861	6.6483e-15	
      2862	9.41864e-15	
      2863	1.33908e-14	
      2864	1.9108e-14	
      2865	2.73697e-14	
      2866	3.93053e-14	
      2867	5.66756e-14	
      2868	8.20677e-14	
      2869	1.19357e-13	
      2870	1.74441e-13	
      2871	2.5633e-13	
      2872	3.78652e-13	
      2873	5.62235e-13	
      2874	8.39328e-13	
      2875	1.26048e-12	
      2876	1.90544e-12	
      2877	2.89927e-12	
      2878	4.44021e-12	
      2879	6.84684e-12	
      2880	1.06344e-11	
      2881	1.6621e-11	
      2882	2.61889e-11	
      2883	4.16207e-11	
      2884	6.67547e-11	
      2885	1.08121e-10	
      2886	1.77093e-10	
      2887	2.93371e-10	
      2888	4.91997e-10	
      2889	8.36202e-10	
      2890	1.44218e-09	
      2891	2.52782e-09	
      2892	4.51124e-09	
      2893	8.21607e-09	
      2894	1.53152e-08	
      2895	2.93332e-08	
      2896	5.80029e-08	
      2897	1.19485e-07	
      2898	2.60186e-07	
      2899	6.19014e-07	
      2900	1.92515e-06	
      2901	1.98917e-06	
      2902	2.05551e-06	
      2903	2.12428e-06	
      2904	2.19555e-06	
      2905	2.26945e-06	
      2906	2.34443e-06	
      2907	2.42213e-06	
      2908	2.50266e-06	
      2909	2.58613e-06	
      2910	2.67265e-06	
      2911	2.76042e-06	
      2912	2.85136e-06	
      2913	2.94559e-06	
      2914	3.04326e-06	
      2915	3.1445e-06	
      2916	3.25177e-06	
      2917	3.36306e-06	
      2918	3.47855e-06	
      2919	3.59841e-06	
      2920	3.72282e-06	
      2921	3.85198e-06	
      2922	3.98609e-06	
      2923	4.12534e-06	
      2924	4.26997e-06	
      2925	4.4202e-06	
      2926	4.57628e-06	
      2927	4.73845e-06	
      2928	4.90697e-06	
      2929	5.08213e-06	
      2930	5.26421e-06	
      2931	5.44956e-06	
      2932	5.64216e-06	
      2933	5.84231e-06	
      2934	6.05037e-06	
      2935	6.26666e-06	
      2936	6.49631e-06	
      2937	6.73532e-06	
      2938	6.9841e-06	
      2939	7.2431e-06	
      2940	7.51279e-06	
      2941	7.78789e-06	
      2942	8.07424e-06	
      2943	8.37234e-06	
      2944	8.68274e-06	
      2945	9.00937e-06	
      2946	9.35671e-06	
      2947	9.72262e-06	
      2948	1.01045e-05	
      2949	1.05031e-05	
      2950	1.09192e-05	
      2951	1.13537e-05	
      2952	1.18075e-05	
      2953	1.22816e-05	
      2954	1.27769e-05	
      2955	1.32947e-05	
      2956	1.38255e-05	
      2957	1.43801e-05	
      2958	1.49597e-05	
      2959	1.55656e-05	
      2960	1.61992e-05	
      2961	1.68746e-05	
      2962	1.75816e-05	
      2963	1.8322e-05	
      2964	1.90975e-05	
      2965	1.99099e-05	
      2966	2.07455e-05	
      2967	2.16209e-05	
      2968	2.25381e-05	
      2969	2.34994e-05	
      2970	2.45072e-05	
      2971	2.55837e-05	
      2972	2.67139e-05	
      2973	2.79007e-05	
      2974	2.91474e-05	
      2975	3.04573e-05	
      2976	3.18098e-05	
      2977	3.32309e-05	
      2978	3.47246e-05	
      2979	3.62953e-05	
      2980	3.79474e-05	
      2981	3.97167e-05	
      2982	4.15806e-05	
      2983	4.35448e-05	
      2984	4.56156e-05	
      2985	4.77997e-05	
      2986	5.00653e-05	
      2987	5.24554e-05	
      2988	5.49779e-05	
      2989	5.76415e-05	
      2990	6.04554e-05	
      2991	6.34797e-05	
      2992	6.66804e-05	
      2993	7.00698e-05	
      2994	7.36613e-05	
      2995	7.74694e-05	
      2996	 8.151e-05	
      2997	8.58006e-05	
      2998	9.03604e-05	
      2999	9.52109e-05	
      3000	0.000100376	
      3001	0.000100368	
      3002	0.000100359	
      3003	0.000100351	
      3004	0.000100342	
      3005	0.000100333	
      3006	0.000100404	
      3007	0.000100476	
      3008	0.000100547	
      3009	0.000100618	
      3010	0.00010069	
      3011	0.000100762	
      3012	0.000100833	
      3013	0.000100905	
      3014	0.000100977	
      3015	0.00010105	
      3016	0.000101041	
      3017	0.000101031	
      3018	0.000101022	
      3019	0.000101013	
      3020	0.000101003	
      3021	0.000100994	
      3022	0.000100984	
      3023	0.000100974	
      3024	0.000100964	
      3025	0.000100954	
      3026	0.000101027	
      3027	0.000101099	
      3028	0.000101172	
      3029	0.000101245	
      3030	0.000101318	
      3031	0.000101308	
      3032	0.000101298	
      3033	0.000101288	
      3034	0.000101277	
      3035	0.000101267	
      3036	0.000101173	
      3037	0.000101078	
      3038	0.000100983	
      3039	0.000100888	
      3040	0.000100834	
      3041	0.000101034	
      3042	0.000101277	
      3043	0.00010152	
      3044	0.000101764	
      3045	0.000102009	
      3046	0.00010217	
      3047	0.000102331	
      3048	0.000102492	
      3049	0.000102654	
      3050	0.000102816	
      3051	0.000102894	
      3052	0.000102971	
      3053	0.000103049	
      3054	0.000103127	
      3055	0.000103205	
      3056	0.000103283	
      3057	0.000103362	
      3058	0.000103441	
      3059	0.00010352	
      3060	 0.0001036	
      3061	0.000103506	
      3062	0.000103411	
      3063	0.000103316	
      3064	0.000103221	
      3065	0.00010317	
      3066	0.000103206	
      3067	0.000103287	
      3068	0.000103368	
      3069	0.000103449	
      3070	0.000103531	
      3071	0.000103702	
      3072	0.000103874	
      3073	0.000104046	
      3074	0.000104219	
      3075	0.000104393	
      3076	0.00010439	
      3077	0.000104386	
      3078	0.000104383	
      3079	0.00010438	
      3080	0.000104377	
      3081	0.000104374	
      3082	0.000104372	
      3083	0.000104371	
      3084	0.00010437	
      3085	0.000104369	
      3086	0.000104369	
      3087	0.000104369	
      3088	0.00010437	
      3089	0.000104371	
      3090	0.000104374	
      3091	0.000104377	
      3092	0.00010438	
      3093	0.000104385	
      3094	0.000104391	
      3095	0.000104397	
      3096	0.000104405	
      3097	0.000104414	
      3098	0.000104425	
      3099	0.000104437	
      3100	0.000104451	
      3101	0.000102758	
      3102	0.000102449	
      3103	0.000102537	
      3104	0.00010284	
      3105	0.000103289	
      3106	0.000103752	
      3107	0.000104299	
      3108	0.000104916	
      3109	0.000105594	
      3110	0.000106324	
      3111	0.000107004	
      3112	0.000107727	
      3113	0.000108488	
      3114	0.000109286	
      3115	0.000110168	
      3116	0.000111187	
      3117	0.000112292	
      3118	0.000113431	
      3119	0.000114606	
      3120	0.000115814	
      3121	0.000117056	
      3122	0.000118332	
      3123	0.000119641	
      3124	0.000120983	
      3125	0.000122359	
      3126	0.000123769	
      3127	0.000125213	
      3128	0.00012669	
      3129	0.000128203	
      3130	0.00012975	
      3131	0.000131332	
      3132	0.00013295	
      3133	0.000134604	
      3134	0.000136295	
      3135	0.000138023	
      3136	0.000139658	
      3137	0.000141329	
      3138	0.000143034	
      3139	0.000144776	
      3140	0.000146555	
      3141	0.000148511	
      3142	0.000150509	
      3143	0.000152551	
      3144	0.000154636	
      3145	0.000156766	
      3146	0.00015879	
      3147	0.000160857	
      3148	0.000162967	
      3149	0.000165122	
      3150	0.000167321	
      3151	0.000169728	
      3152	0.000172188	
      3153	0.000174701	
      3154	0.000177268	
      3155	0.000179892	
      3156	0.000182572	
      3157	0.000185311	
      3158	0.00018811	
      3159	0.000190971	
      3160	0.000193895	
      3161	0.000197074	
      3162	0.000200326	
      3163	0.000203652	
      3164	0.000207055	
      3165	0.000210537	
      3166	0.000213686	
      3167	0.000216904	
      3168	0.000220193	
      3169	0.000223555	
      3170	0.000227102	
      3171	0.000230955	
      3172	0.000235014	
      3173	0.00023917	
      3174	0.000243427	
      3175	0.000247786	
      3176	0.00025176	
      3177	0.000255825	
      3178	0.000259985	
      3179	0.000264242	
      3180	0.000268598	
      3181	0.000273327	
      3182	0.000278171	
      3183	0.000283135	
      3184	0.000288223	
      3185	0.000293437	
      3186	0.000299078	
      3187	0.000304866	
      3188	0.000310805	
      3189	 0.0003169	
      3190	0.000323157	
      3191	0.000329255	
      3192	0.000335512	
      3193	0.000341934	
      3194	0.000348526	
      3195	0.000355293	
      3196	0.000361883	
      3197	0.000368645	
      3198	0.000375587	
      3199	0.000382715	
      3200	0.00039023	
      3201	0.00038712	
      3202	0.000384237	
      3203	0.000381386	
      3204	0.000378566	
      3205	0.000375776	
      3206	0.000372641	
      3207	0.000369541	
      3208	0.000366476	
      3209	0.000363444	
      3210	0.000360445	
      3211	0.000357118	
      3212	0.000353827	
      3213	0.000350574	
      3214	0.000347357	
      3215	0.000344175	
      3216	0.000341377	
      3217	0.000338608	
      3218	0.000335869	
      3219	0.000333158	
      3220	0.000330476	
      3221	0.000327821	
      3222	0.000325194	
      3223	0.000322594	
      3224	0.00032002	
      3225	0.000317473	
      3226	0.000315276	
      3227	 0.0003131	
      3228	0.000310945	
      3229	0.000308811	
      3230	0.000306696	
      3231	0.000304288	
      3232	0.000301903	
      3233	0.000299542	
      3234	0.000297203	
      3235	0.000294888	
      3236	0.000292596	
      3237	0.000290325	
      3238	0.000288077	
      3239	0.00028585	
      3240	0.000283644	
      3241	0.00028146	
      3242	0.000279297	
      3243	0.000277154	
      3244	0.000275031	
      3245	0.000272929	
      3246	0.00027113	
      3247	0.000269347	
      3248	0.00026758	
      3249	0.000265828	
      3250	0.000264091	
      3251	0.00026182	
      3252	0.000259571	
      3253	0.000257343	
      3254	0.000255137	
      3255	0.000252952	
      3256	0.000251055	
      3257	0.000249174	
      3258	0.000247311	
      3259	0.000245464	
      3260	0.000243634	
      3261	0.00024182	
      3262	0.000240023	
      3263	0.000238242	
      3264	0.000236477	
      3265	0.000234727	
      3266	0.000232993	
      3267	0.000231275	
      3268	0.000229571	
      3269	0.000227883	
      3270	0.000226209	
      3271	0.00022455	
      3272	0.000222906	
      3273	0.000221275	
      3274	0.000219659	
      3275	0.000218057	
      3276	0.000216469	
      3277	0.000214895	
      3278	0.000213334	
      3279	0.000211787	
      3280	0.000210253	
      3281	0.000208732	
      3282	0.000207224	
      3283	0.000205729	
      3284	0.000204246	
      3285	0.000202776	
      3286	0.000201539	
      3287	0.000200312	
      3288	0.000199094	
      3289	0.000197885	
      3290	0.000196578	
      3291	0.000194855	
      3292	0.00019304	
      3293	0.000191243	
      3294	0.000189462	
      3295	0.000187802	
      3296	0.000186364	
      3297	0.000185041	
      3298	0.000183729	
      3299	0.000182428	
      3300	0.000181138	
      3301	0.000184512	
      3302	0.000187961	
      3303	0.000191489	
      3304	0.000195095	
      3305	0.000198783	
      3306	0.000202103	
      3307	0.000205492	
      3308	0.000208951	
      3309	0.000212483	
      3310	0.000216089	
      3311	0.000220021	
      3312	0.000224041	
      3313	0.000228152	
      3314	0.000232356	
      3315	0.000236656	
      3316	0.000240505	
      3317	0.000244435	
      3318	0.000248446	
      3319	0.00025254	
      3320	0.00025687	
      3321	0.000261899	
      3322	0.000267204	
      3323	0.000272641	
      3324	0.000278213	
      3325	0.000283925	
      3326	0.000289111	
      3327	0.000294417	
      3328	0.000299848	
      3329	0.000305407	
      3330	0.000311097	
      3331	0.000317295	
      3332	0.000323649	
      3333	0.000330164	
      3334	0.000336844	
      3335	0.000343696	
      3336	0.000350724	
      3337	0.000357935	
      3338	0.000365335	
      3339	0.000372929	
      3340	0.000380725	
      3341	0.00038873	
      3342	0.000396949	
      3343	0.000405392	
      3344	0.000414065	
      3345	0.000422977	
      3346	0.000431621	
      3347	0.000440497	
      3348	0.000449613	
      3349	0.000458979	
      3350	0.000468603	
      3351	0.000479072	
      3352	0.000489845	
      3353	0.000500935	
      3354	0.000512353	
      3355	0.000524113	
      3356	0.000536227	
      3357	0.000548709	
      3358	0.000561575	
      3359	0.000574839	
      3360	0.000588518	
      3361	0.00060263	
      3362	0.000617192	
      3363	0.000632224	
      3364	0.000647745	
      3365	0.000663778	
      3366	0.000680344	
      3367	0.000697468	
      3368	0.000715175	
      3369	0.000733491	
      3370	0.000752446	
      3371	0.000772069	
      3372	0.000792392	
      3373	0.00081345	
      3374	0.000835279	
      3375	0.000857918	
      3376	0.000881409	
      3377	0.000905795	
      3378	0.000931124	
      3379	0.000957447	
      3380	0.000984819	
      3381	0.00101457	
      3382	0.00104556	
      3383	0.00107788	
      3384	 0.0011116	
      3385	 0.0011468	
      3386	 0.0011821	
      3387	0.00121898	
      3388	0.00125756	
      3389	0.00129792	
      3390	0.00134021	
      3391	0.00138456	
      3392	0.00143111	
      3393	0.00148002	
      3394	0.00153149	
      3395	 0.0015857	
      3396	 0.0016408	
      3397	0.00169897	
      3398	0.00176047	
      3399	 0.0018256	
      3400	0.00189592	
      3401	0.00191542	
      3402	0.00193644	
      3403	0.00195776	
      3404	0.00197939	
      3405	0.00200005	
      3406	0.00201586	
      3407	0.00203058	
      3408	0.00204546	
      3409	0.00206053	
      3410	0.00207712	
      3411	0.00209663	
      3412	0.00211778	
      3413	0.00213924	
      3414	  0.002161	
      3415	0.00218309	
      3416	0.00220266	
      3417	 0.0022225	
      3418	0.00224262	
      3419	0.00226302	
      3420	0.00228372	
      3421	0.00230472	
      3422	0.00232602	
      3423	0.00234763	
      3424	0.00236956	
      3425	0.00239181	
      3426	 0.0024144	
      3427	0.00243732	
      3428	 0.0024606	
      3429	0.00248422	
      3430	0.00250822	
      3431	0.00253592	
      3432	0.00256408	
      3433	 0.0025927	
      3434	0.00262181	
      3435	 0.0026514	
      3436	0.00267796	
      3437	0.00270496	
      3438	0.00273241	
      3439	0.00276031	
      3440	0.00278868	
      3441	0.00281753	
      3442	0.00284688	
      3443	0.00287673	
      3444	 0.0029071	
      3445	  0.002938	
      3446	0.00296945	
      3447	0.00300147	
      3448	0.00303407	
      3449	0.00306727	
      3450	0.00310108	
      3451	0.00313974	
      3452	0.00317915	
      3453	0.00321935	
      3454	0.00326035	
      3455	0.00330218	
      3456	0.00334038	
      3457	0.00337934	
      3458	 0.0034191	
      3459	0.00345967	
      3460	0.00350108	
      3461	0.00354817	
      3462	0.00359629	
      3463	0.00364548	
      3464	0.00369577	
      3465	0.00374722	
      3466	0.00379472	
      3467	0.00384332	
      3468	0.00389304	
      3469	0.00394395	
      3470	0.00399607	
      3471	0.00404947	
      3472	 0.0041042	
      3473	0.00416032	
      3474	0.00421788	
      3475	0.00427695	
      3476	 0.0043376	
      3477	0.00439991	
      3478	0.00446394	
      3479	 0.0045298	
      3480	0.00459757	
      3481	 0.0046738	
      3482	0.00475238	
      3483	0.00483341	
      3484	0.00491706	
      3485	0.00500347	
      3486	0.00508579	
      3487	0.00517096	
      3488	 0.0052592	
      3489	 0.0053507	
      3490	0.00544571	
      3491	 0.0055445	
      3492	0.00564739	
      3493	0.00575472	
      3494	0.00586692	
      3495	0.00598445	
      3496	 0.0061079	
      3497	0.00623796	
      3498	0.00637548	
      3499	0.00652156	
      3500	0.00667763	
      3501	0.00668498	
      3502	0.00669236	
      3503	0.00669977	
      3504	0.00670721	
      3505	0.00671468	
      3506	 0.0067127	
      3507	0.00671074	
      3508	0.00670878	
      3509	0.00670683	
      3510	0.00670489	
      3511	0.00670296	
      3512	0.00670104	
      3513	0.00669913	
      3514	0.00669722	
      3515	0.00669533	
      3516	0.00669344	
      3517	0.00669157	
      3518	0.00668971	
      3519	0.00668786	
      3520	0.00668602	
      3521	0.00669382	
      3522	0.00670166	
      3523	0.00670953	
      3524	0.00671743	
      3525	0.00672538	
      3526	0.00672367	
      3527	0.00672197	
      3528	0.00672029	
      3529	0.00671862	
      3530	0.00671697	
      3531	0.00672508	
      3532	0.00673323	
      3533	0.00674142	
      3534	0.00674965	
      3535	0.00675792	
      3536	0.00675643	
      3537	0.00675496	
      3538	 0.0067535	
      3539	0.00675207	
      3540	0.00675065	
      3541	0.00675912	
      3542	0.00676764	
      3543	0.00677621	
      3544	0.00678482	
      3545	0.00679349	
      3546	0.00679227	
      3547	0.00679108	
      3548	0.00678991	
      3549	0.00678877	
      3550	0.00678766	
      3551	0.00678657	
      3552	0.00678552	
      3553	0.00678449	
      3554	 0.0067835	
      3555	0.00678254	
      3556	0.00678161	
      3557	0.00678071	
      3558	0.00677985	
      3559	0.00677903	
      3560	0.00677824	
      3561	0.00678763	
      3562	0.00679708	
      3563	0.00680661	
      3564	 0.0068162	
      3565	0.00682587	
      3566	0.00682542	
      3567	0.00682501	
      3568	0.00682465	
      3569	0.00682435	
      3570	 0.0068241	
      3571	0.00682391	
      3572	0.00682378	
      3573	0.00682371	
      3574	 0.0068237	
      3575	0.00682376	
      3576	0.00682389	
      3577	 0.0068241	
      3578	0.00682438	
      3579	0.00682474	
      3580	0.00682518	
      3581	0.00683615	
      3582	0.00684725	
      3583	0.00685848	
      3584	0.00686985	
      3585	0.00688135	
      3586	0.00688249	
      3587	0.00688375	
      3588	0.00688513	
      3589	0.00688666	
      3590	0.00688833	
      3591	0.00689015	
      3592	0.00689214	
      3593	 0.0068943	
      3594	0.00689666	
      3595	0.00689922	
      3596	0.00691271	
      3597	0.00692649	
      3598	0.00694058	
      3599	0.00695499	
      3600	0.00696976	
      3601	0.00696422	
      3602	0.00695866	
      3603	0.00695311	
      3604	0.00694755	
      3605	0.00694198	
      3606	0.00693642	
      3607	0.00693084	
      3608	0.00692527	
      3609	0.00691969	
      3610	0.00691411	
      3611	0.00691942	
      3612	0.00692475	
      3613	0.00693009	
      3614	0.00693544	
      3615	0.00694081	
      3616	0.00693525	
      3617	0.00692969	
      3618	0.00692413	
      3619	0.00691856	
      3620	0.00691299	
      3621	 0.0069184	
      3622	0.00692383	
      3623	0.00692927	
      3624	0.00693472	
      3625	0.00694019	
      3626	0.00693465	
      3627	0.00692911	
      3628	0.00692357	
      3629	0.00691802	
      3630	0.00691248	
      3631	  0.006918	
      3632	0.00692353	
      3633	0.00692908	
      3634	0.00693465	
      3635	0.00694024	
      3636	0.00693473	
      3637	0.00692922	
      3638	 0.0069237	
      3639	0.00691819	
      3640	0.00691268	
      3641	0.00691832	
      3642	0.00692398	
      3643	0.00692967	
      3644	0.00693536	
      3645	0.00694108	
      3646	0.00693561	
      3647	0.00693015	
      3648	0.00692468	
      3649	0.00691922	
      3650	0.00691375	
      3651	0.00690829	
      3652	0.00690283	
      3653	0.00689737	
      3654	0.00689191	
      3655	0.00688646	
      3656	 0.0068923	
      3657	0.00689817	
      3658	0.00690406	
      3659	0.00690998	
      3660	0.00691591	
      3661	0.00692187	
      3662	0.00692786	
      3663	0.00693386	
      3664	 0.0069399	
      3665	0.00694595	
      3666	0.00692924	
      3667	0.00691252	
      3668	0.00689578	
      3669	0.00687903	
      3670	0.00686798	
      3671	0.00686838	
      3672	0.00687453	
      3673	 0.0068807	
      3674	 0.0068869	
      3675	0.00689314	
      3676	 0.0068879	
      3677	0.00688268	
      3678	0.00687747	
      3679	0.00687227	
      3680	0.00686708	
      3681	0.00686191	
      3682	0.00685675	
      3683	0.00685161	
      3684	0.00684648	
      3685	0.00684137	
      3686	0.00684788	
      3687	0.00685444	
      3688	0.00686103	
      3689	0.00686767	
      3690	0.00687436	
      3691	0.00686943	
      3692	0.00686452	
      3693	0.00685965	
      3694	 0.0068548	
      3695	0.00684998	
      3696	0.00684519	
      3697	0.00684044	
      3698	0.00683572	
      3699	0.00683104	
      3700	0.00682641	
      3701	  0.006833	
      3702	0.00683962	
      3703	0.00684626	
      3704	0.00685292	
      3705	0.00685961	
      3706	0.00685449	
      3707	0.00684936	
      3708	0.00684424	
      3709	0.00683912	
      3710	0.00683401	
      3711	0.00684079	
      3712	 0.0068476	
      3713	0.00685443	
      3714	0.00686128	
      3715	0.00686817	
      3716	0.00686312	
      3717	0.00685807	
      3718	0.00685303	
      3719	0.00684799	
      3720	0.00684295	
      3721	0.00684993	
      3722	0.00685693	
      3723	0.00686397	
      3724	0.00687102	
      3725	0.00687811	
      3726	0.00687314	
      3727	0.00686818	
      3728	0.00686322	
      3729	0.00685826	
      3730	 0.0068533	
      3731	0.00686049	
      3732	 0.0068677	
      3733	0.00687494	
      3734	0.00688222	
      3735	0.00688951	
      3736	0.00687243	
      3737	0.00685532	
      3738	0.00683819	
      3739	0.00682103	
      3740	0.00680998	
      3741	0.00681119	
      3742	0.00681856	
      3743	0.00682597	
      3744	0.00683339	
      3745	0.00684085	
      3746	  0.006836	
      3747	0.00683116	
      3748	0.00682631	
      3749	0.00682147	
      3750	0.00681664	
      3751	0.00682421	
      3752	0.00683182	
      3753	0.00683946	
      3754	0.00684712	
      3755	0.00685482	
      3756	0.00685008	
      3757	0.00684534	
      3758	 0.0068406	
      3759	0.00683587	
      3760	0.00683114	
      3761	0.00683897	
      3762	0.00684683	
      3763	0.00685472	
      3764	0.00686264	
      3765	 0.0068706	
      3766	 0.0068786	
      3767	0.00688663	
      3768	0.00689469	
      3769	0.00690279	
      3770	0.00691093	
      3771	0.00690641	
      3772	0.00690189	
      3773	0.00689738	
      3774	0.00689288	
      3775	0.00688838	
      3776	0.00688389	
      3777	 0.0068794	
      3778	0.00687493	
      3779	0.00687046	
      3780	0.00686599	
      3781	0.00687439	
      3782	0.00688282	
      3783	0.00689129	
      3784	0.00689981	
      3785	0.00690836	
      3786	0.00690403	
      3787	 0.0068997	
      3788	0.00689538	
      3789	0.00689108	
      3790	0.00688678	
      3791	 0.0068955	
      3792	0.00690427	
      3793	0.00691307	
      3794	0.00692193	
      3795	0.00693082	
      3796	0.00692667	
      3797	0.00692253	
      3798	 0.0069184	
      3799	0.00691428	
      3800	0.00691017	
      3801	0.00685205	
      3802	0.00680709	
      3803	0.00676973	
      3804	0.00673747	
      3805	0.00670895	
      3806	 0.0066706	
      3807	0.00663467	
      3808	0.00660076	
      3809	0.00656855	
      3810	0.00653782	
      3811	0.00652091	
      3812	 0.0065051	
      3813	0.00649025	
      3814	0.00647628	
      3815	 0.0064631	
      3816	0.00643825	
      3817	0.00641412	
      3818	0.00639064	
      3819	0.00636778	
      3820	 0.0063455	
      3821	0.00633606	
      3822	0.00632709	
      3823	0.00631856	
      3824	0.00631046	
      3825	0.00630276	
      3826	0.00629544	
      3827	0.00628848	
      3828	0.00628187	
      3829	 0.0062756	
      3830	0.00626965	
      3831	0.00625185	
      3832	0.00623436	
      3833	0.00621719	
      3834	0.00620031	
      3835	0.00618372	
      3836	0.00617953	
      3837	0.00617559	
      3838	 0.0061719	
      3839	0.00616845	
      3840	0.00616525	
      3841	0.00615019	
      3842	0.00613537	
      3843	0.00612079	
      3844	0.00610643	
      3845	 0.0060923	
      3846	0.00609045	
      3847	0.00608881	
      3848	0.00608738	
      3849	0.00608615	
      3850	0.00608513	
      3851	0.00607226	
      3852	0.00605959	
      3853	0.00604713	
      3854	0.00603486	
      3855	0.00602279	
      3856	0.00601694	
      3857	0.00601129	
      3858	0.00599981	
      3859	0.00599454	
      3860	0.00598947	
      3861	0.00598459	
      3862	0.00598594	
      3863	0.00598146	
      3864	 0.0059832	
      3865	0.00597911	
      3866	0.00596919	
      3867	 0.0059655	
      3868	0.00595598	
      3869	 0.0059527	
      3870	0.00594358	
      3871	0.00594676	
      3872	0.00595017	
      3873	 0.0059538	
      3874	0.00595766	
      3875	0.00596175	
      3876	0.00595395	
      3877	0.00595245	
      3878	0.00594512	
      3879	 0.0059441	
      3880	0.00593726	
      3881	0.00593676	
      3882	0.00593653	
      3883	0.00593659	
      3884	0.00593694	
      3885	0.00593759	
      3886	0.00594468	
      3887	0.00595211	
      3888	0.00596605	
      3889	0.00597423	
      3890	0.00598281	
      3891	0.00597946	
      3892	0.00597652	
      3893	 0.0059802	
      3894	0.00597815	
      3895	0.00597659	
      3896	  0.005988	
      3897	0.00599379	
      3898	0.00600647	
      3899	0.00601361	
      3900	0.00602779	
      3901	0.00604007	
      3902	0.00605242	
      3903	0.00605854	
      3904	0.00607104	
      3905	0.00608362	
      3906	0.00608992	
      3907	0.00608991	
      3908	0.00609632	
      3909	0.00609638	
      3910	0.00610289	
      3911	0.00611588	
      3912	0.00612252	
      3913	0.00613568	
      3914	0.00614246	
      3915	0.00615578	
      3916	0.00615622	
      3917	0.00615669	
      3918	0.00616372	
      3919	0.00616428	
      3920	0.00616489	
      3921	0.00617867	
      3922	0.00619256	
      3923	0.00619995	
      3924	0.00621403	
      3925	0.00622822	
      3926	0.00622924	
      3927	0.00623696	
      3928	 0.0062381	
      3929	0.00624597	
      3930	0.00624723	
      3931	0.00626199	
      3932	0.00627013	
      3933	0.00628512	
      3934	0.00629347	
      3935	0.00630869	
      3936	0.00631725	
      3937	0.00631909	
      3938	0.00632784	
      3939	0.00632985	
      3940	0.00633879	
      3941	0.00634785	
      3942	0.00636392	
      3943	0.00637323	
      3944	0.00638959	
      3945	0.00639916	
      3946	0.00640188	
      3947	 0.0064047	
      3948	0.00641462	
      3949	0.00641765	
      3950	0.00642078	
      3951	0.00643109	
      3952	0.00644863	
      3953	0.00645926	
      3954	0.00647718	
      3955	0.00648815	
      3956	0.00649929	
      3957	 0.0065106	
      3958	0.00651488	
      3959	0.00652654	
      3960	0.00653838	
      3961	 0.0065577	
      3962	0.00657726	
      3963	0.00658976	
      3964	0.00660982	
      3965	0.00663016	
      3966	0.00663601	
      3967	0.00664947	
      3968	0.00665575	
      3969	0.00666971	
      3970	0.00667647	
      3971	0.00669847	
      3972	 0.0067133	
      3973	0.00673599	
      3974	0.00675149	
      3975	0.00677494	
      3976	0.00679118	
      3977	0.00680015	
      3978	0.00681714	
      3979	0.00682685	
      3980	 0.0068447	
      3981	0.00686301	
      3982	0.00688184	
      3983	0.00690903	
      3984	0.00692899	
      3985	0.00694957	
      3986	0.00697873	
      3987	 0.0070007	
      3988	0.00703144	
      3989	0.00705505	
      3990	0.00708763	
      3991	0.00710506	
      3992	0.00713166	
      3993	0.00715129	
      3994	0.00718044	
      3995	0.00720285	
      3996	0.00724359	
      3997	0.00727812	
      3998	0.00732353	
      3999	0.00736357	
      4000	0.00741597	
