280	9.32799e-18
281	2.08211e-17
282	4.2685e-17
283	6.17896e-17
284	6.72587e-17
285	5.14054e-17
286	7.77909e-17
287	1.31268e-16
288	1.41649e-16
289	2.04288e-16
290	3.31248e-16
291	4.24525e-16
292	4.55586e-16
293	5.01309e-16
294	5.72409e-16
295	6.57104e-16
296	7.85983e-16
297	8.09837e-16
298	9.4535e-16
299	1.00239e-15
300	1.10056e-15
301	1.51786e-14
302	2.15739e-13
303	3.76575e-12
304	5.49394e-11
305	7.58714e-10
306	2.14992e-09
307	6.90406e-09
308	2.24943e-08
309	6.19552e-08
310	1.82805e-07
311	5.12257e-07
312	1.05562e-06
313	2.20427e-06
314	4.74452e-06
315	9.47764e-06
316	1.247e-05
317	2.13189e-05
318	3.05116e-05
319	4.20246e-05
320	6.59694e-05
321	8.72875e-05
322	0.000110005
323	0.000136122
324	0.000198852
325	0.000301201
326	0.000425035
327	0.000522156
328	0.000601368
329	0.000760259
330	0.000986348
331	0.00102064
332	0.00112927
333	0.00122891
334	0.00137327
335	0.00159409
336	0.00156374
337	0.00158834
338	0.0019057
339	0.00218395
340	0.00252664
341	0.00259889
342	0.00281893
343	0.00311694
344	0.00286708
345	0.0031752
346	0.00357543
347	0.00383166
348	0.0039682
349	0.00415256
350	0.00486034
351	0.00536452
352	0.00528872
353	0.00568032
354	0.00677858
355	0.00721949
356	0.0069397
357	0.00620308
358	0.00590884
359	0.00684529
360	0.00877977
361	0.00832609
362	0.00884911
363	0.010099
364	0.0106007
365	0.0116696
366	0.0138469
367	0.0143873
368	0.0140429
369	0.0150034
370	0.0163697
371	0.0161193
372	0.0162329
373	0.0151359
374	0.0143108
375	0.0158989
376	0.0183792
377	0.0205683
378	0.0246811
379	0.022975
380	0.0223464
381	0.0242803
382	0.0199877
383	0.0161678
384	0.0186015
385	0.0240859
386	0.0241253
387	0.0254982
388	0.0257698
389	0.028744
390	0.0338038
391	0.0370883
392	0.0353044
393	0.0233176
394	0.0246213
395	0.038893
396	0.0368217
397	0.0262988
398	0.0443624
399	0.0577692
400	0.0624945
401	0.0664721
402	0.0700649
403	0.0703192
404	0.0723143
405	0.0728576
406	0.0727539
407	0.0734622
408	0.0782036
409	0.0829411
410	0.0770453
411	0.0846279
412	0.0911861
413	0.0907779
414	0.0916654
415	0.0964698
416	0.100936
417	0.100957
418	0.099873
419	0.103144
420	0.100671
421	0.111382
422	0.113617
423	0.112843
424	0.114707
425	0.119129
426	0.118432
427	0.117269
428	0.118518
429	0.110943
430	0.0933473
431	0.0928059
432	0.134739
433	0.13547
434	0.130327
435	0.142499
436	0.157283
437	0.161304
438	0.148109
439	0.14667
440	0.164036
441	0.16882
442	0.180175
443	0.186071
444	0.186102
445	0.191751
446	0.182887
447	0.20104
448	0.208639
449	0.212297
450	0.222013
451	0.230851
452	0.225634
453	0.216104
454	0.227835
455	0.232174
456	0.240801
457	0.246173
458	0.245131
459	0.245806
460	0.248893
461	0.258041
462	0.264328
463	0.267152
464	0.26409
465	0.263181
466	0.268363
467	0.264612
468	0.274761
469	0.279176
470	0.274829
471	0.281688
472	0.294936
473	0.291842
474	0.29726
475	0.307573
476	0.304848
477	0.310373
478	0.320186
479	0.319616
480	0.325458
481	0.328128
482	0.330579
483	0.329356
484	0.326811
485	0.320013
486	0.279192
487	0.300987
488	0.324407
489	0.319647
490	0.3455
491	0.340557
492	0.332389
493	0.348013
494	0.349507
495	0.365188
496	0.357857
497	0.361129
498	0.356309
499	0.357647
500	0.358951
501	0.353045
502	0.356286
503	0.368871
504	0.359137
505	0.378137
506	0.39319
507	0.383024
508	0.376641
509	0.389592
510	0.386085
511	0.39304
512	0.401059
513	0.385296
514	0.378564
515	0.38936
516	0.385872
517	0.339145
518	0.365388
519	0.368208
520	0.394882
521	0.403898
522	0.410792
523	0.398155
524	0.419195
525	0.421479
526	0.406696
527	0.375195
528	0.412704
529	0.433779
530	0.42761
531	0.44467
532	0.437048
533	0.405551
534	0.422635
535	0.434978
536	0.445384
537	0.425913
538	0.437457
539	0.431365
540	0.419077
541	0.411538
542	0.438272
543	0.439833
544	0.451445
545	0.446168
546	0.445294
547	0.448881
548	0.443734
549	0.452419
550	0.452039
551	0.453547
552	0.459909
553	0.452233
554	0.458873
555	0.461838
556	0.455893
557	0.447752
558	0.451566
559	0.437797
560	0.444342
561	0.461709
562	0.450923
563	0.460864
564	0.458388
565	0.456817
566	0.442767
567	0.46233
568	0.463817
569	0.458413
570	0.455792
571	0.445747
572	0.464916
573	0.470713
574	0.468897
575	0.461859
576	0.461193
577	0.467872
578	0.459716
579	0.463331
580	0.467315
581	0.469742
582	0.475413
583	0.479196
584	0.478805
585	0.476467
586	0.469557
587	0.478609
588	0.47133
589	0.436048
590	0.453646
591	0.475658
592	0.476221
593	0.477113
594	0.479672
595	0.481241
596	0.488254
597	0.492618
598	0.487419
599	0.487346
600	0.491108
601	0.487584
602	0.486507
603	0.496445
604	0.506926
605	0.509001
606	0.51013
607	0.513269
608	0.514525
609	0.51408
610	0.51673
611	0.519118
612	0.528361
613	0.52464
614	0.517723
615	0.529371
616	0.522693
617	0.522202
618	0.539993
619	0.54877
620	0.553589
621	0.558434
622	0.553049
623	0.554981
624	0.555234
625	0.551255
626	0.556044
627	0.572765
628	0.578976
629	0.582214
630	0.580677
631	0.577452
632	0.565371
633	0.585371
634	0.584685
635	0.587534
636	0.582744
637	0.598201
638	0.605622
639	0.602128
640	0.593511
641	0.59493
642	0.59912
643	0.607062
644	0.606608
645	0.612727
646	0.606543
647	0.613145
648	0.612113
649	0.599465
650	0.598289
651	0.622904
652	0.624722
653	0.628992
654	0.62387
655	0.598259
656	0.541334
657	0.560564
658	0.615414
659	0.628108
660	0.638357
661	0.646117
662	0.64979
663	0.649828
664	0.650882
665	0.659813
666	0.660341
667	0.656583
668	0.646842
669	0.644096
670	0.630417
671	0.623582
672	0.614668
673	0.613508
674	0.608264
675	0.603897
676	0.606837
677	0.600997
678	0.600856
679	0.594409
680	0.592596
681	0.591904
682	0.590829
683	0.586879
684	0.583024
685	0.580243
686	0.570112
687	0.580338
688	0.585179
689	0.585622
690	0.585129
691	0.58605
692	0.584993
693	0.592058
694	0.596714
695	0.595807
696	0.600134
697	0.604591
698	0.604417
699	0.611814
700	0.614577
701	0.616415
702	0.619534
703	0.629594
704	0.641237
705	0.651747
706	0.653115
707	0.657499
708	0.666626
709	0.67637
710	0.702771
711	0.649432
712	0.61608
713	0.592957
714	0.578204
715	0.556888
716	0.549541
717	0.539266
718	0.523637
719	0.504676
720	0.512781
721	0.512342
722	0.511522
723	0.506576
724	0.505484
725	0.506
726	0.510342
727	0.517802
728	0.523151
729	0.516829
730	0.539366
731	0.54378
732	0.557536
733	0.564616
734	0.584415
735	0.59441
736	0.601021
737	0.614902
738	0.627033
739	0.634992
740	0.672289
741	0.671838
742	0.672088
743	0.687064
744	0.695534
745	0.695405
746	0.698073
747	0.700887
748	0.700471
749	0.703015
750	0.703141
751	0.707263
752	0.71315
753	0.718509
754	0.724473
755	0.725491
756	0.718681
757	0.71968
758	0.72415
759	0.718499
760	0.722147
761	0.720047
762	0.720813
763	0.670983
764	0.634214
765	0.601393
766	0.56297
767	0.547567
768	0.549905
769	0.552322
770	0.559599
771	0.568476
772	0.577889
773	0.587939
774	0.598758
775	0.610538
776	0.622926
777	0.633724
778	0.651037
779	0.676159
780	0.715532
781	0.713373
782	0.716129
783	0.71093
784	0.705924
785	0.709261
786	0.709716
787	0.708761
788	0.704147
789	0.702568
790	0.697311
791	0.691348
792	0.685417
793	0.679514
794	0.67438
795	0.674483
796	0.680568
797	0.689656
798	0.686085
799	0.679543
800	0.671518
801	0.654496
802	0.638683
803	0.618602
804	0.6088
805	0.590252
806	0.591289
807	0.581774
808	0.572885
809	0.559449
810	0.555966
811	0.551532
812	0.549829
813	0.545277
814	0.539745
815	0.531445
816	0.526361
817	0.519928
818	0.50677
819	0.493966
820	0.488907
821	0.486849
822	0.477615
823	0.478611
824	0.476735
825	0.487514
826	0.502611
827	0.515293
828	0.524915
829	0.535868
830	0.552562
831	0.572954
832	0.585086
833	0.578637
834	0.58981
835	0.597073
836	0.606092
837	0.608286
838	0.613015
839	0.616019
840	0.6271
841	0.628389
842	0.621435
843	0.6205
844	0.615801
845	0.630105
846	0.632343
847	0.620861
848	0.620867
849	0.61553
850	0.57831
851	0.613327
852	0.618353
853	0.607449
854	0.561194
855	0.587666
856	0.627127
857	0.645499
858	0.651501
859	0.656168
860	0.659731
861	0.659743
862	0.665536
863	0.665225
864	0.654428
865	0.635684
866	0.582766
867	0.610458
868	0.637438
869	0.638024
870	0.645411
871	0.641443
872	0.646351
873	0.641461
874	0.63149
875	0.626171
876	0.638738
877	0.642572
878	0.640415
879	0.632829
880	0.630989
881	0.558595
882	0.539468
883	0.518832
884	0.50429
885	0.492335
886	0.468801
887	0.455498
888	0.451508
889	0.443702
890	0.433858
891	0.423845
892	0.412851
893	0.400458
894	0.394665
895	0.389339
896	0.385163
897	0.377131
898	0.369523
899	0.360824
900	0.354232
901	0.343525
902	0.334099
903	0.341022
904	0.338058
905	0.332259
906	0.333326
907	0.337846
908	0.337324
909	0.336652
910	0.342488
911	0.347158
912	0.349793
913	0.356519
914	0.360262
915	0.361932
916	0.363527
917	0.362272
918	0.362135
919	0.36322
920	0.360783
921	0.35574
922	0.351558
923	0.344146
924	0.354528
925	0.356985
926	0.280867
927	0.240989
928	0.206777
929	0.180183
930	0.159036
931	0.143282
932	0.129231
933	0.117988
934	0.107487
935	0.0975861
936	0.0894001
937	0.0826938
938	0.08463
939	0.0859431
940	0.0861608
941	0.086641
942	0.086575
943	0.0902726
944	0.0909957
945	0.093068
946	0.0955765
947	0.0974007
948	0.0996521
949	0.105312
950	0.110745
951	0.116221
952	0.123395
953	0.130549
954	0.136762
955	0.14053
956	0.154037
957	0.16671
958	0.180336
959	0.195282
960	0.209967
961	0.227481
962	0.249976
963	0.275866
964	0.307462
965	0.355057
966	0.356753
967	0.362922
968	0.364523
969	0.369657
970	0.375024
971	0.37715
972	0.383345
973	0.38557
974	0.386235
975	0.393038
976	0.401622
977	0.405146
978	0.412637
979	0.415941
980	0.42553
981	0.430405
982	0.437458
983	0.440953
984	0.443659
985	0.449443
986	0.453427
987	0.459329
988	0.46464
989	0.467941
990	0.476737
991	0.488094
992	0.496691
993	0.509202
994	0.518882
995	0.51716
996	0.516041
997	0.511477
998	0.511212
999	0.511459
1000	0.512923
1001	0.515769
1002	0.516038
1003	0.511454
1004	0.503657
1005	0.482211
1006	0.497663
1007	0.508286
1008	0.51083
1009	0.509809
1010	0.510804
1011	0.508999
1012	0.508337
1013	0.506626
1014	0.50747
1015	0.502418
1016	0.503089
1017	0.501211
1018	0.504384
1019	0.495783
1020	0.497642
1021	0.499069
1022	0.495261
1023	0.49859
1024	0.500873
1025	0.500852
1026	0.501301
1027	0.500685
1028	0.501264
1029	0.498716
1030	0.499976
1031	0.500101
1032	0.499902
1033	0.494838
1034	0.497283
1035	0.499994
1036	0.500888
1037	0.498226
1038	0.498029
1039	0.501986
1040	0.502173
1041	0.50247
1042	0.5022
1043	0.499329
1044	0.500272
1045	0.496927
1046	0.488259
1047	0.493585
1048	0.497884
1049	0.496584
1050	0.494349
1051	0.494354
1052	0.492301
1053	0.491369
1054	0.490622
1055	0.49212
1056	0.491372
1057	0.490248
1058	0.485188
1059	0.475812
1060	0.483019
1061	0.478234
1062	0.48348
1063	0.480095
1064	0.484307
1065	0.483458
1066	0.476023
1067	0.477237
1068	0.475058
1069	0.457548
1070	0.466848
1071	0.444873
1072	0.432913
1073	0.417844
1074	0.413994
1075	0.402118
1076	0.397997
1077	0.392333
1078	0.386342
1079	0.376302
1080	0.374483
1081	0.363377
1082	0.356414
1083	0.35563
1084	0.354455
1085	0.350664
1086	0.347026
1087	0.33461
1088	0.336591
1089	0.335149
1090	0.330567
1091	0.328272
1092	0.321017
1093	0.313586
1094	0.299903
1095	0.30435
1096	0.304915
1097	0.304469
1098	0.300655
1099	0.297427
1100	0.301711
1101	0.221553
1102	0.173705
1103	0.145877
1104	0.123714
1105	0.106255
1106	0.0923883
1107	0.0808625
1108	0.0716824
1109	0.0638728
1110	0.0572771
1111	0.0513333
1112	0.04633
1113	0.0418274
1114	0.0383168
1115	0.0348858
1116	0.0316865
1117	0.0292632
1118	0.0265734
1119	0.0244105
1120	0.0224603
1121	0.0240611
1122	0.0258176
1123	0.0275927
1124	0.029491
1125	0.0313858
1126	0.0330067
1127	0.0358627
1128	0.0390487
1129	0.0421968
1130	0.045474
1131	0.0454421
1132	0.0452704
1133	0.0445758
1134	0.0443106
1135	0.0440961
1136	0.0438449
1137	0.0427918
1138	0.0420575
1139	0.042297
1140	0.0422002
1141	0.0413748
1142	0.0416592
1143	0.0412181
1144	0.0407161
1145	0.0407659
1146	0.0440629
1147	0.0474027
1148	0.0507985
1149	0.0546558
1150	0.0589893
1151	0.0638952
1152	0.069307
1153	0.0758699
1154	0.0837216
1155	0.0922112
1156	0.101283
1157	0.113359
1158	0.127113
1159	0.142481
1160	0.161905
1161	0.18772
1162	0.195937
1163	0.202216
1164	0.205152
1165	0.211898
1166	0.214595
1167	0.222796
1168	0.230186
1169	0.232247
1170	0.243359
1171	0.246315
1172	0.247738
1173	0.247952
1174	0.249114
1175	0.247025
1176	0.245632
1177	0.25104
1178	0.25118
1179	0.252188
1180	0.256103
1181	0.256736
1182	0.256072
1183	0.248317
1184	0.257275
1185	0.262422
1186	0.264257
1187	0.265803
1188	0.264129
1189	0.256999
1190	0.266488
1191	0.273074
1192	0.274884
1193	0.276533
1194	0.278363
1195	0.278592
1196	0.280371
1197	0.280733
1198	0.277041
1199	0.272879
1200	0.285686
1201	0.288984
1202	0.288149
1203	0.280045
1204	0.279574
1205	0.286114
1206	0.28655
1207	0.287001
1208	0.281336
1209	0.272742
1210	0.282116
1211	0.280048
1212	0.285298
1213	0.287336
1214	0.287162
1215	0.288354
1216	0.289007
1217	0.289487
1218	0.289412
1219	0.288859
1220	0.290676
1221	0.291571
1222	0.291612
1223	0.291093
1224	0.294758
1225	0.295511
1226	0.296494
1227	0.293185
1228	0.297127
1229	0.300802
1230	0.302075
1231	0.303228
1232	0.303236
1233	0.306147
1234	0.307816
1235	0.309401
1236	0.313914
1237	0.317425
1238	0.321008
1239	0.324165
1240	0.33491
1241	0.334059
1242	0.330425
1243	0.325097
1244	0.321531
1245	0.32011
1246	0.319741
1247	0.31788
1248	0.317475
1249	0.315409
1250	0.312899
1251	0.309354
1252	0.305705
1253	0.304899
1254	0.303548
1255	0.301564
1256	0.299378
1257	0.29666
1258	0.295872
1259	0.293476
1260	0.292909
1261	0.290903
1262	0.287153
1263	0.287471
1264	0.283953
1265	0.283107
1266	0.282998
1267	0.278623
1268	0.275952
1269	0.276766
1270	0.27712
1271	0.2775
1272	0.277097
1273	0.277464
1274	0.277235
1275	0.279617
1276	0.281593
1277	0.282981
1278	0.283766
1279	0.283618
1280	0.282685
1281	0.274555
1282	0.255202
1283	0.272455
1284	0.285431
1285	0.29026
1286	0.293355
1287	0.29679
1288	0.29903
1289	0.302784
1290	0.303679
1291	0.294129
1292	0.287322
1293	0.280623
1294	0.272121
1295	0.268429
1296	0.264689
1297	0.259203
1298	0.253898
1299	0.251991
1300	0.248245
1301	0.244474
1302	0.239785
1303	0.235935
1304	0.232812
1305	0.232086
1306	0.230174
1307	0.228012
1308	0.225596
1309	0.223477
1310	0.220772
1311	0.21829
1312	0.214567
1313	0.208826
1314	0.210594
1315	0.205794
1316	0.205019
1317	0.206268
1318	0.203687
1319	0.204539
1320	0.203208
1321	0.144993
1322	0.11364
1323	0.0927756
1324	0.0775701
1325	0.065808
1326	0.0563915
1327	0.04877
1328	0.0427375
1329	0.0370127
1330	0.0330983
1331	0.0296667
1332	0.0262165
1333	0.0238861
1334	0.0216117
1335	0.019507
1336	0.0175766
1337	0.0160027
1338	0.014528
1339	0.0131392
1340	0.0120057
1341	0.0111853
1342	0.0102751
1343	0.00946077
1344	0.00873024
1345	0.00805727
1346	0.00740222
1347	0.00687502
1348	0.00636773
1349	0.00589113
1350	0.00542338
1351	0.00447763
1352	0.00374016
1353	0.0031206
1354	0.00261128
1355	0.00218285
1356	0.00184931
1357	0.00156325
1358	0.00135076
1359	0.00115792
1360	0.000990534
1361	0.000863104
1362	0.000745877
1363	0.000639743
1364	0.000561539
1365	0.000490228
1366	0.000428364
1367	0.000373202
1368	0.000329535
1369	0.000286468
1370	0.000252172
1371	0.000223235
1372	0.000199332
1373	0.000177048
1374	0.000156961
1375	0.000137773
1376	0.000121897
1377	0.000109527
1378	9.78877e-05
1379	8.79972e-05
1380	7.84344e-05
1381	7.0288e-05
1382	6.24865e-05
1383	5.62236e-05
1384	5.07489e-05
1385	4.54056e-05
1386	4.10844e-05
1387	3.68304e-05
1388	3.33789e-05
1389	3.01921e-05
1390	2.69766e-05
1391	2.4638e-05
1392	2.23602e-05
1393	2.01875e-05
1394	1.82401e-05
1395	1.65707e-05
1396	1.80779e-05
1397	1.97567e-05
1398	2.16535e-05
1399	2.35963e-05
1400	2.53149e-05
1401	2.77477e-05
1402	3.07941e-05
1403	3.36636e-05
1404	3.70949e-05
1405	4.08591e-05
1406	4.52668e-05
1407	4.9927e-05
1408	5.51064e-05
1409	6.11138e-05
1410	6.75797e-05
1411	7.44005e-05
1412	8.10818e-05
1413	9.08568e-05
1414	0.000102277
1415	0.000114168
1416	0.000127045
1417	0.000142684
1418	0.00016006
1419	0.000177959
1420	0.000199421
1421	0.000225267
1422	0.000250251
1423	0.000281754
1424	0.000318655
1425	0.000363852
1426	0.000405355
1427	0.000464487
1428	0.000533013
1429	0.000600604
1430	0.000687103
1431	0.000793981
1432	0.000930712
1433	0.00107691
1434	0.00123367
1435	0.00144007
1436	0.00168555
1437	0.00198183
1438	0.00233008
1439	0.00276161
1440	0.00317893
1441	0.00382219
1442	0.00461422
1443	0.00527077
1444	0.00563253
1445	0.00601237
1446	0.00643885
1447	0.00684272
1448	0.00735649
1449	0.00785857
1450	0.00836428
1451	0.00888073
1452	0.00952684
1453	0.0102615
1454	0.0109975
1455	0.0118127
1456	0.0127025
1457	0.0138202
1458	0.0151408
1459	0.0164869
1460	0.0178132
1461	0.0193356
1462	0.0209645
1463	0.0218223
1464	0.0218627
1465	0.0220547
1466	0.0219009
1467	0.0221559
1468	0.0220026
1469	0.0221786
1470	0.0220794
1471	0.0217841
1472	0.0218641
1473	0.0218289
1474	0.0214265
1475	0.0217057
1476	0.0218333
1477	0.0218096
1478	0.0230804
1479	0.0246767
1480	0.0262755
1481	0.027729
1482	0.0296319
1483	0.0311689
1484	0.0336122
1485	0.0363564
1486	0.0386645
1487	0.0407091
1488	0.0405918
1489	0.0473142
1490	0.0523368
1491	0.0570574
1492	0.0618633
1493	0.0685022
1494	0.0757559
1495	0.0837111
1496	0.0918113
1497	0.105567
1498	0.10842
1499	0.109999
1500	0.113878
1501	0.116278
1502	0.116611
1503	0.111375
1504	0.116345
1505	0.11683
1506	0.123961
1507	0.13109
1508	0.133738
1509	0.136923
1510	0.143021
1511	0.147414
1512	0.149771
1513	0.153935
1514	0.158821
1515	0.166092
1516	0.172778
1517	0.180322
1518	0.192058
1519	0.202996
1520	0.224307
1521	0.220419
1522	0.219655
1523	0.222183
1524	0.222709
1525	0.219758
1526	0.223816
1527	0.2234
1528	0.224497
1529	0.222383
1530	0.214754
1531	0.223221
1532	0.225116
1533	0.223479
1534	0.221206
1535	0.223633
1536	0.22671
1537	0.227353
1538	0.224449
1539	0.228054
1540	0.219961
1541	0.219131
1542	0.218611
1543	0.217153
1544	0.216767
1545	0.215917
1546	0.213728
1547	0.209916
1548	0.204975
1549	0.206302
1550	0.204165
1551	0.203688
1552	0.204183
1553	0.201267
1554	0.196918
1555	0.196228
1556	0.194009
1557	0.196484
1558	0.195223
1559	0.195394
1560	0.194834
1561	0.197777
1562	0.197702
1563	0.197267
1564	0.195999
1565	0.198183
1566	0.197126
1567	0.197665
1568	0.196526
1569	0.198417
1570	0.198912
1571	0.202957
1572	0.203993
1573	0.202469
1574	0.200948
1575	0.194305
1576	0.199125
1577	0.189835
1578	0.200854
1579	0.205673
1580	0.207146
1581	0.206557
1582	0.200307
1583	0.200911
1584	0.199471
1585	0.203107
1586	0.200997
1587	0.198112
1588	0.192914
1589	0.182682
1590	0.186432
1591	0.187753
1592	0.19487
1593	0.198043
1594	0.196891
1595	0.19596
1596	0.188468
1597	0.189589
1598	0.192799
1599	0.189766
1600	0.189587
1601	0.185189
1602	0.186165
1603	0.186121
1604	0.185892
1605	0.18382
1606	0.182871
1607	0.181755
1608	0.183778
1609	0.181758
1610	0.173144
1611	0.176846
1612	0.178841
1613	0.182262
1614	0.182461
1615	0.182029
1616	0.176524
1617	0.179327
1618	0.185046
1619	0.184919
1620	0.181165
1621	0.181775
1622	0.185166
1623	0.189651
1624	0.191006
1625	0.189781
1626	0.19269
1627	0.194914
1628	0.197668
1629	0.200082
1630	0.202352
1631	0.202977
1632	0.202665
1633	0.200236
1634	0.198256
1635	0.200302
1636	0.199502
1637	0.193002
1638	0.191276
1639	0.188392
1640	0.190048
1641	0.189076
1642	0.189273
1643	0.19199
1644	0.190399
1645	0.189763
1646	0.192065
1647	0.192395
1648	0.19179
1649	0.188983
1650	0.190479
1651	0.188732
1652	0.190453
1653	0.189135
1654	0.189706
1655	0.188186
1656	0.189074
1657	0.189135
1658	0.188144
1659	0.186329
1660	0.187336
1661	0.188028
1662	0.187368
1663	0.186609
1664	0.186264
1665	0.184775
1666	0.183398
1667	0.183377
1668	0.181161
1669	0.182399
1670	0.185001
1671	0.183837
1672	0.178505
1673	0.180379
1674	0.182355
1675	0.180474
1676	0.178494
1677	0.179542
1678	0.180066
1679	0.17605
1680	0.169327
1681	0.163127
1682	0.165011
1683	0.168557
1684	0.170208
1685	0.169992
1686	0.167625
1687	0.167198
1688	0.166304
1689	0.163869
1690	0.16333
1691	0.165061
1692	0.164759
1693	0.163598
1694	0.162938
1695	0.162302
1696	0.1611
1697	0.159922
1698	0.159235
1699	0.157892
1700	0.155626
1701	0.154884
1702	0.15441
1703	0.153758
1704	0.153077
1705	0.152355
1706	0.151261
1707	0.15012
1708	0.148989
1709	0.147869
1710	0.146906
1711	0.146835
1712	0.146915
1713	0.146999
1714	0.147086
1715	0.147052
1716	0.146251
1717	0.145334
1718	0.144424
1719	0.143521
1720	0.142683
1721	0.142167
1722	0.141713
1723	0.141264
1724	0.14082
1725	0.140329
1726	0.139516
1727	0.138659
1728	0.137807
1729	0.136961
1730	0.136
1731	0.134299
1732	0.132487
1733	0.130684
1734	0.12889
1735	0.127439
1736	0.127975
1737	0.128844
1738	0.129712
1739	0.130577
1740	0.131234
1741	0.1085
1742	0.0944405
1743	0.0840977
1744	0.0759174
1745	0.0692094
1746	0.0636875
1747	0.0589539
1748	0.0548155
1749	0.0511569
1750	0.047901
1751	0.0450088
1752	0.0423994
1753	0.0400258
1754	0.0378567
1755	0.0358527
1756	0.0339228
1757	0.0321297
1758	0.0304706
1759	0.0289315
1760	0.0275079
1761	0.0262244
1762	0.0250317
1763	0.0239148
1764	0.0228671
1765	0.0218827
1766	0.0209563
1767	0.0200835
1768	0.0192599
1769	0.018482
1770	0.0177393
1771	0.0169927
1772	0.0162799
1773	0.0156049
1774	0.0149651
1775	0.0143665
1776	0.0138451
1777	0.0133563
1778	0.0128902
1779	0.0124456
1780	0.0120176
1781	0.0115891
1782	0.0111767
1783	0.0107828
1784	0.0104064
1785	0.0100493
1786	0.00972432
1787	0.00941553
1788	0.00911932
1789	0.00883505
1790	0.00855865
1791	0.00827127
1792	0.0079924
1793	0.00772487
1794	0.00746813
1795	0.00722163
1796	0.00698488
1797	0.00675742
1798	0.00653879
1799	0.00632858
1800	0.00613005
1801	0.00507081
1802	0.0042326
1803	0.00355892
1804	0.00301184
1805	0.00256324
1806	0.00219065
1807	0.00188075
1808	0.00162155
1809	0.00140353
1810	0.00121664
1811	0.00104492
1812	0.000898083
1813	0.000773858
1814	0.000668397
1815	0.000580365
1816	0.000514366
1817	0.000458281
1818	0.000409152
1819	0.000366
1820	0.0003279
1821	0.000293733
1822	0.000263488
1823	0.000236738
1824	0.000213031
1825	0.000191779
1826	0.000171769
1827	0.000153892
1828	0.000138052
1829	0.000123995
1830	0.000111557
1831	0.000100761
1832	9.11575e-05
1833	8.25583e-05
1834	7.48483e-05
1835	6.79181e-05
1836	6.16271e-05
1837	5.59642e-05
1838	5.08678e-05
1839	4.62763e-05
1840	4.21298e-05
1841	3.83471e-05
1842	3.49274e-05
1843	3.18372e-05
1844	2.90422e-05
1845	2.65258e-05
1846	2.43146e-05
1847	2.23152e-05
1848	2.04942e-05
1849	1.88345e-05
1850	1.73149e-05
1851	1.58967e-05
1852	1.4599e-05
1853	1.34152e-05
1854	1.23346e-05
1855	1.13476e-05
1856	1.04454e-05
1857	9.62021e-06
1858	8.86493e-06
1859	8.17323e-06
1860	7.53935e-06
1861	7.86357e-06
1862	8.20308e-06
1863	8.55866e-06
1864	8.93116e-06
1865	9.32336e-06
1866	9.74376e-06
1867	1.0187e-05
1868	1.06524e-05
1869	1.11411e-05
1870	1.16288e-05
1871	1.19762e-05
1872	1.23046e-05
1873	1.26394e-05
1874	1.29805e-05
1875	1.34015e-05
1876	1.42952e-05
1877	1.53285e-05
1878	1.6432e-05
1879	1.76109e-05
1880	1.88188e-05
1881	1.97842e-05
1882	2.07471e-05
1883	2.17618e-05
1884	2.28313e-05
1885	2.39391e-05
1886	2.49755e-05
1887	2.60398e-05
1888	2.71541e-05
1889	2.83211e-05
1890	2.95647e-05
1891	3.10021e-05
1892	3.25407e-05
1893	3.41645e-05
1894	3.58786e-05
1895	3.7716e-05
1896	3.98309e-05
1897	4.21065e-05
1898	4.45245e-05
1899	4.70946e-05
1900	4.98027e-05
1901	5.25093e-05
1902	5.53523e-05
1903	5.83674e-05
1904	6.15663e-05
1905	6.49522e-05
1906	6.84679e-05
1907	7.21874e-05
1908	7.61346e-05
1909	8.03252e-05
1910	8.47948e-05
1911	8.96371e-05
1912	9.4812e-05
1913	0.000100324
1914	0.000106197
1915	0.00011246
1916	0.000119139
1917	0.000126268
1918	0.000133881
1919	0.000142014
1920	0.000150709
1921	0.000141832
1922	0.000142939
1923	0.00014616
1924	0.00015066
1925	0.000156094
1926	0.000162037
1927	0.000168714
1928	0.000176173
1929	0.00018443
1930	0.000193667
1931	0.000204738
1932	0.000217045
1933	0.000230536
1934	0.000245323
1935	0.000261395
1936	0.000278048
1937	0.000296129
1938	0.000315945
1939	0.000337686
1940	0.000361017
1941	0.00038307
1942	0.000406507
1943	0.000432101
1944	0.000460098
1945	0.000492419
1946	0.000538709
1947	0.000592574
1948	0.000653281
1949	0.000721907
1950	0.0007991
1951	0.000882722
1952	0.000977166
1953	0.0010851
1954	0.00120902
1955	0.00135097
1956	0.00150851
1957	0.00169047
1958	0.00190358
1959	0.00215517
1960	0.00245458
1961	0.00265031
1962	0.00286533
1963	0.00310257
1964	0.00336495
1965	0.00365887
1966	0.00400543
1967	0.0043973
1968	0.00483807
1969	0.0053356
1970	0.00589608
1971	0.0065095
1972	0.00720474
1973	0.00800131
1974	0.00891954
1975	0.00998536
1976	0.0112324
1977	0.012705
1978	0.0144633
1979	0.0165907
1980	0.0192125
1981	0.0225332
1982	0.0268351
1983	0.0326296
1984	0.0409529
1985	0.0545129
1986	0.0389163
1987	0.0315659
1988	0.0266903
1989	0.0230982
1990	0.0202841
1991	0.0179246
1992	0.0159644
1993	0.0143181
1994	0.0129159
1995	0.0117159
1996	0.0107125
1997	0.00983791
1998	0.00906425
1999	0.00837578
2000	0.0077566
2001	0.00718182
2002	0.00666116
2003	0.00619051
2004	0.00576364
2005	0.00537764
2006	0.00566085
2007	0.0059662
2008	0.00629316
2009	0.00664375
2010	0.00701901
2011	0.00741225
2012	0.00783408
2013	0.00828882
2014	0.00878
2015	0.00931002
2016	0.00987106
2017	0.0104787
2018	0.0111406
2019	0.0118636
2020	0.0126618
2021	0.0135765
2022	0.0145953
2023	0.0157283
2024	0.016995
2025	0.0184113
2026	0.0199613
2027	0.0217192
2028	0.023744
2029	0.0261063
2030	0.0289158
2031	0.032364
2032	0.0366909
2033	0.0423867
2034	0.0506412
2035	0.0670839
2036	0.0658
2037	0.0646237
2038	0.0635416
2039	0.0625361
2040	0.0616405
2041	0.0610491
2042	0.0605442
2043	0.0600745
2044	0.059636
2045	0.059187
2046	0.0585137
2047	0.05783
2048	0.057172
2049	0.0565378
2050	0.0559415
2051	0.0554388
2052	0.0549698
2053	0.0545175
2054	0.0540811
2055	0.0536495
2056	0.053151
2057	0.0526569
2058	0.052177
2059	0.0517107
2060	0.0512723
2061	0.0509158
2062	0.0505855
2063	0.0502663
2064	0.0499579
2065	0.0496603
2066	0.0499603
2067	0.0502664
2068	0.050579
2069	0.0508984
2070	0.05124
2071	0.0516609
2072	0.0521065
2073	0.0525621
2074	0.0530281
2075	0.0534839
2076	0.0538119
2077	0.0541275
2078	0.0544524
2079	0.0547873
2080	0.055144
2081	0.0555683
2082	0.0560175
2083	0.0564815
2084	0.0569614
2085	0.0574643
2086	0.0579979
2087	0.0585581
2088	0.0591412
2089	0.0597493
2090	0.0603728
2091	0.0609642
2092	0.0615757
2093	0.0622242
2094	0.0629154
2095	0.0636832
2096	0.0646866
2097	0.0657969
2098	0.0670075
2099	0.0683483
2100	0.0698618
2101	0.0699007
2102	0.0699333
2103	0.0699667
2104	0.0700012
2105	0.070022
2106	0.0699559
2107	0.0698759
2108	0.0697968
2109	0.0697184
2110	0.0696482
2111	0.0696379
2112	0.0696362
2113	0.0696356
2114	0.0696363
2115	0.0696383
2116	0.0696268
2117	0.0696167
2118	0.0696081
2119	0.069601
2120	0.0695956
2121	0.0695769
2122	0.06956
2123	0.069545
2124	0.069532
2125	0.0695438
2126	0.0696789
2127	0.0698396
2128	0.0700037
2129	0.0701713
2130	0.0703123
2131	0.0702894
2132	0.0702396
2133	0.0701935
2134	0.0701518
2135	0.0701378
2136	0.0702836
2137	0.0704594
2138	0.0706432
2139	0.0708361
2140	0.071016
2141	0.0710675
2142	0.0711092
2143	0.0711681
2144	0.071249
2145	0.0713836
2146	0.0716737
2147	0.0720611
2148	0.072599
2149	0.0725506
2150	0.0724943
2151	0.0723572
2152	0.0722123
2153	0.0720675
2154	0.0719228
2155	0.0717783
2156	0.0716016
2157	0.0714251
2158	0.0712488
2159	0.0710726
2160	0.0707998
2161	0.0699304
2162	0.0689648
2163	0.0679996
2164	0.0670349
2165	0.066256
2166	0.0666053
2167	0.0671398
2168	0.0676741
2169	0.0682083
2170	0.068686
2171	0.0687935
2172	0.0688446
2173	0.0688958
2174	0.0689471
2175	0.0689663
2176	0.0687925
2177	0.0685868
2178	0.0683812
2179	0.0681758
2180	0.0679946
2181	0.0679742
2182	0.067978
2183	0.0679819
2184	0.0679859
2185	0.0679579
2186	0.0677212
2187	0.0674527
2188	0.0671843
2189	0.066916
2190	0.0666881
2191	0.0667009
2192	0.0667538
2193	0.0668068
2194	0.0668599
2195	0.0668889
2196	0.0667899
2197	0.066667
2198	0.0665441
2199	0.0664005
2200	0.0662331
2201	0.065922
2202	0.0655873
2203	0.065253
2204	0.0649191
2205	0.0646256
2206	0.0645398
2207	0.0644942
2208	0.0644486
2209	0.0644032
2210	0.0643499
2211	0.064265
2212	0.0641722
2213	0.0640796
2214	0.0639872
2215	0.063895
2216	0.0638029
2217	0.0637109
2218	0.0636192
2219	0.0635276
2220	0.0634203
2221	0.063218
2222	0.0630002
2223	0.0627826
2224	0.0625653
2225	0.0623641
2226	0.062258
2227	0.0621679
2228	0.0620779
2229	0.0619881
2230	0.0618985
2231	0.0617932
2232	0.061688
2233	0.0615831
2234	0.0614782
2235	0.0613578
2236	0.0611273
2237	0.0608813
2238	0.0606355
2239	0.06039
2240	0.0601684
2241	0.0600885
2242	0.0600323
2243	0.0599762
2244	0.0599201
2245	0.0598485
2246	0.0596986
2247	0.0595332
2248	0.059368
2249	0.0592029
2250	0.0590381
2251	0.0588421
2252	0.0586464
2253	0.0584508
2254	0.0582555
2255	0.058076
2256	0.058006
2257	0.0579518
2258	0.0578977
2259	0.0578436
2260	0.0577819
2261	0.0576422
2262	0.057495
2263	0.0573479
2264	0.057201
2265	0.0570698
2266	0.057001
2267	0.0569478
2268	0.0568948
2269	0.0568418
2270	0.0567811
2271	0.0563601
2272	0.0559458
2273	0.0555446
2274	0.0551554
2275	0.054762
2276	0.0543039
2277	0.0538412
2278	0.0533882
2279	0.0529444
2280	0.0525312
2281	0.0522576
2282	0.052012
2283	0.0517721
2284	0.0515375
2285	0.0513079
2286	0.0510545
2287	0.0508059
2288	0.0505618
2289	0.050322
2290	0.0500582
2291	0.0496165
2292	0.0491523
2293	0.0486936
2294	0.0482403
2295	0.0478334
2296	0.0476511
2297	0.0475126
2298	0.0473766
2299	0.0472429
2300	0.0471047
2301	0.0469148
2302	0.0467206
2303	0.046529
2304	0.0463397
2305	0.0461462
2306	0.0459285
2307	0.0457066
2308	0.0454871
2309	0.0452699
2310	0.0450551
2311	0.0448163
2312	0.04458
2313	0.0443458
2314	0.044114
2315	0.0438842
2316	0.0436695
2317	0.0434567
2318	0.0432458
2319	0.0430369
2320	0.0428108
2321	0.0424477
2322	0.0420684
2323	0.0416919
2324	0.0413182
2325	0.0409908
2326	0.0409023
2327	0.0408582
2328	0.0408148
2329	0.0407721
2330	0.0407117
2331	0.0405538
2332	0.0403788
2333	0.0402052
2334	0.0400329
2335	0.039862
2336	0.0396923
2337	0.0395239
2338	0.0393568
2339	0.0391909
2340	0.0390321
2341	0.0389104
2342	0.0387955
2343	0.0386816
2344	0.0385685
2345	0.0384445
2346	0.0382625
2347	0.0380699
2348	0.0378786
2349	0.0376885
2350	0.0374879
2351	0.0372072
2352	0.0369165
2353	0.0366275
2354	0.0363401
2355	0.0360889
2356	0.036023
2357	0.0359921
2358	0.0359614
2359	0.0359312
2360	0.0358955
2361	0.0340714
2362	0.032463
2363	0.0310273
2364	0.0297309
2365	0.0285451
2366	0.0274217
2367	0.02638
2368	0.0254131
2369	0.0245118
2370	0.0236648
2371	0.0228477
2372	0.0220751
2373	0.0213461
2374	0.0206567
2375	0.0200165
2376	0.019472
2377	0.0189662
2378	0.018484
2379	0.0180236
2380	0.0175607
2381	0.0169901
2382	0.0164228
2383	0.0158799
2384	0.0153598
2385	0.0148863
2386	0.0145791
2387	0.0143071
2388	0.0140445
2389	0.0137908
2390	0.0135366
2391	0.013238
2392	0.0129409
2393	0.0126539
2394	0.0123764
2395	0.0121079
2396	0.0118441
2397	0.0115887
2398	0.0113413
2399	0.0111015
2400	0.010869
2401	0.010647
2402	0.0104315
2403	0.0102224
2404	0.0100192
2405	0.00982177
2406	0.00963312
2407	0.00944966
2408	0.00927119
2409	0.00909751
2410	0.00892091
2411	0.00870457
2412	0.00848706
2413	0.00827568
2414	0.00807021
2415	0.00788148
2416	0.00775759
2417	0.00764727
2418	0.00753941
2419	0.00743392
2420	0.00732692
2421	0.00719732
2422	0.00706713
2423	0.00694004
2424	0.00681597
2425	0.00669597
2426	0.00658566
2427	0.00647896
2428	0.00637463
2429	0.0062726
2430	0.00617171
2431	0.0060624
2432	0.0059545
2433	0.00584902
2434	0.00574588
2435	0.00564602
2436	0.00555623
2437	0.00546928
2438	0.00538415
2439	0.00530077
2440	0.00521817
2441	0.00512995
2442	0.00504268
2443	0.00495725
2444	0.0048736
2445	0.00479083
2446	0.00470637
2447	0.00462283
2448	0.00454104
2449	0.00446095
2450	0.00438412
2451	0.00405599
2452	0.00376069
2453	0.00349282
2454	0.00324916
2455	0.00302808
2456	0.00283116
2457	0.00265145
2458	0.00248618
2459	0.00233389
2460	0.00219291
2461	0.00205955
2462	0.00193583
2463	0.00182124
2464	0.00171496
2465	0.00161564
2466	0.0015205
2467	0.00143153
2468	0.00134874
2469	0.00127163
2470	0.00120019
2471	0.00113647
2472	0.00107722
2473	0.00102168
2474	0.000969574
2475	0.000920129
2476	0.000870407
2477	0.000823325
2478	0.000779169
2479	0.00073773
2480	0.000699215
2481	0.000664795
2482	0.000632718
2483	0.000602452
2484	0.000573877
2485	0.000547095
2486	0.00052278
2487	0.000499933
2488	0.000478265
2489	0.000457706
2490	0.000437432
2491	0.000413709
2492	0.000390668
2493	0.000368972
2494	0.000348535
2495	0.000330287
2496	0.000318604
2497	0.00030834
2498	0.000298466
2499	0.000288964
2500	0.000279382
2501	8.24746e-05
2502	2.8745e-05
2503	1.11873e-05
2504	4.71634e-06
2505	2.11398e-06
2506	9.93404e-07
2507	4.86076e-07
2508	2.46133e-07
2509	1.28359e-07
2510	6.86937e-08
2511	3.76505e-08
2512	2.1061e-08
2513	1.19968e-08
2514	6.94679e-09
2515	4.0832e-09
2516	2.43415e-09
2517	1.46953e-09
2518	8.97592e-10
2519	5.54228e-10
2520	3.45761e-10
2521	2.17936e-10
2522	1.38619e-10
2523	8.89071e-11
2524	5.74729e-11
2525	3.74374e-11
2526	2.45894e-11
2527	1.62623e-11
2528	1.08235e-11
2529	7.24737e-12
2530	4.87981e-12
2531	3.29688e-12
2532	2.2387e-12
2533	1.52783e-12
2534	1.04773e-12
2535	7.21987e-13
2536	5.00166e-13
2537	3.4806e-13
2538	2.43214e-13
2539	1.70629e-13
2540	1.20168e-13
2541	8.49805e-14
2542	6.03128e-14
2543	4.29544e-14
2544	3.06948e-14
2545	2.20057e-14
2546	1.58194e-14
2547	1.1407e-14
2548	8.24985e-15
2549	5.98372e-15
2550	4.35225e-15
2551	3.17287e-15
2552	2.31921e-15
2553	1.69961e-15
2554	1.24867e-15
2555	9.1962e-16
2556	6.78603e-16
2557	5.01917e-16
2558	3.72076e-16
2559	2.76434e-16
2560	2.05867e-16
2561	1.53773e-16
2562	1.15124e-16
2563	8.63628e-17
2564	6.49151e-17
2565	4.8888e-17
2566	3.68712e-17
2567	2.78596e-17
2568	2.10886e-17
2569	1.59915e-17
2570	1.21474e-17
2571	9.23899e-18
2572	7.03863e-18
2573	5.37107e-18
2574	4.10514e-18
2575	3.14252e-18
2576	2.40934e-18
2577	1.85001e-18
2578	1.42264e-18
2579	1.0956e-18
2580	8.44752e-19
2581	6.51366e-19
2582	5.02827e-19
2583	3.88685e-19
2584	3.00852e-19
2585	2.33278e-19
2586	1.81701e-19
2587	1.41774e-19
2588	1.10758e-19
2589	8.66349e-20
2590	6.78322e-20
2591	5.30757e-20
2592	4.15685e-20
2593	3.25937e-20
2594	2.55857e-20
2595	2.01116e-20
2596	1.58409e-20
2597	1.24936e-20
2598	9.86416e-21
2599	7.79637e-21
2600	6.16848e-21
2601	3.43592e-21
2602	2.46126e-21
2603	1.84858e-21
2604	1.42382e-21
2605	1.11482e-21
2606	8.82469e-22
2607	7.04946e-22
2608	5.67272e-22
2609	4.59262e-22
2610	3.73732e-22
2611	3.05628e-22
2612	2.50908e-22
2613	2.06697e-22
2614	1.70804e-22
2615	1.4154e-22
2616	1.17478e-22
2617	9.77346e-23
2618	8.14849e-23
2619	6.80729e-23
2620	5.69474e-23
2621	4.75632e-23
2622	3.97701e-23
2623	3.33039e-23
2624	2.79287e-23
2625	2.34814e-23
2626	1.99046e-23
2627	1.69144e-23
2628	1.43904e-23
2629	1.22569e-23
2630	1.0446e-23
2631	8.88607e-24
2632	7.563e-24
2633	6.44316e-24
2634	5.49427e-24
2635	4.6882e-24
2636	3.9941e-24
2637	3.40474e-24
2638	2.90468e-24
2639	2.47998e-24
2640	2.12003e-24
2641	1.81908e-24
2642	1.56277e-24
2643	1.34351e-24
2644	1.15581e-24
2645	9.95002e-25
2646	8.56271e-25
2647	7.37352e-25
2648	6.35342e-25
2649	5.47776e-25
2650	4.72559e-25
2651	4.07498e-25
2652	3.51593e-25
2653	3.03525e-25
2654	2.6217e-25
2655	2.26626e-25
2656	1.96202e-25
2657	1.69992e-25
2658	1.47357e-25
2659	1.278e-25
2660	1.10863e-25
2661	9.60709e-26
2662	8.32696e-26
2663	7.22068e-26
2664	6.26417e-26
2665	5.43953e-26
2666	4.73521e-26
2667	4.12598e-26
2668	3.59665e-26
2669	3.13654e-26
2670	2.73572e-26
2671	2.38098e-26
2672	2.07252e-26
2673	1.80472e-26
2674	1.57213e-26
2675	1.37038e-26
2676	1.19621e-26
2677	1.04483e-26
2678	9.12947e-27
2679	7.97997e-27
2680	6.9777e-27
2681	6.10346e-27
2682	5.34061e-27
2683	4.67472e-27
2684	4.09325e-27
2685	3.5853e-27
2686	3.13814e-27
2687	2.74764e-27
2688	2.4065e-27
2689	2.10838e-27
2690	1.84778e-27
2691	1.62075e-27
2692	1.42205e-27
2693	1.24809e-27
2694	1.09574e-27
2695	9.62275e-28
2696	8.44865e-28
2697	7.41996e-28
2698	6.51839e-28
2699	5.728e-28
2700	5.03622e-28
2701	5.9663e-28
2702	7.07413e-28
2703	8.39255e-28
2704	9.96251e-28
2705	1.18332e-27
2706	1.40634e-27
2707	1.67241e-27
2708	1.99003e-27
2709	2.36941e-27
2710	2.82286e-27
2711	3.36703e-27
2712	4.01862e-27
2713	4.79935e-27
2714	5.73544e-27
2715	6.85855e-27
2716	8.20245e-27
2717	9.81614e-27
2718	1.17551e-26
2719	1.40865e-26
2720	1.68918e-26
2721	2.02583e-26
2722	2.43127e-26
2723	2.91987e-26
2724	3.50913e-26
2725	4.22148e-26
2726	5.08489e-26
2727	6.13106e-26
2728	7.3979e-26
2729	8.93314e-26
2730	1.07951e-25
2731	1.30405e-25
2732	1.5765e-25
2733	1.90734e-25
2734	2.30942e-25
2735	2.79847e-25
2736	3.39569e-25
2737	4.1237e-25
2738	5.0119e-25
2739	6.09645e-25
2740	7.4219e-25
2741	9.0483e-25
2742	1.10406e-24
2743	1.34832e-24
2744	1.64807e-24
2745	2.01626e-24
2746	2.46753e-24
2747	3.02256e-24
2748	3.70585e-24
2749	4.54786e-24
2750	5.58647e-24
2751	6.86495e-24
2752	8.4442e-24
2753	1.0397e-23
2754	1.28141e-23
2755	1.58091e-23
2756	1.95241e-23
2757	2.41371e-23
2758	2.98715e-23
2759	3.70078e-23
2760	4.58986e-23
2761	5.70208e-23
2762	7.09174e-23
2763	8.83007e-23
2764	1.10072e-22
2765	1.3737e-22
2766	1.71742e-22
2767	2.14974e-22
2768	2.69417e-22
2769	3.38069e-22
2770	4.24626e-22
2771	5.33406e-22
2772	6.70728e-22
2773	8.44518e-22
2774	1.06477e-21
2775	1.3443e-21
2776	1.70057e-21
2777	2.15432e-21
2778	2.73309e-21
2779	3.47243e-21
2780	4.41837e-21
2781	5.63394e-21
2782	7.19509e-21
2783	9.20339e-21
2784	1.17913e-20
2785	1.51317e-20
2786	1.9451e-20
2787	2.50461e-20
2788	3.2307e-20
2789	4.17472e-20
2790	5.40441e-20
2791	7.00511e-20
2792	9.09715e-20
2793	1.18369e-19
2794	1.54323e-19
2795	2.01668e-19
2796	2.64247e-19
2797	3.47086e-19
2798	4.56889e-19
2799	6.02771e-19
2800	7.97052e-19
2801	9.68562e-19
2802	1.17796e-18
2803	1.43384e-18
2804	1.74681e-18
2805	2.13059e-18
2806	2.60259e-18
2807	3.18299e-18
2808	3.89638e-18
2809	4.77407e-18
2810	5.85496e-18
2811	7.18742e-18
2812	8.83165e-18
2813	1.08627e-17
2814	1.33741e-17
2815	1.64829e-17
2816	2.03227e-17
2817	2.50831e-17
2818	3.09915e-17
2819	3.83329e-17
2820	4.74654e-17
2821	5.88026e-17
2822	7.29302e-17
2823	9.05562e-17
2824	1.12574e-16
2825	1.40156e-16
2826	1.74818e-16
2827	2.18392e-16
2828	2.73171e-16
2829	3.42129e-16
2830	4.29056e-16
2831	5.38447e-16
2832	6.76646e-16
2833	8.51495e-16
2834	1.07304e-15
2835	1.35417e-15
2836	1.71039e-15
2837	2.16355e-15
2838	2.74096e-15
2839	3.4779e-15
2840	4.42002e-15
2841	5.63013e-15
2842	7.18352e-15
2843	9.18115e-15
2844	1.17548e-14
2845	1.50768e-14
2846	1.93605e-14
2847	2.49079e-14
2848	3.21063e-14
2849	4.14664e-14
2850	5.36632e-14
2851	6.95913e-14
2852	9.04386e-14
2853	1.17787e-13
2854	1.5375e-13
2855	2.01155e-13
2856	2.63972e-13
2857	3.47251e-13
2858	4.57951e-13
2859	6.05501e-13
2860	8.02727e-13
2861	1.06712e-12
2862	1.42263e-12
2863	1.90213e-12
2864	2.55096e-12
2865	3.43185e-12
2866	4.62573e-12
2867	6.2559e-12
2868	8.49008e-12
2869	1.15639e-11
2870	1.58152e-11
2871	2.17288e-11
2872	2.99859e-11
2873	4.15572e-11
2874	5.78501e-11
2875	8.09336e-11
2876	1.13858e-10
2877	1.61051e-10
2878	2.29032e-10
2879	3.27555e-10
2880	4.71261e-10
2881	6.81376e-10
2882	9.91778e-10
2883	1.45387e-09
2884	2.14746e-09
2885	3.19772e-09
2886	4.80647e-09
2887	7.29255e-09
2888	1.11773e-08
2889	1.73216e-08
2890	2.71701e-08
2891	4.31912e-08
2892	6.96887e-08
2893	1.14344e-07
2894	1.9125e-07
2895	3.27131e-07
2896	5.74426e-07
2897	1.04335e-06
2898	1.98402e-06
2899	4.05906e-06
2900	1.03627e-05
2901	1.06453e-05
2902	1.09364e-05
2903	1.12364e-05
2904	1.15455e-05
2905	1.18642e-05
2906	1.21841e-05
2907	1.25137e-05
2908	1.28532e-05
2909	1.32031e-05
2910	1.35636e-05
2911	1.39254e-05
2912	1.4298e-05
2913	1.46819e-05
2914	1.50773e-05
2915	1.54847e-05
2916	1.59158e-05
2917	1.63604e-05
2918	1.6819e-05
2919	1.7292e-05
2920	1.778e-05
2921	1.82835e-05
2922	1.8803e-05
2923	1.93392e-05
2924	1.98926e-05
2925	2.04639e-05
2926	2.10537e-05
2927	2.16627e-05
2928	2.22916e-05
2929	2.29411e-05
2930	2.36121e-05
2931	2.42875e-05
2932	2.4985e-05
2933	2.57052e-05
2934	2.64489e-05
2935	2.72172e-05
2936	2.80314e-05
2937	2.88733e-05
2938	2.97439e-05
2939	3.06443e-05
2940	3.15757e-05
2941	3.25153e-05
2942	3.34869e-05
2943	3.44916e-05
2944	3.55308e-05
2945	3.66195e-05
2946	3.77746e-05
2947	3.89858e-05
2948	4.02411e-05
2949	4.15426e-05
2950	4.2892e-05
2951	4.42914e-05
2952	4.57429e-05
2953	4.72487e-05
2954	4.88112e-05
2955	5.04329e-05
2956	5.20769e-05
2957	5.37827e-05
2958	5.55528e-05
2959	5.739e-05
2960	5.92974e-05
2961	6.13244e-05
2962	6.34311e-05
2963	6.56211e-05
2964	6.78983e-05
2965	7.02666e-05
2966	7.2675e-05
2967	7.51791e-05
2968	7.77836e-05
2969	8.0493e-05
2970	8.33122e-05
2971	8.63128e-05
2972	8.94389e-05
2973	9.26967e-05
2974	9.60925e-05
2975	9.96334e-05
2976	0.000103247
2977	0.000107014
2978	0.000110943
2979	0.000115042
2980	0.00011932
2981	0.000123881
2982	0.000128647
2983	0.00013363
2984	0.00013884
2985	0.00014429
2986	0.000149877
2987	0.000155723
2988	0.00016184
2989	0.000168246
2990	0.000174957
2991	0.000182132
2992	0.000189662
2993	0.000197566
2994	0.000205869
2995	0.000214595
2996	0.000223772
2997	0.00023343
2998	0.000243602
2999	0.000254325
3000	0.000265638
3001	0.000265546
3002	0.000265454
3003	0.000265361
3004	0.000265268
3005	0.000265174
3006	0.000265292
3007	0.00026541
3008	0.000265528
3009	0.000265646
3010	0.000265765
3011	0.000265883
3012	0.000266002
3013	0.000266121
3014	0.00026624
3015	0.000266359
3016	0.000266265
3017	0.00026617
3018	0.000266074
3019	0.000265978
3020	0.000265882
3021	0.000265786
3022	0.000265689
3023	0.000265592
3024	0.000265495
3025	0.000265397
3026	0.000265516
3027	0.000265635
3028	0.000265754
3029	0.000265874
3030	0.000265994
3031	0.000265896
3032	0.000265797
3033	0.000265698
3034	0.000265599
3035	0.0002655
3036	0.000265181
3037	0.00026486
3038	0.00026454
3039	0.000264218
3040	0.000264006
3041	0.000264456
3042	0.000265019
3043	0.000265583
3044	0.000266148
3045	0.000266715
3046	0.000267061
3047	0.000267408
3048	0.000267756
3049	0.000268105
3050	0.000268455
3051	0.000268582
3052	0.000268709
3053	0.000268837
3054	0.000268965
3055	0.000269094
3056	0.000269223
3057	0.000269353
3058	0.000269484
3059	0.000269614
3060	0.000269746
3061	0.000269424
3062	0.000269101
3063	0.000268778
3064	0.000268455
3065	0.000268245
3066	0.000268263
3067	0.000268396
3068	0.000268529
3069	0.000268664
3070	0.000268799
3071	0.000269165
3072	0.000269532
3073	0.000269902
3074	0.000270272
3075	0.000270644
3076	0.000270555
3077	0.000270466
3078	0.000270377
3079	0.000270289
3080	0.000270202
3081	0.000270115
3082	0.000270028
3083	0.000269943
3084	0.000269858
3085	0.000269773
3086	0.00026969
3087	0.000269608
3088	0.000269527
3089	0.000269447
3090	0.000269368
3091	0.00026929
3092	0.000269214
3093	0.000269139
3094	0.000269067
3095	0.000268996
3096	0.000268927
3097	0.00026886
3098	0.000268796
3099	0.000268734
3100	0.000268675
3101	0.000265011
3102	0.000264284
3103	0.000264412
3104	0.000265006
3105	0.00026591
3106	0.000266805
3107	0.000267877
3108	0.000269097
3109	0.000270441
3110	0.000271896
3111	0.0002732
3112	0.00027459
3113	0.000276058
3114	0.000277599
3115	0.000279335
3116	0.000281397
3117	0.000283657
3118	0.000285986
3119	0.000288381
3120	0.000290842
3121	0.000293367
3122	0.000295956
3123	0.000298608
3124	0.000301323
3125	0.000304101
3126	0.000306941
3127	0.000309844
3128	0.000312809
3129	0.000315838
3130	0.00031893
3131	0.000322086
3132	0.000325306
3133	0.000328591
3134	0.000331941
3135	0.000335359
3136	0.000338526
3137	0.000341754
3138	0.000345044
3139	0.000348396
3140	0.000351811
3141	0.000355626
3142	0.000359513
3143	0.000363475
3144	0.000367512
3145	0.000371626
3146	0.000375462
3147	0.000379368
3148	0.000383346
3149	0.000387397
3150	0.000391522
3151	0.000396103
3152	0.000400771
3153	0.000405527
3154	0.000410374
3155	0.000415314
3156	0.000420347
3157	0.000425477
3158	0.000430706
3159	0.000436035
3160	0.000441467
3161	0.000447436
3162	0.000453525
3163	0.000459735
3164	0.000466071
3165	0.000472534
3166	0.000478203
3167	0.00048398
3168	0.000489868
3169	0.000495868
3170	0.00050223
3171	0.000509214
3172	0.000516594
3173	0.000524128
3174	0.00053182
3175	0.000539674
3176	0.000546627
3177	0.000553718
3178	0.000560952
3179	0.000568332
3180	0.000575863
3181	0.000584123
3182	0.000592559
3183	0.000601176
3184	0.000609979
3185	0.000618972
3186	0.000628785
3187	0.000638818
3188	0.00064908
3189	0.000659576
3190	0.000670314
3191	0.000680626
3192	0.000691173
3193	0.00070196
3194	0.000712995
3195	0.000724287
3196	0.000735109
3197	0.000746178
3198	0.000757501
3199	0.000769087
3200	0.000781335
3201	0.000776115
3202	0.000771334
3203	0.000766599
3204	0.00076191
3205	0.000757265
3206	0.000751908
3207	0.000746603
3208	0.000741349
3209	0.000736147
3210	0.000730994
3211	0.000725156
3212	0.000719376
3213	0.000713652
3214	0.000707983
3215	0.00070237
3216	0.000697523
3217	0.00069272
3218	0.000687962
3219	0.000683247
3220	0.000678575
3221	0.000673946
3222	0.000669359
3223	0.000664812
3224	0.000660307
3225	0.000655841
3226	0.000652087
3227	0.000648365
3228	0.000644673
3229	0.000641013
3230	0.000637382
3231	0.000633128
3232	0.00062891
3233	0.000624729
3234	0.000620583
3235	0.000616473
3236	0.000612398
3237	0.000608357
3238	0.000604351
3239	0.000600378
3240	0.000596438
3241	0.000592532
3242	0.000588657
3243	0.000584815
3244	0.000581005
3245	0.000577226
3246	0.000574079
3247	0.000570956
3248	0.000567857
3249	0.000564781
3250	0.000561729
3251	0.00055753
3252	0.000553366
3253	0.000549237
3254	0.000545142
3255	0.000541082
3256	0.000537625
3257	0.000534195
3258	0.000530793
3259	0.000527417
3260	0.000524067
3261	0.000520744
3262	0.000517447
3263	0.000514175
3264	0.000510929
3265	0.000507708
3266	0.000504512
3267	0.00050134
3268	0.000498193
3269	0.000495069
3270	0.00049197
3271	0.000488894
3272	0.000485841
3273	0.000482812
3274	0.000479805
3275	0.000476821
3276	0.00047386
3277	0.00047092
3278	0.000468003
3279	0.000465108
3280	0.000462233
3281	0.000459381
3282	0.000456549
3283	0.000453738
3284	0.000450948
3285	0.000448179
3286	0.000445917
3287	0.00044367
3288	0.000441439
3289	0.000439222
3290	0.000436781
3291	0.000433407
3292	0.000429823
3293	0.000426267
3294	0.00042274
3295	0.000419473
3296	0.000416696
3297	0.000414169
3298	0.000411661
3299	0.00040917
3300	0.000406697
3301	0.000412945
3302	0.000419311
3303	0.0004258
3304	0.000432413
3305	0.000439155
3306	0.00044503
3307	0.000451009
3308	0.000457092
3309	0.000463283
3310	0.000469584
3311	0.000476537
3312	0.000483622
3313	0.000490843
3314	0.000498204
3315	0.000505707
3316	0.000512188
3317	0.00051878
3318	0.000525487
3319	0.000532311
3320	0.000539567
3321	0.000548223
3322	0.00055738
3323	0.000566731
3324	0.000576282
3325	0.000586037
3326	0.000594625
3327	0.000603383
3328	0.000612314
3329	0.000621423
3330	0.000630715
3331	0.000640947
3332	0.000651397
3333	0.000662074
3334	0.000672982
3335	0.00068413
3336	0.000695523
3337	0.000707169
3338	0.000719076
3339	0.000731251
3340	0.000743702
3341	0.000756438
3342	0.000769468
3343	0.0007828
3344	0.000796443
3345	0.000810409
3346	0.000823723
3347	0.000837343
3348	0.000851277
3349	0.000865537
3350	0.000880132
3351	0.000896155
3352	0.000912579
3353	0.000929417
3354	0.000946683
3355	0.000964392
3356	0.00098256
3357	0.0010012
3358	0.00102034
3359	0.00103999
3360	0.00106016
3361	0.00108089
3362	0.00110219
3363	0.00112408
3364	0.00114658
3365	0.00116972
3366	0.00119353
3367	0.00121803
3368	0.00124325
3369	0.00126923
3370	0.00129598
3371	0.00132355
3372	0.00135198
3373	0.00138129
3374	0.00141154
3375	0.00144275
3376	0.00147499
3377	0.00150829
3378	0.00154272
3379	0.00157831
3380	0.00161515
3381	0.00165534
3382	0.00169701
3383	0.00174022
3384	0.00178507
3385	0.00183164
3386	0.00187769
3387	0.00192554
3388	0.0019753
3389	0.00202709
3390	0.00208105
3391	0.0021373
3392	0.00219601
3393	0.00225734
3394	0.00232148
3395	0.00238863
3396	0.00245591
3397	0.0025265
3398	0.00260066
3399	0.0026787
3400	0.00276274
3401	0.0027865
3402	0.00281236
3403	0.00283854
3404	0.00286505
3405	0.00289005
3406	0.00290794
3407	0.00292415
3408	0.00294053
3409	0.00295709
3410	0.00297574
3411	0.00299847
3412	0.00302342
3413	0.0030487
3414	0.0030743
3415	0.00310023
3416	0.00312246
3417	0.00314496
3418	0.00316775
3419	0.00319081
3420	0.00321417
3421	0.00323783
3422	0.00326178
3423	0.00328605
3424	0.00331063
3425	0.00333553
3426	0.00336076
3427	0.00338632
3428	0.00341223
3429	0.00343848
3430	0.0034651
3431	0.00349668
3432	0.00352871
3433	0.00356122
3434	0.0035942
3435	0.00362768
3436	0.00365684
3437	0.00368642
3438	0.00371643
3439	0.00374689
3440	0.0037778
3441	0.00380917
3442	0.00384102
3443	0.00387336
3444	0.0039062
3445	0.00393956
3446	0.00397344
3447	0.00400787
3448	0.00404285
3449	0.0040784
3450	0.00411454
3451	0.00415686
3452	0.00419992
3453	0.00424373
3454	0.00428833
3455	0.00433373
3456	0.00437407
3457	0.00441514
3458	0.00445696
3459	0.00449954
3460	0.00454292
3461	0.00459333
3462	0.00464473
3463	0.00469715
3464	0.00475062
3465	0.00480518
3466	0.0048543
3467	0.00490444
3468	0.00495563
3469	0.00500792
3470	0.00506134
3471	0.00511594
3472	0.00517176
3473	0.00522887
3474	0.0052873
3475	0.00534713
3476	0.00540841
3477	0.0054712
3478	0.00553558
3479	0.00560162
3480	0.00566941
3481	0.00574696
3482	0.00582667
3483	0.00590863
3484	0.00599299
3485	0.00607987
3486	0.00616092
3487	0.00624455
3488	0.00633093
3489	0.00642026
3490	0.00651275
3491	0.00660863
3492	0.00670818
3493	0.00681171
3494	0.00691959
3495	0.00703225
3496	0.00715018
3497	0.00727402
3498	0.00740452
3499	0.00754265
3500	0.00768968
3501	0.00769667
3502	0.00770368
3503	0.00771071
3504	0.00771777
3505	0.00772485
3506	0.00772107
3507	0.0077173
3508	0.00771353
3509	0.00770977
3510	0.00770601
3511	0.00770227
3512	0.00769853
3513	0.0076948
3514	0.00769107
3515	0.00768735
3516	0.00768365
3517	0.00767995
3518	0.00767626
3519	0.00767257
3520	0.0076689
3521	0.00767628
3522	0.0076837
3523	0.00769114
3524	0.00769862
3525	0.00770613
3526	0.00770257
3527	0.00769903
3528	0.00769549
3529	0.00769197
3530	0.00768847
3531	0.00769612
3532	0.00770382
3533	0.00771155
3534	0.00771932
3535	0.00772713
3536	0.00772376
3537	0.00772041
3538	0.00771708
3539	0.00771376
3540	0.00771046
3541	0.00771845
3542	0.00772648
3543	0.00773455
3544	0.00774267
3545	0.00775083
3546	0.00774771
3547	0.00774461
3548	0.00774153
3549	0.00773848
3550	0.00773545
3551	0.00773245
3552	0.00772947
3553	0.00772652
3554	0.00772359
3555	0.0077207
3556	0.00771783
3557	0.007715
3558	0.00771219
3559	0.00770942
3560	0.00770669
3561	0.0077155
3562	0.00772438
3563	0.00773332
3564	0.00774233
3565	0.0077514
3566	0.00774896
3567	0.00774657
3568	0.00774422
3569	0.00774192
3570	0.00773967
3571	0.00773747
3572	0.00773533
3573	0.00773324
3574	0.00773121
3575	0.00772924
3576	0.00772734
3577	0.0077255
3578	0.00772373
3579	0.00772204
3580	0.00772042
3581	0.00773069
3582	0.00774107
3583	0.00775157
3584	0.0077622
3585	0.00777296
3586	0.00777198
3587	0.00777111
3588	0.00777036
3589	0.00776973
3590	0.00776924
3591	0.00776889
3592	0.00776869
3593	0.00776866
3594	0.0077688
3595	0.00776914
3596	0.00778174
3597	0.0077946
3598	0.00780775
3599	0.0078212
3600	0.00783498
3601	0.00782771
3602	0.00782043
3603	0.00781315
3604	0.00780587
3605	0.00779858
3606	0.00779128
3607	0.00778399
3608	0.00777669
3609	0.00776938
3610	0.00776207
3611	0.00776699
3612	0.00777193
3613	0.00777687
3614	0.00778183
3615	0.0077868
3616	0.00777951
3617	0.00777221
3618	0.00776492
3619	0.00775762
3620	0.00775032
3621	0.00775532
3622	0.00776034
3623	0.00776537
3624	0.00777042
3625	0.00777547
3626	0.00776819
3627	0.00776091
3628	0.00775363
3629	0.00774634
3630	0.00773906
3631	0.00774416
3632	0.00774927
3633	0.0077544
3634	0.00775955
3635	0.00776471
3636	0.00775745
3637	0.00775019
3638	0.00774293
3639	0.00773567
3640	0.0077284
3641	0.00773361
3642	0.00773884
3643	0.00774408
3644	0.00774934
3645	0.00775462
3646	0.00774739
3647	0.00774017
3648	0.00773294
3649	0.00772572
3650	0.0077185
3651	0.00771128
3652	0.00770405
3653	0.00769683
3654	0.00768961
3655	0.0076824
3656	0.00768778
3657	0.00769319
3658	0.00769861
3659	0.00770406
3660	0.00770953
3661	0.00771501
3662	0.00772052
3663	0.00772605
3664	0.0077316
3665	0.00773718
3666	0.00771739
3667	0.00769758
3668	0.00767777
3669	0.00765794
3670	0.00764446
3671	0.00764372
3672	0.00764937
3673	0.00765504
3674	0.00766074
3675	0.00766647
3676	0.00765944
3677	0.00765242
3678	0.00764541
3679	0.0076384
3680	0.00763141
3681	0.00762443
3682	0.00761746
3683	0.0076105
3684	0.00760356
3685	0.00759663
3686	0.0076026
3687	0.00760861
3688	0.00761465
3689	0.00762073
3690	0.00762685
3691	0.00762008
3692	0.00761332
3693	0.00760659
3694	0.00759989
3695	0.0075932
3696	0.00758655
3697	0.00757992
3698	0.00757332
3699	0.00756676
3700	0.00756023
3701	0.00756625
3702	0.00757229
3703	0.00757835
3704	0.00758443
3705	0.00759053
3706	0.00758356
3707	0.00757658
3708	0.00756961
3709	0.00756264
3710	0.00755567
3711	0.00756184
3712	0.00756805
3713	0.00757427
3714	0.00758051
3715	0.00758678
3716	0.00757987
3717	0.00757295
3718	0.00756604
3719	0.00755912
3720	0.00755221
3721	0.00755856
3722	0.00756493
3723	0.00757132
3724	0.00757774
3725	0.00758418
3726	0.00757732
3727	0.00757047
3728	0.00756362
3729	0.00755677
3730	0.00754992
3731	0.00755644
3732	0.00756299
3733	0.00756956
3734	0.00757616
3735	0.00758278
3736	0.00756256
3737	0.00754232
3738	0.00752206
3739	0.00750177
3740	0.0074882
3741	0.00748812
3742	0.00749479
3743	0.0075015
3744	0.00750822
3745	0.00751498
3746	0.00750821
3747	0.00750144
3748	0.00749467
3749	0.0074879
3750	0.00748113
3751	0.00748798
3752	0.00749486
3753	0.00750177
3754	0.0075087
3755	0.00751566
3756	0.00750897
3757	0.00750228
3758	0.00749559
3759	0.00748891
3760	0.00748223
3761	0.00748929
3762	0.00749639
3763	0.00750351
3764	0.00751066
3765	0.00751784
3766	0.00752505
3767	0.00753229
3768	0.00753956
3769	0.00754686
3770	0.00755419
3771	0.00754768
3772	0.00754117
3773	0.00753467
3774	0.00752817
3775	0.00752168
3776	0.00751519
3777	0.0075087
3778	0.00750222
3779	0.00749574
3780	0.00748927
3781	0.00749682
3782	0.0075044
3783	0.00751202
3784	0.00751967
3785	0.00752735
3786	0.00752099
3787	0.00751463
3788	0.00750828
3789	0.00750193
3790	0.00749559
3791	0.00750342
3792	0.00751128
3793	0.00751918
3794	0.00752712
3795	0.0075351
3796	0.00752888
3797	0.00752267
3798	0.00751647
3799	0.00751027
3800	0.00750409
3801	0.00745137
3802	0.00741053
3803	0.00737658
3804	0.00734727
3805	0.00732136
3806	0.00728418
3807	0.00724919
3808	0.00721603
3809	0.00718442
3810	0.00715415
3811	0.00713877
3812	0.00712438
3813	0.00711087
3814	0.00709815
3815	0.00708615
3816	0.00706121
3817	0.00703692
3818	0.00701323
3819	0.00699009
3820	0.00696748
3821	0.00695887
3822	0.00695069
3823	0.00694291
3824	0.00693552
3825	0.00692849
3826	0.0069218
3827	0.00691545
3828	0.00690941
3829	0.00690368
3830	0.00689824
3831	0.0068797
3832	0.00686145
3833	0.00684348
3834	0.00682579
3835	0.00680835
3836	0.00680451
3837	0.00680091
3838	0.00679753
3839	0.00679437
3840	0.00679143
3841	0.00677539
3842	0.00675957
3843	0.00674396
3844	0.00672857
3845	0.00671337
3846	0.00671167
3847	0.00671016
3848	0.00670884
3849	0.00670771
3850	0.00670676
3851	0.00669272
3852	0.00667886
3853	0.00666519
3854	0.0066517
3855	0.00663839
3856	0.00663189
3857	0.00662558
3858	0.0066128
3859	0.00660684
3860	0.00660106
3861	0.00659545
3862	0.00659667
3863	0.00659142
3864	0.006593
3865	0.00658812
3866	0.00657676
3867	0.00657224
3868	0.00656125
3869	0.0065571
3870	0.00654648
3871	0.00654938
3872	0.00655247
3873	0.00655577
3874	0.00655927
3875	0.006563
3876	0.00655358
3877	0.00655105
3878	0.00654205
3879	0.00653997
3880	0.00653142
3881	0.0065298
3882	0.00652843
3883	0.00652732
3884	0.00652647
3885	0.0065259
3886	0.00653234
3887	0.0065391
3888	0.00655293
3889	0.00656036
3890	0.00656815
3891	0.00656278
3892	0.00655777
3893	0.00655994
3894	0.00655575
3895	0.00655199
3896	0.00656235
3897	0.00656643
3898	0.00657794
3899	0.00658324
3900	0.00659611
3901	0.00660721
3902	0.00661837
3903	0.0066227
3904	0.00663398
3905	0.00664534
3906	0.00664982
3907	0.0066474
3908	0.00665196
3909	0.0066496
3910	0.00665425
3911	0.00666595
3912	0.00667072
3913	0.00668256
3914	0.00668744
3915	0.00669942
3916	0.00669736
3917	0.00669533
3918	0.00670042
3919	0.00669846
3920	0.00669654
3921	0.00670891
3922	0.00672136
3923	0.00672675
3924	0.00673938
3925	0.00675209
3926	0.00675051
3927	0.00675618
3928	0.00675469
3929	0.00676049
3930	0.0067591
3931	0.0067723
3932	0.00677831
3933	0.0067917
3934	0.00679789
3935	0.00681149
3936	0.00681786
3937	0.00681695
3938	0.00682348
3939	0.00682271
3940	0.0068294
3941	0.00683619
3942	0.0068505
3943	0.00685749
3944	0.00687205
3945	0.00687926
3946	0.00687909
3947	0.006879
3948	0.00688651
3949	0.00688659
3950	0.00688676
3951	0.00689459
3952	0.00691015
3953	0.00691825
3954	0.00693412
3955	0.00694251
3956	0.00695105
3957	0.00695973
3958	0.00696086
3959	0.00696983
3960	0.00697896
3961	0.00699601
3962	0.00701328
3963	0.00702297
3964	0.00704065
3965	0.00705858
3966	0.00706103
3967	0.00707152
3968	0.00707434
3969	0.00708526
3970	0.00708847
3971	0.0071078
3972	0.00711945
3973	0.00713938
3974	0.0071516
3975	0.00717217
3976	0.00718501
3977	0.00719009
3978	0.00720358
3979	0.00720929
3980	0.00722349
3981	0.0072381
3982	0.00725314
3983	0.00727689
3984	0.00729289
3985	0.00730942
3986	0.00733484
3987	0.00735255
3988	0.00737931
3989	0.0073984
3990	0.00742673
3991	0.00743898
3992	0.00746061
3993	0.00747472
3994	0.0074985
3995	0.00751494
3996	0.00755015
3997	0.00757845
3998	0.00761754
3999	0.00765036
4000	0.0076951
