       280	1.15629e-14	
       281	2.49196e-14	
       282	4.93592e-14	
       283	6.90793e-14	
       284	7.27444e-14	
       285	5.3821e-14	
       286	7.88913e-14	
       287	1.29025e-13	
       288	1.35021e-13	
       289	1.88952e-13	
       290	2.97457e-13	
       291	3.70317e-13	
       292	3.86253e-13	
       293	4.13298e-13	
       294	4.59138e-13	
       295	5.13057e-13	
       296	5.97655e-13	
       297	5.99995e-13	
       298	6.82744e-13	
       299	7.06015e-13	
       300	7.56307e-13	
       301	6.26073e-12	
       302	5.3434e-11	
       303	5.60296e-10	
       304	4.91251e-09	
       305	4.07873e-08	
       306	9.2889e-08	
       307	2.39832e-07	
       308	6.28492e-07	
       309	1.39279e-06	
       310	3.30776e-06	
       311	8.00542e-06	
       312	1.42529e-05	
       313	2.57221e-05	
       314	4.78653e-05	
       315	8.26909e-05	
       316	0.000101433	
       317	0.000161721	
       318	0.000215918	
       319	0.00027751	
       320	0.000406625	
       321	0.000508491	
       322	0.000605825	
       323	0.000708893	
       324	0.000979534	
       325	0.00140378	
       326	0.00191008	
       327	 0.0022632	
       328	0.00251458	
       329	0.00306757	
       330	0.00384127	
       331	 0.0038861	
       332	0.00420468	
       333	0.00447556	
       334	0.00489296	
       335	0.00555792	
       336	0.00536129	
       337	  0.005356	
       338	0.00632174	
       339	0.00712845	
       340	0.00811615	
       341	0.00822816	
       342	0.00879808	
       343	0.00959187	
       344	0.00870088	
       345	0.00950435	
       346	 0.0105669	
       347	 0.0111828	
       348	 0.0114386	
       349	 0.0118245	
       350	 0.0136739	
       351	 0.0149256	
       352	 0.0145544	
       353	 0.0154641	
       354	 0.0182585	
       355	  0.019243	
       356	 0.0183067	
       357	 0.0161972	
       358	 0.0152743	
       359	 0.0175202	
       360	 0.0222523	
       361	 0.0209063	
       362	  0.022016	
       363	 0.0248986	
       364	 0.0259028	
       365	 0.0282642	
       366	  0.033247	
       367	 0.0342494	
       368	 0.0331477	
       369	 0.0351205	
       370	 0.0380048	
       371	 0.0371207	
       372	 0.0370841	
       373	 0.0343058	
       374	 0.0321839	
       375	 0.0354813	
       376	 0.0407066	
       377	 0.0452153	
       378	 0.0538574	
       379	 0.0497702	
       380	 0.0480617	
       381	 0.0518518	
       382	 0.0423869	
       383	   0.03405	
       384	 0.0389091	
       385	 0.0500429	
       386	 0.0497929	
       387	 0.0522824	
       388	 0.0524983	
       389	 0.0581843	
       390	  0.067996	
       391	 0.0741396	
       392	 0.0701408	
       393	 0.0460457	
       394	 0.0483297	
       395	 0.0758933	
       396	 0.0714327	
       397	  0.050725	
       398	 0.0850799	
       399	   0.11017	
       400	  0.118521	
       401	  0.125374	
       402	  0.131436	
       403	  0.131209	
       404	   0.13422	
       405	  0.134523	
       406	   0.13364	
       407	  0.134255	
       408	  0.142202	
       409	  0.150068	
       410	  0.138717	
       411	  0.151631	
       412	    0.1626	
       413	  0.161106	
       414	  0.161921	
       415	   0.16962	
       416	  0.176662	
       417	  0.175903	
       418	  0.173238	
       419	  0.178125	
       420	  0.173097	
       421	  0.190689	
       422	  0.193687	
       423	  0.191559	
       424	  0.193914	
       425	  0.200562	
       426	  0.198579	
       427	  0.195839	
       428	  0.197139	
       429	  0.183815	
       430	  0.154062	
       431	  0.152581	
       432	  0.220682	
       433	  0.221048	
       434	  0.211867	
       435	  0.230805	
       436	  0.253827	
       437	  0.259381	
       438	   0.23732	
       439	   0.23419	
       440	   0.26101	
       441	  0.267737	
       442	  0.284816	
       443	   0.29319	
       444	  0.292307	
       445	  0.300232	
       446	  0.285463	
       447	  0.312834	
       448	  0.323671	
       449	  0.328356	
       450	  0.342364	
       451	  0.354946	
       452	  0.345917	
       453	  0.330354	
       454	  0.347298	
       455	  0.352918	
       456	  0.365015	
       457	  0.372131	
       458	  0.369549	
       459	  0.369571	
       460	  0.373217	
       461	  0.385935	
       462	  0.394328	
       463	  0.397535	
       464	  0.391997	
       465	  0.389682	
       466	  0.396384	
       467	  0.389898	
       468	  0.403885	
       469	  0.409405	
       470	  0.402087	
       471	  0.411169	
       472	  0.429522	
       473	  0.424055	
       474	   0.43096	
       475	  0.444924	
       476	  0.440016	
       477	   0.44702	
       478	  0.460165	
       479	  0.458372	
       480	  0.465771	
       481	  0.468682	
       482	   0.47128	
       483	  0.468649	
       484	  0.464158	
       485	  0.453663	
       486	   0.39507	
       487	  0.425142	
       488	  0.457404	
       489	  0.449897	
       490	  0.485435	
       491	   0.47771	
       492	    0.4655	
       493	  0.486605	
       494	  0.487925	
       495	  0.509023	
       496	  0.498038	
       497	  0.501829	
       498	  0.494388	
       499	  0.495508	
       500	  0.496586	
       501	  0.487733	
       502	  0.491529	
       503	  0.508197	
       504	  0.494118	
       505	  0.519568	
       506	  0.539539	
       507	  0.524907	
       508	  0.515497	
       509	  0.532547	
       510	  0.527094	
       511	  0.535875	
       512	   0.54609	
       513	  0.523946	
       514	  0.514131	
       515	  0.528123	
       516	  0.522736	
       517	  0.458866	
       518	  0.493767	
       519	  0.496977	
       520	  0.532342	
       521	   0.54403	
       522	  0.552851	
       523	    0.5354	
       524	  0.563234	
       525	  0.565848	
       526	  0.545571	
       527	  0.502923	
       528	   0.55278	
       529	  0.580573	
       530	  0.571894	
       531	  0.594197	
       532	  0.583514	
       533	  0.541007	
       534	  0.563329	
       535	  0.579308	
       536	   0.59269	
       537	   0.56633	
       538	  0.581225	
       539	  0.572689	
       540	  0.555953	
       541	  0.545494	
       542	  0.580447	
       543	  0.582037	
       544	  0.596921	
       545	  0.589472	
       546	  0.587855	
       547	  0.592129	
       548	  0.584892	
       549	  0.595888	
       550	  0.594944	
       551	  0.596698	
       552	  0.604841	
       553	  0.594528	
       554	  0.603043	
       555	  0.606729	
       556	  0.598716	
       557	  0.587832	
       558	   0.59265	
       559	  0.574401	
       560	  0.582814	
       561	  0.605417	
       562	  0.591106	
       563	  0.603972	
       564	  0.600568	
       565	  0.598357	
       566	  0.579809	
       567	  0.605283	
       568	   0.60709	
       569	  0.599882	
       570	  0.596324	
       571	  0.583165	
       572	   0.60797	
       573	  0.615183	
       574	  0.612399	
       575	  0.602781	
       576	  0.601472	
       577	  0.609727	
       578	  0.598646	
       579	  0.602893	
       580	  0.607611	
       581	  0.610297	
       582	  0.617189	
       583	  0.621621	
       584	  0.620636	
       585	  0.617132	
       586	  0.607716	
       587	  0.618958	
       588	   0.60908	
       589	  0.563059	
       590	  0.585341	
       591	   0.61328	
       592	  0.613547	
       593	  0.614238	
       594	  0.616902	
       595	  0.618289	
       596	  0.626658	
       597	  0.631615	
       598	  0.624311	
       599	  0.623577	
       600	  0.627745	
       601	  0.622598	
       602	  0.620577	
       603	   0.63259	
       604	  0.645258	
       605	  0.647198	
       606	  0.647914	
       607	  0.651147	
       608	  0.651934	
       609	  0.650454	
       610	   0.65251	
       611	   0.65457	
       612	  0.665256	
       613	  0.659615	
       614	   0.64998	
       615	  0.663649	
       616	  0.654338	
       617	   0.65279	
       618	  0.674071	
       619	  0.684057	
       620	   0.68909	
       621	  0.694143	
       622	  0.686487	
       623	  0.687923	
       624	  0.687278	
       625	  0.681407	
       626	  0.686376	
       627	  0.706043	
       628	   0.71272	
       629	  0.715725	
       630	  0.712862	
       631	  0.708117	
       632	  0.692538	
       633	  0.716249	
       634	  0.714627	
       635	  0.717326	
       636	  0.710706	
       637	  0.728768	
       638	  0.737014	
       639	  0.731976	
       640	   0.72073	
       641	  0.721685	
       642	  0.725997	
       643	  0.734844	
       644	  0.733522	
       645	  0.740145	
       646	   0.73191	
       647	  0.739107	
       648	  0.737098	
       649	  0.721122	
       650	  0.718968	
       651	  0.747781	
       652	  0.749198	
       653	  0.753552	
       654	  0.746658	
       655	  0.715284	
       656	  0.646572	
       657	  0.668793	
       658	  0.733415	
       659	  0.747713	
       660	  0.759072	
       661	  0.767452	
       662	  0.770967	
       663	  0.770167	
       664	  0.770573	
       665	  0.780297	
       666	  0.780073	
       667	  0.774793	
       668	  0.764267	
       669	  0.762056	
       670	  0.746349	
       671	  0.738524	
       672	   0.72811	
       673	  0.726797	
       674	  0.720586	
       675	  0.715366	
       676	  0.718764	
       677	  0.711733	
       678	  0.711428	
       679	  0.703634	
       680	   0.70131	
       681	  0.700299	
       682	  0.698819	
       683	   0.69393	
       684	  0.689144	
       685	  0.685621	
       686	   0.67341	
       687	  0.685236	
       688	  0.690689	
       689	  0.690944	
       690	  0.690087	
       691	  0.690332	
       692	   0.68824	
       693	  0.695687	
       694	   0.70028	
       695	  0.698331	
       696	  0.702503	
       697	  0.706802	
       698	  0.705667	
       699	  0.713347	
       700	  0.715592	
       701	  0.716732	
       702	  0.719332	
       703	  0.729939	
       704	  0.742308	
       705	  0.753281	
       706	  0.753604	
       707	  0.757309	
       708	  0.766312	
       709	  0.775709	
       710	  0.802414	
       711	  0.747648	
       712	  0.712308	
       713	  0.687843	
       714	  0.672588	
       715	  0.649361	
       716	  0.642182	
       717	  0.631418	
       718	  0.614233	
       719	  0.592297	
       720	  0.602104	
       721	  0.601869	
       722	  0.601172	
       723	  0.595612	
       724	  0.594568	
       725	  0.594615	
       726	  0.598602	
       727	  0.606198	
       728	  0.611265	
       729	  0.602668	
       730	  0.627648	
       731	  0.631432	
       732	  0.645967	
       733	  0.652655	
       734	  0.673894	
       735	   0.68365	
       736	  0.689339	
       737	  0.703127	
       738	   0.71456	
       739	  0.720708	
       740	  0.758735	
       741	  0.757742	
       742	  0.757534	
       743	  0.773908	
       744	  0.782927	
       745	  0.782252	
       746	   0.78471	
       747	  0.787312	
       748	  0.786262	
       749	  0.788505	
       750	  0.787987	
       751	  0.791858	
       752	  0.797493	
       753	  0.802603	
       754	  0.808895	
       755	   0.80966	
       756	  0.801693	
       757	  0.802438	
       758	  0.807073	
       759	   0.80045	
       760	  0.804191	
       761	   0.80153	
       762	  0.802061	
       763	  0.752758	
       764	  0.716226	
       765	  0.682315	
       766	  0.641143	
       767	  0.625649	
       768	  0.628701	
       769	  0.630312	
       770	  0.637415	
       771	  0.646267	
       772	  0.655641	
       773	  0.665635	
       774	   0.67638	
       775	  0.688062	
       776	  0.700244	
       777	  0.710398	
       778	  0.727494	
       779	   0.75263	
       780	  0.790062	
       781	    0.7879	
       782	  0.791042	
       783	  0.785333	
       784	  0.779798	
       785	  0.783454	
       786	  0.783908	
       787	  0.782793	
       788	  0.777627	
       789	  0.775807	
       790	   0.76992	
       791	  0.763249	
       792	  0.756612	
       793	  0.750005	
       794	  0.744244	
       795	  0.744261	
       796	  0.750878	
       797	  0.760802	
       798	  0.756761	
       799	  0.749442	
       800	  0.740489	
       801	  0.724516	
       802	  0.708839	
       803	  0.687985	
       804	  0.678297	
       805	   0.65868	
       806	  0.660792	
       807	  0.651026	
       808	  0.641876	
       809	  0.627552	
       810	  0.624331	
       811	      0.62	
       812	  0.618702	
       813	  0.614166	
       814	  0.608491	
       815	  0.599663	
       816	  0.594431	
       817	  0.587769	
       818	   0.57346	
       819	  0.559506	
       820	  0.554288	
       821	   0.55245	
       822	  0.542444	
       823	  0.544036	
       824	   0.54181	
       825	  0.552627	
       826	  0.568194	
       827	  0.580858	
       828	  0.589895	
       829	  0.600213	
       830	  0.616662	
       831	  0.636787	
       832	  0.648444	
       833	  0.640667	
       834	  0.652377	
       835	  0.659717	
       836	  0.668951	
       837	  0.670605	
       838	  0.675003	
       839	  0.677439	
       840	  0.688667	
       841	  0.689776	
       842	  0.681837	
       843	  0.680502	
       844	  0.675039	
       845	  0.690397	
       846	  0.692521	
       847	  0.679619	
       848	  0.679293	
       849	  0.673116	
       850	   0.63209	
       851	  0.670011	
       852	  0.675135	
       853	  0.662857	
       854	  0.612025	
       855	  0.640499	
       856	  0.683058	
       857	  0.702565	
       858	  0.708519	
       859	  0.712861	
       860	   0.71533	
       861	  0.715252	
       862	  0.721441	
       863	   0.72101	
       864	  0.709216	
       865	  0.688813	
       866	  0.631388	
       867	  0.661302	
       868	  0.690437	
       869	  0.690979	
       870	  0.698884	
       871	  0.694494	
       872	  0.699712	
       873	  0.694324	
       874	  0.683438	
       875	  0.677588	
       876	  0.691093	
       877	  0.695145	
       878	  0.692717	
       879	  0.684418	
       880	  0.682334	
       881	  0.610886	
       882	  0.593179	
       883	  0.572921	
       884	  0.558888	
       885	  0.547401	
       886	  0.522765	
       887	  0.509308	
       888	  0.506126	
       889	  0.498561	
       890	  0.488603	
       891	  0.478356	
       892	   0.46691	
       893	  0.453792	
       894	  0.448082	
       895	  0.442851	
       896	  0.438883	
       897	  0.430476	
       898	  0.422503	
       899	  0.413233	
       900	  0.406332	
       901	  0.394665	
       902	  0.384421	
       903	  0.392972	
       904	  0.390125	
       905	  0.383981	
       906	  0.384722	
       907	  0.389435	
       908	  0.388324	
       909	  0.387037	
       910	  0.393218	
       911	   0.39804	
       912	  0.400509	
       913	   0.40764	
       914	  0.411337	
       915	  0.412649	
       916	  0.414407	
       917	  0.412917	
       918	  0.412701	
       919	  0.413878	
       920	  0.411042	
       921	  0.405238	
       922	  0.400418	
       923	   0.39192	
       924	  0.403686	
       925	  0.406426	
       926	  0.327681	
       927	  0.286714	
       928	    0.2502	
       929	  0.221342	
       930	  0.198084	
       931	   0.18056	
       932	  0.164657	
       933	  0.151913	
       934	  0.139781	
       935	  0.128126	
       936	  0.118463	
       937	  0.110554	
       938	  0.112899	
       939	  0.114402	
       940	  0.114441	
       941	  0.114826	
       942	  0.114485	
       943	  0.119108	
       944	  0.119792	
       945	  0.122243	
       946	  0.125251	
       947	  0.127348	
       948	  0.129989	
       949	  0.136544	
       950	    0.1427	
       951	  0.148806	
       952	   0.15696	
       953	  0.164943	
       954	  0.171592	
       955	  0.175051	
       956	  0.190443	
       957	  0.204507	
       958	   0.21942	
       959	  0.235567	
       960	   0.25098	
       961	  0.269274	
       962	  0.292793	
       963	  0.319381	
       964	  0.351307	
       965	  0.399391	
       966	  0.400761	
       967	  0.407135	
       968	  0.408362	
       969	  0.413526	
       970	  0.418923	
       971	  0.420675	
       972	  0.426938	
       973	   0.42875	
       974	  0.428806	
       975	  0.435645	
       976	  0.444408	
       977	  0.447526	
       978	  0.454979	
       979	  0.457761	
       980	  0.467397	
       981	  0.472145	
       982	  0.479249	
       983	  0.482417	
       984	  0.484691	
       985	  0.490288	
       986	  0.493873	
       987	  0.499493	
       988	  0.504406	
       989	  0.507065	
       990	   0.51558	
       991	   0.52672	
       992	  0.534684	
       993	  0.546547	
       994	  0.555885	
       995	  0.553936	
       996	  0.552632	
       997	  0.547641	
       998	  0.547252	
       999	  0.547411	
      1000	  0.548873	
      1001	  0.551812	
      1002	  0.551993	
      1003	  0.546984	
      1004	   0.53854	
      1005	  0.515509	
      1006	  0.531924	
      1007	  0.543171	
      1008	  0.545781	
      1009	  0.544582	
      1010	  0.545536	
      1011	  0.543498	
      1012	  0.542682	
      1013	  0.540745	
      1014	  0.541535	
      1015	  0.536033	
      1016	  0.536638	
      1017	  0.534522	
      1018	  0.537793	
      1019	  0.528509	
      1020	  0.530376	
      1021	  0.531781	
      1022	  0.527607	
      1023	  0.531035	
      1024	  0.533346	
      1025	  0.533201	
      1026	  0.533553	
      1027	  0.532771	
      1028	  0.533256	
      1029	  0.530414	
      1030	  0.531617	
      1031	  0.531609	
      1032	  0.531253	
      1033	   0.52572	
      1034	  0.528158	
      1035	  0.530866	
      1036	  0.531631	
      1037	  0.528599	
      1038	  0.528149	
      1039	   0.53204	
      1040	  0.531793	
      1041	  0.532066	
      1042	  0.531739	
      1043	  0.528659	
      1044	  0.529616	
      1045	  0.526035	
      1046	   0.51682	
      1047	  0.522417	
      1048	  0.526927	
      1049	  0.525512	
      1050	  0.523106	
      1051	  0.523072	
      1052	  0.520861	
      1053	  0.519835	
      1054	  0.519006	
      1055	  0.520551	
      1056	  0.519721	
      1057	  0.518493	
      1058	  0.513103	
      1059	  0.503151	
      1060	  0.510734	
      1061	  0.505637	
      1062	  0.511146	
      1063	  0.507529	
      1064	  0.511945	
      1065	  0.511009	
      1066	  0.503113	
      1067	  0.504359	
      1068	   0.50202	
      1069	  0.483481	
      1070	  0.493272	
      1071	  0.473269	
      1072	  0.462018	
      1073	  0.447056	
      1074	  0.443888	
      1075	  0.431978	
      1076	  0.428294	
      1077	  0.422876	
      1078	  0.417044	
      1079	  0.406782	
      1080	  0.405359	
      1081	   0.39384	
      1082	  0.386767	
      1083	  0.386372	
      1084	  0.385533	
      1085	  0.381828	
      1086	  0.378269	
      1087	  0.365111	
      1088	  0.367641	
      1089	  0.366423	
      1090	  0.361757	
      1091	   0.35958	
      1092	  0.351952	
      1093	  0.344111	
      1094	  0.329382	
      1095	  0.334551	
      1096	  0.335453	
      1097	  0.335236	
      1098	  0.331304	
      1099	  0.328006	
      1100	  0.332991	
      1101	  0.253072	
      1102	   0.20345	
      1103	  0.174464	
      1104	  0.150701	
      1105	  0.131605	
      1106	  0.116197	
      1107	  0.103166	
      1108	 0.0926938	
      1109	  0.083657	
      1110	  0.075938	
      1111	 0.0688567	
      1112	  0.062847	
      1113	 0.0573568	
      1114	 0.0530958	
      1115	 0.0488347	
      1116	 0.0447957	
      1117	 0.0417686	
      1118	 0.0382856	
      1119	 0.0354918	
      1120	 0.0329487	
      1121	 0.0350406	
      1122	 0.0373205	
      1123	 0.0395859	
      1124	 0.0419841	
      1125	 0.0443309	
      1126	 0.0462466	
      1127	 0.0498361	
      1128	 0.0538075	
      1129	 0.0576446	
      1130	 0.0615717	
      1131	  0.061565	
      1132	 0.0613686	
      1133	 0.0604625	
      1134	 0.0601383	
      1135	 0.0598822	
      1136	  0.059576	
      1137	 0.0581792	
      1138	 0.0572142	
      1139	 0.0575735	
      1140	 0.0574751	
      1141	 0.0563837	
      1142	 0.0568042	
      1143	 0.0562351	
      1144	 0.0555823	
      1145	 0.0556823	
      1146	 0.0597065	
      1147	 0.0637075	
      1148	 0.0676985	
      1149	   0.07221	
      1150	 0.0772413	
      1151	 0.0828952	
      1152	 0.0890586	
      1153	  0.096525	
      1154	  0.105412	
      1155	  0.114842	
      1156	  0.124698	
      1157	  0.137871	
      1158	  0.152589	
      1159	  0.168622	
      1160	  0.188616	
      1161	  0.214799	
      1162	  0.223587	
      1163	  0.230102	
      1164	  0.232766	
      1165	  0.239704	
      1166	  0.242008	
      1167	  0.250457	
      1168	  0.257911	
      1169	  0.259326	
      1170	  0.270758	
      1171	   0.27385	
      1172	  0.275233	
      1173	   0.27527	
      1174	  0.276356	
      1175	  0.273836	
      1176	  0.272089	
      1177	  0.277869	
      1178	  0.277812	
      1179	  0.278712	
      1180	  0.282819	
      1181	  0.283295	
      1182	  0.282339	
      1183	  0.273568	
      1184	  0.283207	
      1185	  0.288636	
      1186	  0.290413	
      1187	  0.291867	
      1188	  0.289783	
      1189	  0.281716	
      1190	  0.291863	
      1191	  0.298812	
      1192	  0.300522	
      1193	   0.30205	
      1194	  0.303767	
      1195	  0.303732	
      1196	  0.305379	
      1197	  0.305475	
      1198	   0.30116	
      1199	  0.296336	
      1200	  0.309923	
      1201	  0.313764	
      1202	  0.312906	
      1203	  0.304095	
      1204	  0.303542	
      1205	  0.310583	
      1206	  0.310984	
      1207	  0.311389	
      1208	  0.305151	
      1209	  0.295735	
      1210	  0.305794	
      1211	  0.303442	
      1212	  0.309012	
      1213	  0.311095	
      1214	  0.310777	
      1215	  0.311931	
      1216	  0.312496	
      1217	  0.312868	
      1218	  0.312634	
      1219	  0.311879	
      1220	  0.313676	
      1221	  0.314471	
      1222	  0.314338	
      1223	  0.313595	
      1224	  0.317351	
      1225	  0.317961	
      1226	   0.31881	
      1227	  0.315035	
      1228	  0.319043	
      1229	  0.322748	
      1230	  0.323859	
      1231	  0.324826	
      1232	  0.324549	
      1233	  0.327358	
      1234	   0.32881	
      1235	  0.330141	
      1236	  0.334552	
      1237	  0.337834	
      1238	    0.3411	
      1239	  0.343753	
      1240	  0.353672	
      1241	  0.353076	
      1242	  0.349514	
      1243	  0.344138	
      1244	  0.340606	
      1245	  0.339331	
      1246	  0.339161	
      1247	  0.337398	
      1248	  0.337171	
      1249	  0.335173	
      1250	  0.332692	
      1251	  0.329104	
      1252	  0.325395	
      1253	  0.324705	
      1254	  0.323429	
      1255	  0.321474	
      1256	  0.319297	
      1257	  0.316547	
      1258	  0.315852	
      1259	  0.313434	
      1260	  0.312967	
      1261	   0.31096	
      1262	  0.307082	
      1263	   0.30755	
      1264	  0.303912	
      1265	  0.303128	
      1266	  0.303133	
      1267	  0.298564	
      1268	  0.295816	
      1269	  0.296802	
      1270	  0.297293	
      1271	  0.297756	
      1272	   0.29727	
      1273	  0.297566	
      1274	  0.297196	
      1275	  0.299605	
      1276	  0.301562	
      1277	  0.302873	
      1278	  0.303523	
      1279	  0.303162	
      1280	  0.301949	
      1281	   0.29304	
      1282	  0.272163	
      1283	  0.290309	
      1284	  0.303851	
      1285	  0.308679	
      1286	  0.311628	
      1287	  0.314893	
      1288	  0.316836	
      1289	  0.320305	
      1290	  0.320625	
      1291	  0.311728	
      1292	  0.305389	
      1293	  0.298987	
      1294	  0.290541	
      1295	  0.287145	
      1296	   0.28364	
      1297	  0.278211	
      1298	  0.272931	
      1299	  0.271268	
      1300	  0.267599	
      1301	  0.263874	
      1302	  0.259132	
      1303	  0.255272	
      1304	  0.252178	
      1305	  0.251666	
      1306	  0.249855	
      1307	  0.247757	
      1308	   0.24537	
      1309	  0.243294	
      1310	  0.240567	
      1311	   0.23807	
      1312	  0.234207	
      1313	  0.228124	
      1314	  0.230233	
      1315	  0.225151	
      1316	  0.224456	
      1317	  0.225968	
      1318	  0.223264	
      1319	  0.224293	
      1320	  0.222868	
      1321	  0.164982	
      1322	  0.132857	
      1323	  0.110951	
      1324	 0.0946374	
      1325	 0.0817528	
      1326	 0.0712333	
      1327	 0.0625731	
      1328	 0.0556439	
      1329	 0.0488661	
      1330	 0.0442825	
      1331	 0.0401999	
      1332	 0.0359623	
      1333	 0.0331549	
      1334	 0.0303428	
      1335	 0.0276929	
      1336	 0.0252224	
      1337	 0.0232056	
      1338	 0.0212833	
      1339	 0.0194415	
      1340	 0.0179381	
      1341	 0.0168723	
      1342	 0.0156446	
      1343	  0.014537	
      1344	 0.0135354	
      1345	 0.0126025	
      1346	 0.0116785	
      1347	 0.0109394	
      1348	 0.0102174	
      1349	0.00953081	
      1350	0.00884553	
      1351	0.00746223	
      1352	0.00636411	
      1353	0.00541765	
      1354	0.00462252	
      1355	0.00393782	
      1356	0.00339799	
      1357	0.00292427	
      1358	 0.0025713	
      1359	0.00224213	
      1360	0.00195029	
      1361	0.00172737	
      1362	0.00151685	
      1363	 0.0013216	
      1364	0.00117805	
      1365	0.00104414	
      1366	0.000926048	
      1367	0.00081869	
      1368	0.000733386	
      1369	0.000646644	
      1370	0.000577237	
      1371	0.000518085	
      1372	0.000468936	
      1373	0.00042213	
      1374	0.000379216	
      1375	0.000337232	
      1376	0.000302243	
      1377	0.000275053	
      1378	0.000248937	
      1379	0.000226587	
      1380	0.000204463	
      1381	0.000185471	
      1382	0.000166882	
      1383	0.000151956	
      1384	0.000138787	
      1385	0.000125633	
      1386	0.000114999	
      1387	0.000104279	
      1388	9.55852e-05	
      1389	8.74372e-05	
      1390	7.90003e-05	
      1391	7.29533e-05	
      1392	6.69378e-05	
      1393	6.10934e-05	
      1394	5.57977e-05	
      1395	5.12351e-05	
      1396	5.53859e-05	
      1397	5.99388e-05	
      1398	6.50356e-05	
      1399	7.01491e-05	
      1400	7.44817e-05	
      1401	8.07872e-05	
      1402	8.87098e-05	
      1403	9.59413e-05	
      1404	0.00010458	
      1405	0.000113937	
      1406	0.000124838	
      1407	0.000136157	
      1408	0.000148592	
      1409	0.000162917	
      1410	0.000178084	
      1411	0.000193779	
      1412	 0.0002087	
      1413	0.000231081	
      1414	0.000256999	
      1415	0.000283389	
      1416	0.000311469	
      1417	0.000345449	
      1418	0.000382624	
      1419	0.000419968	
      1420	0.000464515	
      1421	0.000517822	
      1422	0.000567581	
      1423	0.000630388	
      1424	0.000703157	
      1425	0.000791689	
      1426	0.000869491	
      1427	0.000981969	
      1428	0.00111032	
      1429	0.00123244	
      1430	0.00138849	
      1431	0.00157958	
      1432	 0.0018223	
      1433	0.00207447	
      1434	0.00233715	
      1435	0.00268201	
      1436	0.00308476	
      1437	0.00356243	
      1438	0.00411179	
      1439	0.00478147	
      1440	0.00539699	
      1441	0.00635856	
      1442	0.00751606	
      1443	0.00846305	
      1444	0.00898007	
      1445	0.00951706	
      1446	 0.0101182	
      1447	 0.0106737	
      1448	 0.0113895	
      1449	 0.0120745	
      1450	 0.0127525	
      1451	 0.0134339	
      1452	 0.0142965	
      1453	 0.0152741	
      1454	 0.0162346	
      1455	 0.0172912	
      1456	 0.0184339	
      1457	   0.01988	
      1458	 0.0215844	
      1459	 0.0232876	
      1460	 0.0249243	
      1461	  0.026793	
      1462	 0.0287615	
      1463	  0.029784	
      1464	 0.0298355	
      1465	 0.0300936	
      1466	 0.0298798	
      1467	 0.0302237	
      1468	 0.0300106	
      1469	 0.0302466	
      1470	 0.0301072	
      1471	 0.0297003	
      1472	  0.029805	
      1473	 0.0297527	
      1474	 0.0291998	
      1475	 0.0295757	
      1476	 0.0297449	
      1477	 0.0297077	
      1478	 0.0312342	
      1479	 0.0331726	
      1480	 0.0350825	
      1481	 0.0367665	
      1482	 0.0390111	
      1483	 0.0407367	
      1484	 0.0436026	
      1485	 0.0468014	
      1486	 0.0493804	
      1487	 0.0515692	
      1488	 0.0509887	
      1489	 0.0589154	
      1490	 0.0645795	
      1491	 0.0697393	
      1492	 0.0748644	
      1493	 0.0820331	
      1494	 0.0897139	
      1495	 0.0979574	
      1496	  0.106051	
      1497	  0.120204	
      1498	  0.123163	
      1499	  0.124659	
      1500	   0.12874	
      1501	  0.131126	
      1502	  0.131166	
      1503	   0.12495	
      1504	  0.130175	
      1505	  0.130358	
      1506	  0.137923	
      1507	  0.145429	
      1508	  0.147917	
      1509	  0.150966	
      1510	  0.157175	
      1511	  0.161452	
      1512	  0.163449	
      1513	   0.16736	
      1514	  0.171982	
      1515	  0.179084	
      1516	  0.185423	
      1517	  0.192517	
      1518	  0.203829	
      1519	  0.213877	
      1520	  0.233791	
      1521	  0.229772	
      1522	  0.228983	
      1523	  0.231611	
      1524	   0.23214	
      1525	  0.229036	
      1526	  0.233231	
      1527	  0.232755	
      1528	  0.233852	
      1529	  0.231597	
      1530	  0.223597	
      1531	  0.232349	
      1532	  0.234252	
      1533	  0.232473	
      1534	  0.230026	
      1535	  0.232455	
      1536	  0.235543	
      1537	  0.236079	
      1538	  0.232892	
      1539	  0.236318	
      1540	  0.228308	
      1541	  0.227726	
      1542	   0.22742	
      1543	   0.22611	
      1544	  0.225893	
      1545	  0.225178	
      1546	  0.223052	
      1547	  0.219219	
      1548	  0.214193	
      1549	  0.215708	
      1550	  0.213595	
      1551	  0.213212	
      1552	  0.213842	
      1553	  0.210895	
      1554	  0.206438	
      1555	  0.205812	
      1556	  0.203578	
      1557	  0.206266	
      1558	   0.20503	
      1559	  0.205134	
      1560	   0.20447	
      1561	  0.207479	
      1562	  0.207321	
      1563	  0.206783	
      1564	  0.205372	
      1565	  0.207576	
      1566	  0.206383	
      1567	   0.20686	
      1568	  0.205579	
      1569	  0.207466	
      1570	  0.207889	
      1571	  0.212019	
      1572	     0.213	
      1573	  0.211306	
      1574	  0.209613	
      1575	  0.202578	
      1576	  0.207492	
      1577	    0.1977	
      1578	  0.209055	
      1579	  0.214101	
      1580	  0.215666	
      1581	  0.215083	
      1582	  0.208604	
      1583	  0.209262	
      1584	   0.20779	
      1585	  0.211605	
      1586	  0.209435	
      1587	  0.206455	
      1588	  0.201063	
      1589	  0.190423	
      1590	  0.194356	
      1591	  0.195757	
      1592	  0.203202	
      1593	  0.206588	
      1594	   0.20546	
      1595	  0.204562	
      1596	  0.196809	
      1597	  0.198046	
      1598	  0.201465	
      1599	   0.19836	
      1600	  0.198235	
      1601	  0.193696	
      1602	  0.194777	
      1603	  0.194789	
      1604	  0.194605	
      1605	  0.192492	
      1606	  0.191551	
      1607	  0.190436	
      1608	  0.192607	
      1609	  0.190542	
      1610	  0.181559	
      1611	  0.185351	
      1612	  0.187349	
      1613	  0.190835	
      1614	  0.190944	
      1615	  0.190389	
      1616	  0.184528	
      1617	  0.187352	
      1618	  0.193212	
      1619	  0.192961	
      1620	  0.188923	
      1621	  0.189433	
      1622	  0.192831	
      1623	  0.197356	
      1624	  0.198609	
      1625	  0.197169	
      1626	  0.200007	
      1627	  0.202107	
      1628	   0.20472	
      1629	  0.206915	
      1630	  0.208722	
      1631	  0.209404	
      1632	  0.209114	
      1633	  0.206637	
      1634	  0.204618	
      1635	  0.206754	
      1636	  0.205949	
      1637	  0.199258	
      1638	  0.197494	
      1639	  0.194533	
      1640	  0.196258	
      1641	  0.195269	
      1642	  0.195486	
      1643	  0.198306	
      1644	  0.196675	
      1645	   0.19603	
      1646	  0.198419	
      1647	  0.198769	
      1648	  0.198151	
      1649	  0.195257	
      1650	  0.196808	
      1651	  0.195009	
      1652	  0.196792	
      1653	  0.195433	
      1654	  0.196027	
      1655	  0.194459	
      1656	  0.195378	
      1657	  0.195444	
      1658	  0.194422	
      1659	  0.192547	
      1660	  0.193589	
      1661	  0.194304	
      1662	  0.193621	
      1663	  0.192837	
      1664	  0.192479	
      1665	  0.190939	
      1666	  0.189514	
      1667	  0.189491	
      1668	  0.187198	
      1669	  0.188474	
      1670	   0.19116	
      1671	  0.189953	
      1672	   0.18444	
      1673	  0.186371	
      1674	  0.188408	
      1675	  0.186458	
      1676	  0.184406	
      1677	  0.185482	
      1678	  0.186016	
      1679	  0.182031	
      1680	  0.175216	
      1681	  0.168916	
      1682	  0.170975	
      1683	  0.174752	
      1684	   0.17656	
      1685	  0.176426	
      1686	  0.174055	
      1687	  0.173693	
      1688	  0.172842	
      1689	  0.170385	
      1690	  0.169895	
      1691	  0.171765	
      1692	  0.171517	
      1693	  0.170373	
      1694	  0.169748	
      1695	  0.169147	
      1696	  0.167952	
      1697	  0.166782	
      1698	  0.166121	
      1699	  0.164774	
      1700	  0.162461	
      1701	  0.161737	
      1702	  0.161292	
      1703	  0.160659	
      1704	  0.159996	
      1705	  0.159287	
      1706	  0.158189	
      1707	   0.15704	
      1708	    0.1559	
      1709	   0.15477	
      1710	  0.153804	
      1711	  0.153771	
      1712	  0.153895	
      1713	  0.154023	
      1714	  0.154153	
      1715	  0.154157	
      1716	  0.153355	
      1717	  0.152431	
      1718	  0.151514	
      1719	  0.150603	
      1720	  0.149759	
      1721	  0.149252	
      1722	  0.148811	
      1723	  0.148374	
      1724	   0.14794	
      1725	  0.147458	
      1726	  0.146637	
      1727	  0.145768	
      1728	  0.144904	
      1729	  0.144046	
      1730	  0.143066	
      1731	  0.141307	
      1732	   0.13943	
      1733	  0.137561	
      1734	    0.1357	
      1735	    0.1342	
      1736	  0.134792	
      1737	  0.135735	
      1738	  0.136677	
      1739	  0.137616	
      1740	  0.138335	
      1741	  0.116791	
      1742	  0.103197	
      1743	 0.0930491	
      1744	 0.0849233	
      1745	 0.0781901	
      1746	  0.072611	
      1747	 0.0677884	
      1748	 0.0635368	
      1749	 0.0597482	
      1750	 0.0563522	
      1751	 0.0533185	
      1752	 0.0505634	
      1753	 0.0480409	
      1754	 0.0457211	
      1755	 0.0435628	
      1756	 0.0414601	
      1757	 0.0394931	
      1758	 0.0376624	
      1759	 0.0359544	
      1760	 0.0343668	
      1761	 0.0329335	
      1762	 0.0315957	
      1763	 0.0303364	
      1764	 0.0291492	
      1765	 0.0280282	
      1766	 0.0269684	
      1767	 0.0259649	
      1768	 0.0250138	
      1769	 0.0241112	
      1770	 0.0232446	
      1771	 0.0223633	
      1772	 0.0215171	
      1773	 0.0207123	
      1774	 0.0199462	
      1775	 0.0192272	
      1776	 0.0186049	
      1777	 0.0180201	
      1778	 0.0174604	
      1779	 0.0169243	
      1780	 0.0164058	
      1781	 0.0158815	
      1782	 0.0153745	
      1783	 0.0148884	
      1784	 0.0144221	
      1785	 0.0139784	
      1786	 0.0135756	
      1787	  0.013192	
      1788	 0.0128226	
      1789	 0.0124669	
      1790	 0.0121192	
      1791	  0.011753	
      1792	 0.0113959	
      1793	 0.0110521	
      1794	 0.0107209	
      1795	 0.0104019	
      1796	 0.0100944	
      1797	0.00979799	
      1798	0.00951208	
      1799	0.00923625	
      1800	 0.0089754	
      1801	0.00758418	
      1802	0.00646056	
      1803	0.00553933	
      1804	0.00477677	
      1805	0.00413975	
      1806	0.00360074	
      1807	0.00314453	
      1808	 0.0027565	
      1809	 0.0024247	
      1810	 0.0021352	
      1811	0.00186225	
      1812	0.00162479	
      1813	 0.0014208	
      1814	0.00124499	
      1815	 0.0010964	
      1816	0.000985292	
      1817	0.000889899	
      1818	0.000805206	
      1819	0.000729829	
      1820	0.000662381	
      1821	0.000600978	
      1822	0.000545914	
      1823	0.000496603	
      1824	0.000452363	
      1825	0.00041217	
      1826	0.000373579	
      1827	0.000338648	
      1828	0.000307332	
      1829	0.000279216	
      1830	0.000254066	
      1831	0.000232059	
      1832	0.000212275	
      1833	0.000194364	
      1834	0.00017813	
      1835	0.000163376	
      1836	0.000149823	
      1837	0.00013749	
      1838	0.000126275	
      1839	0.000116065	
      1840	0.000106748	
      1841	9.81495e-05	
      1842	9.02959e-05	
      1843	8.31276e-05	
      1844	7.65793e-05	
      1845	7.06294e-05	
      1846	6.5371e-05	
      1847	6.05736e-05	
      1848	5.61626e-05	
      1849	5.21039e-05	
      1850	4.83507e-05	
      1851	4.48052e-05	
      1852	4.15288e-05	
      1853	3.85125e-05	
      1854	3.57338e-05	
      1855	3.31725e-05	
      1856	 3.081e-05	
      1857	2.86297e-05	
      1858	2.66163e-05	
      1859	2.47559e-05	
      1860	2.3036e-05	
      1861	2.39066e-05	
      1862	2.48137e-05	
      1863	2.5759e-05	
      1864	2.67442e-05	
      1865	2.7777e-05	
      1866	2.88816e-05	
      1867	3.0041e-05	
      1868	3.12521e-05	
      1869	3.25172e-05	
      1870	3.37651e-05	
      1871	3.45928e-05	
      1872	3.53557e-05	
      1873	3.61274e-05	
      1874	3.69071e-05	
      1875	3.79026e-05	
      1876	4.02154e-05	
      1877	4.2892e-05	
      1878	4.57337e-05	
      1879	4.87508e-05	
      1880	5.1813e-05	
      1881	5.41752e-05	
      1882	5.65021e-05	
      1883	5.89405e-05	
      1884	6.14967e-05	
      1885	6.4124e-05	
      1886	6.65281e-05	
      1887	6.89756e-05	
      1888	7.15236e-05	
      1889	7.41767e-05	
      1890	7.69948e-05	
      1891	8.02782e-05	
      1892	 8.378e-05	
      1893	8.74543e-05	
      1894	9.13108e-05	
      1895	9.54286e-05	
      1896	0.000100191	
      1897	0.000105292	
      1898	0.00011068	
      1899	0.000116374	
      1900	0.00012233	
      1901	0.000128203	
      1902	0.000134328	
      1903	0.000140784	
      1904	0.000147591	
      1905	0.000154751	
      1906	0.000162118	
      1907	0.00016986	
      1908	0.000178026	
      1909	0.000186641	
      1910	0.000195777	
      1911	0.000205636	
      1912	0.00021611	
      1913	0.000227194	
      1914	0.000238929	
      1915	0.000251359	
      1916	0.000264531	
      1917	0.000278496	
      1918	0.000293309	
      1919	0.00030903	
      1920	0.000325721	
      1921	0.000308506	
      1922	0.000310578	
      1923	0.000316725	
      1924	0.00032531	
      1925	0.000335636	
      1926	0.000346798	
      1927	0.000359275	
      1928	0.000373155	
      1929	0.000388447	
      1930	0.000405501	
      1931	0.000426056	
      1932	 0.0004488	
      1933	0.000473568	
      1934	0.000500532	
      1935	0.000529606	
      1936	0.000559306	
      1937	0.000591288	
      1938	0.00062608	
      1939	0.000663968	
      1940	0.000704188	
      1941	 0.0007411	
      1942	0.000779855	
      1943	0.000821833	
      1944	0.000867373	
      1945	0.000919915	
      1946	0.00099706	
      1947	0.00108631	
      1948	0.00118589	
      1949	 0.0012973	
      1950	0.00142118	
      1951	0.00155319	
      1952	0.00170052	
      1953	  0.001867	
      1954	0.00205592	
      1955	0.00226952	
      1956	0.00250242	
      1957	0.00276779	
      1958	0.00307449	
      1959	0.00343161	
      1960	0.00385042	
      1961	0.00411978	
      1962	0.00441293	
      1963	0.00473339	
      1964	0.00508449	
      1965	0.00547455	
      1966	0.00593324	
      1967	0.00644719	
      1968	0.00701927	
      1969	0.00765815	
      1970	0.00836952	
      1971	0.00913576	
      1972	 0.0099937	
      1973	 0.0109651	
      1974	 0.0120714	
      1975	 0.0133393	
      1976	 0.0148035	
      1977	  0.016509	
      1978	 0.0185163	
      1979	 0.0209086	
      1980	 0.0238103	
      1981	 0.0274262	
      1982	 0.0320241	
      1983	 0.0380899	
      1984	 0.0465983	
      1985	 0.0600681	
      1986	 0.0445328	
      1987	 0.0369836	
      1988	 0.0318692	
      1989	 0.0280347	
      1990	 0.0249816	
      1991	 0.0223725	
      1992	 0.0201742	
      1993	 0.0183049	
      1994	 0.0166941	
      1995	 0.0153015	
      1996	 0.0141306	
      1997	 0.0131011	
      1998	 0.0121819	
      1999	 0.0113564	
      2000	 0.0106071	
      2001	0.00990262	
      2002	0.00925874	
      2003	0.00867197	
      2004	0.00813558	
      2005	0.00764717	
      2006	0.00800339	
      2007	0.00838563	
      2008	 0.0087925	
      2009	0.00922615	
      2010	0.00968731	
      2011	  0.010166	
      2012	 0.0106761	
      2013	 0.0112225	
      2014	 0.0118088	
      2015	 0.0124371	
      2016	 0.0130956	
      2017	 0.0138037	
      2018	 0.0145695	
      2019	 0.0154001	
      2020	 0.0163112	
      2021	 0.0173526	
      2022	 0.0185044	
      2023	 0.0197747	
      2024	 0.0211828	
      2025	 0.0227424	
      2026	 0.0244264	
      2027	 0.0263171	
      2028	 0.0284736	
      2029	 0.0309634	
      2030	  0.033893	
      2031	 0.0374508	
      2032	 0.0418575	
      2033	 0.0475716	
      2034	 0.0557049	
      2035	  0.071496	
      2036	 0.0702508	
      2037	 0.0691048	
      2038	 0.0680471	
      2039	 0.0670613	
      2040	 0.0661849	
      2041	 0.0656282	
      2042	 0.0651589	
      2043	 0.0647227	
      2044	 0.0643158	
      2045	 0.0638937	
      2046	 0.0632256	
      2047	 0.0625426	
      2048	 0.0618839	
      2049	 0.0612477	
      2050	 0.0606496	
      2051	 0.0601503	
      2052	 0.0596852	
      2053	  0.059236	
      2054	 0.0588018	
      2055	 0.0583709	
      2056	 0.0578651	
      2057	 0.0573623	
      2058	  0.056873	
      2059	 0.0563967	
      2060	 0.0559492	
      2061	 0.0555894	
      2062	 0.0552567	
      2063	 0.0549347	
      2064	 0.0546232	
      2065	 0.0543219	
      2066	  0.054601	
      2067	 0.0548858	
      2068	 0.0551764	
      2069	 0.0554733	
      2070	 0.0557931	
      2071	 0.0561978	
      2072	 0.0566279	
      2073	 0.0570672	
      2074	 0.0575161	
      2075	 0.0579522	
      2076	 0.0582481	
      2077	  0.058529	
      2078	 0.0588184	
      2079	 0.0591169	
      2080	 0.0594369	
      2081	 0.0598279	
      2082	 0.0602434	
      2083	 0.0606725	
      2084	 0.0611161	
      2085	 0.0615817	
      2086	 0.0620771	
      2087	 0.0625978	
      2088	 0.0631393	
      2089	 0.0637038	
      2090	 0.0642805	
      2091	 0.0648185	
      2092	  0.065373	
      2093	 0.0659612	
      2094	 0.0665885	
      2095	 0.0672894	
      2096	 0.0682304	
      2097	 0.0692731	
      2098	 0.0704076	
      2099	 0.0716615	
      2100	 0.0730728	
      2101	 0.0731027	
      2102	 0.0731258	
      2103	 0.0731498	
      2104	 0.0731746	
      2105	  0.073185	
      2106	 0.0731046	
      2107	 0.0730095	
      2108	 0.0729152	
      2109	 0.0728216	
      2110	 0.0727365	
      2111	 0.0727137	
      2112	 0.0726998	
      2113	 0.0726869	
      2114	 0.0726752	
      2115	 0.0726646	
      2116	 0.0726399	
      2117	 0.0726164	
      2118	 0.0725943	
      2119	 0.0725736	
      2120	 0.0725545	
      2121	 0.0725213	
      2122	 0.0724897	
      2123	 0.0724599	
      2124	  0.072432	
      2125	 0.0724296	
      2126	 0.0725553	
      2127	 0.0727073	
      2128	 0.0728624	
      2129	 0.0730208	
      2130	  0.073151	
      2131	 0.0731104	
      2132	 0.0730412	
      2133	 0.0729756	
      2134	  0.072914	
      2135	 0.0728806	
      2136	 0.0730126	
      2137	 0.0731751	
      2138	 0.0733448	
      2139	  0.073523	
      2140	 0.0736866	
      2141	 0.0737155	
      2142	 0.0737328	
      2143	  0.073766	
      2144	 0.0738195	
      2145	 0.0739251	
      2146	 0.0741865	
      2147	 0.0745389	
      2148	 0.0750227	
      2149	  0.074974	
      2150	 0.0749171	
      2151	 0.0747767	
      2152	 0.0746281	
      2153	 0.0744797	
      2154	 0.0743314	
      2155	 0.0741832	
      2156	 0.0740018	
      2157	 0.0738206	
      2158	 0.0736395	
      2159	 0.0734585	
      2160	 0.0731776	
      2161	 0.0722802	
      2162	 0.0712832	
      2163	 0.0702866	
      2164	 0.0692904	
      2165	 0.0684863	
      2166	 0.0688483	
      2167	 0.0694018	
      2168	 0.0699551	
      2169	 0.0705083	
      2170	 0.0710031	
      2171	 0.0711151	
      2172	 0.0711689	
      2173	 0.0712227	
      2174	 0.0712766	
      2175	 0.0712973	
      2176	 0.0711186	
      2177	 0.0709068	
      2178	 0.0706951	
      2179	 0.0704835	
      2180	 0.0702971	
      2181	 0.0702768	
      2182	 0.0702815	
      2183	 0.0702864	
      2184	 0.0702912	
      2185	  0.070263	
      2186	  0.070019	
      2187	 0.0697421	
      2188	 0.0694653	
      2189	 0.0691886	
      2190	 0.0689536	
      2191	 0.0689674	
      2192	 0.0690228	
      2193	 0.0690782	
      2194	 0.0691337	
      2195	 0.0691644	
      2196	 0.0690625	
      2197	 0.0689359	
      2198	 0.0688095	
      2199	 0.0686644	
      2200	 0.0684948	
      2201	 0.0681765	
      2202	 0.0678337	
      2203	 0.0674913	
      2204	 0.0671493	
      2205	  0.066849	
      2206	 0.0667636	
      2207	 0.0667196	
      2208	 0.0666757	
      2209	  0.066632	
      2210	 0.0665801	
      2211	 0.0664954	
      2212	 0.0664026	
      2213	 0.0663099	
      2214	 0.0662174	
      2215	 0.0661251	
      2216	 0.0660329	
      2217	 0.0659408	
      2218	 0.0658489	
      2219	 0.0657572	
      2220	 0.0656492	
      2221	 0.0654428	
      2222	 0.0652203	
      2223	  0.064998	
      2224	  0.064776	
      2225	 0.0645706	
      2226	 0.0644637	
      2227	 0.0643733	
      2228	 0.0642831	
      2229	 0.0641929	
      2230	 0.0641029	
      2231	 0.0639967	
      2232	 0.0638907	
      2233	 0.0637847	
      2234	  0.063679	
      2235	  0.063557	
      2236	  0.063321	
      2237	 0.0630689	
      2238	  0.062817	
      2239	 0.0625654	
      2240	 0.0623385	
      2241	 0.0622584	
      2242	 0.0622028	
      2243	 0.0621473	
      2244	 0.0620919	
      2245	 0.0620203	
      2246	 0.0618675	
      2247	 0.0616987	
      2248	   0.06153	
      2249	 0.0613615	
      2250	 0.0611932	
      2251	 0.0609926	
      2252	 0.0607922	
      2253	  0.060592	
      2254	  0.060392	
      2255	 0.0602084	
      2256	 0.0601383	
      2257	 0.0600845	
      2258	 0.0600309	
      2259	 0.0599772	
      2260	 0.0599156	
      2261	 0.0597733	
      2262	  0.059623	
      2263	 0.0594728	
      2264	 0.0593228	
      2265	 0.0591891	
      2266	 0.0591201	
      2267	 0.0590673	
      2268	 0.0590146	
      2269	 0.0589619	
      2270	 0.0589013	
      2271	 0.0585046	
      2272	  0.058113	
      2273	 0.0577333	
      2274	 0.0573646	
      2275	 0.0569901	
      2276	 0.0565468	
      2277	 0.0560973	
      2278	 0.0556567	
      2279	 0.0552245	
      2280	 0.0548231	
      2281	 0.0545665	
      2282	 0.0543383	
      2283	 0.0541152	
      2284	  0.053897	
      2285	 0.0536833	
      2286	  0.053444	
      2287	 0.0532091	
      2288	 0.0529783	
      2289	 0.0527514	
      2290	 0.0524988	
      2291	 0.0520589	
      2292	 0.0515948	
      2293	 0.0511356	
      2294	 0.0506814	
      2295	 0.0502754	
      2296	 0.0501048	
      2297	   0.04998	
      2298	 0.0498573	
      2299	 0.0497369	
      2300	 0.0496113	
      2301	 0.0494309	
      2302	 0.0492457	
      2303	 0.0490628	
      2304	  0.048882	
      2305	 0.0486965	
      2306	  0.048485	
      2307	 0.0482688	
      2308	 0.0480548	
      2309	 0.0478429	
      2310	 0.0476332	
      2311	 0.0473979	
      2312	 0.0471647	
      2313	 0.0469337	
      2314	 0.0467047	
      2315	 0.0464776	
      2316	 0.0462662	
      2317	 0.0460565	
      2318	 0.0458486	
      2319	 0.0456425	
      2320	  0.045418	
      2321	 0.0450477	
      2322	 0.0446599	
      2323	 0.0442748	
      2324	 0.0438921	
      2325	 0.0435584	
      2326	 0.0434783	
      2327	 0.0434453	
      2328	 0.0434129	
      2329	 0.0433812	
      2330	 0.0433303	
      2331	 0.0431757	
      2332	 0.0430026	
      2333	 0.0428309	
      2334	 0.0426603	
      2335	  0.042491	
      2336	 0.0423229	
      2337	 0.0421559	
      2338	 0.0419901	
      2339	 0.0418254	
      2340	 0.0416683	
      2341	 0.0415504	
      2342	 0.0414398	
      2343	   0.04133	
      2344	  0.041221	
      2345	 0.0411002	
      2346	 0.0409172	
      2347	 0.0407228	
      2348	 0.0405295	
      2349	 0.0403374	
      2350	 0.0401339	
      2351	 0.0398443	
      2352	 0.0395439	
      2353	 0.0392451	
      2354	 0.0389478	
      2355	  0.038689	
      2356	 0.0386288	
      2357	  0.038606	
      2358	 0.0385834	
      2359	 0.0385612	
      2360	 0.0385331	
      2361	 0.0367879	
      2362	 0.0352398	
      2363	 0.0338507	
      2364	 0.0325901	
      2365	 0.0314311	
      2366	  0.030324	
      2367	 0.0292922	
      2368	 0.0283304	
      2369	 0.0274302	
      2370	 0.0265803	
      2371	 0.0257547	
      2372	 0.0249706	
      2373	 0.0242279	
      2374	  0.023523	
      2375	 0.0228676	
      2376	 0.0223158	
      2377	 0.0218032	
      2378	 0.0213131	
      2379	 0.0208439	
      2380	 0.0203676	
      2381	 0.0197621	
      2382	 0.0191559	
      2383	 0.0185737	
      2384	 0.0180141	
      2385	 0.0175054	
      2386	 0.0171894	
      2387	 0.0169124	
      2388	 0.0166445	
      2389	  0.016385	
      2390	 0.0161229	
      2391	 0.0158059	
      2392	 0.0154887	
      2393	 0.0151815	
      2394	 0.0148837	
      2395	 0.0145949	
      2396	 0.0143099	
      2397	 0.0140333	
      2398	 0.0137647	
      2399	 0.0135038	
      2400	 0.0132503	
      2401	 0.0130081	
      2402	 0.0127726	
      2403	 0.0125434	
      2404	 0.0123202	
      2405	 0.0121029	
      2406	 0.0118953	
      2407	 0.0116929	
      2408	 0.0114956	
      2409	 0.0113033	
      2410	 0.0111062	
      2411	 0.0108586	
      2412	 0.0106083	
      2413	 0.0103644	
      2414	 0.0101269	
      2415	0.00990923	
      2416	0.00977223	
      2417	0.00965168	
      2418	0.00953359	
      2419	 0.0094179	
      2420	 0.0092997	
      2421	0.00915216	
      2422	0.00900317	
      2423	0.00885746	
      2424	0.00871493	
      2425	0.00857697	
      2426	0.00845082	
      2427	0.00832873	
      2428	0.00820914	
      2429	0.00809197	
      2430	0.00797576	
      2431	0.00784812	
      2432	0.00772177	
      2433	0.00759802	
      2434	0.00747681	
      2435	0.00735935	
      2436	0.00725454	
      2437	0.00715302	
      2438	0.00705344	
      2439	0.00695575	
      2440	0.00685868	
      2441	0.00675381	
      2442	0.00664978	
      2443	0.00654775	
      2444	0.00644768	
      2445	0.00634837	
      2446	0.00624644	
      2447	0.00614536	
      2448	 0.0060462	
      2449	0.00594893	
      2450	0.00585565	
      2451	0.00546359	
      2452	0.00510796	
      2453	 0.0047827	
      2454	0.00448444	
      2455	0.00421184	
      2456	0.00396798	
      2457	0.00374392	
      2458	0.00353633	
      2459	0.00334368	
      2460	0.00316399	
      2461	 0.0029923	
      2462	0.00283187	
      2463	0.00268225	
      2464	0.00254254	
      2465	0.00241103	
      2466	0.00228374	
      2467	0.00216384	
      2468	0.00205156	
      2469	0.00194632	
      2470	0.00184826	
      2471	0.00176077	
      2472	0.00167899	
      2473	0.00160187	
      2474	 0.0015291	
      2475	0.00145954	
      2476	 0.0013886	
      2477	0.00132095	
      2478	0.00125714	
      2479	0.00119692	
      2480	0.00114069	
      2481	0.00109046	
      2482	0.00104346	
      2483	0.000998878	
      2484	0.000956559	
      2485	0.000916723	
      2486	0.000880557	
      2487	0.000846436	
      2488	0.000813911	
      2489	0.000782892	
      2490	0.000751997	
      2491	0.000714781	
      2492	0.000678332	
      2493	0.000643824	
      2494	0.000611144	
      2495	0.000581965	
      2496	0.000564093	
      2497	0.00054854	
      2498	0.000533503	
      2499	0.000518962	
      2500	0.000504111	
      2501	0.000170561	
      2502	6.68671e-05	
      2503	2.89137e-05	
      2504	1.34224e-05	
      2505	6.5794e-06	
      2506	3.36261e-06	
      2507	1.78134e-06	
      2508	9.72832e-07	
      2509	5.45365e-07	
      2510	3.12842e-07	
      2511	1.83326e-07	
      2512	1.09394e-07	
      2513	6.63381e-08	
      2514	4.08192e-08	
      2515	2.54529e-08	
      2516	1.60721e-08	
      2517	1.02631e-08	
      2518	6.62199e-09	
      2519	4.31399e-09	
      2520	2.83633e-09	
      2521	1.88209e-09	
      2522	1.25902e-09	
      2523	8.4848e-10	
      2524	5.75812e-10	
      2525	3.93437e-10	
      2526	2.7085e-10	
      2527	1.87606e-10	
      2528	1.30681e-10	
      2529	9.15182e-11	
      2530	6.44071e-11	
      2531	4.54539e-11	
      2532	3.22214e-11	
      2533	2.29435e-11	
      2534	1.64073e-11	
      2535	1.1784e-11	
      2536	8.50426e-12	
      2537	6.16208e-12	
      2538	4.48138e-12	
      2539	3.27064e-12	
      2540	2.39517e-12	
      2541	1.76059e-12	
      2542	1.29826e-12	
      2543	9.60299e-13	
      2544	7.12437e-13	
      2545	5.3008e-13	
      2546	3.95337e-13	
      2547	2.95647e-13	
      2548	2.21679e-13	
      2549	1.66643e-13	
      2550	1.25583e-13	
      2551	9.48286e-14	
      2552	7.17742e-14	
      2553	5.44492e-14	
      2554	4.13984e-14	
      2555	3.15441e-14	
      2556	2.4076e-14	
      2557	1.84138e-14	
      2558	1.41117e-14	
      2559	1.08359e-14	
      2560	8.33839e-15	
      2561	6.4342e-15	
      2562	4.97506e-15	
      2563	3.85373e-15	
      2564	2.99037e-15	
      2565	2.32441e-15	
      2566	1.80899e-15	
      2567	1.41018e-15	
      2568	1.10105e-15	
      2569	8.61042e-16	
      2570	6.74389e-16	
      2571	5.2876e-16	
      2572	4.15192e-16	
      2573	3.2649e-16	
      2574	2.57103e-16	
      2575	2.02745e-16	
      2576	1.60099e-16	
      2577	1.26593e-16	
      2578	1.00231e-16	
      2579	7.94619e-17	
      2580	6.30621e-17	
      2581	5.00412e-17	
      2582	3.97482e-17	
      2583	3.16101e-17	
      2584	2.51678e-17	
      2585	2.00709e-17	
      2586	1.60764e-17	
      2587	1.28974e-17	
      2588	1.03585e-17	
      2589	8.32854e-18	
      2590	6.70206e-18	
      2591	5.38898e-18	
      2592	4.33667e-18	
      2593	3.49342e-18	
      2594	2.81698e-18	
      2595	2.2743e-18	
      2596	1.83968e-18	
      2597	1.4899e-18	
      2598	1.20778e-18	
      2599	9.79997e-19	
      2600	7.9591e-19	
      2601	4.7318e-19	
      2602	3.51818e-19	
      2603	2.72821e-19	
      2604	2.16348e-19	
      2605	1.74085e-19	
      2606	1.41429e-19	
      2607	1.15834e-19	
      2608	9.54899e-20	
      2609	7.91438e-20	
      2610	6.58959e-20	
      2611	5.51081e-20	
      2612	4.62459e-20	
      2613	3.8928e-20	
      2614	3.28583e-20	
      2615	2.7804e-20	
      2616	2.35583e-20	
      2617	2.00023e-20	
      2618	1.70157e-20	
      2619	1.45007e-20	
      2620	1.2372e-20	
      2621	1.05367e-20	
      2622	8.98207e-21	
      2623	7.66704e-21	
      2624	6.55277e-21	
      2625	 5.614e-21	
      2626	4.84854e-21	
      2627	4.19724e-21	
      2628	3.63725e-21	
      2629	3.15514e-21	
      2630	2.73823e-21	
      2631	2.37171e-21	
      2632	2.05508e-21	
      2633	1.78225e-21	
      2634	1.54693e-21	
      2635	1.34343e-21	
      2636	1.16475e-21	
      2637	1.01032e-21	
      2638	8.76997e-22	
      2639	7.61788e-22	
      2640	6.62485e-22	
      2641	5.78227e-22	
      2642	5.05261e-22	
      2643	4.4178e-22	
      2644	3.8651e-22	
      2645	3.38356e-22	
      2646	2.96078e-22	
      2647	2.59229e-22	
      2648	2.27091e-22	
      2649	1.99045e-22	
      2650	1.74554e-22	
      2651	1.53001e-22	
      2652	1.34178e-22	
      2653	1.17727e-22	
      2654	1.03343e-22	
      2655	9.0782e-23	
      2656	7.98652e-23	
      2657	7.03109e-23	
      2658	6.19272e-23	
      2659	5.45671e-23	
      2660	4.80903e-23	
      2661	4.23357e-23	
      2662	3.72755e-23	
      2663	3.28333e-23	
      2664	2.8932e-23	
      2665	2.55172e-23	
      2666	2.25603e-23	
      2667	1.9964e-23	
      2668	1.76731e-23	
      2669	1.56509e-23	
      2670	1.38615e-23	
      2671	1.22498e-23	
      2672	1.08265e-23	
      2673	9.57181e-24	
      2674	8.4654e-24	
      2675	7.49132e-24	
      2676	6.6384e-24	
      2677	5.88605e-24	
      2678	5.22067e-24	
      2679	4.63199e-24	
      2680	4.11099e-24	
      2681	3.64974e-24	
      2682	3.24124e-24	
      2683	2.87934e-24	
      2684	2.55862e-24	
      2685	2.2743e-24	
      2686	2.02005e-24	
      2687	1.79474e-24	
      2688	1.59502e-24	
      2689	1.41792e-24	
      2690	1.26083e-24	
      2691	1.12205e-24	
      2692	9.98815e-25	
      2693	8.89358e-25	
      2694	7.92108e-25	
      2695	7.05679e-25	
      2696	6.28509e-25	
      2697	5.59922e-25	
      2698	4.98947e-25	
      2699	4.44724e-25	
      2700	 3.966e-25	
      2701	4.60949e-25	
      2702	5.36159e-25	
      2703	6.23962e-25	
      2704	7.26521e-25	
      2705	8.46383e-25	
      2706	9.86541e-25	
      2707	1.15052e-24	
      2708	1.34249e-24	
      2709	1.56733e-24	
      2710	1.83083e-24	
      2711	2.14099e-24	
      2712	2.50508e-24	
      2713	2.93275e-24	
      2714	3.43539e-24	
      2715	4.02648e-24	
      2716	4.71943e-24	
      2717	5.53487e-24	
      2718	6.49504e-24	
      2719	7.62632e-24	
      2720	8.96002e-24	
      2721	1.05276e-23	
      2722	1.23769e-23	
      2723	1.45601e-23	
      2724	1.71391e-23	
      2725	2.01933e-23	
      2726	2.38201e-23	
      2727	2.81242e-23	
      2728	3.32276e-23	
      2729	3.92831e-23	
      2730	4.64731e-23	
      2731	5.4955e-23	
      2732	6.5029e-23	
      2733	7.70026e-23	
      2734	9.1244e-23	
      2735	1.08195e-22	
      2736	1.28459e-22	
      2737	1.52627e-22	
      2738	1.81474e-22	
      2739	2.15931e-22	
      2740	2.57123e-22	
      2741	3.06576e-22	
      2742	3.65819e-22	
      2743	4.36848e-22	
      2744	5.22075e-22	
      2745	6.24423e-22	
      2746	7.47011e-22	
      2747	8.9439e-22	
      2748	1.07172e-21	
      2749	1.28528e-21	
      2750	1.5427e-21	
      2751	1.85219e-21	
      2752	2.22568e-21	
      2753	2.67683e-21	
      2754	3.22227e-21	
      2755	3.88233e-21	
      2756	4.68186e-21	
      2757	5.65125e-21	
      2758	6.82773e-21	
      2759	8.25696e-21	
      2760	9.99496e-21	
      2761	1.21176e-20	
      2762	1.47056e-20	
      2763	1.78643e-20	
      2764	2.17237e-20	
      2765	2.64443e-20	
      2766	3.22432e-20	
      2767	3.93559e-20	
      2768	4.80898e-20	
      2769	5.88269e-20	
      2770	7.20211e-20	
      2771	8.8172e-20	
      2772	1.08038e-19	
      2773	1.32535e-19	
      2774	1.62781e-19	
      2775	2.00172e-19	
      2776	2.46601e-19	
      2777	3.04182e-19	
      2778	3.75689e-19	
      2779	4.6461e-19	
      2780	5.75343e-19	
      2781	7.13856e-19	
      2782	8.86938e-19	
      2783	1.10354e-18	
      2784	 1.375e-18	
      2785	1.71574e-18	
      2786	2.14412e-18	
      2787	2.68353e-18	
      2788	3.36385e-18	
      2789	4.22332e-18	
      2790	5.31097e-18	
      2791	6.68572e-18	
      2792	8.43052e-18	
      2793	1.0649e-17	
      2794	1.3475e-17	
      2795	1.70868e-17	
      2796	2.17199e-17	
      2797	2.76698e-17	
      2798	3.5318e-17	
      2799	4.51695e-17	
      2800	5.78865e-17	
      2801	6.88113e-17	
      2802	8.18586e-17	
      2803	9.7453e-17	
      2804	1.16107e-16	
      2805	1.3848e-16	
      2806	1.65396e-16	
      2807	1.97763e-16	
      2808	2.36655e-16	
      2809	2.83428e-16	
      2810	3.39729e-16	
      2811	4.07558e-16	
      2812	4.89349e-16	
      2813	5.88068e-16	
      2814	7.07329e-16	
      2815	8.5154e-16	
      2816	1.02546e-15	
      2817	1.23604e-15	
      2818	1.49127e-15	
      2819	1.80093e-15	
      2820	 2.177e-15	
      2821	2.63258e-15	
      2822	3.18669e-15	
      2823	3.86138e-15	
      2824	4.68378e-15	
      2825	5.68915e-15	
      2826	6.92213e-15	
      2827	8.43425e-15	
      2828	1.02882e-14	
      2829	1.2564e-14	
      2830	1.53611e-14	
      2831	1.87913e-14	
      2832	2.30152e-14	
      2833	2.82232e-14	
      2834	3.46531e-14	
      2835	4.26024e-14	
      2836	5.24103e-14	
      2837	6.45619e-14	
      2838	7.96391e-14	
      2839	9.83736e-14	
      2840	1.21687e-13	
      2841	1.50841e-13	
      2842	1.87258e-13	
      2843	2.32818e-13	
      2844	2.89912e-13	
      2845	3.61581e-13	
      2846	4.51408e-13	
      2847	5.64488e-13	
      2848	7.07097e-13	
      2849	8.8728e-13	
      2850	1.11537e-12	
      2851	1.40467e-12	
      2852	1.77234e-12	
      2853	2.24058e-12	
      2854	2.83816e-12	
      2855	3.60246e-12	
      2856	4.58521e-12	
      2857	5.8487e-12	
      2858	7.47698e-12	
      2859	9.58053e-12	
      2860	1.23049e-11	
      2861	1.58427e-11	
      2862	2.0449e-11	
      2863	2.64633e-11	
      2864	3.43388e-11	
      2865	4.4682e-11	
      2866	5.82306e-11	
      2867	7.6114e-11	
      2868	9.97975e-11	
      2869	1.31271e-10	
      2870	1.73306e-10	
      2871	2.29753e-10	
      2872	3.05793e-10	
      2873	4.08542e-10	
      2874	5.47972e-10	
      2875	7.38279e-10	
      2876	9.99668e-10	
      2877	1.36022e-09	
      2878	1.85966e-09	
      2879	2.55528e-09	
      2880	3.52975e-09	
      2881	4.89656e-09	
      2882	6.83306e-09	
      2883	9.59575e-09	
      2884	1.35663e-08	
      2885	1.93182e-08	
      2886	2.7741e-08	
      2887	4.01687e-08	
      2888	5.86902e-08	
      2889	8.65967e-08	
      2890	1.29152e-07	
      2891	1.94919e-07	
      2892	2.9809e-07	
      2893	4.6271e-07	
      2894	7.30592e-07	
      2895	1.17675e-06	
      2896	1.9399e-06	
      2897	3.29546e-06	
      2898	5.83099e-06	
      2899	1.10099e-05	
      2900	2.53089e-05	
      2901	2.59188e-05	
      2902	2.65452e-05	
      2903	2.71888e-05	
      2904	2.78499e-05	
      2905	2.85292e-05	
      2906	2.92068e-05	
      2907	2.99027e-05	
      2908	3.06174e-05	
      2909	3.13515e-05	
      2910	3.21056e-05	
      2911	3.28572e-05	
      2912	3.3629e-05	
      2913	3.44213e-05	
      2914	3.52351e-05	
      2915	3.60708e-05	
      2916	3.69554e-05	
      2917	3.78647e-05	
      2918	3.87996e-05	
      2919	3.97609e-05	
      2920	4.07493e-05	
      2921	4.17658e-05	
      2922	4.28113e-05	
      2923	4.38867e-05	
      2924	4.4993e-05	
      2925	4.61313e-05	
      2926	4.73026e-05	
      2927	4.85079e-05	
      2928	4.97485e-05	
      2929	5.10255e-05	
      2930	5.23402e-05	
      2931	5.36548e-05	
      2932	5.50075e-05	
      2933	5.63996e-05	
      2934	5.78324e-05	
      2935	5.93073e-05	
      2936	6.08703e-05	
      2937	6.24809e-05	
      2938	6.41407e-05	
      2939	6.58514e-05	
      2940	6.76149e-05	
      2941	6.93816e-05	
      2942	7.12019e-05	
      2943	7.30778e-05	
      2944	7.50113e-05	
      2945	7.7033e-05	
      2946	7.91772e-05	
      2947	8.14211e-05	
      2948	8.37384e-05	
      2949	8.6132e-05	
      2950	8.86049e-05	
      2951	 9.116e-05	
      2952	9.38005e-05	
      2953	9.65298e-05	
      2954	9.93514e-05	
      2955	0.000102269	
      2956	0.000105207	
      2957	0.000108243	
      2958	0.000111383	
      2959	0.000114629	
      2960	0.000117986	
      2961	0.000121551	
      2962	0.000125242	
      2963	0.000129064	
      2964	0.000133023	
      2965	0.000137124	
      2966	0.000141266	
      2967	0.000145556	
      2968	   0.00015	
      2969	0.000154605	
      2970	0.000159378	
      2971	0.000164452	
      2972	0.000169717	
      2973	0.000175181	
      2974	0.000180854	
      2975	0.000186745	
      2976	0.000192715	
      2977	0.000198914	
      2978	0.000205351	
      2979	0.000212039	
      2980	0.000218989	
      2981	0.000226389	
      2982	0.000234089	
      2983	0.000242103	
      2984	0.000250447	
      2985	0.000259138	
      2986	0.000267985	
      2987	 0.0002772	
      2988	0.000286801	
      2989	0.00029681	
      2990	0.000307248	
      2991	0.000318388	
      2992	0.000330024	
      2993	0.000342183	
      2994	0.000354896	
      2995	0.000368195	
      2996	0.000382116	
      2997	0.000396696	
      2998	0.000411979	
      2999	0.000428011	
      3000	0.000444844	
      3001	0.000444628	
      3002	0.000444412	
      3003	0.000444194	
      3004	0.000443977	
      3005	0.000443758	
      3006	0.000443893	
      3007	0.000444028	
      3008	0.000444163	
      3009	0.000444299	
      3010	0.000444434	
      3011	0.00044457	
      3012	0.000444706	
      3013	0.000444842	
      3014	0.000444978	
      3015	0.000445115	
      3016	0.000444894	
      3017	0.000444672	
      3018	0.00044445	
      3019	0.000444227	
      3020	0.000444004	
      3021	0.00044378	
      3022	0.000443555	
      3023	0.00044333	
      3024	0.000443105	
      3025	0.000442878	
      3026	0.000443014	
      3027	0.000443149	
      3028	0.000443285	
      3029	0.000443421	
      3030	0.000443557	
      3031	0.00044333	
      3032	0.000443102	
      3033	0.000442874	
      3034	0.000442645	
      3035	0.000442416	
      3036	0.000441821	
      3037	0.000441224	
      3038	0.000440625	
      3039	0.000440026	
      3040	0.000439609	
      3041	0.000440295	
      3042	0.000441168	
      3043	0.000442042	
      3044	0.000442919	
      3045	0.000443798	
      3046	0.000444309	
      3047	0.000444821	
      3048	0.000445334	
      3049	0.000445849	
      3050	0.000446365	
      3051	0.000446511	
      3052	0.000446657	
      3053	0.000446803	
      3054	0.00044695	
      3055	0.000447098	
      3056	0.000447247	
      3057	0.000447396	
      3058	0.000447546	
      3059	0.000447696	
      3060	0.000447847	
      3061	0.000447246	
      3062	0.000446643	
      3063	0.00044604	
      3064	0.000445436	
      3065	0.00044502	
      3066	0.000444982	
      3067	0.000445135	
      3068	0.000445289	
      3069	0.000445444	
      3070	0.000445599	
      3071	0.000446138	
      3072	0.000446678	
      3073	0.00044722	
      3074	0.000447765	
      3075	0.000448312	
      3076	0.000448094	
      3077	0.000447876	
      3078	0.000447659	
      3079	0.000447442	
      3080	0.000447226	
      3081	0.000447011	
      3082	0.000446796	
      3083	0.000446582	
      3084	0.00044637	
      3085	0.000446158	
      3086	0.000445947	
      3087	0.000445738	
      3088	0.000445529	
      3089	0.000445323	
      3090	0.000445117	
      3091	0.000444914	
      3092	0.000444712	
      3093	0.000444512	
      3094	0.000444315	
      3095	0.000444119	
      3096	0.000443926	
      3097	0.000443736	
      3098	0.000443549	
      3099	0.000443366	
      3100	0.000443185	
      3101	0.000437776	
      3102	0.000436634	
      3103	0.00043676	
      3104	0.000437575	
      3105	0.000438848	
      3106	0.000440062	
      3107	0.000441537	
      3108	0.000443227	
      3109	0.000445099	
      3110	0.00044713	
      3111	0.000448894	
      3112	0.000450781	
      3113	0.000452779	
      3114	0.00045488	
      3115	0.000457287	
      3116	0.000460209	
      3117	0.00046344	
      3118	0.000466767	
      3119	0.000470187	
      3120	0.000473698	
      3121	0.000477298	
      3122	0.000480985	
      3123	0.00048476	
      3124	0.00048862	
      3125	0.000492565	
      3126	0.000496595	
      3127	0.00050071	
      3128	0.00050491	
      3129	0.000509194	
      3130	0.000513564	
      3131	0.000518019	
      3132	0.00052256	
      3133	0.000527187	
      3134	0.000531902	
      3135	0.000536704	
      3136	0.000541089	
      3137	0.000545553	
      3138	0.000550097	
      3139	0.000554722	
      3140	0.00055943	
      3141	0.000564753	
      3142	0.000570171	
      3143	0.000575685	
      3144	0.000581298	
      3145	0.00058701	
      3146	0.00059226	
      3147	 0.0005976	
      3148	0.000603032	
      3149	0.000608557	
      3150	0.000614176	
      3151	0.000620486	
      3152	0.000626907	
      3153	0.000633441	
      3154	0.000640091	
      3155	0.000646857	
      3156	0.000653744	
      3157	0.000660752	
      3158	0.000667885	
      3159	0.000675145	
      3160	0.000682534	
      3161	0.000690723	
      3162	0.000699063	
      3163	0.000707557	
      3164	0.000716209	
      3165	0.000725022	
      3166	0.000732581	
      3167	0.000740273	
      3168	0.000748102	
      3169	0.000756069	
      3170	0.000764551	
      3171	0.000773943	
      3172	0.000783895	
      3173	0.000794038	
      3174	0.000804377	
      3175	0.000814918	
      3176	0.000824053	
      3177	0.000833357	
      3178	0.000842832	
      3179	0.000852485	
      3180	0.000862317	
      3181	0.000873196	
      3182	0.000884288	
      3183	0.000895599	
      3184	0.000907134	
      3185	0.000918899	
      3186	0.000931823	
      3187	0.000945015	
      3188	0.000958484	
      3189	0.000972235	
      3190	0.000986278	
      3191	0.000999629	
      3192	0.00101326	
      3193	0.00102718	
      3194	0.00104139	
      3195	 0.0010559	
      3196	0.00106966	
      3197	0.00108371	
      3198	0.00109806	
      3199	0.00111271	
      3200	0.00112824	
      3201	0.00112148	
      3202	0.00111534	
      3203	0.00110925	
      3204	0.00110322	
      3205	0.00109724	
      3206	0.00109022	
      3207	0.00108326	
      3208	0.00107637	
      3209	0.00106953	
      3210	0.00106276	
      3211	0.00105498	
      3212	0.00104727	
      3213	0.00103962	
      3214	0.00103205	
      3215	0.00102454	
      3216	0.00101814	
      3217	 0.0010118	
      3218	 0.0010055	
      3219	0.000999266	
      3220	0.00099308	
      3221	0.000986945	
      3222	0.000980861	
      3223	0.000974828	
      3224	0.000968845	
      3225	0.00096291	
      3226	0.000958012	
      3227	0.000953152	
      3228	0.000948328	
      3229	0.000943542	
      3230	0.000938792	
      3231	0.000933116	
      3232	0.000927484	
      3233	0.000921897	
      3234	0.000916354	
      3235	0.000910855	
      3236	0.000905398	
      3237	0.000899985	
      3238	0.000894613	
      3239	0.000889283	
      3240	0.000883993	
      3241	0.000878745	
      3242	0.000873536	
      3243	0.000868368	
      3244	0.000863238	
      3245	0.000858148	
      3246	0.000853989	
      3247	0.000849861	
      3248	0.000845761	
      3249	0.00084169	
      3250	0.000837647	
      3251	0.000831887	
      3252	0.00082617	
      3253	0.000820498	
      3254	0.00081487	
      3255	0.000809284	
      3256	0.000804593	
      3257	0.000799937	
      3258	0.000795314	
      3259	0.000790725	
      3260	0.000786168	
      3261	0.000781645	
      3262	0.000777154	
      3263	0.000772695	
      3264	0.000768267	
      3265	0.000763871	
      3266	0.000759506	
      3267	0.000755172	
      3268	0.000750869	
      3269	0.000746595	
      3270	0.000742352	
      3271	0.000738138	
      3272	0.000733954	
      3273	0.000729798	
      3274	0.000725672	
      3275	0.000721574	
      3276	0.000717504	
      3277	0.000713462	
      3278	0.000709448	
      3279	0.000705461	
      3280	0.000701502	
      3281	0.000697569	
      3282	0.000693663	
      3283	0.000689784	
      3284	0.000685931	
      3285	0.000682103	
      3286	0.000679044	
      3287	0.000676003	
      3288	0.000672981	
      3289	0.000669978	
      3290	0.000666629	
      3291	0.000661849	
      3292	0.000656743	
      3293	0.000651673	
      3294	0.00064664	
      3295	  0.000642	
      3296	0.000638103	
      3297	0.000634586	
      3298	0.000631091	
      3299	0.000627619	
      3300	0.00062417	
      3301	0.000632678	
      3302	0.000641333	
      3303	0.000650139	
      3304	0.000659098	
      3305	0.000668215	
      3306	0.000675979	
      3307	0.000683866	
      3308	0.000691877	
      3309	0.000700016	
      3310	0.000708286	
      3311	 0.0007175	
      3312	0.000726874	
      3313	0.000736411	
      3314	0.000746114	
      3315	0.000755988	
      3316	0.000764294	
      3317	0.000772728	
      3318	0.000781292	
      3319	0.000789991	
      3320	0.000799288	
      3321	0.000810612	
      3322	0.000822625	
      3323	0.00083487	
      3324	0.000847352	
      3325	0.000860079	
      3326	0.000871037	
      3327	0.000882191	
      3328	0.000893544	
      3329	0.000905104	
      3330	0.000916873	
      3331	0.000929948	
      3332	0.000943277	
      3333	0.000956869	
      3334	0.000970729	
      3335	0.000984866	
      3336	0.000999286	
      3337	  0.001014	
      3338	0.00102901	
      3339	0.00104433	
      3340	0.00105997	
      3341	0.00107593	
      3342	0.00109223	
      3343	0.00110887	
      3344	0.00112587	
      3345	0.00114323	
      3346	0.00115958	
      3347	0.00117628	
      3348	0.00119333	
      3349	0.00121074	
      3350	0.00122852	
      3351	0.00124819	
      3352	0.00126832	
      3353	 0.0012889	
      3354	0.00130997	
      3355	0.00133153	
      3356	 0.0013536	
      3357	 0.0013762	
      3358	0.00139934	
      3359	0.00142305	
      3360	0.00144735	
      3361	0.00147225	
      3362	0.00149777	
      3363	0.00152395	
      3364	 0.0015508	
      3365	0.00157835	
      3366	0.00160663	
      3367	0.00163566	
      3368	0.00166548	
      3369	0.00169611	
      3370	0.00172758	
      3371	0.00175994	
      3372	0.00179322	
      3373	0.00182746	
      3374	0.00186269	
      3375	0.00189897	
      3376	0.00193633	
      3377	0.00197484	
      3378	0.00201453	
      3379	0.00205547	
      3380	0.00209772	
      3381	0.00214402	
      3382	0.00219188	
      3383	0.00224138	
      3384	0.00229261	
      3385	0.00234565	
      3386	0.00239761	
      3387	0.00245145	
      3388	0.00250729	
      3389	0.00256523	
      3390	0.00262541	
      3391	0.00268796	
      3392	0.00275304	
      3393	0.00282082	
      3394	0.00289148	
      3395	0.00296523	
      3396	0.00303843	
      3397	0.00311498	
      3398	0.00319514	
      3399	0.00327922	
      3400	 0.0033697	
      3401	0.00339567	
      3402	0.00342412	
      3403	0.00345291	
      3404	0.00348203	
      3405	0.00350925	
      3406	0.00352777	
      3407	0.00354422	
      3408	0.00356082	
      3409	0.00357759	
      3410	0.00359684	
      3411	0.00362096	
      3412	0.00364772	
      3413	0.00367478	
      3414	0.00370217	
      3415	0.00372989	
      3416	0.00375308	
      3417	0.00377655	
      3418	0.00380028	
      3419	0.00382429	
      3420	0.00384858	
      3421	0.00387316	
      3422	0.00389803	
      3423	 0.0039232	
      3424	0.00394867	
      3425	0.00397445	
      3426	0.00400055	
      3427	0.00402697	
      3428	0.00405372	
      3429	0.00408081	
      3430	0.00410824	
      3431	0.00414147	
      3432	0.00417515	
      3433	0.00420929	
      3434	 0.0042439	
      3435	0.00427898	
      3436	0.00430887	
      3437	0.00433917	
      3438	0.00436989	
      3439	0.00440102	
      3440	0.00443259	
      3441	0.00446461	
      3442	0.00449707	
      3443	0.00453001	
      3444	0.00456342	
      3445	0.00459733	
      3446	0.00463173	
      3447	0.00466665	
      3448	 0.0047021	
      3449	0.00473809	
      3450	0.00477464	
      3451	0.00481824	
      3452	0.00486253	
      3453	0.00490756	
      3454	0.00495333	
      3455	0.00499987	
      3456	0.00504043	
      3457	0.00508167	
      3458	0.00512362	
      3459	 0.0051663	
      3460	0.00520972	
      3461	0.00526103	
      3462	0.00531328	
      3463	 0.0053665	
      3464	0.00542072	
      3465	0.00547598	
      3466	0.00552483	
      3467	0.00557464	
      3468	0.00562543	
      3469	0.00567725	
      3470	0.00573013	
      3471	0.00578412	
      3472	0.00583925	
      3473	0.00589558	
      3474	0.00595315	
      3475	0.00601202	
      3476	0.00607224	
      3477	0.00613387	
      3478	0.00619698	
      3479	0.00626164	
      3480	0.00632793	
      3481	0.00640475	
      3482	0.00648358	
      3483	0.00656453	
      3484	0.00664771	
      3485	0.00673324	
      3486	0.00681186	
      3487	0.00689287	
      3488	0.00697642	
      3489	 0.0070627	
      3490	0.00715189	
      3491	0.00724422	
      3492	0.00733993	
      3493	0.00743933	
      3494	0.00754273	
      3495	0.00765053	
      3496	 0.0077632	
      3497	0.00788131	
      3498	0.00800556	
      3499	0.00813685	
      3500	0.00827636	
      3501	0.00828303	
      3502	0.00828973	
      3503	0.00829644	
      3504	0.00830318	
      3505	0.00830994	
      3506	0.00830502	
      3507	 0.0083001	
      3508	0.00829518	
      3509	0.00829027	
      3510	0.00828537	
      3511	0.00828047	
      3512	0.00827558	
      3513	 0.0082707	
      3514	0.00826582	
      3515	0.00826095	
      3516	0.00825609	
      3517	0.00825123	
      3518	0.00824638	
      3519	0.00824154	
      3520	0.00823671	
      3521	0.00824375	
      3522	0.00825081	
      3523	0.00825791	
      3524	0.00826504	
      3525	0.00827219	
      3526	0.00826747	
      3527	0.00826275	
      3528	0.00825805	
      3529	0.00825336	
      3530	0.00824868	
      3531	0.00825597	
      3532	 0.0082633	
      3533	0.00827066	
      3534	0.00827806	
      3535	0.00828549	
      3536	0.00828094	
      3537	0.00827641	
      3538	0.00827189	
      3539	0.00826738	
      3540	0.00826289	
      3541	0.00827049	
      3542	0.00827814	
      3543	0.00828582	
      3544	0.00829354	
      3545	 0.0083013	
      3546	0.00829697	
      3547	0.00829267	
      3548	0.00828839	
      3549	0.00828412	
      3550	0.00827988	
      3551	0.00827567	
      3552	0.00827148	
      3553	0.00826731	
      3554	0.00826316	
      3555	0.00825905	
      3556	0.00825496	
      3557	 0.0082509	
      3558	0.00824687	
      3559	0.00824287	
      3560	 0.0082389	
      3561	0.00824727	
      3562	 0.0082557	
      3563	0.00826419	
      3564	0.00827275	
      3565	0.00828136	
      3566	0.00827767	
      3567	0.00827402	
      3568	0.00827042	
      3569	0.00826686	
      3570	0.00826334	
      3571	0.00825987	
      3572	0.00825646	
      3573	0.00825309	
      3574	0.00824979	
      3575	0.00824653	
      3576	0.00824334	
      3577	0.00824021	
      3578	0.00823715	
      3579	0.00823415	
      3580	0.00823123	
      3581	0.00824096	
      3582	0.00825081	
      3583	0.00826077	
      3584	0.00827085	
      3585	0.00828105	
      3586	0.00827872	
      3587	 0.0082765	
      3588	 0.0082744	
      3589	0.00827241	
      3590	0.00827054	
      3591	0.00826882	
      3592	0.00826723	
      3593	 0.0082658	
      3594	0.00826454	
      3595	0.00826345	
      3596	0.00827539	
      3597	0.00828757	
      3598	0.00830002	
      3599	0.00831277	
      3600	0.00832582	
      3601	0.00831751	
      3602	 0.0083092	
      3603	0.00830088	
      3604	0.00829255	
      3605	0.00828423	
      3606	 0.0082759	
      3607	0.00826756	
      3608	0.00825922	
      3609	0.00825088	
      3610	0.00824253	
      3611	0.00824717	
      3612	0.00825182	
      3613	0.00825648	
      3614	0.00826115	
      3615	0.00826584	
      3616	0.00825751	
      3617	0.00824917	
      3618	0.00824083	
      3619	0.00823249	
      3620	0.00822415	
      3621	0.00822887	
      3622	0.00823359	
      3623	0.00823833	
      3624	0.00824309	
      3625	0.00824785	
      3626	0.00823953	
      3627	 0.0082312	
      3628	0.00822287	
      3629	0.00821454	
      3630	0.00820621	
      3631	0.00821101	
      3632	0.00821583	
      3633	0.00822066	
      3634	 0.0082255	
      3635	0.00823036	
      3636	0.00822205	
      3637	0.00821374	
      3638	0.00820543	
      3639	0.00819712	
      3640	0.00818881	
      3641	0.00819371	
      3642	0.00819863	
      3643	0.00820356	
      3644	0.00820851	
      3645	0.00821347	
      3646	0.00820519	
      3647	0.00819691	
      3648	0.00818863	
      3649	0.00818035	
      3650	0.00817208	
      3651	 0.0081638	
      3652	0.00815552	
      3653	0.00814724	
      3654	0.00813897	
      3655	0.00813069	
      3656	0.00813575	
      3657	0.00814083	
      3658	0.00814593	
      3659	0.00815105	
      3660	0.00815618	
      3661	0.00816134	
      3662	0.00816651	
      3663	0.00817171	
      3664	0.00817692	
      3665	0.00818216	
      3666	0.00816057	
      3667	0.00813897	
      3668	0.00811735	
      3669	0.00809573	
      3670	0.00808081	
      3671	0.00807936	
      3672	0.00808466	
      3673	0.00808999	
      3674	0.00809534	
      3675	0.00810071	
      3676	 0.0080926	
      3677	 0.0080845	
      3678	 0.0080764	
      3679	0.00806831	
      3680	0.00806024	
      3681	0.00805217	
      3682	0.00804411	
      3683	0.00803606	
      3684	0.00802802	
      3685	   0.00802	
      3686	0.00802559	
      3687	0.00803122	
      3688	0.00803687	
      3689	0.00804256	
      3690	0.00804829	
      3691	0.00804041	
      3692	0.00803254	
      3693	0.00802469	
      3694	0.00801686	
      3695	0.00800905	
      3696	0.00800127	
      3697	0.00799351	
      3698	0.00798577	
      3699	0.00797807	
      3700	0.00797039	
      3701	0.00797602	
      3702	0.00798167	
      3703	0.00798734	
      3704	0.00799303	
      3705	0.00799874	
      3706	0.00799067	
      3707	0.00798259	
      3708	0.00797452	
      3709	0.00796645	
      3710	0.00795837	
      3711	0.00796415	
      3712	0.00796994	
      3713	0.00797576	
      3714	 0.0079816	
      3715	0.00798745	
      3716	0.00797943	
      3717	 0.0079714	
      3718	0.00796338	
      3719	0.00795535	
      3720	0.00794733	
      3721	0.00795326	
      3722	 0.0079592	
      3723	0.00796517	
      3724	0.00797116	
      3725	0.00797717	
      3726	 0.0079692	
      3727	0.00796123	
      3728	0.00795325	
      3729	0.00794528	
      3730	0.00793731	
      3731	0.00794339	
      3732	 0.0079495	
      3733	0.00795563	
      3734	0.00796178	
      3735	0.00796796	
      3736	0.00794593	
      3737	0.00792388	
      3738	 0.0079018	
      3739	0.00787971	
      3740	0.00786467	
      3741	0.00786379	
      3742	0.00787001	
      3743	0.00787626	
      3744	0.00788252	
      3745	0.00788881	
      3746	 0.0078809	
      3747	0.00787299	
      3748	0.00786509	
      3749	0.00785718	
      3750	0.00784927	
      3751	0.00785565	
      3752	0.00786205	
      3753	0.00786847	
      3754	0.00787492	
      3755	 0.0078814	
      3756	0.00787356	
      3757	0.00786572	
      3758	0.00785788	
      3759	0.00785005	
      3760	0.00784221	
      3761	0.00784878	
      3762	0.00785537	
      3763	0.00786199	
      3764	0.00786864	
      3765	0.00787532	
      3766	0.00788202	
      3767	0.00788874	
      3768	 0.0078955	
      3769	0.00790228	
      3770	0.00790909	
      3771	0.00790141	
      3772	0.00789373	
      3773	0.00788605	
      3774	0.00787837	
      3775	 0.0078707	
      3776	0.00786303	
      3777	0.00785536	
      3778	 0.0078477	
      3779	0.00784004	
      3780	0.00783239	
      3781	0.00783939	
      3782	0.00784643	
      3783	0.00785349	
      3784	0.00786059	
      3785	0.00786772	
      3786	0.00786015	
      3787	 0.0078526	
      3788	0.00784505	
      3789	 0.0078375	
      3790	0.00782996	
      3791	0.00783722	
      3792	 0.0078445	
      3793	0.00785183	
      3794	0.00785918	
      3795	0.00786657	
      3796	0.00785914	
      3797	0.00785171	
      3798	0.00784429	
      3799	0.00783688	
      3800	0.00782948	
      3801	0.00778033	
      3802	0.00774219	
      3803	0.00771047	
      3804	0.00768308	
      3805	0.00765886	
      3806	0.00762256	
      3807	0.00758831	
      3808	0.00755577	
      3809	0.00752467	
      3810	0.00749482	
      3811	0.00748045	
      3812	  0.007467	
      3813	0.00745437	
      3814	0.00744248	
      3815	0.00743126	
      3816	0.00740639	
      3817	0.00738212	
      3818	0.00735842	
      3819	0.00733523	
      3820	0.00731254	
      3821	0.00730448	
      3822	0.00729683	
      3823	0.00728955	
      3824	0.00728263	
      3825	0.00727605	
      3826	0.00726979	
      3827	0.00726384	
      3828	0.00725819	
      3829	0.00725282	
      3830	0.00724773	
      3831	0.00722883	
      3832	0.00721021	
      3833	0.00719185	
      3834	0.00717375	
      3835	0.00715589	
      3836	0.00715229	
      3837	0.00714891	
      3838	0.00714574	
      3839	0.00714278	
      3840	0.00714002	
      3841	0.00712347	
      3842	0.00710712	
      3843	0.00709097	
      3844	0.00707501	
      3845	0.00705925	
      3846	0.00705765	
      3847	0.00705623	
      3848	0.00705499	
      3849	0.00705392	
      3850	0.00705302	
      3851	0.00703834	
      3852	0.00702383	
      3853	0.00700949	
      3854	0.00699532	
      3855	0.00698131	
      3856	0.00697446	
      3857	0.00696778	
      3858	0.00695427	
      3859	0.00694792	
      3860	0.00694173	
      3861	0.00693571	
      3862	0.00693684	
      3863	0.00693116	
      3864	0.00693263	
      3865	0.00692728	
      3866	0.00691511	
      3867	 0.0069101	
      3868	0.00689828	
      3869	0.00689362	
      3870	0.00688213	
      3871	0.00688483	
      3872	0.00688772	
      3873	 0.0068908	
      3874	0.00689407	
      3875	0.00689755	
      3876	0.00688718	
      3877	0.00688404	
      3878	0.00687408	
      3879	0.00687135	
      3880	 0.0068618	
      3881	0.00685951	
      3882	0.00685744	
      3883	0.00685562	
      3884	0.00685405	
      3885	0.00685273	
      3886	0.00685875	
      3887	0.00686505	
      3888	0.00687875	
      3889	0.00688569	
      3890	0.00689297	
      3891	0.00688638	
      3892	0.00688014	
      3893	0.00688138	
      3894	0.00687589	
      3895	0.00687082	
      3896	0.00688049	
      3897	0.00688351	
      3898	0.00689425	
      3899	0.00689842	
      3900	0.00691042	
      3901	0.00692075	
      3902	0.00693114	
      3903	0.00693436	
      3904	0.00694485	
      3905	0.00695541	
      3906	0.00695877	
      3907	 0.0069549	
      3908	0.00695833	
      3909	0.00695451	
      3910	0.00695801	
      3911	0.00696888	
      3912	0.00697249	
      3913	0.00698349	
      3914	 0.0069872	
      3915	0.00699833	
      3916	0.00699477	
      3917	0.00699123	
      3918	0.00699513	
      3919	0.00699167	
      3920	0.00698823	
      3921	 0.0069997	
      3922	0.00701125	
      3923	0.00701541	
      3924	0.00702711	
      3925	0.00703889	
      3926	0.00703576	
      3927	0.00704017	
      3928	0.00703712	
      3929	0.00704164	
      3930	0.00703868	
      3931	0.00705089	
      3932	0.00705562	
      3933	  0.007068	
      3934	0.00707288	
      3935	0.00708545	
      3936	0.00709049	
      3937	0.00708796	
      3938	0.00709314	
      3939	0.00709072	
      3940	0.00709605	
      3941	0.00710146	
      3942	0.00711467	
      3943	0.00712027	
      3944	0.00713371	
      3945	 0.0071395	
      3946	0.00713762	
      3947	 0.0071358	
      3948	0.00714186	
      3949	0.00714021	
      3950	0.00713863	
      3951	0.00714498	
      3952	 0.0071593	
      3953	 0.0071659	
      3954	0.00718051	
      3955	0.00718736	
      3956	0.00719434	
      3957	0.00720145	
      3958	0.00720072	
      3959	0.00720809	
      3960	0.00721561	
      3961	0.00723128	
      3962	0.00724715	
      3963	0.00725517	
      3964	0.00727142	
      3965	0.00728788	
      3966	0.00728834	
      3967	0.00729708	
      3968	0.00729786	
      3969	0.00730698	
      3970	0.00730812	
      3971	0.00732585	
      3972	0.00733563	
      3973	0.00735389	
      3974	0.00736418	
      3975	0.00738303	
      3976	0.00739388	
      3977	 0.0073967	
      3978	0.00740813	
      3979	0.00741151	
      3980	0.00742358	
      3981	0.00743602	
      3982	0.00744884	
      3983	0.00747055	
      3984	0.00748424	
      3985	 0.0074984	
      3986	0.00752161	
      3987	0.00753684	
      3988	0.00756125	
      3989	0.00757773	
      3990	0.00760355	
      3991	0.00761281	
      3992	0.00763156	
      3993	0.00764248	
      3994	0.00766315	
      3995	0.00767615	
      3996	0.00770812	
      3997	0.00773279	
      3998	0.00776819	
      3999	0.00779682	
      4000	0.00783709	
