       280	4.3509e-05	
       281	8.41166e-05	
       282	0.000149776	
       283	0.000188816	
       284	0.000179462	
       285	0.000120074	
       286	0.000159469	
       287	0.000236743	
       288	0.000225292	
       289	0.000287213	
       290	0.000412606	
       291	0.000469547	
       292	0.000448421	
       293	0.000440037	
       294	0.000449018	
       295	0.000461584	
       296	0.000495399	
       297	0.000458894	
       298	0.000482511	
       299	0.000461701	
       300	0.00045829	
       301	0.000781283	
       302	0.00137504	
       303	0.00297706	
       304	 0.0053963	
       305	0.00927417	
       306	 0.0107381	
       307	 0.0141123	
       308	 0.0188461	
       309	 0.0213074	
       310	 0.0258453	
       311	 0.0397372	
       312	 0.0449929	
       313	 0.0516922	
       314	 0.0613002	
       315	 0.0675546	
       316	 0.0667008	
       317	 0.0856825	
       318	 0.0922559	
       319	  0.095711	
       320	  0.113305	
       321	  0.118969	
       322	  0.119116	
       323	  0.117231	
       324	  0.136359	
       325	  0.164633	
       326	  0.200132	
       327	  0.212017	
       328	  0.210781	
       329	  0.230253	
       330	  0.258374	
       331	  0.243746	
       332	  0.246102	
       333	  0.244618	
       334	  0.249901	
       335	  0.265433	
       336	  0.243068	
       337	  0.230672	
       338	  0.258799	
       339	  0.277561	
       340	  0.300757	
       341	  0.291535	
       342	   0.29823	
       343	  0.311237	
       344	  0.270408	
       345	  0.283067	
       346	  0.302545	
       347	  0.307964	
       348	  0.303151	
       349	  0.301736	
       350	  0.336135	
       351	  0.354497	
       352	  0.334153	
       353	  0.343365	
       354	  0.392264	
       355	  0.400191	
       356	  0.368708	
       357	  0.316072	
       358	  0.288913	
       359	  0.321359	
       360	  0.395964	
       361	  0.361417	
       362	  0.369909	
       363	  0.406752	
       364	  0.411595	
       365	  0.437016	
       366	  0.500396	
       367	   0.50197	
       368	   0.47326	
       369	  0.488636	
       370	  0.515459	
       371	  0.490969	
       372	  0.478472	
       373	   0.43193	
       374	  0.395552	
       375	  0.425821	
       376	   0.47719	
       377	  0.517902	
       378	  0.602945	
       379	  0.544759	
       380	  0.514476	
       381	  0.542987	
       382	  0.434352	
       383	  0.341535	
       384	   0.38212	
       385	  0.481326	
       386	  0.469171	
       387	  0.482726	
       388	  0.475102	
       389	  0.516243	
       390	  0.591629	
       391	  0.632766	
       392	  0.587349	
       393	  0.378401	
       394	  0.389868	
       395	  0.601105	
       396	  0.555631	
       397	  0.387572	
       398	  0.638698	
       399	  0.812767	
       400	  0.859459	
       401	  0.893838	
       402	  0.921458	
       403	  0.904741	
       404	  0.910472	
       405	  0.897891	
       406	  0.877861	
       407	  0.868089	
       408	  0.905251	
       409	  0.940723	
       410	  0.856435	
       411	  0.922195	
       412	  0.974321	
       413	  0.951306	
       414	   0.94235	
       415	  0.973113	
       416	  0.999261	
       417	  0.981142	
       418	  0.953004	
       419	  0.966582	
       420	  0.926695	
       421	   1.00734	
       422	   1.00976	
       423	  0.985726	
       424	  0.985064	
       425	   1.00593	
       426	  0.983516	
       427	  0.957938	
       428	  0.952499	
       429	  0.877377	
       430	  0.726564	
       431	  0.711068	
       432	   1.01641	
       433	   1.00632	
       434	  0.953497	
       435	   1.02698	
       436	   1.11679	
       437	    1.1286	
       438	   1.02131	
       439	  0.996942	
       440	   1.09923	
       441	   1.11611	
       442	   1.17539	
       443	   1.19794	
       444	   1.18261	
       445	   1.20289	
       446	   1.13275	
       447	   1.22959	
       448	   1.26026	
       449	   1.26664	
       450	   1.30857	
       451	   1.34436	
       452	   1.29841	
       453	     1.229	
       454	   1.28071	
       455	   1.29014	
       456	   1.32292	
       457	   1.33727	
       458	   1.31685	
       459	     1.306	
       460	   1.30806	
       461	   1.34184	
       462	   1.36022	
       463	   1.36058	
       464	   1.33128	
       465	   1.31332	
       466	   1.32583	
       467	    1.2944	
       468	   1.33094	
       469	   1.33928	
       470	   1.30584	
       471	    1.3258	
       472	   1.37519	
       473	    1.3482	
       474	   1.36068	
       475	   1.39516	
       476	   1.37044	
       477	   1.38293	
       478	   1.41417	
       479	   1.39944	
       480	   1.41282	
       481	   1.41315	
       482	   1.41258	
       483	   1.39648	
       484	   1.37511	
       485	   1.33635	
       486	   1.15718	
       487	   1.23831	
       488	   1.32493	
       489	   1.29608	
       490	   1.39091	
       491	   1.36187	
       492	   1.32045	
       493	   1.37352	
       494	   1.37054	
       495	   1.42293	
       496	   1.38561	
       497	   1.38961	
       498	   1.36266	
       499	   1.35949	
       500	   1.35628	
       501	   1.32633	
       502	   1.33095	
       503	   1.37027	
       504	   1.32675	
       505	   1.38934	
       506	   1.43688	
       507	    1.3923	
       508	   1.36192	
       509	   1.40146	
       510	   1.38174	
       511	   1.39899	
       512	   1.41987	
       513	   1.35683	
       514	   1.32613	
       515	   1.35688	
       516	   1.33783	
       517	   1.16987	
       518	   1.25409	
       519	   1.25752	
       520	   1.34202	
       521	   1.36786	
       522	   1.38642	
       523	   1.33922	
       524	   1.40529	
       525	   1.40831	
       526	   1.35454	
       527	   1.24566	
       528	   1.36592	
       529	   1.43127	
       530	   1.40666	
       531	   1.45761	
       532	   1.42763	
       533	   1.32019	
       534	   1.37114	
       535	   1.40648	
       536	   1.43539	
       537	   1.36818	
       538	   1.40077	
       539	   1.37691	
       540	   1.33354	
       541	   1.30505	
       542	    1.3851	
       543	   1.38538	
       544	   1.41725	
       545	   1.39611	
       546	   1.38889	
       547	   1.39563	
       548	    1.3753	
       549	   1.39788	
       550	   1.39245	
       551	   1.39489	
       552	   1.41228	
       553	   1.38663	
       554	   1.40493	
       555	     1.412	
       556	    1.3919	
       557	   1.36521	
       558	   1.37505	
       559	   1.33143	
       560	   1.34967	
       561	   1.40075	
       562	   1.36645	
       563	   1.39501	
       564	   1.38601	
       565	   1.37981	
       566	   1.33601	
       567	   1.39368	
       568	   1.39684	
       569	    1.3793	
       570	   1.37021	
       571	   1.34053	
       572	   1.39658	
       573	   1.41141	
       574	   1.40286	
       575	   1.37844	
       576	   1.37289	
       577	   1.38901	
       578	   1.36102	
       579	   1.36785	
       580	   1.37566	
       581	   1.37881	
       582	    1.3914	
       583	   1.39837	
       584	   1.39313	
       585	   1.38226	
       586	   1.35821	
       587	   1.38033	
       588	   1.35536	
       589	   1.25023	
       590	   1.29689	
       591	   1.35587	
       592	   1.35354	
       593	   1.35215	
       594	   1.35343	
       595	   1.35189	
       596	   1.36555	
       597	   1.37168	
       598	   1.35119	
       599	   1.34497	
       600	   1.34927	
       601	   1.33353	
       602	    1.3245	
       603	   1.34528	
       604	   1.36718	
       605	    1.3661	
       606	   1.36222	
       607	   1.36331	
       608	   1.35876	
       609	   1.34857	
       610	   1.34352	
       611	   1.34169	
       612	   1.35747	
       613	   1.33993	
       614	   1.31447	
       615	   1.33615	
       616	   1.31158	
       617	   1.30271	
       618	   1.33926	
       619	   1.35315	
       620	   1.35716	
       621	   1.36117	
       622	   1.34032	
       623	   1.33733	
       624	   1.33033	
       625	   1.31331	
       626	   1.31723	
       627	   1.34921	
       628	   1.35619	
       629	   1.35615	
       630	   1.34503	
       631	    1.3315	
       632	   1.29776	
       633	   1.33764	
       634	   1.33009	
       635	   1.33062	
       636	   1.31391	
       637	    1.3428	
       638	   1.35347	
       639	   1.33976	
       640	   1.31482	
       641	   1.31223	
       642	   1.31574	
       643	   1.32743	
       644	   1.32073	
       645	   1.32834	
       646	   1.30932	
       647	   1.31794	
       648	   1.31015	
       649	   1.27766	
       650	   1.26979	
       651	    1.3165	
       652	   1.31483	
       653	   1.31831	
       654	   1.30216	
       655	   1.24355	
       656	   1.12059	
       657	    1.1551	
       658	   1.26235	
       659	   1.28254	
       660	   1.29757	
       661	   1.30743	
       662	   1.30895	
       663	   1.30316	
       664	   1.29944	
       665	   1.31141	
       666	   1.30663	
       667	   1.29344	
       668	   1.28354	
       669	   1.28903	
       670	   1.26723	
       671	   1.25716	
       672	   1.24175	
       673	   1.24127	
       674	   1.23198	
       675	   1.22404	
       676	   1.23058	
       677	   1.21904	
       678	   1.21883	
       679	   1.20564	
       680	   1.20168	
       681	   1.19985	
       682	   1.19711	
       683	   1.18844	
       684	   1.17987	
       685	   1.17338	
       686	   1.15198	
       687	   1.17163	
       688	   1.18032	
       689	   1.18006	
       690	   1.17786	
       691	   1.17314	
       692	   1.16443	
       693	   1.17179	
       694	   1.17421	
       695	    1.1656	
       696	   1.16713	
       697	   1.16875	
       698	   1.16129	
       699	    1.1682	
       700	   1.16603	
       701	   1.16192	
       702	   1.16001	
       703	   1.17072	
       704	   1.18384	
       705	   1.19424	
       706	   1.18726	
       707	   1.18501	
       708	   1.19001	
       709	   1.19351	
       710	    1.2124	
       711	   1.17092	
       712	   1.13652	
       713	   1.11346	
       714	   1.10214	
       715	   1.07557	
       716	   1.07403	
       717	   1.06544	
       718	     1.045	
       719	   1.01052	
       720	   1.03004	
       721	   1.03232	
       722	   1.03371	
       723	   1.02663	
       724	   1.02723	
       725	   1.02382	
       726	   1.02315	
       727	   1.02838	
       728	   1.02899	
       729	   1.00648	
       730	   1.03962	
       731	   1.03702	
       732	   1.05153	
       733	    1.0526	
       734	   1.07629	
       735	   1.08059	
       736	   1.07747	
       737	   1.08565	
       738	   1.08817	
       739	   1.07958	
       740	   1.11034	
       741	    1.1064	
       742	   1.10358	
       743	   1.12481	
       744	   1.13522	
       745	   1.13148	
       746	   1.13217	
       747	   1.13295	
       748	   1.12832	
       749	    1.1282	
       750	    1.1238	
       751	    1.1251	
       752	   1.12777	
       753	   1.13063	
       754	   1.13786	
       755	   1.13731	
       756	   1.12451	
       757	   1.12395	
       758	   1.12893	
       759	   1.11826	
       760	   1.12208	
       761	   1.11698	
       762	   1.11634	
       763	    1.0853	
       764	   1.06202	
       765	   1.03198	
       766	   0.98562	
       767	  0.975505	
       768	  0.983208	
       769	  0.978698	
       770	  0.982438	
       771	  0.988477	
       772	  0.994846	
       773	   1.00161	
       774	   1.00885	
       775	   1.01668	
       776	   1.02425	
       777	   1.02756	
       778	   1.03892	
       779	   1.05795	
       780	   1.07371	
       781	   1.07201	
       782	   1.07711	
       783	   1.06989	
       784	    1.0627	
       785	   1.06791	
       786	   1.06865	
       787	   1.06717	
       788	   1.06011	
       789	   1.05755	
       790	   1.04941	
       791	   1.04017	
       792	   1.03095	
       793	   1.02175	
       794	   1.01368	
       795	   1.01347	
       796	   1.02223	
       797	   1.03547	
       798	   1.02969	
       799	   1.01944	
       800	   1.00696	
       801	   1.00183	
       802	  0.991068	
       803	  0.970581	
       804	  0.964362	
       805	   0.94298	
       806	  0.951996	
       807	  0.943418	
       808	  0.935244	
       809	  0.919082	
       810	  0.918825	
       811	  0.916686	
       812	  0.918828	
       813	  0.915976	
       814	  0.911231	
       815	  0.901561	
       816	  0.897111	
       817	  0.891097	
       818	  0.873227	
       819	  0.855606	
       820	  0.851127	
       821	  0.851709	
       822	  0.839547	
       823	  0.845213	
       824	  0.841342	
       825	  0.849075	
       826	  0.863305	
       827	  0.872187	
       828	  0.874655	
       829	    0.8779	
       830	  0.888509	
       831	  0.902002	
       832	   0.90797	
       833	  0.893608	
       834	  0.906296	
       835	  0.912685	
       836	  0.921446	
       837	  0.919521	
       838	  0.921099	
       839	   0.91967	
       840	  0.929693	
       841	  0.929667	
       842	  0.917444	
       843	  0.914109	
       844	  0.905222	
       845	  0.924211	
       846	  0.925416	
       847	  0.906537	
       848	  0.904432	
       849	  0.894514	
       850	  0.838362	
       851	  0.886876	
       852	    0.8918	
       853	  0.873682	
       854	   0.80484	
       855	  0.840237	
       856	  0.893707	
       857	  0.916532	
       858	  0.921128	
       859	  0.922669	
       860	  0.918933	
       861	  0.918476	
       862	  0.926062	
       863	  0.925146	
       864	  0.909654	
       865	  0.883136	
       866	  0.809192	
       867	  0.847194	
       868	  0.884167	
       869	   0.88451	
       870	  0.894273	
       871	  0.888302	
       872	  0.894619	
       873	  0.887376	
       874	  0.873115	
       875	  0.865296	
       876	  0.882189	
       877	  0.887008	
       878	  0.883557	
       879	  0.872624	
       880	   0.86962	
       881	  0.817143	
       882	  0.811826	
       883	  0.798339	
       884	  0.790862	
       885	  0.785285	
       886	  0.759352	
       887	  0.748387	
       888	  0.751777	
       889	  0.748112	
       890	  0.740281	
       891	  0.731462	
       892	  0.720287	
       893	  0.706014	
       894	  0.702856	
       895	  0.700165	
       896	  0.699229	
       897	  0.690956	
       898	  0.683082	
       899	  0.672817	
       900	  0.666144	
       901	  0.651372	
       902	  0.638641	
       903	  0.657051	
       904	  0.656405	
       905	  0.650063	
       906	  0.647938	
       907	  0.652433	
       908	  0.647117	
       909	  0.641504	
       910	  0.648199	
       911	  0.652524	
       912	  0.652896	
       913	  0.660748	
       914	  0.662897	
       915	  0.661118	
       916	  0.663634	
       917	  0.660951	
       918	  0.660309	
       919	  0.661896	
       920	  0.657069	
       921	  0.647504	
       922	   0.63952	
       923	  0.625673	
       924	  0.644174	
       925	  0.648264	
       926	  0.579211	
       927	   0.55026	
       928	  0.515519	
       929	   0.48599	
       930	  0.460968	
       931	  0.441377	
       932	  0.421615	
       933	  0.406497	
       934	   0.39009	
       935	  0.372265	
       936	  0.357793	
       937	  0.346631	
       938	  0.350847	
       939	  0.352347	
       940	  0.349302	
       941	  0.347305	
       942	  0.343115	
       943	  0.353692	
       944	  0.352431	
       945	  0.356285	
       946	  0.361619	
       947	  0.364187	
       948	  0.368186	
       949	  0.377112	
       950	  0.384045	
       951	  0.389974	
       952	  0.400249	
       953	  0.408919	
       954	  0.413197	
       955	  0.409008	
       956	  0.431252	
       957	  0.448222	
       958	  0.464739	
       959	  0.481296	
       960	  0.493587	
       961	  0.508385	
       962	  0.528899	
       963	  0.549524	
       964	  0.572062	
       965	  0.609131	
       966	  0.607869	
       967	  0.614089	
       968	  0.612436	
       969	  0.616583	
       970	  0.620927	
       971	  0.619747	
       972	  0.625073	
       973	  0.623734	
       974	  0.619742	
       975	  0.625396	
       976	  0.633558	
       977	  0.633437	
       978	  0.639208	
       979	  0.638153	
       980	  0.646336	
       981	  0.649481	
       982	   0.65569	
       983	  0.656337	
       984	  0.655612	
       985	  0.659183	
       986	  0.659818	
       987	  0.662907	
       988	  0.664736	
       989	   0.66324	
       990	  0.668922	
       991	  0.677292	
       992	  0.680597	
       993	    0.6873	
       994	   0.69361	
       995	   0.69071	
       996	  0.688616	
       997	  0.681931	
       998	  0.680981	
       999	  0.680711	
      1000	  0.682058	
      1001	  0.685234	
      1002	  0.684982	
      1003	  0.678291	
      1004	   0.66735	
      1005	  0.638358	
      1006	  0.658216	
      1007	  0.671652	
      1008	  0.674394	
      1009	  0.672424	
      1010	   0.67311	
      1011	  0.670102	
      1012	  0.668599	
      1013	  0.665713	
      1014	  0.666182	
      1015	  0.658911	
      1016	  0.659145	
      1017	  0.656035	
      1018	  0.659528	
      1019	  0.647626	
      1020	  0.649387	
      1021	  0.650572	
      1022	  0.644925	
      1023	  0.648565	
      1024	  0.650823	
      1025	   0.65007	
      1026	  0.649911	
      1027	  0.648356	
      1028	  0.648328	
      1029	  0.644238	
      1030	  0.645042	
      1031	  0.644348	
      1032	  0.643202	
      1033	  0.635759	
      1034	  0.637914	
      1035	  0.640328	
      1036	  0.640314	
      1037	  0.635626	
      1038	    0.6339	
      1039	  0.637142	
      1040	  0.635023	
      1041	  0.635197	
      1042	  0.634656	
      1043	  0.630829	
      1044	  0.631822	
      1045	    0.6274	
      1046	  0.616265	
      1047	  0.622793	
      1048	  0.628022	
      1049	  0.626188	
      1050	  0.623176	
      1051	   0.62299	
      1052	  0.620213	
      1053	  0.618848	
      1054	  0.617719	
      1055	  0.619416	
      1056	  0.618286	
      1057	  0.616684	
      1058	  0.610134	
      1059	  0.598164	
      1060	  0.607042	
      1061	  0.600847	
      1062	  0.607256	
      1063	  0.602824	
      1064	  0.607932	
      1065	  0.606686	
      1066	  0.597178	
      1067	  0.598524	
      1068	  0.595616	
      1069	  0.573494	
      1070	  0.584979	
      1071	  0.578051	
      1072	  0.571956	
      1073	  0.559322	
      1074	  0.560413	
      1075	  0.549795	
      1076	  0.549131	
      1077	   0.54589	
      1078	  0.541803	
      1079	  0.531658	
      1080	  0.532832	
      1081	  0.520521	
      1082	  0.513849	
      1083	  0.515909	
      1084	  0.517289	
      1085	  0.514724	
      1086	  0.512247	
      1087	  0.496615	
      1088	  0.502205	
      1089	  0.502637	
      1090	  0.498264	
      1091	   0.49724	
      1092	  0.488591	
      1093	  0.479529	
      1094	  0.460721	
      1095	  0.469666	
      1096	  0.472626	
      1097	  0.473989	
      1098	  0.470055	
      1099	  0.466964	
      1100	  0.475651	
      1101	  0.417591	
      1102	  0.372941	
      1103	  0.349139	
      1104	  0.325782	
      1105	  0.305086	
      1106	  0.287281	
      1107	  0.270861	
      1108	  0.257539	
      1109	  0.245252	
      1110	   0.23432	
      1111	  0.223153	
      1112	  0.213516	
      1113	  0.203937	
      1114	  0.197283	
      1115	  0.189361	
      1116	  0.181051	
      1117	  0.175764	
      1118	  0.167567	
      1119	  0.161414	
      1120	  0.155572	
      1121	  0.160478	
      1122	   0.16569	
      1123	  0.170269	
      1124	  0.174844	
      1125	  0.178629	
      1126	  0.180173	
      1127	  0.187576	
      1128	  0.195496	
      1129	  0.201984	
      1130	  0.207861	
      1131	  0.208371	
      1132	  0.208238	
      1133	  0.205687	
      1134	  0.205105	
      1135	  0.204751	
      1136	  0.204221	
      1137	  0.199938	
      1138	  0.197119	
      1139	  0.198857	
      1140	  0.199017	
      1141	  0.195729	
      1142	  0.197683	
      1143	  0.196192	
      1144	  0.194399	
      1145	  0.195234	
      1146	  0.202453	
      1147	  0.208728	
      1148	  0.214115	
      1149	  0.220238	
      1150	  0.226922	
      1151	  0.234281	
      1152	  0.241795	
      1153	  0.251352	
      1154	  0.262789	
      1155	   0.27351	
      1156	  0.283013	
      1157	  0.297301	
      1158	  0.311471	
      1159	  0.324285	
      1160	  0.339582	
      1161	  0.358684	
      1162	  0.369103	
      1163	  0.375417	
      1164	  0.375199	
      1165	    0.3816	
      1166	  0.380348	
      1167	  0.388427	
      1168	  0.394505	
      1169	   0.39101	
      1170	  0.402162	
      1171	  0.405561	
      1172	  0.406403	
      1173	  0.405244	
      1174	  0.405618	
      1175	  0.400697	
      1176	  0.396919	
      1177	  0.404096	
      1178	  0.402751	
      1179	   0.40278	
      1180	  0.407412	
      1181	  0.406782	
      1182	  0.404089	
      1183	  0.390247	
      1184	  0.402652	
      1185	  0.408988	
      1186	  0.410103	
      1187	  0.410733	
      1188	  0.406375	
      1189	  0.393664	
      1190	  0.406378	
      1191	  0.414539	
      1192	  0.415371	
      1193	  0.415916	
      1194	  0.416687	
      1195	  0.415025	
      1196	  0.415632	
      1197	  0.414096	
      1198	  0.406579	
      1199	    0.3984	
      1200	  0.414897	
      1201	  0.421298	
      1202	  0.420541	
      1203	  0.408743	
      1204	  0.407862	
      1205	  0.417058	
      1206	  0.417243	
      1207	  0.417367	
      1208	  0.408541	
      1209	   0.39544	
      1210	  0.408338	
      1211	  0.404614	
      1212	  0.411414	
      1213	  0.413523	
      1214	  0.412405	
      1215	  0.413211	
      1216	  0.413202	
      1217	  0.412907	
      1218	  0.411783	
      1219	  0.409944	
      1220	  0.411429	
      1221	  0.411559	
      1222	   0.41044	
      1223	  0.408494	
      1224	  0.412362	
      1225	  0.412091	
      1226	  0.412081	
      1227	  0.406062	
      1228	  0.410024	
      1229	  0.413512	
      1230	  0.413596	
      1231	  0.413417	
      1232	  0.411572	
      1233	  0.413533	
      1234	  0.413645	
      1235	  0.413447	
      1236	  0.416885	
      1237	  0.418604	
      1238	  0.419849	
      1239	  0.419497	
      1240	  0.423782	
      1241	  0.424606	
      1242	  0.421754	
      1243	  0.416599	
      1244	   0.41358	
      1245	  0.413229	
      1246	  0.414172	
      1247	  0.413123	
      1248	  0.413912	
      1249	  0.412486	
      1250	  0.410424	
      1251	   0.40695	
      1252	  0.403283	
      1253	  0.403323	
      1254	   0.40261	
      1255	  0.401024	
      1256	  0.399133	
      1257	  0.396498	
      1258	  0.396413	
      1259	  0.394144	
      1260	  0.394308	
      1261	  0.392513	
      1262	  0.388332	
      1263	  0.389628	
      1264	  0.385704	
      1265	  0.385384	
      1266	  0.386055	
      1267	  0.380882	
      1268	  0.378009	
      1269	  0.379894	
      1270	  0.381143	
      1271	  0.382055	
      1272	  0.381248	
      1273	  0.381194	
      1274	  0.380129	
      1275	  0.382499	
      1276	  0.384189	
      1277	  0.384964	
      1278	  0.384818	
      1279	  0.383318	
      1280	  0.380674	
      1281	  0.368293	
      1282	  0.340914	
      1283	  0.362345	
      1284	   0.37779	
      1285	  0.382197	
      1286	  0.384096	
      1287	  0.386174	
      1288	  0.386363	
      1289	  0.388031	
      1290	  0.385268	
      1291	  0.380624	
      1292	    0.3774	
      1293	   0.37324	
      1294	  0.365932	
      1295	  0.364565	
      1296	  0.362774	
      1297	   0.35827	
      1298	  0.353726	
      1299	    0.3537	
      1300	  0.350917	
      1301	  0.347922	
      1302	  0.343451	
      1303	  0.340024	
      1304	  0.337512	
      1305	  0.338376	
      1306	  0.337428	
      1307	  0.336022	
      1308	  0.334153	
      1309	  0.332637	
      1310	  0.330163	
      1311	  0.327935	
      1312	   0.32375	
      1313	  0.316405	
      1314	  0.320355	
      1315	  0.314232	
      1316	  0.314149	
      1317	   0.31708	
      1318	  0.313992	
      1319	  0.316001	
      1320	  0.314305	
      1321	  0.271525	
      1322	  0.244982	
      1323	  0.225013	
      1324	  0.208711	
      1325	  0.194523	
      1326	  0.181792	
      1327	  0.170486	
      1328	  0.161246	
      1329	  0.150134	
      1330	  0.143859	
      1331	  0.137769	
      1332	  0.129751	
      1333	  0.125707	
      1334	  0.120702	
      1335	  0.115409	
      1336	  0.109975	
      1337	  0.105733	
      1338	  0.101224	
      1339	 0.0964165	
      1340	 0.0926747	
      1341	 0.0907276	
      1342	 0.0874881	
      1343	 0.0844781	
      1344	 0.0816783	
      1345	 0.0789157	
      1346	 0.0758375	
      1347	  0.073623	
      1348	 0.0712245	
      1349	 0.0687785	
      1350	 0.0660467	
      1351	 0.0609985	
      1352	 0.0567661	
      1353	 0.0525768	
      1354	 0.0486803	
      1355	 0.0448938	
      1356	 0.0418471	
      1357	 0.0388247	
      1358	 0.0367362	
      1359	 0.0344125	
      1360	 0.0321057	
      1361	  0.030455	
      1362	 0.0286026	
      1363	  0.026619	
      1364	 0.0253141	
      1365	 0.0239089	
      1366	  0.022572	
      1367	 0.0212201	
      1368	 0.0201942	
      1369	 0.0188984	
      1370	 0.0178894	
      1371	 0.0170122	
      1372	  0.016302	
      1373	 0.0155242	
      1374	 0.0147423	
      1375	 0.0138489	
      1376	 0.0131026	
      1377	 0.0125791	
      1378	 0.0120027	
      1379	 0.0115112	
      1380	 0.0109382	
      1381	 0.0104425	
      1382	0.00988336	
      1383	0.00946125	
      1384	0.00908017	
      1385	0.00863279	
      1386	0.00829538	
      1387	0.00789288	
      1388	0.00758804	
      1389	0.00727691	
      1390	0.00688983	
      1391	0.00666462	
      1392	0.00640293	
      1393	 0.0061166	
      1394	 0.0058449	
      1395	0.00561324	
      1396	0.00583617	
      1397	0.00606258	
      1398	0.00630756	
      1399	0.00651878	
      1400	0.00662765	
      1401	0.00687984	
      1402	0.00722619	
      1403	0.00747185	
      1404	0.00778293	
      1405	0.00809877	
      1406	0.00847123	
      1407	  0.008816	
      1408	0.00917566	
      1409	0.00958951	
      1410	0.00998646	
      1411	 0.0103471	
      1412	 0.0106051	
      1413	 0.0111684	
      1414	 0.0118068	
      1415	 0.0123679	
      1416	 0.0129052	
      1417	 0.0135796	
      1418	 0.0142605	
      1419	 0.0148297	
      1420	 0.0155291	
      1421	 0.0163768	
      1422	 0.0169681	
      1423	 0.0177994	
      1424	 0.0187354	
      1425	 0.0198875	
      1426	 0.0205726	
      1427	 0.0218615	
      1428	  0.023234	
      1429	 0.0242128	
      1430	 0.0255803	
      1431	 0.0272545	
      1432	 0.0294076	
      1433	 0.0312654	
      1434	 0.0328462	
      1435	 0.0350895	
      1436	 0.0375037	
      1437	 0.0401686	
      1438	 0.0429076	
      1439	 0.0460695	
      1440	 0.0478889	
      1441	  0.051812	
      1442	 0.0560607	
      1443	 0.0594337	
      1444	 0.0612198	
      1445	 0.0629573	
      1446	 0.0649226	
      1447	 0.0663998	
      1448	 0.0686611	
      1449	 0.0705058	
      1450	 0.0720903	
      1451	  0.073481	
      1452	 0.0756221	
      1453	 0.0780834	
      1454	 0.0801587	
      1455	 0.0824036	
      1456	 0.0847298	
      1457	 0.0880633	
      1458	 0.0920692	
      1459	 0.0955663	
      1460	 0.0983065	
      1461	   0.10146	
      1462	  0.104445	
      1463	  0.105839	
      1464	  0.105968	
      1465	   0.10683	
      1466	  0.106016	
      1467	  0.107179	
      1468	  0.106366	
      1469	  0.107143	
      1470	  0.106589	
      1471	  0.105088	
      1472	  0.105396	
      1473	  0.105147	
      1474	  0.103128	
      1475	  0.104389	
      1476	  0.104916	
      1477	  0.104712	
      1478	  0.107118	
      1479	   0.11063	
      1480	  0.113709	
      1481	  0.115741	
      1482	  0.119196	
      1483	  0.120719	
      1484	  0.125221	
      1485	  0.130142	
      1486	   0.13283	
      1487	  0.134048	
      1488	  0.127929	
      1489	   0.14249	
      1490	   0.15034	
      1491	  0.156011	
      1492	  0.160625	
      1493	  0.168422	
      1494	  0.175776	
      1495	  0.182545	
      1496	  0.187166	
      1497	  0.199765	
      1498	  0.202689	
      1499	  0.203113	
      1500	  0.207634	
      1501	  0.209289	
      1502	  0.207132	
      1503	  0.195172	
      1504	  0.201068	
      1505	  0.199045	
      1506	  0.208114	
      1507	  0.216772	
      1508	  0.217711	
      1509	  0.219303	
      1510	  0.225232	
      1511	  0.228091	
      1512	  0.227489	
      1513	  0.229292	
      1514	  0.231712	
      1515	  0.236984	
      1516	  0.240623	
      1517	  0.244468	
      1518	  0.252476	
      1519	  0.256996	
      1520	  0.268536	
      1521	  0.263989	
      1522	  0.263086	
      1523	   0.26606	
      1524	  0.266581	
      1525	  0.262899	
      1526	  0.267563	
      1527	   0.26684	
      1528	  0.267891	
      1529	  0.265079	
      1530	  0.255676	
      1531	    0.2654	
      1532	  0.267255	
      1533	  0.264873	
      1534	  0.261693	
      1535	  0.264006	
      1536	  0.266979	
      1537	  0.266927	
      1538	  0.262447	
      1539	  0.264802	
      1540	  0.257702	
      1541	  0.258406	
      1542	  0.259195	
      1543	  0.258697	
      1544	  0.259352	
      1545	  0.259361	
      1546	  0.257683	
      1547	  0.253967	
      1548	  0.248806	
      1549	  0.251203	
      1550	  0.249345	
      1551	  0.249478	
      1552	  0.250776	
      1553	  0.247855	
      1554	  0.243125	
      1555	  0.242878	
      1556	  0.240715	
      1557	  0.244361	
      1558	  0.243349	
      1559	  0.243106	
      1560	  0.241947	
      1561	  0.245126	
      1562	  0.244553	
      1563	  0.243526	
      1564	  0.241469	
      1565	  0.243654	
      1566	  0.241844	
      1567	  0.241982	
      1568	  0.240059	
      1569	  0.241825	
      1570	  0.241871	
      1571	  0.246209	
      1572	  0.246867	
      1573	  0.244413	
      1574	  0.241955	
      1575	  0.233337	
      1576	  0.238468	
      1577	  0.226694	
      1578	  0.239139	
      1579	   0.24507	
      1580	  0.247017	
      1581	  0.246504	
      1582	  0.239225	
      1583	  0.240124	
      1584	  0.238577	
      1585	    0.2431	
      1586	  0.240746	
      1587	  0.237455	
      1588	  0.231384	
      1589	  0.219261	
      1590	  0.223912	
      1591	  0.225648	
      1592	  0.234355	
      1593	   0.23864	
      1594	  0.237705	
      1595	  0.237022	
      1596	  0.228374	
      1597	  0.230139	
      1598	  0.234441	
      1599	  0.231145	
      1600	   0.23131	
      1601	  0.226311	
      1602	  0.227868	
      1603	  0.228171	
      1604	   0.22824	
      1605	  0.226038	
      1606	  0.225205	
      1607	  0.224159	
      1608	   0.22698	
      1609	  0.224805	
      1610	   0.21445	
      1611	  0.218485	
      1612	  0.220383	
      1613	  0.224007	
      1614	  0.223646	
      1615	  0.222497	
      1616	  0.215151	
      1617	  0.217922	
      1618	  0.224186	
      1619	  0.223323	
      1620	  0.218069	
      1621	  0.218051	
      1622	  0.221316	
      1623	  0.225813	
      1624	  0.226502	
      1625	  0.224068	
      1626	   0.22642	
      1627	  0.227815	
      1628	  0.229608	
      1629	  0.230596	
      1630	  0.229919	
      1631	  0.230822	
      1632	  0.230643	
      1633	  0.228039	
      1634	  0.225931	
      1635	  0.228403	
      1636	   0.22762	
      1637	  0.220323	
      1638	  0.218464	
      1639	  0.215275	
      1640	  0.217268	
      1641	  0.216252	
      1642	  0.216568	
      1643	  0.219766	
      1644	   0.21803	
      1645	  0.217384	
      1646	    0.2201	
      1647	  0.220538	
      1648	  0.219899	
      1649	  0.216729	
      1650	   0.21849	
      1651	  0.216527	
      1652	  0.218539	
      1653	   0.21706	
      1654	  0.217746	
      1655	  0.216028	
      1656	  0.217072	
      1657	  0.217165	
      1658	  0.216047	
      1659	  0.213978	
      1660	   0.21515	
      1661	  0.215957	
      1662	  0.215208	
      1663	  0.214345	
      1664	  0.213953	
      1665	  0.212246	
      1666	  0.210665	
      1667	  0.210641	
      1668	  0.208092	
      1669	  0.209509	
      1670	  0.212491	
      1671	  0.211144	
      1672	  0.205009	
      1673	  0.207148	
      1674	  0.209401	
      1675	  0.207223	
      1676	   0.20493	
      1677	  0.206111	
      1678	  0.206687	
      1679	  0.203058	
      1680	  0.196106	
      1681	  0.189614	
      1682	   0.19244	
      1683	  0.197179	
      1684	  0.199681	
      1685	  0.199968	
      1686	  0.197691	
      1687	  0.197672	
      1688	  0.197078	
      1689	  0.194632	
      1690	  0.194416	
      1691	  0.196892	
      1692	  0.196934	
      1693	  0.195937	
      1694	  0.195524	
      1695	   0.19513	
      1696	  0.194041	
      1697	   0.19297	
      1698	  0.192479	
      1699	  0.191184	
      1700	  0.188758	
      1701	   0.18817	
      1702	  0.187899	
      1703	  0.187403	
      1704	  0.186867	
      1705	  0.186271	
      1706	  0.185215	
      1707	  0.184092	
      1708	  0.182974	
      1709	  0.181861	
      1710	  0.180935	
      1711	  0.181103	
      1712	  0.181453	
      1713	  0.181806	
      1714	   0.18216	
      1715	  0.182361	
      1716	  0.181608	
      1717	  0.180704	
      1718	  0.179805	
      1719	  0.178908	
      1720	  0.178088	
      1721	  0.177666	
      1722	  0.177318	
      1723	  0.176972	
      1724	  0.176628	
      1725	  0.176224	
      1726	  0.175411	
      1727	  0.174537	
      1728	  0.173667	
      1729	    0.1728	
      1730	  0.171784	
      1731	  0.169827	
      1732	  0.167724	
      1733	  0.165625	
      1734	  0.163532	
      1735	  0.161868	
      1736	  0.162725	
      1737	  0.164007	
      1738	  0.165288	
      1739	  0.166567	
      1740	   0.16758	
      1741	  0.154464	
      1742	  0.145368	
      1743	  0.138124	
      1744	  0.131994	
      1745	  0.126688	
      1746	   0.12224	
      1747	  0.118272	
      1748	  0.114645	
      1749	  0.111303	
      1750	  0.108219	
      1751	   0.10542	
      1752	  0.102813	
      1753	  0.100359	
      1754	 0.0980422	
      1755	 0.0958108	
      1756	 0.0934578	
      1757	 0.0911811	
      1758	 0.0890073	
      1759	 0.0869281	
      1760	 0.0849594	
      1761	 0.0832077	
      1762	 0.0815473	
      1763	 0.0799501	
      1764	  0.078412	
      1765	  0.076929	
      1766	 0.0754978	
      1767	 0.0741152	
      1768	 0.0727784	
      1769	 0.0714847	
      1770	 0.0702046	
      1771	 0.0687874	
      1772	 0.0673869	
      1773	 0.0660282	
      1774	 0.0647093	
      1775	 0.0634644	
      1776	 0.0624676	
      1777	 0.0615329	
      1778	  0.060623	
      1779	  0.059737	
      1780	  0.058857	
      1781	 0.0579005	
      1782	 0.0569518	
      1783	 0.0560268	
      1784	 0.0551245	
      1785	 0.0542597	
      1786	 0.0535078	
      1787	 0.0527884	
      1788	 0.0520853	
      1789	  0.051398	
      1790	 0.0507054	
      1791	 0.0498957	
      1792	 0.0490841	
      1793	 0.0482905	
      1794	 0.0475142	
      1795	 0.0467548	
      1796	 0.0460116	
      1797	 0.0452841	
      1798	 0.0445719	
      1799	 0.0438745	
      1800	 0.0432172	
      1801	 0.0399299	
      1802	 0.0370449	
      1803	  0.034474	
      1804	 0.0321683	
      1805	 0.0300855	
      1806	 0.0281717	
      1807	 0.0264281	
      1808	 0.0248365	
      1809	 0.0233787	
      1810	 0.0219939	
      1811	 0.0204611	
      1812	 0.0190148	
      1813	 0.0176867	
      1814	 0.0164647	
      1815	 0.0153859	
      1816	 0.0146556	
      1817	 0.0140156	
      1818	 0.0134148	
      1819	 0.0128499	
      1820	 0.0123142	
      1821	 0.0117871	
      1822	  0.011287	
      1823	 0.0108154	
      1824	   0.01037	
      1825	0.00993861	
      1826	0.00946889	
      1827	0.00901688	
      1828	0.00859094	
      1829	0.00818921	
      1830	0.00781396	
      1831	 0.0074801	
      1832	0.00716746	
      1833	0.00687099	
      1834	0.00658966	
      1835	 0.0063217	
      1836	0.00606096	
      1837	0.00581249	
      1838	0.00557631	
      1839	0.00535169	
      1840	0.00513726	
      1841	0.00492805	
      1842	0.00472828	
      1843	0.00453804	
      1844	0.00435679	
      1845	 0.0041862	
      1846	0.00403507	
      1847	0.00389258	
      1848	0.00375621	
      1849	0.00362563	
      1850	0.00349941	
      1851	0.00337185	
      1852	 0.0032487	
      1853	0.00313083	
      1854	0.00301796	
      1855	0.00290985	
      1856	0.00280626	
      1857	0.00270696	
      1858	0.00261175	
      1859	0.00252043	
      1860	0.00243282	
      1861	0.00247225	
      1862	0.00251247	
      1863	0.00255352	
      1864	0.00259541	
      1865	 0.0026387	
      1866	0.00268545	
      1867	 0.0027338	
      1868	0.00278322	
      1869	0.00283375	
      1870	 0.0028791	
      1871	0.00288587	
      1872	0.00288544	
      1873	 0.0028841	
      1874	0.00288181	
      1875	0.00289444	
      1876	0.00300322	
      1877	0.00313203	
      1878	0.00326512	
      1879	0.00340263	
      1880	0.00353506	
      1881	0.00361276	
      1882	0.00368245	
      1883	0.00375384	
      1884	0.00382698	
      1885	 0.0038987	
      1886	 0.0039514	
      1887	0.00400164	
      1888	0.00405266	
      1889	0.00410446	
      1890	0.00416002	
      1891	0.00423473	
      1892	0.00431429	
      1893	0.00439579	
      1894	 0.0044793	
      1895	0.00456819	
      1896	0.00467964	
      1897	0.00479782	
      1898	0.00491952	
      1899	0.00504489	
      1900	0.00517147	
      1901	0.00528447	
      1902	0.00539793	
      1903	0.00551454	
      1904	0.00563441	
      1905	0.00575683	
      1906	0.00587593	
      1907	0.00599743	
      1908	0.00612228	
      1909	0.00625059	
      1910	 0.0063839	
      1911	0.00652768	
      1912	 0.0066772	
      1913	0.00683122	
      1914	0.00698992	
      1915	 0.0071535	
      1916	0.00732213	
      1917	0.00749603	
      1918	0.00767543	
      1919	0.00786053	
      1920	 0.0080516	
      1921	0.00784124	
      1922	0.00785776	
      1923	 0.0079234	
      1924	 0.0080169	
      1925	0.00812734	
      1926	 0.0082353	
      1927	0.00835338	
      1928	0.00848335	
      1929	0.00862445	
      1930	0.00878298	
      1931	0.00899351	
      1932	0.00922392	
      1933	0.00946789	
      1934	 0.0097259	
      1935	0.00999325	
      1936	 0.0102399	
      1937	 0.0104948	
      1938	 0.0107639	
      1939	 0.0110481	
      1940	 0.0113309	
      1941	 0.0115216	
      1942	 0.0117038	
      1943	 0.0118955	
      1944	 0.0120972	
      1945	 0.0123506	
      1946	 0.0128733	
      1947	 0.0134741	
      1948	 0.0141153	
      1949	 0.0148009	
      1950	 0.0155228	
      1951	 0.0162204	
      1952	 0.0169565	
      1953	 0.0177491	
      1954	 0.0186049	
      1955	 0.0195164	
      1956	 0.0204107	
      1957	 0.0213683	
      1958	 0.0224161	
      1959	 0.0235684	
      1960	 0.0248394	
      1961	 0.0255813	
      1962	 0.0263569	
      1963	 0.0271731	
      1964	 0.0280334	
      1965	 0.0289652	
      1966	 0.0300979	
      1967	 0.0313268	
      1968	 0.0326357	
      1969	 0.0340329	
      1970	 0.0355081	
      1971	 0.0369531	
      1972	 0.0384845	
      1973	  0.040136	
      1974	 0.0419244	
      1975	 0.0438701	
      1976	 0.0459983	
      1977	 0.0483412	
      1978	   0.05094	
      1979	   0.05385	
      1980	 0.0571611	
      1981	 0.0610414	
      1982	 0.0656143	
      1983	 0.0711484	
      1984	 0.0781841	
      1985	 0.0880926	
      1986	  0.076517	
      1987	 0.0701561	
      1988	 0.0654561	
      1989	 0.0616691	
      1990	   0.05843	
      1991	 0.0553451	
      1992	 0.0525696	
      1993	 0.0500788	
      1994	 0.0478206	
      1995	 0.0457883	
      1996	 0.0440849	
      1997	 0.0425396	
      1998	 0.0411046	
      1999	 0.0397665	
      2000	 0.0384977	
      2001	 0.0372108	
      2002	 0.0359839	
      2003	 0.0348261	
      2004	 0.0337312	
      2005	 0.0327078	
      2006	 0.0334096	
      2007	 0.0341524	
      2008	 0.0349237	
      2009	 0.0357252	
      2010	 0.0365527	
      2011	 0.0373623	
      2012	 0.0381994	
      2013	 0.0390727	
      2014	 0.0399851	
      2015	 0.0409324	
      2016	 0.0418662	
      2017	 0.0428385	
      2018	 0.0438608	
      2019	  0.044938	
      2020	 0.0460963	
      2021	 0.0474501	
      2022	 0.0489098	
      2023	 0.0504652	
      2024	 0.0521288	
      2025	 0.0538918	
      2026	  0.055646	
      2027	 0.0575279	
      2028	 0.0595913	
      2029	 0.0618762	
      2030	 0.0644572	
      2031	 0.0674902	
      2032	 0.0710584	
      2033	 0.0754088	
      2034	 0.0811646	
      2035	 0.0912507	
      2036	 0.0903235	
      2037	 0.0894453	
      2038	 0.0886188	
      2039	 0.0878343	
      2040	 0.0871502	
      2041	 0.0868522	
      2042	 0.0866414	
      2043	 0.0864501	
      2044	 0.0862759	
      2045	 0.0860613	
      2046	 0.0854955	
      2047	 0.0848899	
      2048	  0.084299	
      2049	 0.0837218	
      2050	 0.0831808	
      2051	 0.0827611	
      2052	 0.0823753	
      2053	 0.0819993	
      2054	 0.0816326	
      2055	 0.0812592	
      2056	 0.0807709	
      2057	  0.080276	
      2058	 0.0797896	
      2059	 0.0793114	
      2060	 0.0788642	
      2061	 0.0785317	
      2062	 0.0782291	
      2063	 0.0779334	
      2064	 0.0776446	
      2065	 0.0773625	
      2066	  0.077469	
      2067	 0.0775784	
      2068	 0.0776908	
      2069	 0.0778062	
      2070	  0.077948	
      2071	 0.0782017	
      2072	 0.0784833	
      2073	 0.0787698	
      2074	 0.0790614	
      2075	 0.0793269	
      2076	 0.0793928	
      2077	  0.079431	
      2078	 0.0794735	
      2079	 0.0795203	
      2080	 0.0795878	
      2081	 0.0797411	
      2082	 0.0799168	
      2083	 0.0800994	
      2084	 0.0802894	
      2085	 0.0804957	
      2086	 0.0807273	
      2087	 0.0809769	
      2088	 0.0812372	
      2089	 0.0815095	
      2090	 0.0817781	
      2091	 0.0819769	
      2092	 0.0821742	
      2093	  0.082389	
      2094	  0.082624	
      2095	 0.0829173	
      2096	 0.0834655	
      2097	 0.0840874	
      2098	 0.0847581	
      2099	 0.0854927	
      2100	 0.0863072	
      2101	 0.0862902	
      2102	 0.0862648	
      2103	 0.0862398	
      2104	 0.0862153	
      2105	 0.0861733	
      2106	 0.0860238	
      2107	 0.0858566	
      2108	 0.0856899	
      2109	 0.0855235	
      2110	 0.0853666	
      2111	 0.0852824	
      2112	 0.0852078	
      2113	 0.0851338	
      2114	 0.0850604	
      2115	 0.0849878	
      2116	 0.0848977	
      2117	 0.0848083	
      2118	 0.0847196	
      2119	 0.0846318	
      2120	 0.0845448	
      2121	 0.0844405	
      2122	 0.0843371	
      2123	 0.0842347	
      2124	 0.0841333	
      2125	 0.0840604	
      2126	 0.0841346	
      2127	 0.0842378	
      2128	 0.0843426	
      2129	 0.0844493	
      2130	 0.0845213	
      2131	 0.0843938	
      2132	 0.0842315	
      2133	 0.0840712	
      2134	  0.083913	
      2135	 0.0837849	
      2136	 0.0838435	
      2137	 0.0839332	
      2138	 0.0840269	
      2139	 0.0841251	
      2140	 0.0842008	
      2141	 0.0841157	
      2142	 0.0840092	
      2143	 0.0839106	
      2144	 0.0838216	
      2145	 0.0837726	
      2146	 0.0838703	
      2147	 0.0840187	
      2148	 0.0842001	
      2149	 0.0841526	
      2150	 0.0840957	
      2151	 0.0839452	
      2152	 0.0837853	
      2153	 0.0836256	
      2154	 0.0834659	
      2155	 0.0833062	
      2156	 0.0831092	
      2157	 0.0829122	
      2158	 0.0827154	
      2159	 0.0825186	
      2160	 0.0822095	
      2161	 0.0812075	
      2162	 0.0800935	
      2163	 0.0789797	
      2164	 0.0778663	
      2165	 0.0769683	
      2166	 0.0773809	
      2167	 0.0780087	
      2168	 0.0786364	
      2169	 0.0792639	
      2170	 0.0798259	
      2171	 0.0799575	
      2172	 0.0800236	
      2173	 0.0800897	
      2174	 0.0801559	
      2175	 0.0801846	
      2176	  0.079989	
      2177	 0.0797561	
      2178	 0.0795233	
      2179	 0.0792906	
      2180	  0.079086	
      2181	 0.0790683	
      2182	 0.0790787	
      2183	 0.0790891	
      2184	 0.0790995	
      2185	 0.0790726	
      2186	 0.0788029	
      2187	  0.078496	
      2188	 0.0781891	
      2189	 0.0778824	
      2190	 0.0776224	
      2191	 0.0776425	
      2192	 0.0777093	
      2193	 0.0777761	
      2194	 0.0778429	
      2195	 0.0778817	
      2196	 0.0777713	
      2197	  0.077633	
      2198	 0.0774947	
      2199	 0.0773483	
      2200	 0.0771741	
      2201	 0.0768322	
      2202	 0.0764626	
      2203	 0.0760931	
      2204	 0.0757238	
      2205	 0.0754013	
      2206	 0.0753211	
      2207	 0.0752875	
      2208	  0.075254	
      2209	 0.0752206	
      2210	 0.0751779	
      2211	  0.075098	
      2212	 0.0750089	
      2213	 0.0749199	
      2214	 0.0748309	
      2215	 0.0747421	
      2216	 0.0746533	
      2217	 0.0745646	
      2218	 0.0744759	
      2219	 0.0743873	
      2220	 0.0742803	
      2221	 0.0740618	
      2222	  0.073825	
      2223	 0.0735882	
      2224	 0.0733516	
      2225	 0.0731337	
      2226	 0.0730272	
      2227	 0.0729393	
      2228	 0.0728515	
      2229	 0.0727637	
      2230	 0.0726761	
      2231	 0.0725699	
      2232	 0.0724639	
      2233	 0.0723579	
      2234	 0.0722519	
      2235	 0.0721276	
      2236	 0.0718736	
      2237	 0.0716013	
      2238	 0.0713291	
      2239	  0.071057	
      2240	 0.0708129	
      2241	 0.0707353	
      2242	 0.0706856	
      2243	 0.0706359	
      2244	 0.0705863	
      2245	 0.0705182	
      2246	 0.0703577	
      2247	 0.0701789	
      2248	 0.0700001	
      2249	 0.0698214	
      2250	 0.0696429	
      2251	 0.0694274	
      2252	 0.0692121	
      2253	 0.0689969	
      2254	 0.0687818	
      2255	 0.0685852	
      2256	 0.0685179	
      2257	 0.0684691	
      2258	 0.0684204	
      2259	 0.0683717	
      2260	 0.0683138	
      2261	 0.0681637	
      2262	 0.0680046	
      2263	 0.0678455	
      2264	 0.0676865	
      2265	 0.0675459	
      2266	 0.0674792	
      2267	 0.0674309	
      2268	 0.0673826	
      2269	 0.0673344	
      2270	 0.0672771	
      2271	 0.0670165	
      2272	 0.0667535	
      2273	 0.0664967	
      2274	 0.0662456	
      2275	 0.0659814	
      2276	 0.0656313	
      2277	 0.0652681	
      2278	 0.0649094	
      2279	 0.0645551	
      2280	 0.0642319	
      2281	  0.064074	
      2282	 0.0639458	
      2283	 0.0638202	
      2284	 0.0636971	
      2285	 0.0635763	
      2286	 0.0634222	
      2287	 0.0632703	
      2288	 0.0631206	
      2289	 0.0629728	
      2290	 0.0627917	
      2291	 0.0623836	
      2292	  0.061943	
      2293	  0.061505	
      2294	 0.0610697	
      2295	 0.0606895	
      2296	  0.060591	
      2297	 0.0605462	
      2298	 0.0605025	
      2299	 0.0604599	
      2300	 0.0604096	
      2301	  0.060291	
      2302	 0.0601649	
      2303	   0.06004	
      2304	 0.0599162	
      2305	 0.0597849	
      2306	 0.0596203	
      2307	 0.0594483	
      2308	 0.0592775	
      2309	 0.0591078	
      2310	 0.0589391	
      2311	 0.0587374	
      2312	 0.0585369	
      2313	 0.0583374	
      2314	  0.058139	
      2315	 0.0579417	
      2316	 0.0577625	
      2317	 0.0575841	
      2318	 0.0574068	
      2319	 0.0572304	
      2320	 0.0570296	
      2321	 0.0566443	
      2322	 0.0562351	
      2323	 0.0558275	
      2324	 0.0554212	
      2325	 0.0550751	
      2326	 0.0550485	
      2327	 0.0550809	
      2328	 0.0551136	
      2329	 0.0551466	
      2330	 0.0551548	
      2331	 0.0550302	
      2332	 0.0548812	
      2333	 0.0547329	
      2334	 0.0545853	
      2335	 0.0544384	
      2336	 0.0542921	
      2337	 0.0541464	
      2338	 0.0540013	
      2339	 0.0538569	
      2340	 0.0537213	
      2341	 0.0536357	
      2342	 0.0535587	
      2343	 0.0534822	
      2344	 0.0534061	
      2345	  0.053314	
      2346	 0.0531406	
      2347	 0.0529514	
      2348	 0.0527629	
      2349	  0.052575	
      2350	 0.0523714	
      2351	 0.0520546	
      2352	 0.0517224	
      2353	 0.0513911	
      2354	 0.0510607	
      2355	 0.0507799	
      2356	 0.0507589	
      2357	 0.0507866	
      2358	 0.0508145	
      2359	 0.0508426	
      2360	 0.0508626	
      2361	 0.0497567	
      2362	 0.0487482	
      2363	 0.0478229	
      2364	 0.0469656	
      2365	 0.0461577	
      2366	 0.0453407	
      2367	 0.0445606	
      2368	 0.0438194	
      2369	 0.0431126	
      2370	   0.04243	
      2371	 0.0417352	
      2372	 0.0410605	
      2373	 0.0404103	
      2374	 0.0397827	
      2375	 0.0392015	
      2376	 0.0387652	
      2377	 0.0383685	
      2378	 0.0379849	
      2379	 0.0376134	
      2380	  0.037205	
      2381	  0.036534	
      2382	 0.0358326	
      2383	 0.0351481	
      2384	 0.0344796	
      2385	 0.0338836	
      2386	 0.0336412	
      2387	 0.0334612	
      2388	 0.0332862	
      2389	 0.0331157	
      2390	 0.0329279	
      2391	 0.0326148	
      2392	 0.0322871	
      2393	 0.0319662	
      2394	 0.0316519	
      2395	 0.0313438	
      2396	 0.0310314	
      2397	  0.030725	
      2398	 0.0304244	
      2399	 0.0301294	
      2400	 0.0298398	
      2401	 0.0295652	
      2402	 0.0292956	
      2403	 0.0290306	
      2404	 0.0287702	
      2405	 0.0285142	
      2406	  0.028272	
      2407	 0.0280338	
      2408	 0.0277995	
      2409	 0.0275689	
      2410	 0.0273189	
      2411	 0.0269353	
      2412	 0.0265347	
      2413	 0.0261402	
      2414	 0.0257515	
      2415	 0.0254041	
      2416	 0.0252562	
      2417	 0.0251456	
      2418	 0.0250366	
      2419	 0.0249291	
      2420	 0.0248103	
      2421	 0.0246078	
      2422	 0.0243953	
      2423	 0.0241858	
      2424	 0.0239791	
      2425	 0.0237793	
      2426	 0.0236069	
      2427	 0.0234408	
      2428	 0.0232769	
      2429	  0.023115	
      2430	 0.0229512	
      2431	 0.0227496	
      2432	 0.0225466	
      2433	 0.0223461	
      2434	  0.022148	
      2435	 0.0219563	
      2436	 0.0217978	
      2437	  0.021645	
      2438	  0.021494	
      2439	 0.0213448	
      2440	 0.0211936	
      2441	 0.0210142	
      2442	 0.0208332	
      2443	 0.0206542	
      2444	 0.0204773	
      2445	 0.0202988	
      2446	 0.0201078	
      2447	 0.0199153	
      2448	  0.019725	
      2449	 0.0195368	
      2450	 0.0193578	
      2451	 0.0187171	
      2452	 0.0181182	
      2453	  0.017551	
      2454	 0.0170127	
      2455	 0.0165072	
      2456	 0.0160555	
      2457	 0.0156305	
      2458	 0.0152244	
      2459	 0.0148361	
      2460	 0.0144615	
      2461	 0.0140819	
      2462	 0.0137152	
      2463	 0.0133634	
      2464	 0.0130253	
      2465	 0.0126957	
      2466	 0.0123557	
      2467	 0.0120242	
      2468	 0.0117051	
      2469	 0.0113977	
      2470	 0.0111056	
      2471	 0.0108523	
      2472	 0.0106116	
      2473	 0.0103788	
      2474	 0.0101537	
      2475	0.00993019	
      2476	0.00967742	
      2477	0.00942765	
      2478	0.00918608	
      2479	0.00895233	
      2480	 0.0087311	
      2481	 0.0085398	
      2482	0.00835907	
      2483	0.00818366	
      2484	0.00801335	
      2485	0.00785097	
      2486	0.00770802	
      2487	0.00757182	
      2488	 0.0074392	
      2489	0.00731003	
      2490	0.00717178	
      2491	0.00696154	
      2492	0.00674568	
      2493	0.00653634	
      2494	0.00633326	
      2495	0.00615505	
      2496	0.00608798	
      2497	0.00604026	
      2498	0.00599307	
      2499	0.00594638	
      2500	0.00589101	
      2501	0.00353266	
      2502	0.00226893	
      2503	0.00152619	
      2504	0.00106153	
      2505	0.00075744	
      2506	0.000550633	
      2507	0.000407072	
      2508	0.000305287	
      2509	0.00023179	
      2510	0.000177923	
      2511	0.000138042	
      2512	0.00010803	
      2513	8.51874e-05	
      2514	6.76378e-05	
      2515	5.40408e-05	
      2516	4.34433e-05	
      2517	3.51089e-05	
      2518	2.85124e-05	
      2519	2.32605e-05	
      2520	1.90603e-05	
      2521	1.56935e-05	
      2522	1.29721e-05	
      2523	1.07601e-05	
      2524	8.95473e-06	
      2525	7.47701e-06	
      2526	6.26944e-06	
      2527	5.27272e-06	
      2528	4.44625e-06	
      2529	3.75882e-06	
      2530	3.18468e-06	
      2531	2.69879e-06	
      2532	2.29158e-06	
      2533	1.94992e-06	
      2534	1.66254e-06	
      2535	1.42057e-06	
      2536	1.21712e-06	
      2537	1.0449e-06	
      2538	8.98596e-07	
      2539	7.7407e-07	
      2540	6.67874e-07	
      2541	5.7739e-07	
      2542	4.99916e-07	
      2543	4.33466e-07	
      2544	3.76378e-07	
      2545	3.27254e-07	
      2546	2.84795e-07	
      2547	2.48163e-07	
      2548	2.16511e-07	
      2549	1.89125e-07	
      2550	1.65396e-07	
      2551	1.44747e-07	
      2552	1.26816e-07	
      2553	1.11226e-07	
      2554	9.76554e-08	
      2555	8.5828e-08	
      2556	7.54754e-08	
      2557	6.64359e-08	
      2558	5.85345e-08	
      2559	5.16204e-08	
      2560	4.55741e-08	
      2561	4.0307e-08	
      2562	3.56873e-08	
      2563	3.16238e-08	
      2564	2.80461e-08	
      2565	2.48932e-08	
      2566	2.21025e-08	
      2567	1.96398e-08	
      2568	1.74647e-08	
      2569	1.5542e-08	
      2570	1.3841e-08	
      2571	1.23295e-08	
      2572	1.09906e-08	
      2573	9.80387e-09	
      2574	8.75109e-09	
      2575	7.81649e-09	
      2576	6.9862e-09	
      2577	6.24804e-09	
      2578	5.59135e-09	
      2579	5.00672e-09	
      2580	4.48489e-09	
      2581	4.01431e-09	
      2582	3.59434e-09	
      2583	3.22009e-09	
      2584	2.88639e-09	
      2585	2.58986e-09	
      2586	2.33257e-09	
      2587	2.10293e-09	
      2588	1.89689e-09	
      2589	1.71192e-09	
      2590	1.54541e-09	
      2591	1.39323e-09	
      2592	1.25635e-09	
      2593	1.13347e-09	
      2594	1.02309e-09	
      2595	9.24105e-10	
      2596	8.3586e-10	
      2597	7.56562e-10	
      2598	6.85095e-10	
      2599	6.20653e-10	
      2600	5.62518e-10	
      2601	4.39904e-10	
      2602	 3.824e-10	
      2603	3.3909e-10	
      2604	3.0388e-10	
      2605	2.74207e-10	
      2606	2.48432e-10	
      2607	2.25942e-10	
      2608	2.0612e-10	
      2609	1.88514e-10	
      2610	1.72784e-10	
      2611	1.58735e-10	
      2612	1.46067e-10	
      2613	1.34604e-10	
      2614	1.24201e-10	
      2615	1.14737e-10	
      2616	1.06007e-10	
      2617	9.80369e-11	
      2618	9.07478e-11	
      2619	8.40708e-11	
      2620	7.79085e-11	
      2621	7.20082e-11	
      2622	6.65661e-11	
      2623	6.15727e-11	
      2624	5.69865e-11	
      2625	5.28352e-11	
      2626	4.93514e-11	
      2627	4.61778e-11	
      2628	4.32295e-11	
      2629	4.04885e-11	
      2630	3.79199e-11	
      2631	3.54264e-11	
      2632	3.30947e-11	
      2633	3.0929e-11	
      2634	2.89163e-11	
      2635	2.70382e-11	
      2636	2.52295e-11	
      2637	2.3544e-11	
      2638	2.19782e-11	
      2639	2.05231e-11	
      2640	1.91797e-11	
      2641	1.79833e-11	
      2642	1.68751e-11	
      2643	1.58398e-11	
      2644	1.48723e-11	
      2645	1.39679e-11	
      2646	1.31089e-11	
      2647	1.23061e-11	
      2648	1.15554e-11	
      2649	1.08532e-11	
      2650	1.01963e-11	
      2651	9.57182e-12	
      2652	8.98769e-12	
      2653	8.44115e-12	
      2654	7.92961e-12	
      2655	7.45259e-12	
      2656	7.01287e-12	
      2657	6.60217e-12	
      2658	6.21683e-12	
      2659	5.8552e-12	
      2660	5.51432e-12	
      2661	5.18642e-12	
      2662	4.87771e-12	
      2663	4.58822e-12	
      2664	4.31671e-12	
      2665	4.06408e-12	
      2666	3.83478e-12	
      2667	3.62093e-12	
      2668	3.41961e-12	
      2669	3.23004e-12	
      2670	3.05073e-12	
      2671	2.87449e-12	
      2672	2.70818e-12	
      2673	2.55189e-12	
      2674	 2.405e-12	
      2675	2.26749e-12	
      2676	2.1404e-12	
      2677	2.02126e-12	
      2678	1.90905e-12	
      2679	1.80334e-12	
      2680	1.70374e-12	
      2681	1.60988e-12	
      2682	1.5214e-12	
      2683	 1.438e-12	
      2684	1.35936e-12	
      2685	1.2852e-12	
      2686	1.21398e-12	
      2687	1.14686e-12	
      2688	1.08359e-12	
      2689	1.02395e-12	
      2690	9.67716e-13	
      2691	9.1517e-13	
      2692	8.65588e-13	
      2693	8.18796e-13	
      2694	7.74629e-13	
      2695	7.32936e-13	
      2696	6.93201e-13	
      2697	6.55698e-13	
      2698	6.20297e-13	
      2699	5.86876e-13	
      2700	5.55469e-13	
      2701	5.95849e-13	
      2702	6.3949e-13	
      2703	6.86495e-13	
      2704	7.37136e-13	
      2705	7.91707e-13	
      2706	8.5053e-13	
      2707	9.13954e-13	
      2708	9.82355e-13	
      2709	1.05615e-12	
      2710	1.13577e-12	
      2711	1.22239e-12	
      2712	1.31595e-12	
      2713	1.41706e-12	
      2714	1.52634e-12	
      2715	1.64449e-12	
      2716	1.77131e-12	
      2717	1.90843e-12	
      2718	2.05673e-12	
      2719	2.21718e-12	
      2720	2.39083e-12	
      2721	2.57739e-12	
      2722	2.77931e-12	
      2723	2.99791e-12	
      2724	3.23466e-12	
      2725	3.4921e-12	
      2726	3.77325e-12	
      2727	4.07941e-12	
      2728	4.41177e-12	
      2729	4.77269e-12	
      2730	5.16476e-12	
      2731	5.58459e-12	
      2732	6.04048e-12	
      2733	6.53568e-12	
      2734	7.07378e-12	
      2735	7.65871e-12	
      2736	8.29942e-12	
      2737	8.99677e-12	
      2738	9.75605e-12	
      2739	1.05831e-11	
      2740	1.14842e-11	
      2741	1.24736e-11	
      2742	1.3553e-11	
      2743	1.47312e-11	
      2744	1.60177e-11	
      2745	1.7423e-11	
      2746	1.89481e-11	
      2747	2.06146e-11	
      2748	2.24362e-11	
      2749	2.44284e-11	
      2750	2.6608e-11	
      2751	2.89772e-11	
      2752	3.15701e-11	
      2753	3.44092e-11	
      2754	3.75191e-11	
      2755	4.09274e-11	
      2756	4.46643e-11	
      2757	4.87636e-11	
      2758	5.32625e-11	
      2759	5.82023e-11	
      2760	6.3629e-11	
      2761	6.96339e-11	
      2762	7.6241e-11	
      2763	8.35146e-11	
      2764	9.15262e-11	
      2765	1.00355e-10	
      2766	1.10155e-10	
      2767	1.20972e-10	
      2768	1.32919e-10	
      2769	1.46123e-10	
      2770	1.60676e-10	
      2771	1.76567e-10	
      2772	1.94078e-10	
      2773	2.13443e-10	
      2774	2.34872e-10	
      2775	2.58599e-10	
      2776	2.85057e-10	
      2777	3.14407e-10	
      2778	3.46988e-10	
      2779	3.83181e-10	
      2780	4.23413e-10	
      2781	4.68445e-10	
      2782	5.18604e-10	
      2783	5.74514e-10	
      2784	6.36882e-10	
      2785	7.06505e-10	
      2786	7.8429e-10	
      2787	8.71262e-10	
      2788	9.68585e-10	
      2789	1.07758e-09	
      2790	1.19976e-09	
      2791	1.33602e-09	
      2792	1.48894e-09	
      2793	1.66071e-09	
      2794	1.85382e-09	
      2795	2.07178e-09	
      2796	2.31878e-09	
      2797	2.59833e-09	
      2798	2.91424e-09	
      2799	3.27161e-09	
      2800	3.67632e-09	
      2801	3.98466e-09	
      2802	4.32037e-09	
      2803	4.68601e-09	
      2804	5.08441e-09	
      2805	5.52038e-09	
      2806	5.99963e-09	
      2807	6.52495e-09	
      2808	7.09898e-09	
      2809	7.7265e-09	
      2810	8.41279e-09	
      2811	9.16369e-09	
      2812	9.98566e-09	
      2813	1.08858e-08	
      2814	1.18721e-08	
      2815	1.29532e-08	
      2816	1.41301e-08	
      2817	1.54207e-08	
      2818	1.68366e-08	
      2819	1.83908e-08	
      2820	2.00977e-08	
      2821	2.19595e-08	
      2822	2.40051e-08	
      2823	2.62539e-08	
      2824	2.87274e-08	
      2825	3.14595e-08	
      2826	3.44905e-08	
      2827	3.78452e-08	
      2828	4.1548e-08	
      2829	4.56376e-08	
      2830	5.01573e-08	
      2831	5.51206e-08	
      2832	6.06094e-08	
      2833	6.66833e-08	
      2834	7.34093e-08	
      2835	8.08623e-08	
      2836	8.90702e-08	
      2837	9.81725e-08	
      2838	1.08274e-07	
      2839	1.19493e-07	
      2840	1.31962e-07	
      2841	1.45926e-07	
      2842	1.61479e-07	
      2843	1.78818e-07	
      2844	1.98163e-07	
      2845	2.19765e-07	
      2846	2.43751e-07	
      2847	2.70566e-07	
      2848	3.00572e-07	
      2849	3.34179e-07	
      2850	3.71857e-07	
      2851	4.1414e-07	
      2852	4.6164e-07	
      2853	5.15056e-07	
      2854	5.7519e-07	
      2855	6.42962e-07	
      2856	7.19904e-07	
      2857	8.06875e-07	
      2858	9.05303e-07	
      2859	1.01684e-06	
      2860	1.14338e-06	
      2861	1.28715e-06	
      2862	1.45073e-06	
      2863	1.63709e-06	
      2864	1.84974e-06	
      2865	2.09274e-06	
      2866	2.36773e-06	
      2867	2.6826e-06	
      2868	3.04376e-06	
      2869	3.45877e-06	
      2870	3.93787e-06	
      2871	4.4937e-06	
      2872	5.13849e-06	
      2873	5.88626e-06	
      2874	6.75541e-06	
      2875	7.77063e-06	
      2876	8.96275e-06	
      2877	1.03634e-05	
      2878	 1.201e-05	
      2879	1.39511e-05	
      2880	1.62465e-05	
      2881	1.89438e-05	
      2882	2.21508e-05	
      2883	2.59778e-05	
      2884	3.05627e-05	
      2885	3.60789e-05	
      2886	4.27752e-05	
      2887	5.09136e-05	
      2888	6.08582e-05	
      2889	7.30825e-05	
      2890	8.82078e-05	
      2891	0.000107061	
      2892	0.000130755	
      2893	0.00016082	
      2894	0.000199393	
      2895	0.000249551	
      2896	0.00031565	
      2897	0.000404953	
      2898	0.000529601	
      2899	0.000714192	
      2900	0.00105732	
      2901	0.00106887	
      2902	0.00108057	
      2903	0.00109244	
      2904	0.00110448	
      2905	0.00111669	
      2906	0.00112828	
      2907	0.00114004	
      2908	0.00115195	
      2909	0.00116403	
      2910	0.00117627	
      2911	0.00118785	
      2912	0.00119958	
      2913	0.00121147	
      2914	0.00122352	
      2915	0.00123573	
      2916	0.00124899	
      2917	0.00126244	
      2918	0.00127608	
      2919	0.00128991	
      2920	0.00130395	
      2921	0.00131819	
      2922	0.00133264	
      2923	0.00134729	
      2924	0.00136217	
      2925	0.00137726	
      2926	0.00139258	
      2927	0.00140813	
      2928	0.00142391	
      2929	0.00143993	
      2930	0.00145619	
      2931	0.00147163	
      2932	0.00148729	
      2933	0.00150318	
      2934	0.00151931	
      2935	0.00153568	
      2936	0.00155343	
      2937	0.00157145	
      2938	0.00158977	
      2939	0.00160837	
      2940	0.00162727	
      2941	0.00164525	
      2942	0.00166352	
      2943	0.00168206	
      2944	 0.0017009	
      2945	0.00172067	
      2946	0.00174206	
      2947	0.00176447	
      2948	0.00178727	
      2949	0.00181047	
      2950	0.00183407	
      2951	0.00185809	
      2952	0.00188254	
      2953	0.00190742	
      2954	0.00193275	
      2955	0.00195853	
      2956	0.00198329	
      2957	0.00200849	
      2958	0.00203413	
      2959	0.00206023	
      2960	0.00208681	
      2961	0.00211547	
      2962	0.00214467	
      2963	0.00217442	
      2964	0.00220474	
      2965	0.00223565	
      2966	0.00226544	
      2967	0.00229578	
      2968	0.00232671	
      2969	0.00235823	
      2970	0.00239036	
      2971	0.00242498	
      2972	0.00246031	
      2973	0.00249635	
      2974	0.00253314	
      2975	 0.0025707	
      2976	0.00260703	
      2977	0.00264411	
      2978	0.00268196	
      2979	 0.0027206	
      2980	0.00276006	
      2981	0.00280254	
      2982	0.00284595	
      2983	0.00289034	
      2984	0.00293573	
      2985	0.00298215	
      2986	0.00302728	
      2987	0.00307344	
      2988	0.00312066	
      2989	0.00316898	
      2990	0.00321844	
      2991	0.00327166	
      2992	0.00332618	
      2993	0.00338208	
      2994	 0.0034394	
      2995	 0.0034982	
      2996	0.00355855	
      2997	0.00362051	
      2998	0.00368417	
      2999	0.00374959	
      3000	0.00381688	
      3001	0.00381281	
      3002	0.00380873	
      3003	0.00380464	
      3004	0.00380055	
      3005	0.00379646	
      3006	0.00379539	
      3007	0.00379432	
      3008	0.00379325	
      3009	0.00379218	
      3010	0.00379111	
      3011	0.00379004	
      3012	0.00378897	
      3013	 0.0037879	
      3014	0.00378682	
      3015	0.00378575	
      3016	0.00378164	
      3017	0.00377752	
      3018	0.00377339	
      3019	0.00376926	
      3020	0.00376513	
      3021	  0.003761	
      3022	0.00375686	
      3023	0.00375272	
      3024	0.00374858	
      3025	0.00374443	
      3026	0.00374333	
      3027	0.00374224	
      3028	0.00374114	
      3029	0.00374005	
      3030	0.00373895	
      3031	0.00373479	
      3032	0.00373063	
      3033	0.00372646	
      3034	0.00372229	
      3035	0.00371811	
      3036	0.00371086	
      3037	 0.0037036	
      3038	0.00369633	
      3039	0.00368906	
      3040	0.00368332	
      3041	0.00368682	
      3042	0.00369187	
      3043	0.00369693	
      3044	0.00370199	
      3045	0.00370706	
      3046	0.00370905	
      3047	0.00371104	
      3048	0.00371303	
      3049	0.00371503	
      3050	0.00371703	
      3051	0.00371593	
      3052	0.00371483	
      3053	0.00371374	
      3054	0.00371264	
      3055	0.00371155	
      3056	0.00371045	
      3057	0.00370936	
      3058	0.00370827	
      3059	0.00370717	
      3060	0.00370608	
      3061	0.00369876	
      3062	0.00369143	
      3063	0.00368409	
      3064	0.00367675	
      3065	0.00367096	
      3066	0.00366829	
      3067	0.00366719	
      3068	0.00366608	
      3069	0.00366498	
      3070	0.00366388	
      3071	0.00366591	
      3072	0.00366794	
      3073	0.00366998	
      3074	0.00367203	
      3075	0.00367408	
      3076	0.00366985	
      3077	0.00366562	
      3078	0.00366138	
      3079	0.00365715	
      3080	0.00365291	
      3081	0.00364867	
      3082	0.00364443	
      3083	0.00364019	
      3084	0.00363594	
      3085	0.00363169	
      3086	0.00362745	
      3087	 0.0036232	
      3088	0.00361894	
      3089	0.00361469	
      3090	0.00361044	
      3091	0.00360618	
      3092	0.00360192	
      3093	0.00359766	
      3094	0.00359341	
      3095	0.00358915	
      3096	0.00358488	
      3097	0.00358062	
      3098	0.00357636	
      3099	 0.0035721	
      3100	0.00356783	
      3101	0.00354888	
      3102	0.00354224	
      3103	0.00354045	
      3104	0.00354141	
      3105	0.00354419	
      3106	0.00354513	
      3107	0.00354708	
      3108	0.00354986	
      3109	0.00355333	
      3110	0.00355738	
      3111	0.00355871	
      3112	0.00356048	
      3113	0.00356263	
      3114	0.00356512	
      3115	0.00356957	
      3116	 0.0035776	
      3117	0.00358758	
      3118	0.00359786	
      3119	0.00360842	
      3120	0.00361926	
      3121	0.00363035	
      3122	 0.0036417	
      3123	0.00365329	
      3124	0.00366512	
      3125	0.00367718	
      3126	0.00368947	
      3127	0.00370197	
      3128	 0.0037147	
      3129	0.00372764	
      3130	 0.0037408	
      3131	0.00375416	
      3132	0.00376774	
      3133	0.00378152	
      3134	0.00379551	
      3135	 0.0038097	
      3136	0.00382051	
      3137	 0.0038315	
      3138	0.00384266	
      3139	0.00385398	
      3140	0.00386547	
      3141	0.00388079	
      3142	0.00389631	
      3143	0.00391204	
      3144	0.00392797	
      3145	0.00394411	
      3146	0.00395669	
      3147	0.00396945	
      3148	0.00398237	
      3149	0.00399546	
      3150	0.00400873	
      3151	0.00402602	
      3152	0.00404353	
      3153	0.00406125	
      3154	0.00407919	
      3155	0.00409735	
      3156	0.00411573	
      3157	0.00413434	
      3158	0.00415318	
      3159	0.00417224	
      3160	0.00419154	
      3161	0.00421514	
      3162	0.00423903	
      3163	0.00426321	
      3164	0.00428767	
      3165	0.00431244	
      3166	0.00432912	
      3167	0.00434601	
      3168	0.00436311	
      3169	0.00438042	
      3170	0.00440009	
      3171	0.00442433	
      3172	0.00445103	
      3173	0.00447806	
      3174	0.00450543	
      3175	0.00453314	
      3176	 0.0045523	
      3177	 0.0045717	
      3178	0.00459135	
      3179	0.00461125	
      3180	 0.0046314	
      3181	 0.0046564	
      3182	0.00468173	
      3183	0.00470738	
      3184	0.00473337	
      3185	 0.0047597	
      3186	0.00479112	
      3187	0.00482295	
      3188	0.00485521	
      3189	 0.0048879	
      3190	0.00492104	
      3191	0.00494972	
      3192	0.00497879	
      3193	0.00500826	
      3194	0.00503814	
      3195	0.00506843	
      3196	0.00509407	
      3197	0.00512008	
      3198	0.00514645	
      3199	0.00517321	
      3200	0.00520296	
      3201	0.00518682	
      3202	0.00517338	
      3203	0.00516002	
      3204	0.00514674	
      3205	0.00513355	
      3206	0.00511528	
      3207	0.00509712	
      3208	0.00507905	
      3209	0.00506109	
      3210	0.00504323	
      3211	0.00502039	
      3212	0.00499767	
      3213	0.00497507	
      3214	0.00495259	
      3215	0.00493023	
      3216	  0.004913	
      3217	0.00489587	
      3218	0.00487882	
      3219	0.00486187	
      3220	  0.004845	
      3221	0.00482822	
      3222	0.00481152	
      3223	0.00479491	
      3224	0.00477839	
      3225	0.00476194	
      3226	0.00475048	
      3227	0.00473908	
      3228	0.00472773	
      3229	0.00471644	
      3230	 0.0047052	
      3231	0.00468919	
      3232	0.00467325	
      3233	0.00465738	
      3234	 0.0046416	
      3235	0.00462588	
      3236	0.00461025	
      3237	0.00459468	
      3238	0.00457919	
      3239	0.00456378	
      3240	0.00454843	
      3241	0.00453316	
      3242	0.00451796	
      3243	0.00450282	
      3244	0.00448776	
      3245	0.00447277	
      3246	0.00446251	
      3247	 0.0044523	
      3248	0.00444214	
      3249	0.00443203	
      3250	0.00442195	
      3251	0.00440269	
      3252	0.00438351	
      3253	0.00436441	
      3254	 0.0043454	
      3255	0.00432647	
      3256	 0.0043122	
      3257	0.00429799	
      3258	0.00428383	
      3259	0.00426974	
      3260	0.00425571	
      3261	0.00424174	
      3262	0.00422783	
      3263	0.00421398	
      3264	0.00420019	
      3265	0.00418645	
      3266	0.00417278	
      3267	0.00415916	
      3268	 0.0041456	
      3269	0.00413209	
      3270	0.00411865	
      3271	0.00410525	
      3272	0.00409191	
      3273	0.00407863	
      3274	 0.0040654	
      3275	0.00405223	
      3276	0.00403911	
      3277	0.00402604	
      3278	0.00401303	
      3279	0.00400007	
      3280	0.00398716	
      3281	 0.0039743	
      3282	 0.0039615	
      3283	0.00394874	
      3284	0.00393604	
      3285	0.00392339	
      3286	0.00391506	
      3287	0.00390677	
      3288	0.00389851	
      3289	0.00389028	
      3290	0.00387996	
      3291	0.00386121	
      3292	0.00384043	
      3293	0.00381973	
      3294	0.00379911	
      3295	0.00378067	
      3296	0.00376649	
      3297	0.00375447	
      3298	0.00374248	
      3299	0.00373055	
      3300	0.00371866	
      3301	0.00374246	
      3302	 0.0037665	
      3303	0.00379079	
      3304	0.00381532	
      3305	 0.0038401	
      3306	 0.0038565	
      3307	0.00387305	
      3308	0.00388974	
      3309	0.00390659	
      3310	0.00392358	
      3311	 0.0039452	
      3312	0.00396703	
      3313	0.00398909	
      3314	0.00401137	
      3315	0.00403388	
      3316	 0.0040474	
      3317	0.00406102	
      3318	0.00407476	
      3319	0.00408861	
      3320	0.00410496	
      3321	0.00413101	
      3322	0.00415975	
      3323	0.00418882	
      3324	0.00421822	
      3325	0.00424796	
      3326	0.00426816	
      3327	0.00428857	
      3328	 0.0043092	
      3329	0.00433004	
      3330	0.00435111	
      3331	0.00437754	
      3332	0.00440428	
      3333	0.00443133	
      3334	 0.0044587	
      3335	 0.0044864	
      3336	0.00451443	
      3337	0.00454281	
      3338	0.00457153	
      3339	0.00460061	
      3340	0.00463006	
      3341	0.00465987	
      3342	0.00469007	
      3343	0.00472066	
      3344	0.00475164	
      3345	0.00478303	
      3346	 0.0048091	
      3347	0.00483551	
      3348	0.00486226	
      3349	0.00488936	
      3350	0.00491682	
      3351	0.00495062	
      3352	 0.0049849	
      3353	0.00501967	
      3354	0.00505494	
      3355	0.00509073	
      3356	0.00512704	
      3357	 0.0051639	
      3358	0.00520131	
      3359	 0.0052393	
      3360	0.00527787	
      3361	0.00531705	
      3362	0.00535686	
      3363	 0.0053973	
      3364	 0.0054384	
      3365	0.00548018	
      3366	0.00552266	
      3367	0.00556586	
      3368	0.00560981	
      3369	0.00565453	
      3370	0.00570004	
      3371	0.00574637	
      3372	0.00579355	
      3373	0.00584161	
      3374	0.00589058	
      3375	0.00594048	
      3376	0.00599137	
      3377	0.00604327	
      3378	0.00609622	
      3379	0.00615026	
      3380	0.00620544	
      3381	0.00626964	
      3382	0.00633524	
      3383	0.00640229	
      3384	0.00647086	
      3385	0.00654102	
      3386	0.00660457	
      3387	0.00666967	
      3388	 0.0067364	
      3389	0.00680484	
      3390	0.00687507	
      3391	0.00694721	
      3392	0.00702134	
      3393	0.00709759	
      3394	0.00717608	
      3395	0.00725695	
      3396	0.00733105	
      3397	0.00740762	
      3398	0.00748682	
      3399	0.00756885	
      3400	0.00765885	
      3401	0.00768922	
      3402	0.00772475	
      3403	0.00776053	
      3404	0.00779657	
      3405	0.00782788	
      3406	 0.0078394	
      3407	0.00784599	
      3408	0.00785264	
      3409	0.00785937	
      3410	0.00787123	
      3411	0.00789338	
      3412	0.00792082	
      3413	0.00794848	
      3414	0.00797635	
      3415	0.00800444	
      3416	 0.0080224	
      3417	0.00804051	
      3418	0.00805878	
      3419	0.00807721	
      3420	 0.0080958	
      3421	0.00811456	
      3422	0.00813349	
      3423	0.00815259	
      3424	0.00817187	
      3425	0.00819133	
      3426	0.00821097	
      3427	0.00823079	
      3428	0.00825081	
      3429	0.00827102	
      3430	0.00829143	
      3431	0.00832299	
      3432	0.00835484	
      3433	0.00838698	
      3434	0.00841943	
      3435	0.00845218	
      3436	0.00847408	
      3437	 0.0084962	
      3438	0.00851857	
      3439	0.00854117	
      3440	0.00856402	
      3441	0.00858712	
      3442	0.00861048	
      3443	 0.0086341	
      3444	0.00865799	
      3445	0.00868216	
      3446	0.00870661	
      3447	0.00873134	
      3448	0.00875638	
      3449	0.00878172	
      3450	0.00880736	
      3451	0.00884521	
      3452	0.00888348	
      3453	0.00892219	
      3454	0.00896135	
      3455	0.00900098	
      3456	0.00902895	
      3457	 0.0090573	
      3458	0.00908603	
      3459	0.00911517	
      3460	0.00914472	
      3461	0.00918711	
      3462	0.00923005	
      3463	0.00927357	
      3464	0.00931767	
      3465	0.00936238	
      3466	  0.009395	
      3467	0.00942814	
      3468	0.00946181	
      3469	0.00949605	
      3470	0.00953086	
      3471	0.00956626	
      3472	0.00960229	
      3473	0.00963897	
      3474	0.00967632	
      3475	0.00971436	
      3476	0.00975313	
      3477	0.00979267	
      3478	0.00983299	
      3479	0.00987415	
      3480	0.00991618	
      3481	0.00997287	
      3482	 0.0100307	
      3483	 0.0100897	
      3484	 0.0101499	
      3485	 0.0102114	
      3486	 0.0102601	
      3487	 0.0103101	
      3488	 0.0103615	
      3489	 0.0104143	
      3490	 0.0104686	
      3491	 0.0105246	
      3492	 0.0105825	
      3493	 0.0106423	
      3494	 0.0107042	
      3495	 0.0107685	
      3496	 0.0108354	
      3497	 0.0109052	
      3498	 0.0109784	
      3499	 0.0110554	
      3500	 0.0111368	
      3501	 0.0111411	
      3502	 0.0111454	
      3503	 0.0111496	
      3504	 0.0111539	
      3505	 0.0111582	
      3506	 0.0111468	
      3507	 0.0111354	
      3508	  0.011124	
      3509	 0.0111126	
      3510	 0.0111012	
      3511	 0.0110898	
      3512	 0.0110784	
      3513	  0.011067	
      3514	 0.0110556	
      3515	 0.0110442	
      3516	 0.0110329	
      3517	 0.0110215	
      3518	 0.0110101	
      3519	 0.0109987	
      3520	 0.0109874	
      3521	 0.0109918	
      3522	 0.0109963	
      3523	 0.0110008	
      3524	 0.0110053	
      3525	 0.0110098	
      3526	 0.0109985	
      3527	 0.0109872	
      3528	 0.0109759	
      3529	 0.0109646	
      3530	 0.0109533	
      3531	 0.0109579	
      3532	 0.0109626	
      3533	 0.0109672	
      3534	 0.0109719	
      3535	 0.0109765	
      3536	 0.0109653	
      3537	 0.0109541	
      3538	 0.0109429	
      3539	 0.0109317	
      3540	 0.0109206	
      3541	 0.0109253	
      3542	 0.0109301	
      3543	  0.010935	
      3544	 0.0109398	
      3545	 0.0109447	
      3546	 0.0109336	
      3547	 0.0109225	
      3548	 0.0109115	
      3549	 0.0109004	
      3550	 0.0108894	
      3551	 0.0108784	
      3552	 0.0108674	
      3553	 0.0108564	
      3554	 0.0108454	
      3555	 0.0108344	
      3556	 0.0108235	
      3557	 0.0108125	
      3558	 0.0108016	
      3559	 0.0107907	
      3560	 0.0107798	
      3561	 0.0107851	
      3562	 0.0107903	
      3563	 0.0107956	
      3564	  0.010801	
      3565	 0.0108064	
      3566	 0.0107957	
      3567	  0.010785	
      3568	 0.0107743	
      3569	 0.0107637	
      3570	  0.010753	
      3571	 0.0107425	
      3572	 0.0107319	
      3573	 0.0107214	
      3574	 0.0107109	
      3575	 0.0107004	
      3576	   0.01069	
      3577	 0.0106796	
      3578	 0.0106693	
      3579	  0.010659	
      3580	 0.0106487	
      3581	 0.0106548	
      3582	 0.0106609	
      3583	  0.010667	
      3584	 0.0106733	
      3585	 0.0106796	
      3586	 0.0106697	
      3587	 0.0106599	
      3588	 0.0106501	
      3589	 0.0106404	
      3590	 0.0106307	
      3591	 0.0106212	
      3592	 0.0106117	
      3593	 0.0106023	
      3594	  0.010593	
      3595	 0.0105838	
      3596	 0.0105912	
      3597	 0.0105986	
      3598	 0.0106063	
      3599	  0.010614	
      3600	  0.010622	
      3601	 0.0106083	
      3602	 0.0105946	
      3603	 0.0105809	
      3604	 0.0105671	
      3605	 0.0105534	
      3606	 0.0105397	
      3607	 0.0105259	
      3608	 0.0105122	
      3609	 0.0104985	
      3610	 0.0104847	
      3611	 0.0104875	
      3612	 0.0104903	
      3613	 0.0104931	
      3614	 0.0104958	
      3615	 0.0104986	
      3616	 0.0104849	
      3617	 0.0104712	
      3618	 0.0104574	
      3619	 0.0104437	
      3620	 0.0104299	
      3621	 0.0104327	
      3622	 0.0104355	
      3623	 0.0104383	
      3624	 0.0104412	
      3625	  0.010444	
      3626	 0.0104302	
      3627	 0.0104165	
      3628	 0.0104027	
      3629	  0.010389	
      3630	 0.0103752	
      3631	 0.0103781	
      3632	 0.0103809	
      3633	 0.0103838	
      3634	 0.0103866	
      3635	 0.0103895	
      3636	 0.0103758	
      3637	  0.010362	
      3638	 0.0103482	
      3639	 0.0103345	
      3640	 0.0103207	
      3641	 0.0103236	
      3642	 0.0103265	
      3643	 0.0103294	
      3644	 0.0103323	
      3645	 0.0103352	
      3646	 0.0103215	
      3647	 0.0103077	
      3648	  0.010294	
      3649	 0.0102802	
      3650	 0.0102664	
      3651	 0.0102527	
      3652	 0.0102389	
      3653	 0.0102251	
      3654	 0.0102114	
      3655	 0.0101976	
      3656	 0.0102005	
      3657	 0.0102035	
      3658	 0.0102065	
      3659	 0.0102094	
      3660	 0.0102124	
      3661	 0.0102154	
      3662	 0.0102184	
      3663	 0.0102214	
      3664	 0.0102244	
      3665	 0.0102274	
      3666	 0.0101969	
      3667	 0.0101664	
      3668	 0.0101359	
      3669	 0.0101053	
      3670	 0.0100832	
      3671	 0.0100778	
      3672	 0.0100808	
      3673	 0.0100839	
      3674	 0.0100869	
      3675	   0.01009	
      3676	 0.0100762	
      3677	 0.0100625	
      3678	 0.0100487	
      3679	  0.010035	
      3680	 0.0100212	
      3681	 0.0100075	
      3682	0.00999374	
      3683	0.00997999	
      3684	0.00996625	
      3685	 0.0099525	
      3686	0.00995562	
      3687	0.00995876	
      3688	0.00996191	
      3689	0.00996507	
      3690	0.00996824	
      3691	0.00995452	
      3692	0.00994081	
      3693	0.00992709	
      3694	0.00991338	
      3695	0.00989967	
      3696	0.00988596	
      3697	0.00987225	
      3698	0.00985855	
      3699	0.00984485	
      3700	0.00983115	
      3701	0.00983448	
      3702	0.00983781	
      3703	0.00984116	
      3704	0.00984452	
      3705	0.00984788	
      3706	0.00983427	
      3707	0.00982066	
      3708	0.00980705	
      3709	0.00979343	
      3710	0.00977981	
      3711	 0.0097832	
      3712	0.00978661	
      3713	0.00979002	
      3714	0.00979344	
      3715	0.00979687	
      3716	0.00978327	
      3717	0.00976966	
      3718	0.00975606	
      3719	0.00974245	
      3720	0.00972883	
      3721	0.00973229	
      3722	0.00973577	
      3723	0.00973925	
      3724	0.00974274	
      3725	0.00974624	
      3726	0.00973264	
      3727	0.00971905	
      3728	0.00970545	
      3729	0.00969185	
      3730	0.00967825	
      3731	0.00968178	
      3732	0.00968533	
      3733	0.00968888	
      3734	0.00969245	
      3735	0.00969602	
      3736	0.00966527	
      3737	0.00963451	
      3738	0.00960373	
      3739	0.00957294	
      3740	0.00955073	
      3741	0.00954571	
      3742	 0.0095493	
      3743	 0.0095529	
      3744	0.00955652	
      3745	0.00956014	
      3746	0.00954654	
      3747	0.00953295	
      3748	0.00951935	
      3749	0.00950574	
      3750	0.00949214	
      3751	 0.0094958	
      3752	0.00949948	
      3753	0.00950316	
      3754	0.00950686	
      3755	0.00951057	
      3756	0.00949699	
      3757	0.00948342	
      3758	0.00946984	
      3759	0.00945626	
      3760	0.00944268	
      3761	0.00944643	
      3762	0.00945019	
      3763	0.00945397	
      3764	0.00945776	
      3765	0.00946156	
      3766	0.00946538	
      3767	0.00946921	
      3768	0.00947306	
      3769	0.00947691	
      3770	0.00948079	
      3771	0.00946727	
      3772	0.00945375	
      3773	0.00944023	
      3774	0.00942672	
      3775	 0.0094132	
      3776	0.00939968	
      3777	0.00938616	
      3778	0.00937264	
      3779	0.00935913	
      3780	0.00934561	
      3781	0.00934957	
      3782	0.00935354	
      3783	0.00935753	
      3784	0.00936153	
      3785	0.00936556	
      3786	0.00935208	
      3787	 0.0093386	
      3788	0.00932513	
      3789	0.00931165	
      3790	0.00929818	
      3791	0.00930226	
      3792	0.00930635	
      3793	0.00931046	
      3794	0.00931459	
      3795	0.00931874	
      3796	0.00930531	
      3797	0.00929189	
      3798	0.00927847	
      3799	0.00926504	
      3800	0.00925163	
      3801	0.00922522	
      3802	0.00920369	
      3803	0.00918538	
      3804	 0.0091694	
      3805	0.00915518	
      3806	0.00912495	
      3807	 0.0090959	
      3808	0.00906784	
      3809	0.00904063	
      3810	0.00901415	
      3811	0.00900564	
      3812	0.00899767	
      3813	0.00899018	
      3814	0.00898313	
      3815	0.00897648	
      3816	0.00895294	
      3817	0.00892976	
      3818	0.00890691	
      3819	0.00888437	
      3820	0.00886212	
      3821	0.00885734	
      3822	0.00885279	
      3823	0.00884847	
      3824	0.00884435	
      3825	0.00884044	
      3826	0.00883672	
      3827	0.00883318	
      3828	0.00882982	
      3829	0.00882663	
      3830	 0.0088236	
      3831	0.00880359	
      3832	0.00878375	
      3833	0.00876406	
      3834	0.00874452	
      3835	0.00872513	
      3836	0.00872298	
      3837	0.00872096	
      3838	0.00871907	
      3839	 0.0087173	
      3840	0.00871565	
      3841	0.00869702	
      3842	0.00867852	
      3843	0.00866014	
      3844	0.00864188	
      3845	0.00862372	
      3846	0.00862276	
      3847	 0.0086219	
      3848	0.00862114	
      3849	0.00862049	
      3850	0.00861994	
      3851	0.00860242	
      3852	0.00858501	
      3853	 0.0085677	
      3854	0.00855049	
      3855	0.00853338	
      3856	 0.0085249	
      3857	0.00851652	
      3858	0.00849971	
      3859	0.00849153	
      3860	0.00848344	
      3861	0.00847546	
      3862	 0.0084761	
      3863	0.00846832	
      3864	0.00846916	
      3865	0.00846158	
      3866	0.00844555	
      3867	0.00843816	
      3868	0.00842234	
      3869	0.00841516	
      3870	0.00839953	
      3871	0.00840111	
      3872	0.00840279	
      3873	0.00840459	
      3874	 0.0084065	
      3875	0.00840854	
      3876	0.00839358	
      3877	0.00838729	
      3878	0.00837256	
      3879	0.00836652	
      3880	0.00835204	
      3881	0.00834626	
      3882	0.00834061	
      3883	 0.0083351	
      3884	0.00832973	
      3885	0.00832452	
      3886	0.00832805	
      3887	0.00833176	
      3888	0.00834423	
      3889	 0.0083483	
      3890	0.00835257	
      3891	0.00833984	
      3892	0.00832731	
      3893	 0.0083236	
      3894	0.00831152	
      3895	0.00829967	
      3896	0.00830535	
      3897	 0.0083027	
      3898	0.00830901	
      3899	0.00830703	
      3900	0.00831409	
      3901	0.00831999	
      3902	0.00832593	
      3903	0.00832321	
      3904	 0.0083292	
      3905	0.00833522	
      3906	0.00833257	
      3907	0.00832124	
      3908	0.00831862	
      3909	0.00830731	
      3910	0.00830473	
      3911	 0.0083109	
      3912	0.00830836	
      3913	 0.0083146	
      3914	0.00831211	
      3915	0.00831841	
      3916	0.00830721	
      3917	0.00829603	
      3918	0.00829363	
      3919	0.00828248	
      3920	0.00827133	
      3921	0.00827779	
      3922	 0.0082843	
      3923	0.00828203	
      3924	 0.0082886	
      3925	0.00829522	
      3926	0.00828421	
      3927	0.00828206	
      3928	0.00827109	
      3929	  0.008269	
      3930	0.00825807	
      3931	0.00826489	
      3932	0.00826289	
      3933	 0.0082698	
      3934	0.00826787	
      3935	0.00827488	
      3936	0.00827303	
      3937	 0.0082623	
      3938	0.00826052	
      3939	0.00824984	
      3940	0.00824813	
      3941	0.00824645	
      3942	0.00825377	
      3943	0.00825219	
      3944	0.00825962	
      3945	0.00825814	
      3946	0.00824771	
      3947	0.00823732	
      3948	0.00823596	
      3949	0.00822564	
      3950	0.00821536	
      3951	0.00821414	
      3952	0.00822201	
      3953	 0.0082209	
      3954	0.00822891	
      3955	0.00822794	
      3956	0.00822702	
      3957	0.00822618	
      3958	 0.0082163	
      3959	0.00821558	
      3960	0.00821492	
      3961	0.00822346	
      3962	0.00823209	
      3963	0.00823168	
      3964	 0.0082405	
      3965	0.00824942	
      3966	0.00824012	
      3967	0.00824007	
      3968	0.00823092	
      3969	0.00823105	
      3970	0.00822207	
      3971	0.00823162	
      3972	0.00823207	
      3973	0.00824187	
      3974	0.00824257	
      3975	0.00825266	
      3976	0.00825363	
      3977	0.00824546	
      3978	 0.0082467	
      3979	 0.0082388	
      3980	0.00824035	
      3981	0.00824208	
      3982	0.00824399	
      3983	0.00825545	
      3984	0.00825777	
      3985	 0.0082603	
      3986	0.00827247	
      3987	0.00827551	
      3988	0.00828823	
      3989	0.00829183	
      3990	 0.0083052	
      3991	0.00829998	
      3992	0.00830458	
      3993	0.00830007	
      3994	0.00830547	
      3995	0.00830181	
      3996	0.00831775	
      3997	0.00832474	
      3998	0.00834197	
      3999	0.00835036	
      4000	0.00836923	
