       280	1.03947e-15	
       281	2.26694e-15	
       282	4.54278e-15	
       283	6.43073e-15	
       284	6.8482e-15	
       285	5.12272e-15	
       286	7.59032e-15	
       287	1.25458e-14	
       288	1.32659e-14	
       289	1.87547e-14	
       290	2.98211e-14	
       291	3.74917e-14	
       292	3.94836e-14	
       293	4.26497e-14	
       294	4.7822e-14	
       295	5.39274e-14	
       296	6.33843e-14	
       297	6.41944e-14	
       298	7.36811e-14	
       299	7.68414e-14	
       300	8.30035e-14	
       301	8.16594e-13	
       302	8.2817e-12	
       303	1.03176e-10	
       304	1.07464e-09	
       305	1.05981e-08	
       306	2.59876e-08	
       307	7.2236e-08	
       308	2.03767e-07	
       309	4.86023e-07	
       310	1.24219e-06	
       311	3.15912e-06	
       312	5.90968e-06	
       313	1.12046e-05	
       314	2.19023e-05	
       315	3.9743e-05	
       316	4.99204e-05	
       317	8.14927e-05	
       318	0.000111391	
       319	0.000146555	
       320	0.000219805	
       321	0.00028017	
       322	0.000340203	
       323	0.00040568	
       324	0.000571209	
       325	0.00083408	
       326	0.00114897	
       327	0.00137814	
       328	0.00154993	
       329	0.00191373	
       330	 0.0024253	
       331	0.00247241	
       332	0.00269539	
       333	0.00289059	
       334	0.00318367	
       335	0.00364296	
       336	0.00353409	
       337	0.00355048	
       338	0.00421396	
       339	0.00477778	
       340	0.00546928	
       341	  0.005572	
       342	0.00598683	
       343	0.00655821	
       344	0.00597712	
       345	0.00655951	
       346	0.00732432	
       347	0.00778423	
       348	0.00799575	
       349	0.00829977	
       350	0.00963717	
       351	 0.0105589	
       352	 0.0103345	
       353	 0.0110207	
       354	 0.0130591	
       355	 0.0138122	
       356	 0.0131862	
       357	 0.0117072	
       358	 0.0110778	
       359	 0.0127494	
       360	 0.0162467	
       361	 0.0153123	
       362	 0.0161753	
       363	 0.0183494	
       364	 0.0191473	
       365	 0.0209553	
       366	 0.0247222	
       367	 0.0255417	
       368	 0.0247909	
       369	 0.0263406	
       370	 0.0285833	
       371	 0.0279952	
       372	 0.0280435	
       373	  0.026012	
       374	 0.0244674	
       375	 0.0270446	
       376	 0.0311071	
       377	 0.0346401	
       378	 0.0413641	
       379	 0.0383194	
       380	 0.0370941	
       381	 0.0401155	
       382	 0.0328706	
       383	 0.0264673	
       384	 0.0303142	
       385	 0.0390774	
       386	 0.0389697	
       387	 0.0410089	
       388	 0.0412686	
       389	 0.0458372	
       390	 0.0536813	
       391	  0.058655	
       392	 0.0556069	
       393	 0.0365796	
       394	 0.0384719	
       395	 0.0605345	
       396	 0.0570894	
       397	 0.0406189	
       398	 0.0682606	
       399	 0.0885593	
       400	 0.0954513	
       401	  0.101158	
       402	  0.106244	
       403	  0.106252	
       404	  0.108885	
       405	  0.109325	
       406	  0.108797	
       407	  0.109486	
       408	  0.116165	
       409	  0.122797	
       410	  0.113697	
       411	  0.124486	
       412	  0.133708	
       413	  0.132693	
       414	  0.133575	
       415	  0.140146	
       416	   0.14619	
       417	  0.145785	
       418	  0.143793	
       419	   0.14807	
       420	  0.144103	
       421	   0.15898	
       422	  0.161713	
       423	  0.160164	
       424	  0.162362	
       425	  0.168162	
       426	  0.166729	
       427	  0.164652	
       428	  0.165969	
       429	  0.154957	
       430	  0.130046	
       431	  0.128963	
       432	  0.186764	
       433	  0.187311	
       434	  0.179757	
       435	  0.196068	
       436	  0.215891	
       437	  0.220883	
       438	  0.202339	
       439	  0.199908	
       440	  0.223064	
       441	  0.229068	
       442	  0.243949	
       443	  0.251396	
       444	  0.250909	
       445	  0.257986	
       446	  0.245554	
       447	  0.269378	
       448	  0.278997	
       449	  0.283323	
       450	  0.295708	
       451	   0.30688	
       452	  0.299369	
       453	  0.286179	
       454	  0.301146	
       455	  0.306311	
       456	  0.317108	
       457	  0.323592	
       458	  0.321642	
       459	  0.321954	
       460	  0.325423	
       461	  0.336807	
       462	   0.34443	
       463	  0.347528	
       464	  0.342977	
       465	  0.341237	
       466	  0.347393	
       467	  0.341989	
       468	  0.354544	
       469	  0.359677	
       470	  0.353528	
       471	  0.361796	
       472	  0.378239	
       473	   0.37371	
       474	  0.380084	
       475	  0.392694	
       476	   0.38865	
       477	  0.395126	
       478	  0.407041	
       479	  0.405745	
       480	  0.412589	
       481	  0.415439	
       482	  0.418013	
       483	  0.415945	
       484	   0.41222	
       485	  0.403152	
       486	    0.3513	
       487	  0.378271	
       488	  0.407223	
       489	  0.400779	
       490	  0.432693	
       491	  0.426042	
       492	  0.415379	
       493	  0.434446	
       494	  0.435857	
       495	  0.454943	
       496	  0.445356	
       497	  0.448977	
       498	  0.442544	
       499	   0.44377	
       500	  0.444956	
       501	   0.43723	
       502	   0.44084	
       503	  0.455999	
       504	  0.443569	
       505	  0.466625	
       506	  0.484778	
       507	  0.471838	
       508	   0.46358	
       509	  0.479119	
       510	  0.474413	
       511	  0.482534	
       512	  0.491951	
       513	   0.47221	
       514	  0.463565	
       515	  0.476385	
       516	  0.471726	
       517	  0.414262	
       518	  0.445956	
       519	  0.449038	
       520	  0.481187	
       521	  0.491894	
       522	  0.500012	
       523	  0.484365	
       524	  0.509686	
       525	   0.51219	
       526	  0.493968	
       527	  0.455473	
       528	  0.500756	
       529	  0.526066	
       530	  0.518331	
       531	  0.538703	
       532	   0.52917	
       533	  0.490761	
       534	  0.511153	
       535	  0.525798	
       536	   0.53809	
       537	  0.514296	
       538	  0.527962	
       539	  0.520344	
       540	  0.505268	
       541	  0.495903	
       542	  0.527827	
       543	  0.529419	
       544	  0.543106	
       545	  0.536474	
       546	  0.535145	
       547	  0.539177	
       548	  0.532725	
       549	   0.54288	
       550	  0.542156	
       551	  0.543826	
       552	  0.551317	
       553	  0.541985	
       554	  0.549813	
       555	  0.553238	
       556	  0.545994	
       557	  0.536128	
       558	  0.540581	
       559	   0.52399	
       560	  0.531718	
       561	  0.552394	
       562	  0.539388	
       563	   0.55118	
       564	  0.548122	
       565	  0.546152	
       566	  0.529267	
       567	  0.552564	
       568	  0.554257	
       569	  0.547718	
       570	  0.544509	
       571	  0.532495	
       572	  0.555225	
       573	  0.561922	
       574	  0.559503	
       575	  0.550845	
       576	  0.549783	
       577	  0.557467	
       578	  0.547474	
       579	    0.5515	
       580	  0.555958	
       581	  0.558559	
       582	  0.565013	
       583	  0.569218	
       584	  0.568462	
       585	  0.565399	
       586	  0.556915	
       587	  0.567363	
       588	  0.558452	
       589	  0.516387	
       590	  0.536959	
       591	  0.562731	
       592	  0.563118	
       593	  0.563894	
       594	  0.566536	
       595	  0.568007	
       596	  0.575896	
       597	  0.580652	
       598	  0.574138	
       599	  0.573663	
       600	    0.5777	
       601	  0.573165	
       602	  0.571507	
       603	  0.582778	
       604	  0.594666	
       605	  0.596674	
       606	  0.597561	
       607	  0.600781	
       608	  0.601763	
       609	  0.600689	
       610	  0.602998	
       611	  0.605201	
       612	  0.615383	
       613	  0.610464	
       614	  0.601841	
       615	  0.614796	
       616	  0.606464	
       617	  0.605322	
       618	  0.625357	
       619	  0.634925	
       620	  0.639902	
       621	  0.644902	
       622	  0.638091	
       623	  0.639728	
       624	   0.63943	
       625	  0.634265	
       626	  0.639189	
       627	  0.657811	
       628	   0.66434	
       629	   0.66745	
       630	  0.665087	
       631	  0.660908	
       632	  0.646609	
       633	  0.668996	
       634	  0.667728	
       635	  0.670497	
       636	  0.664554	
       637	  0.681692	
       638	  0.689657	
       639	  0.685192	
       640	  0.674908	
       641	  0.676045	
       642	  0.680329	
       643	  0.688865	
       644	  0.687871	
       645	  0.694328	
       646	  0.686845	
       647	  0.693843	
       648	    0.6922	
       649	  0.677434	
       650	  0.675645	
       651	  0.702966	
       652	  0.704541	
       653	   0.70888	
       654	  0.702636	
       655	  0.673341	
       656	  0.608866	
       657	  0.630029	
       658	  0.691166	
       659	  0.704905	
       660	  0.715882	
       661	  0.724055	
       662	  0.727642	
       663	  0.727156	
       664	  0.727808	
       665	  0.737264	
       666	  0.737324	
       667	  0.732602	
       668	  0.722322	
       669	  0.719882	
       670	   0.70488	
       671	  0.697394	
       672	  0.687505	
       673	  0.686238	
       674	  0.680366	
       675	  0.675445	
       676	  0.678674	
       677	  0.672065	
       678	  0.671815	
       679	  0.664501	
       680	  0.662358	
       681	  0.661459	
       682	  0.660123	
       683	  0.655569	
       684	  0.651116	
       685	  0.647858	
       686	  0.636392	
       687	  0.647645	
       688	  0.652879	
       689	  0.653202	
       690	  0.652475	
       691	   0.65298	
       692	  0.651276	
       693	  0.658603	
       694	  0.663237	
       695	  0.661679	
       696	  0.665924	
       697	  0.670298	
       698	  0.669526	
       699	  0.677124	
       700	  0.679574	
       701	  0.680983	
       702	  0.683789	
       703	  0.694223	
       704	  0.706357	
       705	   0.71719	
       706	   0.71791	
       707	  0.721885	
       708	  0.730963	
       709	  0.740523	
       710	  0.767203	
       711	  0.712779	
       712	  0.678065	
       713	  0.654016	
       714	   0.63889	
       715	  0.616302	
       716	  0.609025	
       717	  0.598401	
       718	  0.581742	
       719	  0.560861	
       720	  0.570046	
       721	  0.569727	
       722	  0.568976	
       723	  0.563626	
       724	  0.562556	
       725	  0.562782	
       726	  0.566921	
       727	  0.574494	
       728	  0.579689	
       729	  0.571934	
       730	  0.596068	
       731	  0.600107	
       732	  0.614395	
       733	  0.621256	
       734	  0.642018	
       735	  0.651898	
       736	  0.657957	
       737	  0.671824	
       738	  0.683558	
       739	  0.690411	
       740	  0.728273	
       741	  0.727479	
       742	   0.72744	
       743	   0.74333	
       744	  0.752164	
       745	   0.75169	
       746	  0.754231	
       747	  0.756917	
       748	  0.756101	
       749	   0.75846	
       750	  0.758181	
       751	  0.762155	
       752	  0.767898	
       753	  0.773111	
       754	  0.779293	
       755	  0.780151	
       756	  0.772594	
       757	  0.773432	
       758	  0.778013	
       759	  0.771735	
       760	  0.775447	
       761	  0.772987	
       762	  0.773604	
       763	   0.72397	
       764	  0.687244	
       765	  0.653644	
       766	  0.613388	
       767	  0.597878	
       768	  0.600665	
       769	  0.602585	
       770	  0.609773	
       771	  0.618658	
       772	  0.628073	
       773	  0.638114	
       774	  0.648914	
       775	  0.660663	
       776	  0.672953	
       777	  0.683373	
       778	  0.700591	
       779	  0.725779	
       780	  0.764022	
       781	  0.761856	
       782	  0.764858	
       783	  0.759324	
       784	   0.75397	
       785	  0.757513	
       786	  0.757966	
       787	  0.756905	
       788	  0.751931	
       789	  0.750195	
       790	  0.744527	
       791	  0.738104	
       792	  0.731714	
       793	  0.725352	
       794	   0.71981	
       795	  0.719858	
       796	  0.726288	
       797	   0.73592	
       798	  0.732043	
       799	  0.724996	
       800	  0.716368	
       801	  0.699967	
       802	  0.684202	
       803	  0.663588	
       804	  0.653833	
       805	  0.634569	
       806	  0.636281	
       807	  0.626584	
       808	  0.617507	
       809	   0.60348	
       810	  0.600151	
       811	  0.595768	
       812	  0.594312	
       813	  0.589757	
       814	   0.58412	
       815	  0.575466	
       816	  0.570275	
       817	  0.563681	
       818	  0.549767	
       819	  0.536208	
       820	  0.531035	
       821	  0.529107	
       822	  0.519365	
       823	  0.520733	
       824	  0.518633	
       825	  0.529465	
       826	  0.544895	
       827	  0.557598	
       828	  0.566878	
       829	   0.57746	
       830	  0.594038	
       831	  0.614308	
       832	  0.626167	
       833	  0.618868	
       834	    0.6304	
       835	  0.637726	
       836	  0.646897	
       837	  0.648754	
       838	  0.653283	
       839	  0.655934	
       840	  0.667127	
       841	  0.668304	
       842	  0.660714	
       843	  0.659524	
       844	  0.654332	
       845	  0.669327	
       846	  0.671496	
       847	  0.659094	
       848	   0.65889	
       849	  0.653011	
       850	  0.613319	
       851	  0.650232	
       852	  0.655327	
       853	  0.643535	
       854	  0.594304	
       855	  0.622087	
       856	  0.663574	
       857	  0.682694	
       858	  0.688675	
       859	  0.693145	
       860	  0.696018	
       861	  0.695973	
       862	  0.702025	
       863	  0.701636	
       864	  0.690189	
       865	  0.670363	
       866	  0.614504	
       867	  0.643647	
       868	  0.672034	
       869	  0.672592	
       870	  0.680318	
       871	  0.676075	
       872	  0.681186	
       873	  0.675972	
       874	  0.665404	
       875	  0.659739	
       876	  0.672918	
       877	  0.676895	
       878	  0.674562	
       879	  0.666511	
       880	  0.664512	
       881	  0.592591	
       882	  0.574325	
       883	  0.553886	
       884	  0.539634	
       885	  0.527947	
       886	  0.503669	
       887	  0.490239	
       888	  0.486745	
       889	   0.47907	
       890	   0.46913	
       891	  0.458946	
       892	  0.447641	
       893	  0.434762	
       894	  0.429005	
       895	  0.423723	
       896	  0.419664	
       897	  0.411375	
       898	  0.403518	
       899	  0.394438	
       900	  0.387634	
       901	  0.376298	
       902	  0.366336	
       903	  0.374289	
       904	  0.371387	
       905	  0.365355	
       906	  0.366223	
       907	  0.370876	
       908	  0.369987	
       909	  0.368931	
       910	  0.374998	
       911	  0.379776	
       912	  0.382315	
       913	  0.389311	
       914	  0.393036	
       915	  0.394487	
       916	  0.396187	
       917	  0.394782	
       918	  0.394595	
       919	  0.395739	
       920	  0.393047	
       921	  0.387516	
       922	  0.382925	
       923	  0.374816	
       924	  0.386087	
       925	  0.388726	
       926	  0.310745	
       927	  0.270043	
       928	  0.234266	
       929	  0.206154	
       930	  0.183603	
       931	  0.166678	
       932	  0.151414	
       933	  0.139185	
       934	  0.127624	
       935	  0.116592	
       936	  0.107453	
       937	 0.0999679	
       938	  0.102165	
       939	  0.103604	
       940	  0.103718	
       941	  0.104147	
       942	  0.103917	
       943	  0.108198	
       944	  0.108905	
       945	  0.111221	
       946	  0.114049	
       947	  0.116051	
       948	  0.118554	
       949	  0.124795	
       950	  0.130705	
       951	    0.1366	
       952	  0.144415	
       953	  0.152118	
       954	  0.158636	
       955	  0.162242	
       956	  0.176971	
       957	  0.190559	
       958	  0.205039	
       959	  0.220791	
       960	  0.235989	
       961	  0.254053	
       962	  0.277264	
       963	  0.303672	
       964	  0.335567	
       965	  0.383586	
       966	  0.385081	
       967	  0.391392	
       968	  0.392762	
       969	  0.397926	
       970	  0.403322	
       971	  0.405218	
       972	  0.411468	
       973	  0.413438	
       974	  0.413722	
       975	  0.420559	
       976	  0.429272	
       977	  0.432546	
       978	  0.440027	
       979	  0.443007	
       980	  0.452642	
       981	  0.457444	
       982	  0.464541	
       983	  0.467835	
       984	  0.470272	
       985	  0.475946	
       986	  0.479683	
       987	  0.485416	
       988	  0.490482	
       989	  0.493381	
       990	  0.502011	
       991	  0.513245	
       992	  0.521451	
       993	  0.533566	
       994	   0.54304	
       995	  0.541171	
       996	  0.539932	
       997	   0.53509	
       998	  0.534746	
       999	  0.534936	
      1000	    0.5364	
      1001	  0.539308	
      1002	  0.539521	
      1003	  0.534661	
      1004	  0.526442	
      1005	  0.503962	
      1006	  0.520044	
      1007	  0.531076	
      1008	  0.533664	
      1009	  0.532528	
      1010	  0.533498	
      1011	  0.531542	
      1012	   0.53078	
      1013	  0.528923	
      1014	  0.529733	
      1015	  0.524388	
      1016	  0.525017	
      1017	  0.522985	
      1018	  0.526223	
      1019	  0.517178	
      1020	  0.519043	
      1021	  0.520457	
      1022	  0.516411	
      1023	  0.519807	
      1024	  0.522109	
      1025	  0.522009	
      1026	  0.522396	
      1027	  0.521673	
      1028	  0.522192	
      1029	  0.519453	
      1030	  0.520678	
      1031	  0.520718	
      1032	  0.520418	
      1033	   0.51505	
      1034	  0.517493	
      1035	  0.520204	
      1036	  0.521017	
      1037	  0.518116	
      1038	  0.517758	
      1039	  0.521676	
      1040	  0.521584	
      1041	  0.521865	
      1042	  0.521559	
      1043	  0.518551	
      1044	  0.519503	
      1045	  0.516003	
      1046	  0.506977	
      1047	  0.512482	
      1048	  0.516919	
      1049	  0.515544	
      1050	  0.513197	
      1051	  0.513176	
      1052	   0.51102	
      1053	  0.510026	
      1054	  0.509226	
      1055	  0.510755	
      1056	  0.509953	
      1057	  0.508762	
      1058	  0.503486	
      1059	  0.493732	
      1060	  0.501186	
      1061	  0.496197	
      1062	  0.501615	
      1063	  0.498078	
      1064	  0.502424	
      1065	  0.501519	
      1066	  0.493781	
      1067	  0.495017	
      1068	  0.492733	
      1069	  0.474549	
      1070	   0.48417	
      1071	  0.463428	
      1072	  0.451908	
      1073	  0.436889	
      1074	  0.433468	
      1075	  0.421557	
      1076	  0.417707	
      1077	  0.412193	
      1078	  0.406295	
      1079	  0.396101	
      1080	   0.39453	
      1081	  0.383147	
      1082	  0.376105	
      1083	  0.375566	
      1084	  0.374601	
      1085	  0.370858	
      1086	  0.367265	
      1087	  0.354362	
      1088	  0.356693	
      1089	  0.355389	
      1090	  0.350747	
      1091	  0.348523	
      1092	  0.341021	
      1093	   0.33332	
      1094	  0.318956	
      1095	  0.323865	
      1096	  0.324642	
      1097	   0.32434	
      1098	  0.320445	
      1099	  0.317167	
      1100	  0.321899	
      1101	  0.241723	
      1102	  0.192634	
      1103	  0.163988	
      1104	  0.140745	
      1105	  0.122199	
      1106	  0.107316	
      1107	 0.0948058	
      1108	 0.0847826	
      1109	 0.0761763	
      1110	 0.0688539	
      1111	 0.0621791	
      1112	 0.0565301	
      1113	  0.051397	
      1114	 0.0474051	
      1115	 0.0434463	
      1116	 0.0397159	
      1117	 0.0369081	
      1118	 0.0337201	
      1119	   0.03116	
      1120	 0.0288374	
      1121	 0.0307464	
      1122	 0.0328319	
      1123	 0.0349169	
      1124	 0.0371322	
      1125	 0.0393158	
      1126	 0.0411303	
      1127	 0.0444503	
      1128	 0.0481341	
      1129	 0.0517226	
      1130	  0.055418	
      1131	 0.0554005	
      1132	 0.0552124	
      1133	 0.0543859	
      1134	 0.0540831	
      1135	 0.0538418	
      1136	 0.0535554	
      1137	  0.052289	
      1138	 0.0514112	
      1139	 0.0517235	
      1140	 0.0516246	
      1141	  0.050634	
      1142	 0.0510012	
      1143	 0.0504801	
      1144	  0.049884	
      1145	 0.0499637	
      1146	 0.0537243	
      1147	 0.0574888	
      1148	 0.0612702	
      1149	 0.0655516	
      1150	 0.0703383	
      1151	  0.075731	
      1152	 0.0816345	
      1153	  0.088787	
      1154	 0.0973144	
      1155	  0.106424	
      1156	  0.116023	
      1157	  0.128828	
      1158	  0.143234	
      1159	  0.159072	
      1160	  0.178915	
      1161	  0.205032	
      1162	  0.213625	
      1163	  0.220066	
      1164	   0.22284	
      1165	  0.229721	
      1166	  0.232179	
      1167	  0.240552	
      1168	  0.247997	
      1169	  0.249657	
      1170	  0.260991	
      1171	  0.264038	
      1172	  0.265438	
      1173	  0.265541	
      1174	  0.266657	
      1175	  0.264293	
      1176	  0.262675	
      1177	  0.268326	
      1178	  0.268343	
      1179	  0.269284	
      1180	  0.273326	
      1181	  0.273861	
      1182	  0.273012	
      1183	  0.264605	
      1184	  0.274006	
      1185	  0.279338	
      1186	  0.281139	
      1187	   0.28263	
      1188	  0.280695	
      1189	  0.272963	
      1190	  0.282881	
      1191	  0.289705	
      1192	  0.291455	
      1193	  0.293029	
      1194	   0.29479	
      1195	  0.294853	
      1196	  0.296551	
      1197	  0.296745	
      1198	  0.292654	
      1199	  0.288067	
      1200	  0.301384	
      1201	  0.305031	
      1202	  0.304179	
      1203	  0.295616	
      1204	  0.295093	
      1205	  0.301958	
      1206	  0.302372	
      1207	  0.302794	
      1208	  0.296759	
      1209	  0.287634	
      1210	  0.297453	
      1211	  0.295202	
      1212	  0.300661	
      1213	   0.30273	
      1214	  0.302464	
      1215	  0.303634	
      1216	  0.304231	
      1217	  0.304644	
      1218	  0.304468	
      1219	  0.303785	
      1220	  0.305592	
      1221	  0.306425	
      1222	  0.306355	
      1223	  0.305693	
      1224	  0.309419	
      1225	  0.310083	
      1226	  0.310981	
      1227	  0.307373	
      1228	  0.311361	
      1229	  0.315058	
      1230	   0.31623	
      1231	  0.317265	
      1232	  0.317092	
      1233	  0.319941	
      1234	  0.321473	
      1235	  0.322898	
      1236	   0.32735	
      1237	  0.330718	
      1238	  0.334102	
      1239	  0.336941	
      1240	  0.347169	
      1241	   0.34648	
      1242	  0.342889	
      1243	  0.337526	
      1244	  0.333978	
      1245	  0.332649	
      1246	  0.332406	
      1247	  0.330606	
      1248	  0.330314	
      1249	   0.32829	
      1250	  0.325796	
      1251	  0.322219	
      1252	  0.318529	
      1253	  0.317796	
      1254	  0.316491	
      1255	  0.314523	
      1256	  0.312341	
      1257	    0.3096	
      1258	   0.30887	
      1259	  0.306458	
      1260	  0.305954	
      1261	  0.303945	
      1262	   0.30011	
      1263	  0.300523	
      1264	  0.296925	
      1265	  0.296118	
      1266	  0.296081	
      1267	  0.291578	
      1268	  0.288855	
      1269	  0.289779	
      1270	  0.290221	
      1271	  0.290653	
      1272	  0.290196	
      1273	  0.290518	
      1274	  0.290198	
      1275	    0.2926	
      1276	  0.294566	
      1277	  0.295906	
      1278	  0.296605	
      1279	  0.296321	
      1280	  0.295209	
      1281	  0.286576	
      1282	  0.266235	
      1283	  0.284072	
      1284	   0.29742	
      1285	  0.302253	
      1286	  0.305257	
      1287	  0.308586	
      1288	  0.310638	
      1289	  0.314213	
      1290	  0.314742	
      1291	  0.305601	
      1292	  0.299086	
      1293	   0.29257	
      1294	  0.284096	
      1295	  0.280589	
      1296	  0.276995	
      1297	  0.271539	
      1298	  0.266244	
      1299	   0.26449	
      1300	  0.260789	
      1301	  0.257043	
      1302	  0.252315	
      1303	  0.248454	
      1304	  0.245346	
      1305	  0.244754	
      1306	  0.242904	
      1307	  0.240779	
      1308	  0.238379	
      1309	  0.236284	
      1310	  0.233561	
      1311	  0.231067	
      1312	  0.227251	
      1313	  0.221286	
      1314	  0.223272	
      1315	  0.218287	
      1316	  0.217562	
      1317	  0.218978	
      1318	  0.216316	
      1319	  0.217281	
      1320	  0.215889	
      1321	  0.157775	
      1322	  0.125856	
      1323	  0.104276	
      1324	 0.0883257	
      1325	 0.0758199	
      1326	   0.06568	
      1327	 0.0573818	
      1328	 0.0507665	
      1329	 0.0443665	
      1330	 0.0400188	
      1331	 0.0361681	
      1332	 0.0322174	
      1333	 0.0295801	
      1334	 0.0269633	
      1335	 0.0245135	
      1336	 0.0222429	
      1337	 0.0203896	
      1338	  0.018634	
      1339	 0.0169623	
      1340	 0.0155974	
      1341	  0.014622	
      1342	 0.0135139	
      1343	 0.0125171	
      1344	 0.0116182	
      1345	 0.0107843	
      1346	0.00996344	
      1347	0.00930519	
      1348	0.00866563	
      1349	0.00806012	
      1350	0.00745942	
      1351	0.00624566	
      1352	0.00528804	
      1353	0.00447013	
      1354	0.00378822	
      1355	0.00320587	
      1356	0.00274868	
      1357	0.00235074	
      1358	0.00205442	
      1359	0.00178078	
      1360	0.00153998	
      1361	0.00135621	
      1362	0.00118428	
      1363	0.00102619	
      1364	0.000909825	
      1365	0.000802147	
      1366	0.000707739	
      1367	 0.0006225	
      1368	0.00055484	
      1369	0.000486798	
      1370	0.000432432	
      1371	0.000386257	
      1372	0.000347959	
      1373	0.000311766	
      1374	0.000278782	
      1375	0.000246789	
      1376	0.00022019	
      1377	0.000199492	
      1378	0.000179759	
      1379	0.000162909	
      1380	0.000146373	
      1381	0.000132213	
      1382	0.000118463	
      1383	0.000107419	
      1384	9.77065e-05	
      1385	8.80861e-05	
      1386	8.03049e-05	
      1387	7.25285e-05	
      1388	6.62188e-05	
      1389	6.03366e-05	
      1390	5.43029e-05	
      1391	4.99532e-05	
      1392	4.56593e-05	
      1393	4.15149e-05	
      1394	3.77739e-05	
      1395	3.4556e-05	
      1396	3.74753e-05	
      1397	4.06948e-05	
      1398	4.43107e-05	
      1399	4.79657e-05	
      1400	5.1113e-05	
      1401	5.56437e-05	
      1402	6.13275e-05	
      1403	6.65758e-05	
      1404	7.28457e-05	
      1405	7.96677e-05	
      1406	8.7628e-05	
      1407	9.59478e-05	
      1408	0.000105125	
      1409	0.000115721	
      1410	0.000127005	
      1411	0.000138764	
      1412	0.000150067	
      1413	0.000166856	
      1414	0.000186356	
      1415	0.000206372	
      1416	0.000227804	
      1417	0.000253766	
      1418	0.000282324	
      1419	0.000311276	
      1420	0.000345866	
      1421	0.000387344	
      1422	0.00042656	
      1423	0.000476021	
      1424	0.000533541	
      1425	0.000603671	
      1426	0.000666311	
      1427	0.00075633	
      1428	0.000859608	
      1429	0.00095918	
      1430	0.00108643	
      1431	0.00124272	
      1432	0.00144168	
      1433	0.00165055	
      1434	0.00187041	
      1435	0.00215923	
      1436	0.00249869	
      1437	0.00290377	
      1438	0.00337324	
      1439	0.00394879	
      1440	0.00448779	
      1441	0.00532502	
      1442	0.00634088	
      1443	0.00717572	
      1444	0.00763295	
      1445	 0.0081097	
      1446	0.00864389	
      1447	0.00914204	
      1448	0.00978062	
      1449	 0.0103965	
      1450	   0.01101	
      1451	 0.0116302	
      1452	 0.0124116	
      1453	  0.013298	
      1454	 0.0141752	
      1455	 0.0151424	
      1456	 0.0161918	
      1457	 0.0175158	
      1458	 0.0190774	
      1459	 0.0206492	
      1460	 0.0221735	
      1461	 0.0239169	
      1462	 0.0257638	
      1463	  0.026728	
      1464	 0.0267753	
      1465	 0.0270081	
      1466	 0.0268175	
      1467	 0.0271274	
      1468	 0.0269374	
      1469	 0.0271505	
      1470	 0.0270266	
      1471	 0.0266627	
      1472	  0.026758	
      1473	 0.0267124	
      1474	 0.0262174	
      1475	 0.0265563	
      1476	 0.0267097	
      1477	 0.0266779	
      1478	 0.0281127	
      1479	 0.0299269	
      1480	 0.0317252	
      1481	 0.0333289	
      1482	 0.0354516	
      1483	 0.0371141	
      1484	 0.0398291	
      1485	 0.0428659	
      1486	 0.0453532	
      1487	 0.0474986	
      1488	 0.0471025	
      1489	 0.0545916	
      1490	 0.0600304	
      1491	 0.0650419	
      1492	  0.070065	
      1493	 0.0770561	
      1494	 0.0845996	
      1495	 0.0927595	
      1496	   0.10088	
      1497	  0.114917	
      1498	  0.117842	
      1499	  0.119373	
      1500	  0.123386	
      1501	  0.125782	
      1502	  0.125933	
      1503	  0.120074	
      1504	  0.125213	
      1505	   0.12551	
      1506	  0.132925	
      1507	  0.140302	
      1508	  0.142854	
      1509	  0.145957	
      1510	  0.152134	
      1511	   0.15646	
      1512	  0.158593	
      1513	  0.162602	
      1514	  0.167326	
      1515	  0.174498	
      1516	   0.18097	
      1517	  0.188234	
      1518	  0.199709	
      1519	  0.210087	
      1520	  0.230515	
      1521	  0.226542	
      1522	  0.225762	
      1523	  0.228355	
      1524	  0.228883	
      1525	  0.225832	
      1526	   0.22998	
      1527	  0.229525	
      1528	  0.230622	
      1529	  0.228416	
      1530	  0.220545	
      1531	    0.2292	
      1532	  0.231101	
      1533	  0.229371	
      1534	  0.226985	
      1535	  0.229415	
      1536	  0.232501	
      1537	  0.233075	
      1538	  0.229989	
      1539	  0.233481	
      1540	  0.225437	
      1541	  0.224766	
      1542	  0.224383	
      1543	  0.223019	
      1544	  0.222741	
      1545	  0.221977	
      1546	  0.219827	
      1547	  0.215999	
      1548	  0.211001	
      1549	   0.21245	
      1550	  0.210326	
      1551	  0.209909	
      1552	  0.210491	
      1553	  0.207554	
      1554	  0.203132	
      1555	  0.202482	
      1556	  0.200253	
      1557	  0.202865	
      1558	   0.20162	
      1559	  0.201748	
      1560	  0.201121	
      1561	  0.204108	
      1562	   0.20398	
      1563	  0.203478	
      1564	  0.202118	
      1565	  0.204316	
      1566	  0.203171	
      1567	   0.20367	
      1568	  0.202439	
      1569	  0.204329	
      1570	  0.204778	
      1571	   0.20888	
      1572	  0.209881	
      1573	  0.208247	
      1574	  0.206615	
      1575	  0.199717	
      1576	  0.204599	
      1577	  0.194982	
      1578	  0.206223	
      1579	   0.21119	
      1580	  0.212722	
      1581	  0.212138	
      1582	  0.205737	
      1583	  0.206376	
      1584	  0.204914	
      1585	  0.208667	
      1586	  0.206518	
      1587	  0.203569	
      1588	  0.198245	
      1589	  0.187746	
      1590	  0.191615	
      1591	  0.192988	
      1592	  0.200319	
      1593	   0.20363	
      1594	  0.202493	
      1595	  0.201582	
      1596	  0.193919	
      1597	  0.195115	
      1598	  0.198461	
      1599	   0.19538	
      1600	  0.195235	
      1601	  0.190744	
      1602	  0.191788	
      1603	   0.19178	
      1604	   0.19158	
      1605	   0.18948	
      1606	  0.188536	
      1607	   0.18742	
      1608	  0.189539	
      1609	  0.187489	
      1610	  0.178633	
      1611	  0.182395	
      1612	  0.184393	
      1613	  0.187858	
      1614	  0.187999	
      1615	  0.187488	
      1616	  0.181752	
      1617	  0.184569	
      1618	  0.190382	
      1619	  0.190175	
      1620	  0.186238	
      1621	  0.186784	
      1622	  0.190181	
      1623	  0.194694	
      1624	  0.195984	
      1625	   0.19462	
      1626	  0.197485	
      1627	   0.19963	
      1628	  0.202295	
      1629	  0.204569	
      1630	  0.206543	
      1631	  0.207205	
      1632	  0.206907	
      1633	  0.204446	
      1634	   0.20244	
      1635	  0.204545	
      1636	  0.203741	
      1637	  0.197115	
      1638	  0.195363	
      1639	  0.192429	
      1640	   0.19413	
      1641	  0.193147	
      1642	  0.193356	
      1643	   0.19614	
      1644	  0.194523	
      1645	  0.193881	
      1646	   0.19624	
      1647	  0.196582	
      1648	  0.195969	
      1649	  0.193105	
      1650	  0.194637	
      1651	  0.192855	
      1652	  0.194617	
      1653	  0.193272	
      1654	  0.193858	
      1655	  0.192306	
      1656	  0.193215	
      1657	  0.193279	
      1658	  0.192267	
      1659	  0.190412	
      1660	  0.191443	
      1661	   0.19215	
      1662	  0.191475	
      1663	  0.190699	
      1664	  0.190345	
      1665	  0.188823	
      1666	  0.187414	
      1667	  0.187392	
      1668	  0.185125	
      1669	  0.186389	
      1670	  0.189045	
      1671	  0.187853	
      1672	  0.182402	
      1673	  0.184314	
      1674	   0.18633	
      1675	  0.184403	
      1676	  0.182377	
      1677	  0.183443	
      1678	  0.183973	
      1679	  0.179975	
      1680	   0.17319	
      1681	  0.166923	
      1682	   0.16892	
      1683	  0.172616	
      1684	  0.174369	
      1685	  0.174206	
      1686	  0.171835	
      1687	  0.171449	
      1688	  0.170583	
      1689	  0.168132	
      1690	  0.167624	
      1691	  0.169445	
      1692	  0.169178	
      1693	  0.168027	
      1694	  0.167389	
      1695	  0.166775	
      1696	  0.165577	
      1697	  0.164404	
      1698	  0.163733	
      1699	  0.162386	
      1700	  0.160089	
      1701	  0.159359	
      1702	  0.158903	
      1703	  0.158262	
      1704	  0.157593	
      1705	  0.156878	
      1706	  0.155782	
      1707	  0.154634	
      1708	  0.153497	
      1709	   0.15237	
      1710	  0.151405	
      1711	  0.151358	
      1712	  0.151466	
      1713	  0.151578	
      1714	  0.151693	
      1715	  0.151683	
      1716	  0.150881	
      1717	  0.149959	
      1718	  0.149043	
      1719	  0.148135	
      1720	  0.147292	
      1721	  0.146782	
      1722	  0.146336	
      1723	  0.145895	
      1724	  0.145457	
      1725	  0.144972	
      1726	  0.144152	
      1727	  0.143287	
      1728	  0.142427	
      1729	  0.141573	
      1730	  0.140599	
      1731	   0.13886	
      1732	  0.137005	
      1733	  0.135159	
      1734	  0.133321	
      1735	  0.131838	
      1736	   0.13241	
      1737	  0.133327	
      1738	  0.134242	
      1739	  0.135156	
      1740	  0.135852	
      1741	  0.113859	
      1742	  0.100079	
      1743	 0.0898459	
      1744	 0.0816866	
      1745	 0.0749503	
      1746	  0.069381	
      1747	 0.0645807	
      1748	 0.0603611	
      1749	 0.0566115	
      1750	 0.0532589	
      1751	 0.0502697	
      1752	 0.0475612	
      1753	 0.0450871	
      1754	 0.0428167	
      1755	 0.0407096	
      1756	 0.0386654	
      1757	 0.0367577	
      1758	 0.0349859	
      1759	 0.0333361	
      1760	 0.0318052	
      1761	 0.0304236	
      1762	  0.029136	
      1763	 0.0279262	
      1764	 0.0267877	
      1765	 0.0257145	
      1766	 0.0247015	
      1767	  0.023744	
      1768	 0.0228379	
      1769	 0.0219793	
      1770	 0.0211568	
      1771	 0.0203237	
      1772	 0.0195255	
      1773	 0.0187675	
      1774	  0.018047	
      1775	 0.0173714	
      1776	 0.0167854	
      1777	  0.016235	
      1778	  0.015709	
      1779	 0.0152058	
      1780	   0.01472	
      1781	 0.0142305	
      1782	 0.0137581	
      1783	 0.0133056	
      1784	 0.0128722	
      1785	 0.0124602	
      1786	 0.0120858	
      1787	 0.0117295	
      1788	 0.0113869	
      1789	 0.0110573	
      1790	 0.0107358	
      1791	 0.0103988	
      1792	 0.0100707	
      1793	0.00975524	
      1794	0.00945179	
      1795	0.00915979	
      1796	0.00887871	
      1797	0.00860803	
      1798	 0.0083473	
      1799	0.00809605	
      1800	0.00785854	
      1801	0.00659127	
      1802	0.00557501	
      1803	0.00474758	
      1804	0.00406722	
      1805	0.00350255	
      1806	0.00302786	
      1807	0.00262853	
      1808	0.00229087	
      1809	0.00200379	
      1810	0.00175486	
      1811	0.00152234	
      1812	0.00132127	
      1813	0.00114946	
      1814	0.00100217	
      1815	0.000878214	
      1816	0.000785401	
      1817	0.000705994	
      1818	0.000635823	
      1819	0.000573659	
      1820	0.000518293	
      1821	0.000468157	
      1822	 0.0004234	
      1823	0.000383493	
      1824	0.000347843	
      1825	0.000315606	
      1826	0.000284871	
      1827	0.000257178	
      1828	0.000232454	
      1829	0.000210345	
      1830	0.000190644	
      1831	0.000173451	
      1832	0.000158053	
      1833	0.000144165	
      1834	0.000131625	
      1835	0.000120273	
      1836	0.000109888	
      1837	0.000100474	
      1838	9.19435e-05	
      1839	8.42063e-05	
      1840	7.71713e-05	
      1841	7.07055e-05	
      1842	6.48209e-05	
      1843	5.94685e-05	
      1844	5.45961e-05	
      1845	5.01829e-05	
      1846	4.62901e-05	
      1847	4.27496e-05	
      1848	3.95051e-05	
      1849	3.65295e-05	
      1850	3.37874e-05	
      1851	3.12083e-05	
      1852	2.88331e-05	
      1853	2.66535e-05	
      1854	2.46521e-05	
      1855	2.2813e-05	
      1856	2.11221e-05	
      1857	1.95664e-05	
      1858	1.81343e-05	
      1859	1.68152e-05	
      1860	1.55994e-05	
      1861	1.62172e-05	
      1862	1.68622e-05	
      1863	1.75354e-05	
      1864	1.82383e-05	
      1865	1.89763e-05	
      1866	1.97662e-05	
      1867	2.05965e-05	
      1868	2.14654e-05	
      1869	2.23748e-05	
      1870	2.32755e-05	
      1871	2.38896e-05	
      1872	2.44611e-05	
      1873	2.50409e-05	
      1874	2.56286e-05	
      1875	2.63687e-05	
      1876	2.80298e-05	
      1877	2.99513e-05	
      1878	3.19956e-05	
      1879	3.41707e-05	
      1880	3.63859e-05	
      1881	3.81172e-05	
      1882	3.98303e-05	
      1883	4.16291e-05	
      1884	4.35183e-05	
      1885	4.54656e-05	
      1886	4.72621e-05	
      1887	4.90968e-05	
      1888	5.10106e-05	
      1889	5.30074e-05	
      1890	5.51306e-05	
      1891	5.75964e-05	
      1892	6.02295e-05	
      1893	6.29978e-05	
      1894	6.59092e-05	
      1895	6.9022e-05	
      1896	7.26148e-05	
      1897	7.64694e-05	
      1898	8.05493e-05	
      1899	8.48692e-05	
      1900	  8.94e-05	
      1901	9.38896e-05	
      1902	9.85833e-05	
      1903	0.000103542	
      1904	0.000108781	
      1905	0.000114304	
      1906	0.000120005	
      1907	0.000126011	
      1908	0.000132359	
      1909	0.000139071	
      1910	0.000146203	
      1911	0.000153909	
      1912	0.000162113	
      1913	0.000170814	
      1914	0.000180048	
      1915	0.00018985	
      1916	0.000200262	
      1917	0.000211326	
      1918	0.000223089	
      1919	0.000235602	
      1920	0.000248919	
      1921	0.000235235	
      1922	0.000236905	
      1923	0.00024182	
      1924	0.000248685	
      1925	0.000256954	
      1926	0.000265931	
      1927	0.000275984	
      1928	0.000287182	
      1929	0.000299541	
      1930	0.000313337	
      1931	0.000329927	
      1932	0.000348313	
      1933	0.000368382	
      1934	0.000390282	
      1935	0.000413961	
      1936	0.000438277	
      1937	0.000464536	
      1938	0.000493176	
      1939	0.000524447	
      1940	0.000557771	
      1941	0.000588692	
      1942	 0.0006213	
      1943	0.000656719	
      1944	0.000695254	
      1945	0.000739712	
      1946	0.000804358	
      1947	0.000879294	
      1948	0.000963197	
      1949	0.00105741	
      1950	0.00116259	
      1951	0.00127534	
      1952	 0.0014017	
      1953	0.00154505	
      1954	0.00170838	
      1955	 0.0018939	
      1956	0.00209747	
      1957	0.00233054	
      1958	0.00260114	
      1959	0.00291776	
      1960	0.00329098	
      1961	0.00353241	
      1962	0.00379604	
      1963	0.00408515	
      1964	0.00440295	
      1965	0.00475702	
      1966	 0.0051737	
      1967	0.00564205	
      1968	0.00616527	
      1969	0.00675178	
      1970	0.00740752	
      1971	0.00811787	
      1972	0.00891664	
      1973	0.00982482	
      1974	 0.0108634	
      1975	 0.0120591	
      1976	 0.0134461	
      1977	 0.0150696	
      1978	 0.0169899	
      1979	 0.0192906	
      1980	 0.0220967	
      1981	 0.0256133	
      1982	 0.0301141	
      1983	  0.036095	
      1984	 0.0445541	
      1985	 0.0580806	
      1986	  0.042495	
      1987	 0.0350017	
      1988	 0.0299625	
      1989	 0.0262073	
      1990	 0.0232343	
      1991	 0.0207109	
      1992	 0.0185953	
      1993	 0.0168041	
      1994	 0.0152668	
      1995	 0.0139425	
      1996	  0.012831	
      1997	 0.0118567	
      1998	 0.0109896	
      1999	 0.0102134	
      2000	0.00951103	
      2001	0.00885376	
      2002	0.00825491	
      2003	0.00771071	
      2004	 0.0072146	
      2005	0.00676395	
      2006	0.00709337	
      2007	0.00744743	
      2008	0.00782509	
      2009	0.00822845	
      2010	0.00865838	
      2011	0.00910619	
      2012	0.00958447	
      2013	 0.0100979	
      2014	 0.0106502	
      2015	 0.0112434	
      2016	 0.0118674	
      2017	   0.01254	
      2018	 0.0132692	
      2019	 0.0140622	
      2020	 0.0149339	
      2021	 0.0159311	
      2022	 0.0170366	
      2023	 0.0182595	
      2024	  0.019619	
      2025	 0.0211297	
      2026	  0.022769	
      2027	 0.0246159	
      2028	 0.0267296	
      2029	  0.029179	
      2030	 0.0320718	
      2031	 0.0355977	
      2032	 0.0399846	
      2033	 0.0457032	
      2034	  0.053894	
      2035	 0.0699395	
      2036	 0.0686793	
      2037	 0.0675214	
      2038	  0.066454	
      2039	 0.0654602	
      2040	 0.0645761	
      2041	 0.0640062	
      2042	 0.0635234	
      2043	 0.0630746	
      2044	 0.0626558	
      2045	 0.0622234	
      2046	 0.0615527	
      2047	 0.0608688	
      2048	 0.0602098	
      2049	 0.0595737	
      2050	 0.0589756	
      2051	 0.0584746	
      2052	 0.0580076	
      2053	 0.0575568	
      2054	 0.0571213	
      2055	 0.0566897	
      2056	  0.056186	
      2057	 0.0556859	
      2058	 0.0551996	
      2059	 0.0547264	
      2060	 0.0542818	
      2061	 0.0539227	
      2062	 0.0535906	
      2063	 0.0532692	
      2064	 0.0529585	
      2065	 0.0526583	
      2066	 0.0529454	
      2067	 0.0532384	
      2068	 0.0535375	
      2069	 0.0538429	
      2070	 0.0541711	
      2071	 0.0545822	
      2072	 0.0550185	
      2073	 0.0554642	
      2074	 0.0559199	
      2075	 0.0563637	
      2076	 0.0566716	
      2077	 0.0569656	
      2078	 0.0572683	
      2079	 0.0575804	
      2080	 0.0579141	
      2081	 0.0583176	
      2082	 0.0587459	
      2083	  0.059188	
      2084	 0.0596453	
      2085	 0.0601249	
      2086	 0.0606346	
      2087	 0.0611701	
      2088	 0.0617272	
      2089	 0.0623079	
      2090	 0.0629021	
      2091	 0.0634598	
      2092	 0.0640353	
      2093	 0.0646458	
      2094	 0.0652967	
      2095	 0.0660222	
      2096	 0.0669863	
      2097	 0.0680539	
      2098	 0.0692165	
      2099	 0.0705023	
      2100	 0.0719511	
      2101	 0.0719842	
      2102	 0.0720107	
      2103	 0.0720381	
      2104	 0.0720664	
      2105	 0.0720805	
      2106	 0.0720052	
      2107	 0.0719155	
      2108	 0.0718266	
      2109	 0.0717384	
      2110	 0.0716586	
      2111	 0.0716403	
      2112	 0.0716307	
      2113	 0.0716222	
      2114	 0.0716149	
      2115	 0.0716089	
      2116	 0.0715889	
      2117	 0.0715702	
      2118	 0.0715529	
      2119	 0.0715371	
      2120	 0.0715229	
      2121	 0.0714948	
      2122	 0.0714685	
      2123	  0.071444	
      2124	 0.0714214	
      2125	 0.0714241	
      2126	 0.0715532	
      2127	 0.0717084	
      2128	 0.0718668	
      2129	 0.0720285	
      2130	 0.0721626	
      2131	 0.0721283	
      2132	 0.0720661	
      2133	 0.0720074	
      2134	 0.0719528	
      2135	 0.0719264	
      2136	 0.0720634	
      2137	 0.0722307	
      2138	 0.0724055	
      2139	  0.072589	
      2140	 0.0727585	
      2141	 0.0727955	
      2142	 0.0728216	
      2143	 0.0728639	
      2144	 0.0729272	
      2145	 0.0730433	
      2146	 0.0733151	
      2147	 0.0736802	
      2148	 0.0741838	
      2149	 0.0741351	
      2150	 0.0740784	
      2151	 0.0739391	
      2152	 0.0737918	
      2153	 0.0736446	
      2154	 0.0734975	
      2155	 0.0733506	
      2156	 0.0731708	
      2157	 0.0729912	
      2158	 0.0728117	
      2159	 0.0726324	
      2160	 0.0723543	
      2161	 0.0714665	
      2162	 0.0704804	
      2163	 0.0694946	
      2164	 0.0685094	
      2165	 0.0677139	
      2166	 0.0680715	
      2167	 0.0686184	
      2168	 0.0691651	
      2169	 0.0697117	
      2170	 0.0702006	
      2171	  0.070311	
      2172	 0.0703638	
      2173	 0.0704168	
      2174	 0.0704697	
      2175	 0.0704899	
      2176	 0.0703129	
      2177	 0.0701031	
      2178	 0.0698935	
      2179	 0.0696841	
      2180	 0.0694994	
      2181	 0.0694791	
      2182	 0.0694835	
      2183	  0.069488	
      2184	 0.0694926	
      2185	 0.0694643	
      2186	 0.0692229	
      2187	 0.0689488	
      2188	 0.0686749	
      2189	 0.0684012	
      2190	 0.0681686	
      2191	 0.0681821	
      2192	 0.0682366	
      2193	 0.0682911	
      2194	 0.0683458	
      2195	 0.0683759	
      2196	  0.068275	
      2197	 0.0681496	
      2198	 0.0680244	
      2199	 0.0678798	
      2200	 0.0677109	
      2201	 0.0673951	
      2202	  0.067055	
      2203	 0.0667154	
      2204	 0.0663762	
      2205	 0.0660782	
      2206	 0.0659926	
      2207	  0.065948	
      2208	 0.0659035	
      2209	 0.0658591	
      2210	 0.0658067	
      2211	 0.0657219	
      2212	 0.0656291	
      2213	 0.0655364	
      2214	 0.0654439	
      2215	 0.0653516	
      2216	 0.0652594	
      2217	 0.0651673	
      2218	 0.0650754	
      2219	 0.0649837	
      2220	 0.0648758	
      2221	 0.0646709	
      2222	   0.06445	
      2223	 0.0642293	
      2224	 0.0640089	
      2225	 0.0638049	
      2226	 0.0636982	
      2227	 0.0636079	
      2228	 0.0635177	
      2229	 0.0634276	
      2230	 0.0633377	
      2231	 0.0632318	
      2232	  0.063126	
      2233	 0.0630204	
      2234	 0.0629149	
      2235	 0.0627934	
      2236	 0.0625593	
      2237	 0.0623093	
      2238	 0.0620595	
      2239	   0.06181	
      2240	 0.0615849	
      2241	 0.0615048	
      2242	 0.0614489	
      2243	 0.0613932	
      2244	 0.0613375	
      2245	 0.0612659	
      2246	 0.0611141	
      2247	 0.0609464	
      2248	 0.0607789	
      2249	 0.0606116	
      2250	 0.0604445	
      2251	 0.0602454	
      2252	 0.0600466	
      2253	  0.059848	
      2254	 0.0596496	
      2255	 0.0594674	
      2256	 0.0593973	
      2257	 0.0593433	
      2258	 0.0592894	
      2259	 0.0592357	
      2260	  0.059174	
      2261	 0.0590325	
      2262	 0.0588832	
      2263	 0.0587341	
      2264	 0.0585852	
      2265	 0.0584523	
      2266	 0.0583833	
      2267	 0.0583304	
      2268	 0.0582775	
      2269	 0.0582247	
      2270	 0.0581641	
      2271	 0.0577585	
      2272	 0.0573586	
      2273	 0.0569711	
      2274	 0.0565949	
      2275	 0.0562135	
      2276	 0.0557647	
      2277	 0.0553103	
      2278	  0.054865	
      2279	 0.0544285	
      2280	 0.0540227	
      2281	 0.0537598	
      2282	 0.0535253	
      2283	 0.0532961	
      2284	 0.0530719	
      2285	 0.0528524	
      2286	 0.0526079	
      2287	 0.0523679	
      2288	 0.0521322	
      2289	 0.0519006	
      2290	 0.0516438	
      2291	 0.0512031	
      2292	 0.0507387	
      2293	 0.0502795	
      2294	 0.0498253	
      2295	 0.0494188	
      2296	 0.0492439	
      2297	 0.0491141	
      2298	 0.0489866	
      2299	 0.0488612	
      2300	  0.048731	
      2301	 0.0485471	
      2302	 0.0483585	
      2303	 0.0481724	
      2304	 0.0479885	
      2305	 0.0477999	
      2306	 0.0475861	
      2307	 0.0473677	
      2308	 0.0471516	
      2309	 0.0469377	
      2310	 0.0467259	
      2311	 0.0464893	
      2312	 0.0462548	
      2313	 0.0460225	
      2314	 0.0457923	
      2315	 0.0455642	
      2316	 0.0453514	
      2317	 0.0451405	
      2318	 0.0449314	
      2319	 0.0447241	
      2320	 0.0444989	
      2321	  0.044131	
      2322	  0.043746	
      2323	 0.0433638	
      2324	 0.0429841	
      2325	 0.0426525	
      2326	 0.0425693	
      2327	 0.0425323	
      2328	 0.0424958	
      2329	 0.0424601	
      2330	 0.0424057	
      2331	 0.0422497	
      2332	 0.0420759	
      2333	 0.0419033	
      2334	  0.041732	
      2335	  0.041562	
      2336	 0.0413932	
      2337	 0.0412256	
      2338	 0.0410592	
      2339	  0.040894	
      2340	 0.0407361	
      2341	 0.0406168	
      2342	 0.0405045	
      2343	 0.0403931	
      2344	 0.0402826	
      2345	 0.0401605	
      2346	 0.0399777	
      2347	 0.0397838	
      2348	 0.0395911	
      2349	 0.0393996	
      2350	  0.039197	
      2351	 0.0389105	
      2352	 0.0386134	
      2353	 0.0383179	
      2354	  0.038024	
      2355	 0.0377678	
      2356	 0.0377055	
      2357	 0.0376796	
      2358	 0.0376541	
      2359	 0.0376289	
      2360	 0.0375981	
      2361	 0.0358225	
      2362	 0.0342507	
      2363	  0.032843	
      2364	 0.0315678	
      2365	 0.0303974	
      2366	 0.0292828	
      2367	 0.0282459	
      2368	 0.0272807	
      2369	 0.0263786	
      2370	 0.0255284	
      2371	 0.0247045	
      2372	 0.0239232	
      2373	 0.0231842	
      2374	 0.0224838	
      2375	 0.0218327	
      2376	 0.0212824	
      2377	 0.0207712	
      2378	 0.0202829	
      2379	 0.0198159	
      2380	 0.0193434	
      2381	 0.0187497	
      2382	 0.0181567	
      2383	  0.017588	
      2384	  0.017042	
      2385	 0.0165453	
      2386	 0.0162317	
      2387	 0.0159557	
      2388	 0.0156889	
      2389	 0.0154307	
      2390	 0.0151707	
      2391	 0.0148598	
      2392	 0.0145493	
      2393	 0.0142487	
      2394	 0.0139577	
      2395	 0.0136757	
      2396	 0.0133978	
      2397	 0.0131284	
      2398	  0.012867	
      2399	 0.0126133	
      2400	 0.0123669	
      2401	 0.0121316	
      2402	 0.0119029	
      2403	 0.0116805	
      2404	 0.0114642	
      2405	 0.0112537	
      2406	 0.0110526	
      2407	 0.0108567	
      2408	 0.0106659	
      2409	 0.0104799	
      2410	   0.01029	
      2411	 0.0100535	
      2412	0.00981497	
      2413	0.00958279	
      2414	0.00935674	
      2415	0.00914946	
      2416	0.00901691	
      2417	0.00889974	
      2418	0.00878503	
      2419	0.00867273	
      2420	0.00855829	
      2421	0.00841706	
      2422	0.00827471	
      2423	0.00813559	
      2424	0.00799959	
      2425	  0.007868	
      2426	0.00774741	
      2427	0.00763073	
      2428	0.00751651	
      2429	0.00740467	
      2430	0.00729388	
      2431	 0.0071728	
      2432	0.00705306	
      2433	0.00693586	
      2434	0.00682114	
      2435	0.00671001	
      2436	0.00661054	
      2437	0.00651421	
      2438	0.00641978	
      2439	0.00632719	
      2440	 0.0062353	
      2441	0.00613644	
      2442	0.00603847	
      2443	0.00594245	
      2444	0.00584832	
      2445	0.00575501	
      2446	0.00565944	
      2447	0.00556476	
      2448	0.00547194	
      2449	0.00538095	
      2450	0.00529367	
      2451	 0.0049246	
      2452	0.00459075	
      2453	0.00428629	
      2454	0.00400788	
      2455	0.00375407	
      2456	0.00352733	
      2457	 0.0033195	
      2458	0.00312745	
      2459	0.00294965	
      2460	0.00278425	
      2461	0.00262678	
      2462	0.00248001	
      2463	0.00234346	
      2464	0.00221625	
      2465	0.00209682	
      2466	0.00198165	
      2467	0.00187344	
      2468	0.00177233	
      2469	0.00167777	
      2470	0.00158984	
      2471	0.00151138	
      2472	0.00143817	
      2473	0.00136928	
      2474	 0.0013044	
      2475	0.00124256	
      2476	 0.0011798	
      2477	 0.0011201	
      2478	0.00106391	
      2479	0.00101097	
      2480	0.00096163	
      2481	0.00091754	
      2482	0.000876341	
      2483	0.000837332	
      2484	0.000800374	
      2485	0.000765635	
      2486	0.000734092	
      2487	0.000704374	
      2488	0.000676097	
      2489	0.000649177	
      2490	0.000622461	
      2491	0.000590623	
      2492	0.000559533	
      2493	0.000530156	
      2494	0.000502387	
      2495	0.00047759	
      2496	0.000462145	
      2497	0.000448652	
      2498	0.00043563	
      2499	0.000423058	
      2500	0.000410279	
      2501	0.000132357	
      2502	4.98005e-05	
      2503	2.07565e-05	
      2504	9.31677e-06	
      2505	4.42637e-06	
      2506	2.19686e-06	
      2507	1.13195e-06	
      2508	6.02077e-07	
      2509	3.29107e-07	
      2510	1.84266e-07	
      2511	1.05487e-07	
      2512	6.15417e-08	
      2513	3.65127e-08	
      2514	2.19953e-08	
      2515	1.34351e-08	
      2516	8.31479e-09	
      2517	5.20647e-09	
      2518	3.29562e-09	
      2519	2.10715e-09	
      2520	1.36024e-09	
      2521	8.86541e-10	
      2522	5.82697e-10	
      2523	3.85961e-10	
      2524	2.57519e-10	
      2525	1.73043e-10	
      2526	1.17187e-10	
      2527	7.98699e-11	
      2528	5.47571e-11	
      2529	3.77512e-11	
      2530	2.61607e-11	
      2531	1.81833e-11	
      2532	1.26976e-11	
      2533	8.90836e-12	
      2534	6.27794e-12	
      2535	4.44421e-12	
      2536	3.16181e-12	
      2537	2.2589e-12	
      2538	1.62003e-12	
      2539	1.16614e-12	
      2540	8.42418e-13	
      2541	6.1092e-13	
      2542	4.44515e-13	
      2543	3.24479e-13	
      2544	2.37596e-13	
      2545	1.74503e-13	
      2546	1.28484e-13	
      2547	9.48702e-14	
      2548	7.02433e-14	
      2549	5.21485e-14	
      2550	3.88156e-14	
      2551	2.89521e-14	
      2552	2.16482e-14	
      2553	1.62256e-14	
      2554	1.21896e-14	
      2555	9.17838e-15	
      2556	6.92327e-15	
      2557	5.2335e-15	
      2558	3.96447e-15	
      2559	3.00932e-15	
      2560	2.28938e-15	
      2561	1.74662e-15	
      2562	1.33538e-15	
      2563	1.02288e-15	
      2564	7.8495e-16	
      2565	6.0344e-16	
      2566	4.64509e-16	
      2567	3.58177e-16	
      2568	2.7665e-16	
      2569	2.14031e-16	
      2570	1.65852e-16	
      2571	1.28664e-16	
      2572	9.9968e-17	
      2573	7.77901e-17	
      2574	6.06222e-17	
      2575	4.73121e-17	
      2576	3.69771e-17	
      2577	2.89403e-17	
      2578	2.26814e-17	
      2579	1.78002e-17	
      2580	1.39849e-17	
      2581	1.09866e-17	
      2582	8.6402e-18	
      2583	6.8034e-18	
      2584	5.36367e-18	
      2585	4.23567e-18	
      2586	3.35973e-18	
      2587	2.66932e-18	
      2588	2.12324e-18	
      2589	1.69081e-18	
      2590	1.34766e-18	
      2591	1.07335e-18	
      2592	8.55614e-19	
      2593	6.82775e-19	
      2594	5.45424e-19	
      2595	4.36257e-19	
      2596	3.49622e-19	
      2597	2.8054e-19	
      2598	2.25332e-19	
      2599	1.81166e-19	
      2600	1.45798e-19	
      2601	8.47281e-20	
      2602	6.21827e-20	
      2603	4.76849e-20	
      2604	3.74313e-20	
      2605	2.98333e-20	
      2606	2.40181e-20	
      2607	1.95007e-20	
      2608	1.59408e-20	
      2609	1.31042e-20	
      2610	1.08238e-20	
      2611	8.98129e-21	
      2612	7.47938e-21	
      2613	6.2486e-21	
      2614	5.23535e-21	
      2615	4.39781e-21	
      2616	3.6995e-21	
      2617	3.11882e-21	
      2618	2.63455e-21	
      2619	2.2296e-21	
      2620	1.88926e-21	
      2621	1.59808e-21	
      2622	1.35314e-21	
      2623	1.14734e-21	
      2624	9.74112e-22	
      2625	8.29089e-22	
      2626	7.1139e-22	
      2627	6.11855e-22	
      2628	5.26825e-22	
      2629	4.54088e-22	
      2630	3.91597e-22	
      2631	3.37049e-22	
      2632	2.9023e-22	
      2633	2.50139e-22	
      2634	2.15773e-22	
      2635	1.86239e-22	
      2636	1.60484e-22	
      2637	1.38362e-22	
      2638	1.19379e-22	
      2639	1.03074e-22	
      2640	8.91025e-23	
      2641	7.73078e-23	
      2642	6.71529e-23	
      2643	5.83701e-23	
      2644	5.07683e-23	
      2645	4.41839e-23	
      2646	3.84384e-23	
      2647	3.34598e-23	
      2648	2.91428e-23	
      2649	2.5397e-23	
      2650	2.21448e-23	
      2651	1.93001e-23	
      2652	1.68296e-23	
      2653	1.46829e-23	
      2654	1.28164e-23	
      2655	1.11955e-23	
      2656	9.79418e-24	
      2657	8.57451e-24	
      2658	7.51022e-24	
      2659	6.58105e-24	
      2660	5.76797e-24	
      2661	5.04988e-24	
      2662	4.42196e-24	
      2663	3.87375e-24	
      2664	3.3949e-24	
      2665	2.97798e-24	
      2666	2.61868e-24	
      2667	2.30483e-24	
      2668	2.02939e-24	
      2669	1.78756e-24	
      2670	1.57475e-24	
      2671	1.38424e-24	
      2672	1.21691e-24	
      2673	1.0702e-24	
      2674	9.41499e-25	
      2675	8.28782e-25	
      2676	7.30569e-25	
      2677	6.44383e-25	
      2678	5.68558e-25	
      2679	5.01824e-25	
      2680	4.43069e-25	
      2681	3.91321e-25	
      2682	3.45728e-25	
      2683	3.05545e-25	
      2684	2.70117e-25	
      2685	2.38872e-25	
      2686	2.11084e-25	
      2687	1.86585e-25	
      2688	1.64978e-25	
      2689	1.45916e-25	
      2690	1.29094e-25	
      2691	1.14305e-25	
      2692	1.01239e-25	
      2693	8.96917e-26	
      2694	7.94838e-26	
      2695	7.04572e-26	
      2696	6.24394e-26	
      2697	5.53488e-26	
      2698	4.90765e-26	
      2699	4.35265e-26	
      2700	3.86246e-26	
      2701	4.51922e-26	
      2702	5.29191e-26	
      2703	6.20005e-26	
      2704	7.26799e-26	
      2705	8.52455e-26	
      2706	1.00039e-25	
      2707	1.17465e-25	
      2708	1.38004e-25	
      2709	1.62226e-25	
      2710	1.90809e-25	
      2711	2.2468e-25	
      2712	2.64719e-25	
      2713	3.12076e-25	
      2714	3.68123e-25	
      2715	4.34497e-25	
      2716	5.12869e-25	
      2717	6.05746e-25	
      2718	7.15883e-25	
      2719	8.46572e-25	
      2720	1.00175e-24	
      2721	1.18547e-24	
      2722	1.40378e-24	
      2723	1.66336e-24	
      2724	1.97223e-24	
      2725	2.34065e-24	
      2726	2.78127e-24	
      2727	3.30799e-24	
      2728	3.93714e-24	
      2729	4.68918e-24	
      2730	5.58875e-24	
      2731	6.65818e-24	
      2732	7.93786e-24	
      2733	9.47027e-24	
      2734	1.13067e-23	
      2735	1.35091e-23	
      2736	1.61616e-23	
      2737	1.93494e-23	
      2738	2.31835e-23	
      2739	2.77987e-23	
      2740	3.33586e-23	
      2741	4.00845e-23	
      2742	4.82049e-23	
      2743	5.80171e-23	
      2744	6.98835e-23	
      2745	8.42465e-23	
      2746	1.01589e-22	
      2747	1.22605e-22	
      2748	1.48095e-22	
      2749	1.79041e-22	
      2750	2.16642e-22	
      2751	2.62224e-22	
      2752	3.17683e-22	
      2753	3.85221e-22	
      2754	4.6755e-22	
      2755	5.68006e-22	
      2756	 6.907e-22	
      2757	8.40705e-22	
      2758	1.02429e-21	
      2759	1.24919e-21	
      2760	1.52501e-21	
      2761	1.86471e-21	
      2762	2.28244e-21	
      2763	2.79667e-21	
      2764	3.43043e-21	
      2765	4.21235e-21	
      2766	5.18121e-21	
      2767	6.38002e-21	
      2768	7.86514e-21	
      2769	9.70713e-21	
      2770	1.19911e-20	
      2771	1.48127e-20	
      2772	1.83149e-20	
      2773	2.2673e-20	
      2774	2.81031e-20	
      2775	3.48778e-20	
      2776	4.33672e-20	
      2777	5.39937e-20	
      2778	6.73141e-20	
      2779	8.40349e-20	
      2780	1.05055e-19	
      2781	1.31596e-19	
      2782	1.65081e-19	
      2783	2.0739e-19	
      2784	2.60933e-19	
      2785	 3.288e-19	
      2786	4.14963e-19	
      2787	5.24538e-19	
      2788	6.64122e-19	
      2789	8.4224e-19	
      2790	1.06993e-18	
      2791	1.36071e-18	
      2792	1.73355e-18	
      2793	2.21252e-18	
      2794	2.82903e-18	
      2795	3.62524e-18	
      2796	4.65731e-18	
      2797	5.99684e-18	
      2798	7.73724e-18	
      2799	1.00034e-17	
      2800	1.29608e-17	
      2801	1.55257e-17	
      2802	1.86127e-17	
      2803	2.23309e-17	
      2804	2.68132e-17	
      2805	3.22312e-17	
      2806	3.87995e-17	
      2807	4.67597e-17	
      2808	5.64007e-17	
      2809	6.80878e-17	
      2810	8.22683e-17	
      2811	9.94899e-17	
      2812	1.20425e-16	
      2813	1.45897e-16	
      2814	1.76921e-16	
      2815	2.14744e-16	
      2816	2.6074e-16	
      2817	3.16895e-16	
      2818	3.85522e-16	
      2819	4.69481e-16	
      2820	5.72306e-16	
      2821	6.97937e-16	
      2822	8.52041e-16	
      2823	1.04128e-15	
      2824	1.27394e-15	
      2825	1.56079e-15	
      2826	1.91559e-15	
      2827	2.35448e-15	
      2828	2.89733e-15	
      2829	3.56958e-15	
      2830	4.40315e-15	
      2831	5.43466e-15	
      2832	6.71626e-15	
      2833	8.31077e-15	
      2834	1.02973e-14	
      2835	1.27757e-14	
      2836	1.58622e-14	
      2837	1.97216e-14	
      2838	2.4555e-14	
      2839	3.06172e-14	
      2840	3.82325e-14	
      2841	4.78449e-14	
      2842	5.99667e-14	
      2843	7.52788e-14	
      2844	9.46537e-14	
      2845	1.19213e-13	
      2846	1.50301e-13	
      2847	1.89826e-13	
      2848	2.40171e-13	
      2849	3.04422e-13	
      2850	3.86584e-13	
      2851	4.91861e-13	
      2852	6.2704e-13	
      2853	8.00986e-13	
      2854	1.02531e-12	
      2855	1.31526e-12	
      2856	1.69202e-12	
      2857	2.18163e-12	
      2858	2.81946e-12	
      2859	3.6525e-12	
      2860	4.74338e-12	
      2861	6.17576e-12	
      2862	8.06186e-12	
      2863	1.05526e-11	
      2864	1.38517e-11	
      2865	1.8235e-11	
      2866	2.40456e-11	
      2867	3.18065e-11	
      2868	4.22084e-11	
      2869	5.62001e-11	
      2870	7.51163e-11	
      2871	1.00832e-10	
      2872	1.35911e-10	
      2873	1.83918e-10	
      2874	2.49909e-10	
      2875	3.41161e-10	
      2876	4.68158e-10	
      2877	6.45698e-10	
      2878	8.95013e-10	
      2879	1.24711e-09	
      2880	1.74736e-09	
      2881	2.45929e-09	
      2882	3.48278e-09	
      2883	4.96481e-09	
      2884	7.12734e-09	
      2885	1.03089e-08	
      2886	1.50416e-08	
      2887	2.21383e-08	
      2888	3.28912e-08	
      2889	4.93697e-08	
      2890	7.49396e-08	
      2891	1.1517e-07	
      2892	1.79457e-07	
      2893	2.84012e-07	
      2894	4.57554e-07	
      2895	7.52611e-07	
      2896	1.26836e-06	
      2897	2.20561e-06	
      2898	4.00205e-06	
      2899	7.77126e-06	
      2900	1.85307e-05	
      2901	1.89978e-05	
      2902	1.9478e-05	
      2903	1.99719e-05	
      2904	2.04798e-05	
      2905	2.10022e-05	
      2906	2.15246e-05	
      2907	2.20617e-05	
      2908	2.26139e-05	
      2909	2.31817e-05	
      2910	2.37656e-05	
      2911	2.4349e-05	
      2912	2.49487e-05	
      2913	2.55651e-05	
      2914	2.61988e-05	
      2915	2.68504e-05	
      2916	 2.754e-05	
      2917	2.82496e-05	
      2918	 2.898e-05	
      2919	2.97318e-05	
      2920	3.05058e-05	
      2921	3.13027e-05	
      2922	3.21232e-05	
      2923	3.29682e-05	
      2924	3.38385e-05	
      2925	3.47349e-05	
      2926	3.56584e-05	
      2927	3.66099e-05	
      2928	3.75903e-05	
      2929	3.86007e-05	
      2930	3.96421e-05	
      2931	4.06861e-05	
      2932	4.17616e-05	
      2933	4.28697e-05	
      2934	4.40116e-05	
      2935	4.51884e-05	
      2936	4.64355e-05	
      2937	4.77221e-05	
      2938	4.90495e-05	
      2939	5.04193e-05	
      2940	5.18331e-05	
      2941	5.32531e-05	
      2942	5.47179e-05	
      2943	5.62293e-05	
      2944	5.7789e-05	
      2945	5.9421e-05	
      2946	6.11518e-05	
      2947	6.29642e-05	
      2948	6.48384e-05	
      2949	6.67767e-05	
      2950	6.87818e-05	
      2951	7.08562e-05	
      2952	7.30026e-05	
      2953	7.52241e-05	
      2954	7.75237e-05	
      2955	7.99045e-05	
      2956	8.23078e-05	
      2957	8.47952e-05	
      2958	8.73701e-05	
      2959	9.00362e-05	
      2960	9.27971e-05	
      2961	9.57294e-05	
      2962	9.87694e-05	
      2963	0.000101922	
      2964	0.000105191	
      2965	0.000108583	
      2966	0.000112017	
      2967	0.000115579	
      2968	0.000119273	
      2969	0.000123107	
      2970	0.000127086	
      2971	0.000131317	
      2972	0.000135713	
      2973	0.000140283	
      2974	0.000145034	
      2975	0.000149974	
      2976	0.000154993	
      2977	0.000160212	
      2978	0.000165641	
      2979	0.000171288	
      2980	0.000177166	
      2981	0.000183426	
      2982	0.00018995	
      2983	0.000196751	
      2984	0.000203843	
      2985	0.000211241	
      2986	0.00021879	
      2987	0.000226665	
      2988	0.000234883	
      2989	0.000243464	
      2990	0.000252427	
      2991	0.000261998	
      2992	0.000272011	
      2993	0.000282491	
      2994	0.000293466	
      2995	0.000304966	
      2996	0.000317023	
      2997	0.000329673	
      2998	0.000342954	
      2999	0.00035691	
      3000	0.000371589	
      3001	0.000371426	
      3002	0.000371264	
      3003	 0.0003711	
      3004	0.000370936	
      3005	0.000370772	
      3006	0.000370903	
      3007	0.000371034	
      3008	0.000371165	
      3009	0.000371296	
      3010	0.000371428	
      3011	0.000371559	
      3012	0.000371691	
      3013	0.000371823	
      3014	0.000371956	
      3015	0.000372088	
      3016	0.000371921	
      3017	0.000371754	
      3018	0.000371587	
      3019	0.000371419	
      3020	0.000371251	
      3021	0.000371082	
      3022	0.000370912	
      3023	0.000370743	
      3024	0.000370572	
      3025	0.000370401	
      3026	0.000370533	
      3027	0.000370665	
      3028	0.000370797	
      3029	0.000370929	
      3030	0.000371062	
      3031	0.00037089	
      3032	0.000370718	
      3033	0.000370546	
      3034	0.000370373	
      3035	 0.0003702	
      3036	0.00036972	
      3037	0.000369239	
      3038	0.000368757	
      3039	0.000368274	
      3040	0.000367943	
      3041	0.000368537	
      3042	0.000369286	
      3043	0.000370036	
      3044	0.000370789	
      3045	0.000371544	
      3046	0.00037199	
      3047	0.000372438	
      3048	0.000372887	
      3049	0.000373338	
      3050	0.000373789	
      3051	0.00037393	
      3052	0.000374071	
      3053	0.000374213	
      3054	0.000374356	
      3055	0.000374499	
      3056	0.000374643	
      3057	0.000374787	
      3058	0.000374932	
      3059	0.000375078	
      3060	0.000375224	
      3061	0.00037474	
      3062	0.000374255	
      3063	0.000373769	
      3064	0.000373282	
      3065	0.000372953	
      3066	0.000372942	
      3067	0.000373089	
      3068	0.000373238	
      3069	0.000373388	
      3070	0.000373539	
      3071	0.00037401	
      3072	0.000374483	
      3073	0.000374958	
      3074	0.000375435	
      3075	0.000375914	
      3076	0.000375752	
      3077	0.00037559	
      3078	0.000375428	
      3079	0.000375267	
      3080	0.000375107	
      3081	0.000374947	
      3082	0.000374788	
      3083	0.00037463	
      3084	0.000374473	
      3085	0.000374316	
      3086	0.000374161	
      3087	0.000374007	
      3088	0.000373854	
      3089	0.000373702	
      3090	0.000373552	
      3091	0.000373403	
      3092	0.000373256	
      3093	0.000373111	
      3094	0.000372968	
      3095	0.000372827	
      3096	0.000372688	
      3097	0.000372552	
      3098	0.000372419	
      3099	0.000372289	
      3100	0.000372162	
      3101	0.000367431	
      3102	0.000366455	
      3103	0.000366585	
      3104	0.000367318	
      3105	0.000368451	
      3106	0.000369547	
      3107	0.000370873	
      3108	0.000372386	
      3109	0.000374059	
      3110	0.000375873	
      3111	0.000377468	
      3112	0.000379171	
      3113	0.000380972	
      3114	0.000382865	
      3115	0.00038502	
      3116	0.000387613	
      3117	0.000390472	
      3118	0.000393415	
      3119	0.000396442	
      3120	0.000399549	
      3121	0.000402737	
      3122	0.000406003	
      3123	0.000409347	
      3124	0.000412768	
      3125	0.000416266	
      3126	0.00041984	
      3127	0.00042349	
      3128	0.000427217	
      3129	0.000431021	
      3130	0.000434901	
      3131	0.000438859	
      3132	0.000442895	
      3133	0.000447009	
      3134	0.000451202	
      3135	0.000455475	
      3136	0.000459399	
      3137	0.000463396	
      3138	0.000467465	
      3139	0.000471609	
      3140	0.000475827	
      3141	0.000480576	
      3142	0.000485411	
      3143	0.000490334	
      3144	0.000495347	
      3145	0.000500451	
      3146	0.000505167	
      3147	0.000509967	
      3148	0.000514851	
      3149	0.00051982	
      3150	0.000524877	
      3151	0.000530531	
      3152	0.000536287	
      3153	0.000542147	
      3154	0.000548113	
      3155	0.000554188	
      3156	0.000560373	
      3157	0.000566671	
      3158	0.000573084	
      3159	0.000579614	
      3160	0.000586263	
      3161	0.000593609	
      3162	0.000601094	
      3163	0.000608722	
      3164	0.000616495	
      3165	0.000624417	
      3166	0.00063127	
      3167	0.000638246	
      3168	0.00064535	
      3169	0.000652584	
      3170	0.000660272	
      3171	0.000668756	
      3172	0.000677737	
      3173	0.000686895	
      3174	0.000696236	
      3175	0.000705764	
      3176	0.000714088	
      3177	0.00072257	
      3178	0.000731213	
      3179	0.000740022	
      3180	0.000749001	
      3181	0.000758902	
      3182	0.000769003	
      3183	0.000779309	
      3184	0.000789826	
      3185	0.000800559	
      3186	0.000812318	
      3187	0.000824328	
      3188	0.000836598	
      3189	0.000849133	
      3190	0.000861942	
      3191	0.000874166	
      3192	0.000886653	
      3193	0.00089941	
      3194	0.000912446	
      3195	0.000925768	
      3196	0.00093845	
      3197	0.000951405	
      3198	0.000964643	
      3199	0.000978171	
      3200	0.000992498	
      3201	0.00098631	
      3202	0.000980674	
      3203	0.00097509	
      3204	0.000969556	
      3205	0.000964073	
      3206	0.000957676	
      3207	0.000951339	
      3208	0.00094506	
      3209	0.000938838	
      3210	0.000932674	
      3211	0.000925628	
      3212	0.000918648	
      3213	0.000911733	
      3214	0.000904881	
      3215	0.000898092	
      3216	0.000892276	
      3217	0.000886511	
      3218	0.000880797	
      3219	0.000875132	
      3220	0.000869517	
      3221	0.000863949	
      3222	0.00085843	
      3223	0.000852957	
      3224	0.000847531	
      3225	0.000842151	
      3226	0.00083768	
      3227	0.000833244	
      3228	0.000828843	
      3229	0.000824477	
      3230	0.000820145	
      3231	0.000815006	
      3232	0.000809909	
      3233	0.000804854	
      3234	0.000799839	
      3235	0.000794865	
      3236	0.000789932	
      3237	0.000785037	
      3238	0.000780182	
      3239	0.000775366	
      3240	0.000770588	
      3241	0.000765848	
      3242	0.000761145	
      3243	0.000756479	
      3244	0.00075185	
      3245	0.000747256	
      3246	0.000743477	
      3247	0.000739726	
      3248	0.000736001	
      3249	0.000732303	
      3250	0.000728632	
      3251	0.000723469	
      3252	0.000718347	
      3253	0.000713265	
      3254	0.000708224	
      3255	0.000703223	
      3256	0.000699001	
      3257	0.000694811	
      3258	0.000690652	
      3259	0.000686525	
      3260	0.000682428	
      3261	0.000678361	
      3262	0.000674324	
      3263	0.000670318	
      3264	0.00066634	
      3265	0.000662392	
      3266	0.000658472	
      3267	0.000654581	
      3268	0.000650718	
      3269	0.000646884	
      3270	0.000643076	
      3271	0.000639297	
      3272	0.000635544	
      3273	0.000631819	
      3274	0.00062812	
      3275	0.000624447	
      3276	 0.0006208	
      3277	0.00061718	
      3278	0.000613585	
      3279	0.000610015	
      3280	0.00060647	
      3281	0.000602951	
      3282	0.000599455	
      3283	0.000595985	
      3284	0.000592538	
      3285	0.000589116	
      3286	0.000586358	
      3287	0.000583618	
      3288	0.000580895	
      3289	0.000578189	
      3290	0.000575186	
      3291	0.00057095	
      3292	0.000566434	
      3293	0.000561953	
      3294	0.000557504	
      3295	0.000553396	
      3296	0.00054993	
      3297	0.000546793	
      3298	0.000543677	
      3299	0.000540582	
      3300	0.000537507	
      3301	0.000545159	
      3302	0.000552947	
      3303	0.000560876	
      3304	0.000568948	
      3305	0.000577167	
      3306	0.000584228	
      3307	0.000591404	
      3308	0.000598698	
      3309	0.000606113	
      3310	0.000613652	
      3311	0.00062202	
      3312	0.000630538	
      3313	0.000639209	
      3314	0.000648038	
      3315	0.000657027	
      3316	0.000664665	
      3317	0.000672425	
      3318	0.000680311	
      3319	0.000688325	
      3320	0.000696873	
      3321	0.000707203	
      3322	0.000718148	
      3323	0.000729312	
      3324	 0.0007407	
      3325	0.000752318	
      3326	0.000762406	
      3327	0.00077268	
      3328	0.000783145	
      3329	0.000793807	
      3330	0.000804669	
      3331	0.000816695	
      3332	0.000828963	
      3333	0.00084148	
      3334	0.000854254	
      3335	0.000867292	
      3336	0.000880599	
      3337	0.000894186	
      3338	0.000908058	
      3339	0.000922225	
      3340	0.000936694	
      3341	0.000951476	
      3342	0.000966578	
      3343	0.00098201	
      3344	0.000997783	
      3345	0.00101391	
      3346	0.00102916	
      3347	0.00104475	
      3348	0.00106067	
      3349	0.00107695	
      3350	0.00109358	
      3351	0.00111193	
      3352	0.00113071	
      3353	0.00114994	
      3354	0.00116963	
      3355	 0.0011898	
      3356	0.00121046	
      3357	0.00123163	
      3358	0.00125333	
      3359	0.00127558	
      3360	0.00129839	
      3361	 0.0013218	
      3362	 0.0013458	
      3363	0.00137044	
      3364	0.00139574	
      3365	0.00142171	
      3366	0.00144839	
      3367	0.00147581	
      3368	0.00150399	
      3369	0.00153296	
      3370	0.00156276	
      3371	0.00159342	
      3372	0.00162497	
      3373	0.00165746	
      3374	0.00169093	
      3375	0.00172542	
      3376	0.00176098	
      3377	0.00179765	
      3378	0.00183549	
      3379	0.00187456	
      3380	0.00191491	
      3381	0.00195906	
      3382	0.00200474	
      3383	0.00205202	
      3384	0.00210101	
      3385	0.00215179	
      3386	0.00220169	
      3387	0.00225346	
      3388	 0.0023072	
      3389	0.00236302	
      3390	0.00242106	
      3391	0.00248145	
      3392	0.00254435	
      3393	0.00260993	
      3394	0.00267837	
      3395	0.00274988	
      3396	 0.0028211	
      3397	0.00289567	
      3398	0.00297384	
      3399	0.00305593	
      3400	0.00314427	
      3401	0.00316949	
      3402	0.00319704	
      3403	0.00322493	
      3404	0.00325314	
      3405	0.00327961	
      3406	0.00329796	
      3407	0.00331439	
      3408	0.00333098	
      3409	0.00334773	
      3410	0.00336683	
      3411	0.00339051	
      3412	0.00341666	
      3413	0.00344314	
      3414	0.00346993	
      3415	0.00349706	
      3416	0.00351997	
      3417	0.00354315	
      3418	 0.0035666	
      3419	0.00359034	
      3420	0.00361436	
      3421	0.00363867	
      3422	0.00366327	
      3423	0.00368818	
      3424	 0.0037134	
      3425	0.00373893	
      3426	0.00376478	
      3427	0.00379096	
      3428	0.00381748	
      3429	0.00384434	
      3430	0.00387155	
      3431	0.00390425	
      3432	 0.0039374	
      3433	0.00397102	
      3434	0.00400511	
      3435	0.00403968	
      3436	0.00406939	
      3437	0.00409951	
      3438	0.00413005	
      3439	0.00416101	
      3440	0.00419243	
      3441	0.00422429	
      3442	0.00425662	
      3443	0.00428942	
      3444	0.00432271	
      3445	 0.0043565	
      3446	 0.0043908	
      3447	0.00442563	
      3448	  0.004461	
      3449	0.00449692	
      3450	0.00453341	
      3451	0.00457663	
      3452	0.00462056	
      3453	0.00466524	
      3454	0.00471068	
      3455	 0.0047569	
      3456	0.00479747	
      3457	0.00483875	
      3458	0.00488074	
      3459	0.00492349	
      3460	0.00496699	
      3461	0.00501808	
      3462	0.00507012	
      3463	0.00512315	
      3464	 0.0051772	
      3465	0.00523231	
      3466	0.00528136	
      3467	 0.0053314	
      3468	0.00538244	
      3469	0.00543454	
      3470	0.00548772	
      3471	0.00554204	
      3472	0.00559754	
      3473	0.00565426	
      3474	0.00571226	
      3475	0.00577159	
      3476	0.00583231	
      3477	0.00589448	
      3478	0.00595817	
      3479	0.00602345	
      3480	 0.0060904	
      3481	0.00616761	
      3482	0.00624688	
      3483	0.00632833	
      3484	0.00641206	
      3485	0.00649821	
      3486	0.00657783	
      3487	0.00665992	
      3488	0.00674463	
      3489	0.00683214	
      3490	0.00692266	
      3491	0.00701641	
      3492	0.00711365	
      3493	0.00721467	
      3494	0.00731983	
      3495	0.00742953	
      3496	0.00754424	
      3497	0.00766457	
      3498	0.00779122	
      3499	0.00792513	
      3500	 0.0080675	
      3501	0.00807429	
      3502	 0.0080811	
      3503	0.00808794	
      3504	 0.0080948	
      3505	0.00810168	
      3506	0.00809717	
      3507	0.00809267	
      3508	0.00808817	
      3509	0.00808368	
      3510	0.00807919	
      3511	0.00807471	
      3512	0.00807024	
      3513	0.00806577	
      3514	0.00806131	
      3515	0.00805686	
      3516	0.00805242	
      3517	0.00804798	
      3518	0.00804355	
      3519	0.00803913	
      3520	0.00803472	
      3521	0.00804189	
      3522	0.00804909	
      3523	0.00805632	
      3524	0.00806357	
      3525	0.00807087	
      3526	0.00806656	
      3527	0.00806227	
      3528	0.00805799	
      3529	0.00805373	
      3530	0.00804947	
      3531	 0.0080569	
      3532	0.00806437	
      3533	0.00807187	
      3534	0.00807941	
      3535	0.00808699	
      3536	0.00808287	
      3537	0.00807876	
      3538	0.00807467	
      3539	 0.0080706	
      3540	0.00806654	
      3541	0.00807429	
      3542	0.00808207	
      3543	 0.0080899	
      3544	0.00809777	
      3545	0.00810568	
      3546	 0.0081018	
      3547	0.00809793	
      3548	0.00809408	
      3549	0.00809026	
      3550	0.00808646	
      3551	0.00808268	
      3552	0.00807893	
      3553	 0.0080752	
      3554	 0.0080715	
      3555	0.00806783	
      3556	0.00806418	
      3557	0.00806057	
      3558	0.00805698	
      3559	0.00805343	
      3560	 0.0080499	
      3561	0.00805844	
      3562	0.00806704	
      3563	 0.0080757	
      3564	0.00808442	
      3565	0.00809321	
      3566	0.00808998	
      3567	0.00808678	
      3568	0.00808363	
      3569	0.00808053	
      3570	0.00807747	
      3571	0.00807447	
      3572	0.00807151	
      3573	0.00806861	
      3574	0.00806576	
      3575	0.00806298	
      3576	0.00806025	
      3577	0.00805759	
      3578	  0.008055	
      3579	0.00805247	
      3580	0.00805002	
      3581	0.00805996	
      3582	   0.00807	
      3583	0.00808016	
      3584	0.00809045	
      3585	0.00810086	
      3586	0.00809902	
      3587	0.00809729	
      3588	0.00809568	
      3589	0.00809418	
      3590	0.00809282	
      3591	0.00809159	
      3592	0.00809051	
      3593	0.00808959	
      3594	0.00808883	
      3595	0.00808826	
      3596	0.00810045	
      3597	0.00811288	
      3598	0.00812559	
      3599	 0.0081386	
      3600	0.00815193	
      3601	0.00814399	
      3602	0.00813605	
      3603	 0.0081281	
      3604	0.00812015	
      3605	 0.0081122	
      3606	0.00810424	
      3607	0.00809628	
      3608	0.00808831	
      3609	0.00808034	
      3610	0.00807237	
      3611	0.00807711	
      3612	0.00808186	
      3613	0.00808663	
      3614	0.00809141	
      3615	0.00809619	
      3616	0.00808824	
      3617	0.00808028	
      3618	0.00807231	
      3619	0.00806435	
      3620	0.00805638	
      3621	 0.0080612	
      3622	0.00806604	
      3623	0.00807088	
      3624	0.00807574	
      3625	0.00808062	
      3626	0.00807267	
      3627	0.00806472	
      3628	0.00805676	
      3629	0.00804881	
      3630	0.00804085	
      3631	0.00804576	
      3632	0.00805069	
      3633	0.00805563	
      3634	0.00806058	
      3635	0.00806555	
      3636	0.00805762	
      3637	0.00804969	
      3638	0.00804176	
      3639	0.00803382	
      3640	0.00802589	
      3641	 0.0080309	
      3642	0.00803594	
      3643	0.00804098	
      3644	0.00804604	
      3645	0.00805112	
      3646	0.00804322	
      3647	0.00803532	
      3648	0.00802742	
      3649	0.00801952	
      3650	0.00801162	
      3651	0.00800372	
      3652	0.00799582	
      3653	0.00798793	
      3654	0.00798003	
      3655	0.00797213	
      3656	0.00797731	
      3657	0.00798251	
      3658	0.00798773	
      3659	0.00799297	
      3660	0.00799823	
      3661	0.00800351	
      3662	0.00800881	
      3663	0.00801413	
      3664	0.00801946	
      3665	0.00802482	
      3666	0.00800388	
      3667	0.00798292	
      3668	0.00796194	
      3669	0.00794096	
      3670	0.00792656	
      3671	0.00792537	
      3672	 0.0079308	
      3673	0.00793625	
      3674	0.00794173	
      3675	0.00794723	
      3676	0.00793951	
      3677	0.00793179	
      3678	0.00792409	
      3679	0.00791639	
      3680	 0.0079087	
      3681	0.00790102	
      3682	0.00789335	
      3683	 0.0078857	
      3684	0.00787805	
      3685	0.00787042	
      3686	0.00787615	
      3687	0.00788192	
      3688	0.00788772	
      3689	0.00789356	
      3690	0.00789943	
      3691	0.00789194	
      3692	0.00788447	
      3693	0.00787703	
      3694	 0.0078696	
      3695	 0.0078622	
      3696	0.00785482	
      3697	0.00784746	
      3698	0.00784014	
      3699	0.00783284	
      3700	0.00782558	
      3701	0.00783135	
      3702	0.00783714	
      3703	0.00784296	
      3704	0.00784879	
      3705	0.00785464	
      3706	0.00784696	
      3707	0.00783928	
      3708	 0.0078316	
      3709	0.00782392	
      3710	0.00781624	
      3711	0.00782217	
      3712	0.00782811	
      3713	0.00783408	
      3714	0.00784006	
      3715	0.00784607	
      3716	0.00783844	
      3717	0.00783081	
      3718	0.00782319	
      3719	0.00781556	
      3720	0.00780793	
      3721	0.00781401	
      3722	0.00782011	
      3723	0.00782624	
      3724	0.00783238	
      3725	0.00783855	
      3726	0.00783098	
      3727	0.00782341	
      3728	0.00781583	
      3729	0.00780826	
      3730	0.00780069	
      3731	0.00780694	
      3732	0.00781321	
      3733	 0.0078195	
      3734	0.00782581	
      3735	0.00783215	
      3736	0.00781077	
      3737	0.00778936	
      3738	0.00776793	
      3739	0.00774648	
      3740	0.00773196	
      3741	0.00773137	
      3742	0.00773775	
      3743	0.00774417	
      3744	 0.0077506	
      3745	0.00775706	
      3746	0.00774956	
      3747	0.00774206	
      3748	0.00773455	
      3749	0.00772705	
      3750	0.00771956	
      3751	 0.0077261	
      3752	0.00773268	
      3753	0.00773928	
      3754	0.00774591	
      3755	0.00775256	
      3756	0.00774513	
      3757	 0.0077377	
      3758	0.00773027	
      3759	0.00772285	
      3760	0.00771543	
      3761	0.00772218	
      3762	0.00772895	
      3763	0.00773575	
      3764	0.00774259	
      3765	0.00774944	
      3766	0.00775633	
      3767	0.00776324	
      3768	0.00777019	
      3769	0.00777716	
      3770	0.00778416	
      3771	0.00777689	
      3772	0.00776963	
      3773	0.00776237	
      3774	0.00775512	
      3775	0.00774786	
      3776	0.00774062	
      3777	0.00773337	
      3778	0.00772613	
      3779	 0.0077189	
      3780	0.00771167	
      3781	0.00771887	
      3782	 0.0077261	
      3783	0.00773336	
      3784	0.00774066	
      3785	0.00774799	
      3786	0.00774086	
      3787	0.00773373	
      3788	0.00772661	
      3789	0.00771949	
      3790	0.00771238	
      3791	0.00771984	
      3792	0.00772734	
      3793	0.00773487	
      3794	0.00774243	
      3795	0.00775003	
      3796	0.00774304	
      3797	0.00773604	
      3798	0.00772906	
      3799	0.00772208	
      3800	0.00771511	
      3801	0.00766466	
      3802	0.00762553	
      3803	  0.007593	
      3804	0.00756491	
      3805	0.00754008	
      3806	0.00750344	
      3807	0.00746892	
      3808	0.00743614	
      3809	0.00740485	
      3810	0.00737483	
      3811	 0.0073601	
      3812	 0.0073463	
      3813	0.00733335	
      3814	0.00732116	
      3815	0.00730965	
      3816	0.00728475	
      3817	0.00726046	
      3818	0.00723676	
      3819	0.00721358	
      3820	0.00719091	
      3821	0.00718265	
      3822	 0.0071748	
      3823	0.00716734	
      3824	0.00716025	
      3825	 0.0071535	
      3826	0.00714709	
      3827	0.00714099	
      3828	 0.0071352	
      3829	 0.0071297	
      3830	0.00712448	
      3831	 0.0071057	
      3832	0.00708721	
      3833	0.00706898	
      3834	0.00705102	
      3835	 0.0070333	
      3836	0.00702962	
      3837	0.00702615	
      3838	0.00702291	
      3839	0.00701988	
      3840	0.00701705	
      3841	0.00700067	
      3842	0.00698451	
      3843	0.00696855	
      3844	0.00695279	
      3845	0.00693722	
      3846	0.00693559	
      3847	0.00693413	
      3848	0.00693286	
      3849	0.00693177	
      3850	0.00693086	
      3851	 0.0069164	
      3852	0.00690212	
      3853	0.00688801	
      3854	0.00687408	
      3855	0.00686032	
      3856	 0.0068536	
      3857	0.00684704	
      3858	0.00683379	
      3859	0.00682758	
      3860	0.00682154	
      3861	0.00681566	
      3862	0.00681682	
      3863	0.00681129	
      3864	 0.0068128	
      3865	0.00680762	
      3866	0.00679574	
      3867	0.00679091	
      3868	0.00677938	
      3869	 0.0067749	
      3870	0.00676372	
      3871	0.00676649	
      3872	0.00676946	
      3873	0.00677261	
      3874	0.00677597	
      3875	0.00677954	
      3876	0.00676951	
      3877	0.00676659	
      3878	0.00675697	
      3879	0.00675447	
      3880	0.00674528	
      3881	0.00674323	
      3882	0.00674142	
      3883	0.00673985	
      3884	0.00673854	
      3885	0.00673748	
      3886	0.00674366	
      3887	0.00675013	
      3888	0.00676388	
      3889	  0.006771	
      3890	0.00677847	
      3891	0.00677231	
      3892	0.00676651	
      3893	0.00676809	
      3894	0.00676307	
      3895	0.00675846	
      3896	0.00676839	
      3897	0.00677179	
      3898	0.00678281	
      3899	0.00678739	
      3900	0.00679971	
      3901	0.00681032	
      3902	0.00682099	
      3903	 0.0068246	
      3904	0.00683539	
      3905	0.00684624	
      3906	   0.00685	
      3907	0.00684665	
      3908	0.00685049	
      3909	0.00684719	
      3910	0.00685111	
      3911	0.00686228	
      3912	 0.0068663	
      3913	0.00687761	
      3914	0.00688174	
      3915	0.00689318	
      3916	0.00689016	
      3917	0.00688716	
      3918	0.00689149	
      3919	0.00688856	
      3920	0.00688567	
      3921	0.00689746	
      3922	0.00690934	
      3923	0.00691395	
      3924	0.00692598	
      3925	 0.0069381	
      3926	0.00693552	
      3927	0.00694039	
      3928	 0.0069379	
      3929	0.00694288	
      3930	0.00694048	
      3931	0.00695305	
      3932	0.00695824	
      3933	0.00697099	
      3934	0.00697634	
      3935	0.00698928	
      3936	0.00699479	
      3937	0.00699284	
      3938	0.00699851	
      3939	0.00699668	
      3940	 0.0070025	
      3941	 0.0070084	
      3942	0.00702201	
      3943	0.00702811	
      3944	0.00704195	
      3945	0.00704825	
      3946	0.00704698	
      3947	0.00704578	
      3948	0.00705236	
      3949	0.00705133	
      3950	0.00705037	
      3951	0.00705725	
      3952	0.00707202	
      3953	0.00707916	
      3954	0.00709422	
      3955	0.00710162	
      3956	0.00710916	
      3957	0.00711683	
      3958	0.00711677	
      3959	0.00712471	
      3960	 0.0071328	
      3961	0.00714898	
      3962	0.00716535	
      3963	0.00717396	
      3964	0.00719073	
      3965	0.00720771	
      3966	0.00720888	
      3967	0.00721825	
      3968	0.00721976	
      3969	0.00722952	
      3970	 0.0072314	
      3971	0.00724971	
      3972	0.00726015	
      3973	0.00727901	
      3974	0.00728999	
      3975	0.00730945	
      3976	0.00732101	
      3977	0.00732464	
      3978	 0.0073368	
      3979	0.00734101	
      3980	0.00735385	
      3981	0.00736706	
      3982	0.00738067	
      3983	 0.0074031	
      3984	0.00741762	
      3985	0.00743262	
      3986	0.00745662	
      3987	0.00747274	
      3988	0.00749799	
      3989	0.00751539	
      3990	0.00754211	
      3991	0.00755243	
      3992	0.00757221	
      3993	0.00758426	
      3994	0.00760604	
      3995	0.00762027	
      3996	0.00765339	
      3997	0.00767935	
      3998	0.00771607	
      3999	0.00774619	
      4000	0.00778806	
