280	4.7218e-18
281	1.0575e-17
282	2.1751e-17
283	3.15879e-17
284	3.44928e-17
285	2.64447e-17
286	4.01403e-17
287	6.79372e-17
288	7.35254e-17
289	1.06345e-16
290	1.72924e-16
291	2.22234e-16
292	2.39144e-16
293	2.63849e-16
294	3.02062e-16
295	3.4765e-16
296	4.16888e-16
297	4.30609e-16
298	5.03893e-16
299	5.35578e-16
300	5.89417e-16
301	8.53552e-15
302	1.2738e-13
303	2.33442e-12
304	3.57562e-11
305	5.18403e-10
306	1.49998e-09
307	4.91838e-09
308	1.63618e-08
309	4.60109e-08
310	1.38605e-07
311	3.93881e-07
312	8.23106e-07
313	1.74288e-06
314	3.80398e-06
315	7.70504e-06
316	1.02059e-05
317	1.75649e-05
318	2.53065e-05
319	3.50867e-05
320	5.54424e-05
321	7.37556e-05
322	9.34523e-05
323	0.000116258
324	0.00017074
325	0.000259993
326	0.000368164
327	0.000453856
328	0.000524504
329	0.000665352
330	0.000866145
331	0.000898195
332	0.000995916
333	0.00108608
334	0.00121621
335	0.00141471
336	0.00139
337	0.0014141
338	0.00169932
339	0.00195045
340	0.00225995
341	0.00232779
342	0.00252833
343	0.0027994
344	0.00257842
345	0.00285928
346	0.00322361
347	0.00345878
348	0.00358628
349	0.00375728
350	0.00440277
351	0.00486465
352	0.00480094
353	0.00516175
354	0.00616601
355	0.00657368
356	0.00632517
357	0.0056593
358	0.00539605
359	0.00625717
360	0.00803297
361	0.00762468
362	0.00811077
363	0.00926437
364	0.00973296
365	0.0107234
366	0.0127348
367	0.0132426
368	0.012936
369	0.0138319
370	0.0151034
371	0.0148839
372	0.0150003
373	0.0139972
374	0.013244
375	0.0147245
376	0.017034
377	0.0190765
378	0.0229072
379	0.0213385
380	0.020769
381	0.0225817
382	0.0186019
383	0.0150567
384	0.0173345
385	0.0224598
386	0.0225109
387	0.0238068
388	0.0240753
389	0.0268703
390	0.0316193
391	0.0347123
392	0.0330621
393	0.0218492
394	0.0230841
395	0.0364854
396	0.0345616
397	0.0246982
398	0.0416852
399	0.0543121
400	0.0587858
401	0.0625602
402	0.0659757
403	0.0662491
404	0.0681632
405	0.0687096
406	0.0686457
407	0.0693477
408	0.0738592
409	0.0783708
410	0.072834
411	0.0800393
412	0.0862815
413	0.0859342
414	0.0868132
415	0.0914037
416	0.0956768
417	0.0957389
418	0.094751
419	0.0978959
420	0.0955886
421	0.105802
422	0.107969
423	0.107277
424	0.109092
425	0.113342
426	0.112723
427	0.111659
428	0.112891
429	0.105715
430	0.0889821
431	0.0884984
432	0.128532
433	0.129276
434	0.124412
435	0.13608
436	0.15025
437	0.154143
438	0.141583
439	0.140254
440	0.156913
441	0.161539
442	0.172459
443	0.178157
444	0.178241
445	0.183706
446	0.175267
447	0.19272
448	0.200063
449	0.203628
450	0.213009
451	0.22155
452	0.216604
453	0.207512
454	0.218836
455	0.223064
456	0.231414
457	0.236639
458	0.235698
459	0.236408
460	0.239438
461	0.2483
462	0.254412
463	0.257193
464	0.254306
465	0.253491
466	0.258542
467	0.254987
468	0.264827
469	0.269144
470	0.265012
471	0.271686
472	0.284526
473	0.281603
474	0.286892
475	0.296908
476	0.294339
477	0.299736
478	0.309276
479	0.308788
480	0.314496
481	0.317134
482	0.319561
483	0.318436
484	0.316033
485	0.309514
486	0.270079
487	0.291213
488	0.313926
489	0.309372
490	0.33445
491	0.329717
492	0.321858
493	0.337039
494	0.338537
495	0.353778
496	0.346727
497	0.349948
498	0.345327
499	0.346672
500	0.347985
501	0.342306
502	0.345494
503	0.357744
504	0.348348
505	0.366825
506	0.381475
507	0.371659
508	0.365509
509	0.378124
510	0.374765
511	0.381564
512	0.389398
513	0.37414
514	0.367648
515	0.378179
516	0.374836
517	0.329484
518	0.355021
519	0.357803
520	0.383767
521	0.392561
522	0.399294
523	0.387042
524	0.407526
525	0.409777
526	0.395434
527	0.364833
528	0.401335
529	0.42186
530	0.41589
531	0.432518
532	0.425139
533	0.394532
534	0.411184
535	0.423225
536	0.433384
537	0.414469
538	0.425734
539	0.419836
540	0.407906
541	0.400601
542	0.426659
543	0.428211
544	0.439551
545	0.434445
546	0.433628
547	0.437153
548	0.432172
549	0.440663
550	0.440324
551	0.441809
552	0.448023
553	0.440561
554	0.447045
555	0.449948
556	0.44417
557	0.436252
558	0.439982
559	0.426578
560	0.432968
561	0.449903
562	0.439405
563	0.449103
564	0.446702
565	0.445182
566	0.4315
567	0.450576
568	0.452035
569	0.446777
570	0.444232
571	0.434444
572	0.453149
573	0.458827
574	0.457087
575	0.450257
576	0.44964
577	0.456184
578	0.448266
579	0.451824
580	0.455743
581	0.458143
582	0.463709
583	0.467434
584	0.467087
585	0.464841
586	0.458134
587	0.467
588	0.459931
589	0.425533
590	0.44274
591	0.464256
592	0.464839
593	0.465743
594	0.468286
595	0.469864
596	0.476757
597	0.481065
598	0.476034
599	0.476008
600	0.479729
601	0.476334
602	0.475328
603	0.485086
604	0.495377
605	0.497455
606	0.498611
607	0.501733
608	0.503018
609	0.502649
610	0.505334
611	0.50774
612	0.516852
613	0.513283
614	0.506586
615	0.518055
616	0.511589
617	0.511178
618	0.528666
619	0.537332
620	0.542123
621	0.546941
622	0.54174
623	0.543706
624	0.544025
625	0.540199
626	0.544963
627	0.561425
628	0.567588
629	0.570837
630	0.569404
631	0.566301
632	0.554512
633	0.574189
634	0.573576
635	0.57643
636	0.571791
637	0.587018
638	0.594361
639	0.590993
640	0.582595
641	0.584047
642	0.58822
643	0.596077
644	0.595692
645	0.601761
646	0.595747
647	0.602292
648	0.601337
649	0.58897
650	0.587872
651	0.612119
652	0.613965
653	0.618222
654	0.613248
655	0.58813
656	0.532219
657	0.551184
658	0.605181
659	0.61773
660	0.627875
661	0.635575
662	0.639256
663	0.63936
664	0.640463
665	0.64932
666	0.649907
667	0.646274
668	0.636617
669	0.633839
670	0.620345
671	0.613601
672	0.604821
673	0.603679
674	0.598522
675	0.594231
676	0.597133
677	0.591398
678	0.591273
679	0.584943
680	0.583175
681	0.582512
682	0.581471
683	0.577604
684	0.573829
685	0.571112
686	0.561162
687	0.571249
688	0.576036
689	0.576496
690	0.576033
691	0.577006
692	0.576032
693	0.583055
694	0.587709
695	0.586886
696	0.591219
697	0.595682
698	0.595583
699	0.602947
700	0.605747
701	0.607637
702	0.610794
703	0.620797
704	0.632366
705	0.642825
706	0.644273
707	0.648705
708	0.65783
709	0.667588
710	0.693928
711	0.640782
712	0.607639
713	0.584659
714	0.569971
715	0.548839
716	0.541493
717	0.531275
718	0.515793
719	0.497095
720	0.505057
721	0.504605
722	0.503778
723	0.49889
724	0.497798
725	0.498349
726	0.502711
727	0.510149
728	0.515511
729	0.509376
730	0.531688
731	0.536145
732	0.549819
733	0.556921
734	0.576578
735	0.586578
736	0.593253
737	0.607123
738	0.619293
739	0.627386
740	0.664578
741	0.664173
742	0.66446
743	0.679307
744	0.687724
745	0.68764
746	0.690324
747	0.693153
748	0.692789
749	0.695355
750	0.695534
751	0.699671
752	0.705572
753	0.710947
754	0.71688
755	0.717919
756	0.711211
757	0.712231
758	0.716684
759	0.711119
760	0.714757
761	0.712706
762	0.713491
763	0.663675
764	0.626931
765	0.594238
766	0.556082
767	0.540708
768	0.542988
769	0.545466
770	0.552748
771	0.561617
772	0.571023
773	0.581066
774	0.591879
775	0.603655
776	0.616046
777	0.626885
778	0.644198
779	0.669295
780	0.708787
781	0.706631
782	0.709353
783	0.704203
784	0.699245
785	0.702554
786	0.70301
787	0.70207
788	0.697506
789	0.69595
790	0.69075
791	0.68485
792	0.678984
793	0.673145
794	0.668067
795	0.668177
796	0.674215
797	0.683227
798	0.679699
799	0.673227
800	0.665286
801	0.648195
802	0.632385
803	0.612387
804	0.602586
805	0.584144
806	0.585094
807	0.57561
808	0.566752
809	0.553402
810	0.549902
811	0.545465
812	0.543732
813	0.539185
814	0.53367
815	0.525422
816	0.520356
817	0.51395
818	0.500898
819	0.488201
820	0.483161
821	0.481088
822	0.471927
823	0.472875
824	0.47103
825	0.481794
826	0.496836
827	0.509506
828	0.519165
829	0.530158
830	0.546855
831	0.56725
832	0.57941
833	0.573075
834	0.584195
835	0.591446
836	0.60044
837	0.602676
838	0.607429
839	0.610478
840	0.621538
841	0.622841
842	0.615974
843	0.615074
844	0.610442
845	0.624649
846	0.626895
847	0.615539
848	0.615573
849	0.61031
850	0.573432
851	0.608184
852	0.613198
853	0.602417
854	0.556575
855	0.582862
856	0.622038
857	0.640304
858	0.646305
859	0.650996
860	0.654648
861	0.654668
862	0.660425
863	0.660124
864	0.649418
865	0.630826
866	0.57832
867	0.605808
868	0.63259
869	0.633181
870	0.640519
871	0.63659
872	0.641469
873	0.636625
874	0.626737
875	0.621466
876	0.633947
877	0.63776
878	0.635628
879	0.628108
880	0.62629
881	0.55387
882	0.534642
883	0.513992
884	0.499422
885	0.48744
886	0.464016
887	0.450739
888	0.446688
889	0.43887
890	0.429046
891	0.419063
892	0.408117
893	0.395795
894	0.390002
895	0.384675
896	0.380487
897	0.372494
898	0.364925
899	0.356281
900	0.349722
901	0.339103
902	0.329754
903	0.336541
904	0.333572
905	0.327807
906	0.328899
907	0.333398
908	0.332923
909	0.3323
910	0.338101
911	0.342754
912	0.345399
913	0.352086
914	0.355829
915	0.357524
916	0.359105
917	0.357871
918	0.35774
919	0.358817
920	0.356414
921	0.351437
922	0.347311
923	0.339993
924	0.350254
925	0.352686
926	0.276869
927	0.237137
928	0.20316
929	0.176789
930	0.155845
931	0.140258
932	0.126377
933	0.115273
934	0.104918
935	0.0951715
936	0.0871152
937	0.0805155
938	0.0824169
939	0.0837122
940	0.083941
941	0.0844257
942	0.0843784
943	0.0880001
944	0.0887232
945	0.0907625
946	0.0932282
947	0.0950276
948	0.0972446
949	0.102825
950	0.10819
951	0.113606
952	0.12069
953	0.127766
954	0.13393
955	0.137711
956	0.15105
957	0.163594
958	0.177096
959	0.191924
960	0.206528
961	0.223953
962	0.246336
963	0.272136
964	0.303668
965	0.351174
966	0.352895
967	0.359042
968	0.360671
969	0.365799
970	0.371158
971	0.373313
972	0.379498
973	0.381754
974	0.382468
975	0.389263
976	0.397825
977	0.401379
978	0.408869
979	0.412213
980	0.421791
981	0.426673
982	0.433718
983	0.437237
984	0.439978
985	0.445774
986	0.449788
987	0.455709
988	0.46105
989	0.464404
990	0.473218
991	0.484587
992	0.493232
993	0.505791
994	0.515494
995	0.513793
996	0.51269
997	0.508165
998	0.507911
999	0.508165
1000	0.509629
1001	0.512465
1002	0.512742
1003	0.508197
1004	0.500458
1005	0.479157
1006	0.494521
1007	0.505086
1008	0.507623
1009	0.506618
1010	0.507617
1011	0.505832
1012	0.505184
1013	0.503492
1014	0.504341
1015	0.49933
1016	0.500006
1017	0.49815
1018	0.501313
1019	0.492775
1020	0.494632
1021	0.49606
1022	0.492285
1023	0.495605
1024	0.497885
1025	0.497875
1026	0.498331
1027	0.49773
1028	0.498317
1029	0.495795
1030	0.49706
1031	0.497196
1032	0.497011
1033	0.491989
1034	0.494434
1035	0.497143
1036	0.498049
1037	0.495419
1038	0.495244
1039	0.499204
1040	0.499429
1041	0.499728
1042	0.499464
1043	0.496612
1044	0.497553
1045	0.49423
1046	0.485613
1047	0.490914
1048	0.495193
1049	0.493904
1050	0.491684
1051	0.491692
1052	0.489655
1053	0.488731
1054	0.487992
1055	0.489485
1056	0.488744
1057	0.48763
1058	0.4826
1059	0.473278
1060	0.48045
1061	0.475694
1062	0.480916
1063	0.477551
1064	0.481745
1065	0.480904
1066	0.473511
1067	0.474722
1068	0.472558
1069	0.455143
1070	0.464397
1071	0.442265
1072	0.430251
1073	0.41518
1074	0.411274
1075	0.399408
1076	0.395252
1077	0.38957
1078	0.383569
1079	0.373554
1080	0.371703
1081	0.360637
1082	0.353688
1083	0.352873
1084	0.351671
1085	0.347874
1086	0.344233
1087	0.331886
1088	0.33382
1089	0.33236
1090	0.327788
1091	0.325485
1092	0.318266
1093	0.310874
1094	0.297286
1095	0.301671
1096	0.302208
1097	0.301743
1098	0.297942
1099	0.294721
1100	0.298946
1101	0.218838
1102	0.171187
1103	0.14349
1104	0.121486
1105	0.104185
1106	0.0904623
1107	0.0790739
1108	0.0700113
1109	0.0623114
1110	0.0558152
1111	0.0499701
1112	0.0450537
1113	0.0406352
1114	0.0371893
1115	0.0338281
1116	0.0306983
1117	0.0283259
1118	0.0257004
1119	0.0235891
1120	0.0216869
1121	0.023248
1122	0.024962
1123	0.0266966
1124	0.0285533
1125	0.0304095
1126	0.0320035
1127	0.0347987
1128	0.0379191
1129	0.0410085
1130	0.044229
1131	0.0441957
1132	0.0440263
1133	0.0433485
1134	0.0430883
1135	0.0428774
1136	0.0426309
1137	0.0416049
1138	0.0408888
1139	0.0411194
1140	0.0410231
1141	0.0402187
1142	0.040493
1143	0.0400622
1144	0.0395722
1145	0.0396185
1146	0.0428538
1147	0.0461363
1148	0.0494793
1149	0.0532783
1150	0.0575494
1151	0.062388
1152	0.0677311
1153	0.0742119
1154	0.0819693
1155	0.0903708
1156	0.0993651
1157	0.111336
1158	0.124993
1159	0.140286
1160	0.159638
1161	0.185394
1162	0.193558
1163	0.199812
1164	0.202766
1165	0.209491
1166	0.212217
1167	0.220391
1168	0.22777
1169	0.22988
1170	0.240958
1171	0.243901
1172	0.245327
1173	0.245554
1174	0.246721
1175	0.244669
1176	0.243307
1177	0.24868
1178	0.248836
1179	0.249852
1180	0.253749
1181	0.254394
1182	0.253755
1183	0.246088
1184	0.254984
1185	0.260105
1186	0.261943
1187	0.263496
1188	0.261858
1189	0.254808
1190	0.264237
1191	0.27079
1192	0.272607
1193	0.274265
1194	0.276103
1195	0.276355
1196	0.278144
1197	0.278527
1198	0.274889
1199	0.270784
1200	0.283519
1201	0.28677
1202	0.285938
1203	0.277897
1204	0.277433
1205	0.283929
1206	0.284368
1207	0.284823
1208	0.279207
1209	0.270687
1210	0.279999
1211	0.277955
1212	0.283176
1213	0.28521
1214	0.285048
1215	0.286243
1216	0.286903
1217	0.287392
1218	0.28733
1219	0.286794
1220	0.288612
1221	0.289515
1222	0.289571
1223	0.289071
1224	0.292726
1225	0.293491
1226	0.294485
1227	0.291216
1228	0.295151
1229	0.298822
1230	0.300109
1231	0.301277
1232	0.301309
1233	0.304228
1234	0.305914
1235	0.307519
1236	0.312039
1237	0.315569
1238	0.319177
1239	0.322376
1240	0.333187
1241	0.332314
1242	0.328676
1243	0.323354
1244	0.319787
1245	0.318353
1246	0.317968
1247	0.316099
1248	0.315679
1249	0.313609
1250	0.311096
1251	0.307557
1252	0.303915
1253	0.303099
1254	0.301742
1255	0.299757
1256	0.297571
1257	0.294857
1258	0.294062
1259	0.291668
1260	0.291093
1261	0.289089
1262	0.285351
1263	0.285656
1264	0.28215
1265	0.281298
1266	0.28118
1267	0.276824
1268	0.27416
1269	0.27496
1270	0.275302
1271	0.275675
1272	0.27528
1273	0.275653
1274	0.275435
1275	0.277814
1276	0.279791
1277	0.281185
1278	0.281981
1279	0.281852
1280	0.280943
1281	0.272882
1282	0.253665
1283	0.270836
1284	0.283759
1285	0.288586
1286	0.291693
1287	0.295141
1288	0.297405
1289	0.301183
1290	0.302126
1291	0.292524
1292	0.28568
1293	0.278958
1294	0.270455
1295	0.266739
1296	0.262982
1297	0.257493
1298	0.252188
1299	0.250261
1300	0.246511
1301	0.242738
1302	0.238056
1303	0.234208
1304	0.231085
1305	0.230342
1306	0.228422
1307	0.226256
1308	0.223838
1309	0.221717
1310	0.219015
1311	0.216536
1312	0.212827
1313	0.207118
1314	0.208856
1315	0.204082
1316	0.203301
1317	0.204528
1318	0.201958
1319	0.202795
1320	0.201473
1321	0.143275
1322	0.112018
1323	0.0912633
1324	0.0761675
1325	0.064512
1326	0.0551973
1327	0.0476697
1328	0.0417176
1329	0.0360839
1330	0.0322288
1331	0.028854
1332	0.0254699
1333	0.023181
1334	0.020952
1335	0.0188926
1336	0.0170063
1337	0.0154687
1338	0.0140303
1339	0.0126776
1340	0.0115736
1341	0.0107735
1342	0.0098884
1343	0.00909717
1344	0.00838788
1345	0.00773512
1346	0.00710068
1347	0.00658987
1348	0.00609898
1349	0.00563828
1350	0.00518678
1351	0.00427392
1352	0.00356327
1353	0.00296759
1354	0.00247886
1355	0.00206861
1356	0.0017496
1357	0.00147656
1358	0.00127383
1359	0.00109028
1360	0.000931263
1361	0.000810256
1362	0.00069919
1363	0.000598845
1364	0.000524905
1365	0.000457618
1366	0.000399329
1367	0.000347444
1368	0.00030639
1369	0.000266005
1370	0.000233862
1371	0.000206768
1372	0.0001844
1373	0.000163587
1374	0.000144852
1375	0.000126994
1376	0.000112229
1377	0.000100724
1378	8.99169e-05
1379	8.07405e-05
1380	7.18859e-05
1381	6.43486e-05
1382	5.71438e-05
1383	5.13608e-05
1384	4.63099e-05
1385	4.13902e-05
1386	3.74118e-05
1387	3.35032e-05
1388	3.03322e-05
1389	2.74083e-05
1390	2.44645e-05
1391	2.23213e-05
1392	2.02376e-05
1393	1.82531e-05
1394	1.64762e-05
1395	1.49537e-05
1396	1.63274e-05
1397	1.78595e-05
1398	1.95921e-05
1399	2.13698e-05
1400	2.29479e-05
1401	2.51772e-05
1402	2.79683e-05
1403	3.06044e-05
1404	3.3757e-05
1405	3.72196e-05
1406	4.12761e-05
1407	4.55718e-05
1408	5.03511e-05
1409	5.58981e-05
1410	6.18771e-05
1411	6.81947e-05
1412	7.43985e-05
1413	8.34584e-05
1414	9.40519e-05
1415	0.000105103
1416	0.00011709
1417	0.000131653
1418	0.000147856
1419	0.000164583
1420	0.00018465
1421	0.000208833
1422	0.000232277
1423	0.000261842
1424	0.000296507
1425	0.000338994
1426	0.000378152
1427	0.000433887
1428	0.000498568
1429	0.000562559
1430	0.000644474
1431	0.000745779
1432	0.000875477
1433	0.0010145
1434	0.00116394
1435	0.00136078
1436	0.00159527
1437	0.00187874
1438	0.00221259
1439	0.0026269
1440	0.00302925
1441	0.00364895
1442	0.00441353
1443	0.0050481
1444	0.00539805
1445	0.00576583
1446	0.00617891
1447	0.00657089
1448	0.00706906
1449	0.00755673
1450	0.00804867
1451	0.00855174
1452	0.00918058
1453	0.00989581
1454	0.0106136
1455	0.0114091
1456	0.0122781
1457	0.0133691
1458	0.0146586
1459	0.0159753
1460	0.0172753
1461	0.0187682
1462	0.0203677
1463	0.0212111
1464	0.0212507
1465	0.0214375
1466	0.0212882
1467	0.0215364
1468	0.0213877
1469	0.021559
1470	0.0214629
1471	0.0211761
1472	0.0212541
1473	0.0212202
1474	0.0208292
1475	0.021101
1476	0.0212254
1477	0.0212026
1478	0.0224514
1479	0.0240187
1480	0.0255907
1481	0.0270233
1482	0.0288965
1483	0.0304155
1484	0.032822
1485	0.0355264
1486	0.037809
1487	0.0398379
1488	0.0397536
1489	0.046374
1490	0.0513391
1491	0.056018
1492	0.0607912
1493	0.0673793
1494	0.0745895
1495	0.0825117
1496	0.0906025
1497	0.104313
1498	0.107154
1499	0.108739
1500	0.112599
1501	0.114997
1502	0.115354
1503	0.110201
1504	0.115146
1505	0.115655
1506	0.122746
1507	0.12984
1508	0.132499
1509	0.135693
1510	0.141778
1511	0.146179
1512	0.148564
1513	0.152746
1514	0.157652
1515	0.164935
1516	0.171647
1517	0.179226
1518	0.190993
1519	0.202004
1520	0.22343
1521	0.219555
1522	0.218793
1523	0.221312
1524	0.221837
1525	0.218901
1526	0.222946
1527	0.222535
1528	0.223632
1529	0.22153
1530	0.213936
1531	0.222376
1532	0.22427
1533	0.222646
1534	0.220389
1535	0.222815
1536	0.225891
1537	0.226542
1538	0.223664
1539	0.227283
1540	0.219185
1541	0.218333
1542	0.217794
1543	0.216325
1544	0.215924
1545	0.215062
1546	0.212868
1547	0.209059
1548	0.204127
1549	0.205438
1550	0.203299
1551	0.202814
1552	0.203297
1553	0.200385
1554	0.196046
1555	0.19535
1556	0.193134
1557	0.195589
1558	0.194326
1559	0.194503
1560	0.193953
1561	0.196889
1562	0.196822
1563	0.196396
1564	0.195141
1565	0.197322
1566	0.196277
1567	0.196821
1568	0.195695
1569	0.197586
1570	0.198087
1571	0.202124
1572	0.203165
1573	0.201656
1574	0.20015
1575	0.193543
1576	0.198353
1577	0.189108
1578	0.200097
1579	0.204894
1580	0.206359
1581	0.20577
1582	0.199541
1583	0.20014
1584	0.198703
1585	0.202323
1586	0.200219
1587	0.197342
1588	0.192162
1589	0.181969
1590	0.185702
1591	0.187016
1592	0.194103
1593	0.197257
1594	0.196102
1595	0.195169
1596	0.187701
1597	0.188812
1598	0.192003
1599	0.188977
1600	0.188793
1601	0.184408
1602	0.185376
1603	0.185327
1604	0.185094
1605	0.183026
1606	0.182076
1607	0.180961
1608	0.18297
1609	0.180955
1610	0.172375
1611	0.176068
1612	0.178063
1613	0.181477
1614	0.181684
1615	0.181263
1616	0.175789
1617	0.17859
1618	0.184296
1619	0.184179
1620	0.180451
1621	0.18107
1622	0.184459
1623	0.18894
1624	0.190303
1625	0.189097
1626	0.192012
1627	0.194246
1628	0.197012
1629	0.199445
1630	0.201755
1631	0.202375
1632	0.20206
1633	0.199637
1634	0.19766
1635	0.199698
1636	0.198898
1637	0.192416
1638	0.190694
1639	0.187818
1640	0.189468
1641	0.188497
1642	0.188692
1643	0.1914
1644	0.189812
1645	0.189177
1646	0.191471
1647	0.191799
1648	0.191196
1649	0.188397
1650	0.189888
1651	0.188146
1652	0.189862
1653	0.188547
1654	0.189116
1655	0.1876
1656	0.188485
1657	0.188546
1658	0.187559
1659	0.185749
1660	0.186753
1661	0.187443
1662	0.186784
1663	0.186028
1664	0.185684
1665	0.1842
1666	0.182827
1667	0.182807
1668	0.180598
1669	0.181832
1670	0.184426
1671	0.183266
1672	0.177952
1673	0.17982
1674	0.181791
1675	0.179915
1676	0.177943
1677	0.178988
1678	0.179511
1679	0.175493
1680	0.168779
1681	0.162589
1682	0.164458
1683	0.167983
1684	0.16962
1685	0.169397
1686	0.167031
1687	0.166598
1688	0.165701
1689	0.163268
1690	0.162725
1691	0.164443
1692	0.164136
1693	0.162974
1694	0.162311
1695	0.161673
1696	0.16047
1697	0.159293
1698	0.158603
1699	0.157261
1700	0.154999
1701	0.154256
1702	0.15378
1703	0.153126
1704	0.152444
1705	0.15172
1706	0.150628
1707	0.149487
1708	0.148357
1709	0.147238
1710	0.146276
1711	0.146202
1712	0.146278
1713	0.146358
1714	0.146441
1715	0.146404
1716	0.145603
1717	0.144687
1718	0.143778
1719	0.142876
1720	0.142038
1721	0.141522
1722	0.141067
1723	0.140618
1724	0.140172
1725	0.139681
1726	0.138869
1727	0.138013
1728	0.137162
1729	0.136318
1730	0.135359
1731	0.133663
1732	0.131857
1733	0.13006
1734	0.128272
1735	0.126826
1736	0.127357
1737	0.12822
1738	0.129081
1739	0.12994
1740	0.13059
1741	0.107763
1742	0.0936712
1743	0.0833182
1744	0.0751389
1745	0.0684381
1746	0.0629256
1747	0.0582036
1748	0.0540785
1749	0.0504343
1750	0.0471934
1751	0.0443161
1752	0.0417215
1753	0.0393628
1754	0.0372086
1755	0.0352197
1756	0.0333061
1757	0.0315293
1758	0.0298861
1759	0.0283626
1760	0.026954
1761	0.0256843
1762	0.0245049
1763	0.0234009
1764	0.0223658
1765	0.0213936
1766	0.0204792
1767	0.019618
1768	0.0188058
1769	0.0180388
1770	0.017307
1771	0.0165721
1772	0.0158707
1773	0.0152069
1774	0.0145779
1775	0.0139895
1776	0.0134769
1777	0.0129963
1778	0.0125383
1779	0.0121015
1780	0.0116813
1781	0.0112608
1782	0.0108564
1783	0.0104702
1784	0.0101013
1785	0.0097514
1786	0.00943295
1787	0.00913042
1788	0.00884032
1789	0.008562
1790	0.00829151
1791	0.00801057
1792	0.00773807
1793	0.00747674
1794	0.00722603
1795	0.00698539
1796	0.00675435
1797	0.00653244
1798	0.00631921
1799	0.00611426
1800	0.00592071
1801	0.00488819
1802	0.00407264
1803	0.00341836
1804	0.00288795
1805	0.00245375
1806	0.00209374
1807	0.00179476
1808	0.00154509
1809	0.00133539
1810	0.00115592
1811	0.000991389
1812	0.000850908
1813	0.00073223
1814	0.000631614
1815	0.000547724
1816	0.000484826
1817	0.000431428
1818	0.000384709
1819	0.000343724
1820	0.000307581
1821	0.000275212
1822	0.000246593
1823	0.000221309
1824	0.000198927
1825	0.000178886
1826	0.000160049
1827	0.000143238
1828	0.00012836
1829	0.00011517
1830	0.000103511
1831	9.33988e-05
1832	8.44121e-05
1833	7.63733e-05
1834	6.91729e-05
1835	6.27073e-05
1836	5.68442e-05
1837	5.15716e-05
1838	4.68311e-05
1839	4.25642e-05
1840	3.87144e-05
1841	3.52061e-05
1842	3.20373e-05
1843	2.91765e-05
1844	2.65914e-05
1845	2.42658e-05
1846	2.22235e-05
1847	2.03783e-05
1848	1.86992e-05
1849	1.71702e-05
1850	1.57714e-05
1851	1.44674e-05
1852	1.32752e-05
1853	1.21887e-05
1854	1.11976e-05
1855	1.02932e-05
1856	9.46709e-06
1857	8.71213e-06
1858	8.02171e-06
1859	7.3899e-06
1860	6.81138e-06
1861	7.10753e-06
1862	7.41778e-06
1863	7.74287e-06
1864	8.08358e-06
1865	8.44246e-06
1866	8.82723e-06
1867	9.2331e-06
1868	9.65941e-06
1869	1.01073e-05
1870	1.05548e-05
1871	1.08752e-05
1872	1.11787e-05
1873	1.14883e-05
1874	1.18041e-05
1875	1.21928e-05
1876	1.30122e-05
1877	1.39594e-05
1878	1.49718e-05
1879	1.60537e-05
1880	1.71633e-05
1881	1.80527e-05
1882	1.89407e-05
1883	1.9877e-05
1884	2.08643e-05
1885	2.18877e-05
1886	2.28469e-05
1887	2.38325e-05
1888	2.48651e-05
1889	2.59471e-05
1890	2.71004e-05
1891	2.84327e-05
1892	2.98594e-05
1893	3.13658e-05
1894	3.29569e-05
1895	3.4663e-05
1896	3.66263e-05
1897	3.87395e-05
1898	4.09861e-05
1899	4.33756e-05
1900	4.58947e-05
1901	4.84154e-05
1902	5.10649e-05
1903	5.38763e-05
1904	5.68607e-05
1905	6.00215e-05
1906	6.3306e-05
1907	6.67829e-05
1908	7.04747e-05
1909	7.43965e-05
1910	7.85817e-05
1911	8.31175e-05
1912	8.79675e-05
1913	9.31363e-05
1914	9.86475e-05
1915	0.000104527
1916	0.000110802
1917	0.000117504
1918	0.000124664
1919	0.000132319
1920	0.000140507
1921	0.000132154
1922	0.000133199
1923	0.000136233
1924	0.000140473
1925	0.000145595
1926	0.000151203
1927	0.000157505
1928	0.000164548
1929	0.000172349
1930	0.000181078
1931	0.000191536
1932	0.000203166
1933	0.000215924
1934	0.000229916
1935	0.000245134
1936	0.000260922
1937	0.000278076
1938	0.000296887
1939	0.000317542
1940	0.000339728
1941	0.000360749
1942	0.000383113
1943	0.000407553
1944	0.000434308
1945	0.000465201
1946	0.000509364
1947	0.000560781
1948	0.000618784
1949	0.000684413
1950	0.000758312
1951	0.000838479
1952	0.000929119
1953	0.00103281
1954	0.00115199
1955	0.00128866
1956	0.00144059
1957	0.00161628
1958	0.00182229
1959	0.00206581
1960	0.002356
1961	0.00254597
1962	0.00275485
1963	0.00298549
1964	0.0032408
1965	0.00352702
1966	0.00386462
1967	0.00424667
1968	0.0046768
1969	0.0051628
1970	0.00571086
1971	0.00631153
1972	0.00699306
1973	0.00777476
1974	0.00867686
1975	0.00972515
1976	0.0109531
1977	0.0124051
1978	0.0141409
1979	0.0162441
1980	0.0188398
1981	0.0221323
1982	0.0264049
1983	0.0321709
1984	0.0404711
1985	0.0540289
1986	0.0384387
1987	0.0311118
1988	0.0262611
1989	0.0226931
1990	0.0199019
1991	0.0175655
1992	0.0156271
1993	0.0140008
1994	0.0126171
1995	0.0114341
1996	0.0104453
1997	0.0095843
1998	0.00882324
1999	0.00814654
2000	0.00753846
2001	0.00697461
2002	0.00646426
2003	0.00600326
2004	0.00558545
2005	0.00520788
2006	0.00548503
2007	0.00578399
2008	0.00610428
2009	0.0064479
2010	0.00681592
2011	0.00720188
2012	0.00761616
2013	0.00806302
2014	0.00854597
2015	0.00906744
2016	0.00961991
2017	0.0102187
2018	0.0108712
2019	0.0115846
2020	0.0123726
2021	0.0132759
2022	0.0142827
2023	0.0154031
2024	0.0166567
2025	0.0180596
2026	0.0195967
2027	0.0213415
2028	0.0233531
2029	0.0257022
2030	0.0284989
2031	0.0319345
2032	0.0362508
2033	0.0419406
2034	0.0501996
2035	0.0666902
2036	0.0654033
2037	0.0642249
2038	0.0631411
2039	0.0621342
2040	0.0612374
2041	0.0606433
2042	0.0601355
2043	0.0596632
2044	0.0592223
2045	0.0587712
2046	0.0580977
2047	0.0574142
2048	0.0567566
2049	0.0561228
2050	0.0555268
2051	0.0550241
2052	0.0545549
2053	0.0541026
2054	0.0536662
2055	0.0532348
2056	0.0527371
2057	0.052244
2058	0.0517651
2059	0.0512998
2060	0.0508624
2061	0.0505063
2062	0.0501763
2063	0.0498575
2064	0.0495496
2065	0.0492524
2066	0.0495539
2067	0.0498617
2068	0.050176
2069	0.050497
2070	0.0508403
2071	0.0512624
2072	0.0517091
2073	0.0521658
2074	0.0526331
2075	0.0530903
2076	0.0534209
2077	0.0537392
2078	0.054067
2079	0.0544048
2080	0.0547644
2081	0.0551913
2082	0.0556432
2083	0.05611
2084	0.0565928
2085	0.0570987
2086	0.0576353
2087	0.0581987
2088	0.0587851
2089	0.0593967
2090	0.060024
2091	0.0606198
2092	0.0612359
2093	0.0618894
2094	0.0625859
2095	0.0633592
2096	0.0643677
2097	0.0654836
2098	0.0667004
2099	0.0680484
2100	0.0695705
2101	0.0696102
2102	0.0696436
2103	0.0696779
2104	0.0697131
2105	0.0697348
2106	0.06967
2107	0.0695914
2108	0.0695135
2109	0.0694365
2110	0.0693676
2111	0.0693584
2112	0.0693577
2113	0.0693582
2114	0.06936
2115	0.0693631
2116	0.0693527
2117	0.0693438
2118	0.0693364
2119	0.0693305
2120	0.0693263
2121	0.0693088
2122	0.0692932
2123	0.0692795
2124	0.0692679
2125	0.0692809
2126	0.0694168
2127	0.0695782
2128	0.0697431
2129	0.0699115
2130	0.0700533
2131	0.070032
2132	0.0699839
2133	0.0699396
2134	0.0698995
2135	0.0698873
2136	0.0700342
2137	0.0702112
2138	0.0703962
2139	0.0705903
2140	0.0707717
2141	0.0708251
2142	0.0708689
2143	0.07093
2144	0.0710133
2145	0.0711505
2146	0.071443
2147	0.0718333
2148	0.0723758
2149	0.0723275
2150	0.0722712
2151	0.0721345
2152	0.0719898
2153	0.0718454
2154	0.071701
2155	0.0715569
2156	0.0713807
2157	0.0712046
2158	0.0710287
2159	0.070853
2160	0.0705809
2161	0.0697142
2162	0.0687514
2163	0.0677891
2164	0.0668273
2165	0.0660508
2166	0.0663989
2167	0.0669316
2168	0.0674642
2169	0.0679967
2170	0.0684729
2171	0.0685799
2172	0.0686308
2173	0.0686818
2174	0.0687328
2175	0.0687518
2176	0.0685786
2177	0.0683734
2178	0.0681684
2179	0.0679635
2180	0.0677828
2181	0.0677625
2182	0.0677662
2183	0.06777
2184	0.0677739
2185	0.0677459
2186	0.0675099
2187	0.0672421
2188	0.0669745
2189	0.0667071
2190	0.0664798
2191	0.0664925
2192	0.0665452
2193	0.066598
2194	0.0666508
2195	0.0666798
2196	0.066581
2197	0.0664584
2198	0.0663359
2199	0.0661924
2200	0.0660252
2201	0.0657148
2202	0.0653809
2203	0.0650474
2204	0.0647142
2205	0.0644213
2206	0.0643356
2207	0.0642898
2208	0.0642441
2209	0.0641985
2210	0.0641452
2211	0.0640602
2212	0.0639675
2213	0.0638749
2214	0.0637825
2215	0.0636903
2216	0.0635982
2217	0.0635063
2218	0.0634146
2219	0.063323
2220	0.0632158
2221	0.0630139
2222	0.0627965
2223	0.0625794
2224	0.0623625
2225	0.0621617
2226	0.0620557
2227	0.0619657
2228	0.0618758
2229	0.061786
2230	0.0616964
2231	0.0615912
2232	0.0614861
2233	0.0613813
2234	0.0612765
2235	0.0611563
2236	0.0609263
2237	0.0606808
2238	0.0604357
2239	0.0601908
2240	0.0599696
2241	0.0598897
2242	0.0598335
2243	0.0597773
2244	0.0597213
2245	0.0596497
2246	0.0595
2247	0.0593349
2248	0.05917
2249	0.0590053
2250	0.0588408
2251	0.0586453
2252	0.05845
2253	0.0582549
2254	0.05806
2255	0.0578808
2256	0.0578109
2257	0.0577567
2258	0.0577025
2259	0.0576484
2260	0.0575867
2261	0.0574473
2262	0.0573004
2263	0.0571536
2264	0.0570069
2265	0.056876
2266	0.0568072
2267	0.0567541
2268	0.056701
2269	0.056648
2270	0.0565873
2271	0.0561642
2272	0.055748
2273	0.055345
2274	0.0549541
2275	0.0545592
2276	0.0540999
2277	0.053636
2278	0.0531821
2279	0.0527373
2280	0.0523231
2281	0.0520481
2282	0.0518011
2283	0.0515598
2284	0.0513238
2285	0.0510929
2286	0.0508383
2287	0.0505886
2288	0.0503434
2289	0.0501025
2290	0.0498378
2291	0.049396
2292	0.048932
2293	0.0484734
2294	0.0480202
2295	0.0476134
2296	0.0474301
2297	0.0472905
2298	0.0471533
2299	0.0470185
2300	0.0468793
2301	0.0466886
2302	0.0464937
2303	0.0463014
2304	0.0461115
2305	0.0459173
2306	0.0456991
2307	0.0454767
2308	0.0452568
2309	0.0450393
2310	0.044824
2311	0.0445851
2312	0.0443485
2313	0.0441141
2314	0.0438821
2315	0.0436522
2316	0.0434372
2317	0.0432242
2318	0.0430131
2319	0.042804
2320	0.0425779
2321	0.0422154
2322	0.041837
2323	0.0414613
2324	0.0410884
2325	0.0407617
2326	0.0406725
2327	0.0406275
2328	0.0405832
2329	0.0405396
2330	0.0404783
2331	0.0403202
2332	0.0401451
2333	0.0399714
2334	0.039799
2335	0.039628
2336	0.0394582
2337	0.0392898
2338	0.0391226
2339	0.0389566
2340	0.0387978
2341	0.0386758
2342	0.0385606
2343	0.0384463
2344	0.0383329
2345	0.0382087
2346	0.0380268
2347	0.0378345
2348	0.0376434
2349	0.0374535
2350	0.0372532
2351	0.0369733
2352	0.0366835
2353	0.0363954
2354	0.036109
2355	0.0358585
2356	0.0357922
2357	0.0357606
2358	0.0357293
2359	0.0356983
2360	0.0356621
2361	0.0338319
2362	0.0322191
2363	0.0307802
2364	0.0294815
2365	0.0282941
2366	0.02717
2367	0.0261281
2368	0.0251614
2369	0.0242606
2370	0.0234144
2371	0.0225986
2372	0.0218275
2373	0.0211002
2374	0.0204127
2375	0.0197742
2376	0.0192308
2377	0.018726
2378	0.0182449
2379	0.0177857
2380	0.0173243
2381	0.0167571
2382	0.0161934
2383	0.0156542
2384	0.0151378
2385	0.0146675
2386	0.0143615
2387	0.0140902
2388	0.0138284
2389	0.0135755
2390	0.0133222
2391	0.0130254
2392	0.0127304
2393	0.0124453
2394	0.0121698
2395	0.0119033
2396	0.0116415
2397	0.0113881
2398	0.0111426
2399	0.0109048
2400	0.0106743
2401	0.0104542
2402	0.0102406
2403	0.0100333
2404	0.00983202
2405	0.00963645
2406	0.00944957
2407	0.00926786
2408	0.00909113
2409	0.00891918
2410	0.00874443
2411	0.00853083
2412	0.00831616
2413	0.00810759
2414	0.00790489
2415	0.00771867
2416	0.00759601
2417	0.0074867
2418	0.00737983
2419	0.00727533
2420	0.0071694
2421	0.0070414
2422	0.00691287
2423	0.00678743
2424	0.00666498
2425	0.00654657
2426	0.00643767
2427	0.00633235
2428	0.00622938
2429	0.00612869
2430	0.00602916
2431	0.00592144
2432	0.00581513
2433	0.00571123
2434	0.00560966
2435	0.00551132
2436	0.00542283
2437	0.00533716
2438	0.00525329
2439	0.00517115
2440	0.00508981
2441	0.00500301
2442	0.00491718
2443	0.00483316
2444	0.00475091
2445	0.00466953
2446	0.00458655
2447	0.00450449
2448	0.00442416
2449	0.0043455
2450	0.00427005
2451	0.00394741
2452	0.00365726
2453	0.00339427
2454	0.00315522
2455	0.00293846
2456	0.00274547
2457	0.00256946
2458	0.0024077
2459	0.00225874
2460	0.00212094
2461	0.0019907
2462	0.00186996
2463	0.00175819
2464	0.00165458
2465	0.00155784
2466	0.00146524
2467	0.0013787
2468	0.00129823
2469	0.00122332
2470	0.00115395
2471	0.00109209
2472	0.00103459
2473	0.00098072
2474	0.000930207
2475	0.000882305
2476	0.000834193
2477	0.000788664
2478	0.000745988
2479	0.000705957
2480	0.000668766
2481	0.00063553
2482	0.000604569
2483	0.00057537
2484	0.000547817
2485	0.000522001
2486	0.000498565
2487	0.000476553
2488	0.000455687
2489	0.000435897
2490	0.000416398
2491	0.000393637
2492	0.000371546
2493	0.000350755
2494	0.00033118
2495	0.000313702
2496	0.000302474
2497	0.000292603
2498	0.00028311
2499	0.00027398
2500	0.000264782
2501	7.72025e-05
2502	2.66216e-05
2503	1.02623e-05
2504	4.28869e-06
2505	1.90674e-06
2506	8.89211e-07
2507	4.31968e-07
2508	2.17238e-07
2509	1.12549e-07
2510	5.98543e-08
2511	3.2607e-08
2512	1.81331e-08
2513	1.02705e-08
2514	5.91443e-09
2515	3.45779e-09
2516	2.05058e-09
2517	1.23167e-09
2518	7.48571e-10
2519	4.59969e-10
2520	2.85593e-10
2521	1.79173e-10
2522	1.13443e-10
2523	7.24334e-11
2524	4.66174e-11
2525	3.02348e-11
2526	1.97741e-11
2527	1.30228e-11
2528	8.63171e-12
2529	5.75624e-12
2530	3.86027e-12
2531	2.59775e-12
2532	1.75709e-12
2533	1.19453e-12
2534	8.16058e-13
2535	5.60233e-13
2536	3.8667e-13
2537	2.68094e-13
2538	1.86658e-13
2539	1.30483e-13
2540	9.15685e-14
2541	6.45288e-14
2542	4.56389e-14
2543	3.23921e-14
2544	2.30684e-14
2545	1.64826e-14
2546	1.18094e-14
2547	8.48742e-15
2548	6.11821e-15
2549	4.42323e-15
2550	3.20688e-15
2551	2.33042e-15
2552	1.69804e-15
2553	1.24049e-15
2554	9.0853e-16
2555	6.67051e-16
2556	4.90721e-16
2557	3.61851e-16
2558	2.67436e-16
2559	1.98098e-16
2560	1.47089e-16
2561	1.09545e-16
2562	8.17721e-17
2563	6.1165e-17
2564	4.58423e-17
2565	3.44252e-17
2566	2.58895e-17
2567	1.95065e-17
2568	1.47241e-17
2569	1.11342e-17
2570	8.43424e-18
2571	6.39715e-18
2572	4.86024e-18
2573	3.69867e-18
2574	2.81927e-18
2575	2.15236e-18
2576	1.64578e-18
2577	1.26035e-18
2578	9.66632e-19
2579	7.42458e-19
2580	5.70968e-19
2581	4.39113e-19
2582	3.38099e-19
2583	2.60678e-19
2584	2.01254e-19
2585	1.55653e-19
2586	1.20932e-19
2587	9.41198e-20
2588	7.33451e-20
2589	5.72271e-20
2590	4.46956e-20
2591	3.48859e-20
2592	2.72551e-20
2593	2.13183e-20
2594	1.66939e-20
2595	1.30904e-20
2596	1.02857e-20
2597	8.09277e-21
2598	6.37427e-21
2599	5.02605e-21
2600	3.96717e-21
2601	2.19673e-21
2602	1.56828e-21
2603	1.17447e-21
2604	9.02218e-22
2605	7.04667e-22
2606	5.56486e-22
2607	4.43533e-22
2608	3.56131e-22
2609	2.87709e-22
2610	2.33642e-22
2611	1.90677e-22
2612	1.56227e-22
2613	1.28447e-22
2614	1.05938e-22
2615	8.76208e-23
2616	7.2589e-23
2617	6.02781e-23
2618	5.01643e-23
2619	4.18319e-23
2620	3.49326e-23
2621	2.91245e-23
2622	2.43099e-23
2623	2.0322e-23
2624	1.70127e-23
2625	1.42792e-23
2626	1.20836e-23
2627	1.02511e-23
2628	8.70684e-24
2629	7.40371e-24
2630	6.29945e-24
2631	5.34995e-24
2632	4.54598e-24
2633	3.86661e-24
2634	3.29187e-24
2635	2.80443e-24
2636	2.38543e-24
2637	2.03023e-24
2638	1.72932e-24
2639	1.47417e-24
2640	1.25824e-24
2641	1.07796e-24
2642	9.2464e-25
2643	7.93695e-25
2644	6.81767e-25
2645	5.86019e-25
2646	5.03548e-25
2647	4.32962e-25
2648	3.72503e-25
2649	3.20683e-25
2650	2.76237e-25
2651	2.37852e-25
2652	2.04918e-25
2653	1.76642e-25
2654	1.52351e-25
2655	1.31504e-25
2656	1.13684e-25
2657	9.83544e-26
2658	8.51352e-26
2659	7.37295e-26
2660	6.38669e-26
2661	5.5266e-26
2662	4.78336e-26
2663	4.14198e-26
2664	3.58821e-26
2665	3.11144e-26
2666	2.70476e-26
2667	2.35346e-26
2668	2.04866e-26
2669	1.78409e-26
2670	1.55393e-26
2671	1.35056e-26
2672	1.17397e-26
2673	1.02087e-26
2674	8.88077e-27
2675	7.73052e-27
2676	6.73877e-27
2677	5.87798e-27
2678	5.12904e-27
2679	4.47716e-27
2680	3.90955e-27
2681	3.41511e-27
2682	2.98425e-27
2683	2.60866e-27
2684	2.28112e-27
2685	1.99538e-27
2686	1.74419e-27
2687	1.52512e-27
2688	1.334e-27
2689	1.1672e-27
2690	1.02158e-27
2691	8.94885e-28
2692	7.84145e-28
2693	6.8732e-28
2694	6.02635e-28
2695	5.28543e-28
2696	4.63451e-28
2697	4.06495e-28
2698	3.56642e-28
2699	3.12993e-28
2700	2.74838e-28
2701	3.2616e-28
2702	3.87396e-28
2703	4.60399e-28
2704	5.47483e-28
2705	6.51428e-28
2706	7.75576e-28
2707	9.23944e-28
2708	1.10137e-27
2709	1.31368e-27
2710	1.56789e-27
2711	1.8735e-27
2712	2.24009e-27
2713	2.68014e-27
2714	3.20871e-27
2715	3.84403e-27
2716	4.60567e-27
2717	5.52188e-27
2718	6.6248e-27
2719	7.9534e-27
2720	9.55499e-27
2721	1.14807e-26
2722	1.38041e-26
2723	1.66095e-26
2724	1.99991e-26
2725	2.41044e-26
2726	2.90897e-26
2727	3.51415e-26
2728	4.24839e-26
2729	5.1399e-26
2730	6.2232e-26
2731	7.53221e-26
2732	9.1236e-26
2733	1.10599e-25
2734	1.34176e-25
2735	1.6291e-25
2736	1.98068e-25
2737	2.4101e-25
2738	2.93505e-25
2739	3.57734e-25
2740	4.36386e-25
2741	5.33088e-25
2742	6.51785e-25
2743	7.97609e-25
2744	9.76927e-25
2745	1.19763e-24
2746	1.46871e-24
2747	1.80281e-24
2748	2.21496e-24
2749	2.72391e-24
2750	3.35302e-24
2751	4.12907e-24
2752	5.08973e-24
2753	6.28013e-24
2754	7.75673e-24
2755	9.59031e-24
2756	1.18696e-23
2757	1.4706e-23
2758	1.82395e-23
2759	2.26466e-23
2760	2.81492e-23
2761	3.50479e-23
2762	4.36867e-23
2763	5.45171e-23
2764	6.81116e-23
2765	8.51964e-23
2766	1.06756e-22
2767	1.33935e-22
2768	1.68242e-22
2769	2.11601e-22
2770	2.66396e-22
2771	3.35424e-22
2772	4.2277e-22
2773	5.33573e-22
2774	6.74331e-22
2775	8.53398e-22
2776	1.08217e-21
2777	1.37424e-21
2778	1.74769e-21
2779	2.22591e-21
2780	2.83928e-21
2781	3.6294e-21
2782	4.64669e-21
2783	5.95863e-21
2784	7.65345e-21
2785	9.84667e-21
2786	1.26899e-20
2787	1.63824e-20
2788	2.11866e-20
2789	2.74491e-20
2790	3.56282e-20
2791	4.63034e-20
2792	6.02927e-20
2793	7.86623e-20
2794	1.02834e-19
2795	1.34751e-19
2796	1.77052e-19
2797	2.33203e-19
2798	3.07838e-19
2799	4.07276e-19
2800	5.4008e-19
2801	6.57608e-19
2802	8.01387e-19
2803	9.77436e-19
2804	1.19319e-18
2805	1.45831e-18
2806	1.78501e-18
2807	2.18757e-18
2808	2.68339e-18
2809	3.29465e-18
2810	4.049e-18
2811	4.98086e-18
2812	6.13316e-18
2813	7.55955e-18
2814	9.32707e-18
2815	1.15196e-17
2816	1.42336e-17
2817	1.76055e-17
2818	2.17996e-17
2819	2.70222e-17
2820	3.35332e-17
2821	4.16339e-17
2822	5.17507e-17
2823	6.44007e-17
2824	8.02378e-17
2825	1.00121e-16
2826	1.25165e-16
2827	1.56717e-16
2828	1.96473e-16
2829	2.46635e-16
2830	3.10013e-16
2831	3.89957e-16
2832	4.91189e-16
2833	6.19568e-16
2834	7.82615e-16
2835	9.90009e-16
2836	1.25343e-15
2837	1.58934e-15
2838	2.01838e-15
2839	2.5673e-15
2840	3.27077e-15
2841	4.17655e-15
2842	5.34216e-15
2843	6.84488e-15
2844	8.78577e-15
2845	1.12974e-14
2846	1.45445e-14
2847	1.87602e-14
2848	2.42448e-14
2849	3.13951e-14
2850	4.0737e-14
2851	5.2969e-14
2852	6.90217e-14
2853	9.01374e-14
2854	1.17979e-13
2855	1.5478e-13
2856	2.0368e-13
2857	2.68688e-13
2858	3.55345e-13
2859	4.71178e-13
2860	6.26452e-13
2861	8.35209e-13
2862	1.11673e-12
2863	1.49756e-12
2864	2.01441e-12
2865	2.71823e-12
2866	3.67509e-12
2867	4.98564e-12
2868	6.78737e-12
2869	9.27402e-12
2870	1.27242e-11
2871	1.75389e-11
2872	2.42834e-11
2873	3.37663e-11
2874	4.71637e-11
2875	6.62091e-11
2876	9.34672e-11
2877	1.32675e-10
2878	1.89355e-10
2879	2.71795e-10
2880	3.92486e-10
2881	5.69616e-10
2882	8.32285e-10
2883	1.22483e-09
2884	1.81637e-09
2885	2.71569e-09
2886	4.0989e-09
2887	6.24543e-09
2888	9.61405e-09
2889	1.49656e-08
2890	2.35823e-08
2891	3.7665e-08
2892	6.10687e-08
2893	1.00707e-07
2894	1.69324e-07
2895	2.91211e-07
2896	5.14293e-07
2897	9.39826e-07
2898	1.79888e-06
2899	3.70719e-06
2900	9.55503e-06
2901	9.81831e-06
2902	1.00897e-05
2903	1.03693e-05
2904	1.06577e-05
2905	1.09549e-05
2906	1.12535e-05
2907	1.15612e-05
2908	1.18783e-05
2909	1.22051e-05
2910	1.2542e-05
2911	1.28803e-05
2912	1.32288e-05
2913	1.35879e-05
2914	1.39579e-05
2915	1.43393e-05
2916	1.47428e-05
2917	1.51591e-05
2918	1.55886e-05
2919	1.60318e-05
2920	1.64891e-05
2921	1.69611e-05
2922	1.74483e-05
2923	1.79512e-05
2924	1.84705e-05
2925	1.90067e-05
2926	1.95604e-05
2927	2.01323e-05
2928	2.07231e-05
2929	2.13335e-05
2930	2.19641e-05
2931	2.25995e-05
2932	2.32556e-05
2933	2.39334e-05
2934	2.46336e-05
2935	2.53571e-05
2936	2.61239e-05
2937	2.69169e-05
2938	2.77373e-05
2939	2.85861e-05
2940	2.94644e-05
2941	3.03509e-05
2942	3.12678e-05
2943	3.22164e-05
2944	3.31978e-05
2945	3.42262e-05
2946	3.53173e-05
2947	3.64616e-05
2948	3.76481e-05
2949	3.88786e-05
2950	4.01548e-05
2951	4.14787e-05
2952	4.28524e-05
2953	4.4278e-05
2954	4.57578e-05
2955	4.7294e-05
2956	4.88524e-05
2957	5.04699e-05
2958	5.21489e-05
2959	5.38922e-05
2960	5.57026e-05
2961	5.76269e-05
2962	5.96275e-05
2963	6.1708e-05
2964	6.3872e-05
2965	6.61234e-05
2966	6.84142e-05
2967	7.0797e-05
2968	7.32761e-05
2969	7.58561e-05
2970	7.85416e-05
2971	8.14003e-05
2972	8.43796e-05
2973	8.74855e-05
2974	9.07243e-05
2975	9.41027e-05
2976	9.75525e-05
2977	0.00010115
2978	0.000104904
2979	0.000108822
2980	0.000112912
2981	0.000117273
2982	0.000121833
2983	0.000126602
2984	0.00013159
2985	0.00013681
2986	0.000142165
2987	0.000147769
2988	0.000153637
2989	0.000159783
2990	0.000166225
2991	0.000173115
2992	0.000180347
2993	0.000187942
2994	0.000195924
2995	0.000204316
2996	0.000213146
2997	0.000222443
2998	0.000232238
2999	0.000242568
3000	0.000253472
3001	0.000253388
3002	0.000253303
3003	0.000253217
3004	0.000253132
3005	0.000253046
3006	0.000253161
3007	0.000253277
3008	0.000253393
3009	0.000253509
3010	0.000253625
3011	0.000253742
3012	0.000253858
3013	0.000253975
3014	0.000254092
3015	0.000254209
3016	0.000254122
3017	0.000254035
3018	0.000253947
3019	0.000253859
3020	0.00025377
3021	0.000253681
3022	0.000253592
3023	0.000253503
3024	0.000253413
3025	0.000253323
3026	0.00025344
3027	0.000253557
3028	0.000253674
3029	0.000253792
3030	0.000253909
3031	0.000253819
3032	0.000253728
3033	0.000253637
3034	0.000253546
3035	0.000253455
3036	0.000253153
3037	0.000252851
3038	0.000252548
3039	0.000252244
3040	0.000252045
3041	0.000252478
3042	0.000253019
3043	0.00025356
3044	0.000254104
3045	0.000254648
3046	0.000254982
3047	0.000255317
3048	0.000255652
3049	0.000255989
3050	0.000256326
3051	0.000256451
3052	0.000256576
3053	0.000256702
3054	0.000256827
3055	0.000256954
3056	0.000257081
3057	0.000257208
3058	0.000257336
3059	0.000257465
3060	0.000257594
3061	0.00025729
3062	0.000256985
3063	0.00025668
3064	0.000256375
3065	0.000256178
3066	0.000256198
3067	0.000256329
3068	0.00025646
3069	0.000256592
3070	0.000256725
3071	0.000257078
3072	0.000257433
3073	0.000257789
3074	0.000258146
3075	0.000258505
3076	0.000258424
3077	0.000258342
3078	0.000258261
3079	0.000258181
3080	0.000258101
3081	0.000258022
3082	0.000257943
3083	0.000257865
3084	0.000257787
3085	0.000257711
3086	0.000257635
3087	0.00025756
3088	0.000257487
3089	0.000257414
3090	0.000257342
3091	0.000257272
3092	0.000257204
3093	0.000257136
3094	0.000257071
3095	0.000257007
3096	0.000256945
3097	0.000256886
3098	0.000256829
3099	0.000256774
3100	0.000256722
3101	0.000253189
3102	0.00025249
3103	0.000252617
3104	0.000253194
3105	0.000254069
3106	0.000254937
3107	0.000255978
3108	0.00025716
3109	0.000258463
3110	0.000259872
3111	0.000261139
3112	0.000262489
3113	0.000263914
3114	0.000265409
3115	0.000267093
3116	0.000269088
3117	0.000271274
3118	0.000273526
3119	0.000275843
3120	0.000278224
3121	0.000280667
3122	0.000283172
3123	0.000285738
3124	0.000288366
3125	0.000291054
3126	0.000293803
3127	0.000296613
3128	0.000299483
3129	0.000302415
3130	0.000305409
3131	0.000308465
3132	0.000311583
3133	0.000314765
3134	0.000318011
3135	0.000321321
3136	0.000324393
3137	0.000327524
3138	0.000330715
3139	0.000333967
3140	0.000337281
3141	0.000340979
3142	0.000344748
3143	0.00034859
3144	0.000352504
3145	0.000356494
3146	0.000360218
3147	0.000364011
3148	0.000367874
3149	0.000371808
3150	0.000375816
3151	0.000380262
3152	0.000384792
3153	0.00038941
3154	0.000394115
3155	0.000398912
3156	0.0004038
3157	0.000408782
3158	0.000413861
3159	0.000419039
3160	0.000424316
3161	0.000430113
3162	0.000436025
3163	0.000442058
3164	0.000448212
3165	0.000454491
3166	0.000460008
3167	0.000465632
3168	0.000471363
3169	0.000477206
3170	0.000483398
3171	0.000490192
3172	0.000497369
3173	0.000504696
3174	0.000512179
3175	0.000519821
3176	0.000526597
3177	0.000533509
3178	0.000540561
3179	0.000547757
3180	0.0005551
3181	0.00056315
3182	0.000571372
3183	0.000579772
3184	0.000588354
3185	0.000597123
3186	0.000606686
3187	0.000616466
3188	0.000626471
3189	0.000636705
3190	0.000647177
3191	0.000657242
3192	0.000667537
3193	0.000678069
3194	0.000688845
3195	0.000699873
3196	0.000710452
3197	0.000721274
3198	0.000732346
3199	0.000743677
3200	0.000755654
3201	0.000750558
3202	0.000745888
3203	0.000741263
3204	0.000736683
3205	0.000732147
3206	0.000726922
3207	0.000721749
3208	0.000716627
3209	0.000711554
3210	0.00070653
3211	0.000700845
3212	0.000695217
3213	0.000689644
3214	0.000684125
3215	0.000678659
3216	0.000673936
3217	0.000669256
3218	0.000664619
3219	0.000660025
3220	0.000655474
3221	0.000650964
3222	0.000646494
3223	0.000642066
3224	0.000637677
3225	0.000633328
3226	0.000629666
3227	0.000626035
3228	0.000622435
3229	0.000618865
3230	0.000615324
3231	0.000611182
3232	0.000607076
3233	0.000603005
3234	0.00059897
3235	0.000594969
3236	0.000591003
3237	0.00058707
3238	0.000583171
3239	0.000579305
3240	0.000575471
3241	0.00057167
3242	0.0005679
3243	0.000564162
3244	0.000560455
3245	0.000556779
3246	0.000553713
3247	0.00055067
3248	0.000547651
3249	0.000544655
3250	0.000541682
3251	0.000537603
3252	0.000533558
3253	0.000529548
3254	0.000525572
3255	0.000521629
3256	0.000518268
3257	0.000514934
3258	0.000511627
3259	0.000508346
3260	0.00050509
3261	0.00050186
3262	0.000498656
3263	0.000495477
3264	0.000492322
3265	0.000489193
3266	0.000486087
3267	0.000483006
3268	0.000479948
3269	0.000476914
3270	0.000473903
3271	0.000470915
3272	0.00046795
3273	0.000465008
3274	0.000462088
3275	0.000459191
3276	0.000456315
3277	0.000453461
3278	0.000450628
3279	0.000447817
3280	0.000445026
3281	0.000442257
3282	0.000439508
3283	0.00043678
3284	0.000434072
3285	0.000431384
3286	0.000429185
3287	0.000427001
3288	0.000424831
3289	0.000422676
3290	0.000420306
3291	0.000417038
3292	0.000413569
3293	0.000410127
3294	0.000406712
3295	0.000403549
3296	0.000400857
3297	0.000398406
3298	0.000395973
3299	0.000393558
3300	0.000391159
3301	0.00039723
3302	0.000403417
3303	0.000409724
3304	0.000416153
3305	0.000422707
3306	0.00042843
3307	0.000434254
3308	0.000440182
3309	0.000446215
3310	0.000452356
3311	0.000459128
3312	0.00046603
3313	0.000473065
3314	0.000480237
3315	0.000487549
3316	0.000493878
3317	0.000500318
3318	0.00050687
3319	0.000513538
3320	0.000520624
3321	0.000529065
3322	0.000537993
3323	0.000547111
3324	0.000556426
3325	0.000565942
3326	0.000574334
3327	0.000582892
3328	0.000591622
3329	0.000600528
3330	0.000609615
3331	0.000619612
3332	0.000629826
3333	0.000640263
3334	0.000650928
3335	0.000661828
3336	0.000672971
3337	0.000684364
3338	0.000696013
3339	0.000707927
3340	0.000720113
3341	0.000732581
3342	0.000745337
3343	0.000758393
3344	0.000771756
3345	0.000785437
3346	0.000798492
3347	0.00081185
3348	0.000825519
3349	0.000839509
3350	0.000853832
3351	0.000869546
3352	0.000885656
3353	0.000902176
3354	0.000919119
3355	0.000936501
3356	0.000954336
3357	0.000972643
3358	0.000991436
3359	0.00101074
3360	0.00103056
3361	0.00105093
3362	0.00107186
3363	0.00109338
3364	0.0011155
3365	0.00113826
3366	0.00116169
3367	0.00118579
3368	0.00121061
3369	0.00123618
3370	0.00126252
3371	0.00128967
3372	0.00131767
3373	0.00134655
3374	0.00137636
3375	0.00140713
3376	0.00143891
3377	0.00147175
3378	0.0015057
3379	0.00154082
3380	0.00157717
3381	0.00161682
3382	0.00165794
3383	0.00170059
3384	0.00174487
3385	0.00179086
3386	0.00183637
3387	0.00188367
3388	0.00193288
3389	0.00198411
3390	0.00203749
3391	0.00209316
3392	0.00215127
3393	0.002212
3394	0.00227553
3395	0.00234206
3396	0.00240877
3397	0.00247878
3398	0.00255236
3399	0.00262981
3400	0.00271321
3401	0.00273677
3402	0.00276239
3403	0.00278833
3404	0.0028146
3405	0.0028394
3406	0.00285721
3407	0.00287337
3408	0.00288971
3409	0.00290622
3410	0.00292479
3411	0.00294738
3412	0.00297217
3413	0.00299727
3414	0.00302269
3415	0.00304845
3416	0.00307057
3417	0.00309296
3418	0.00311564
3419	0.0031386
3420	0.00316185
3421	0.0031854
3422	0.00320925
3423	0.00323341
3424	0.00325789
3425	0.00328269
3426	0.00330781
3427	0.00333328
3428	0.00335908
3429	0.00338524
3430	0.00341175
3431	0.00344317
3432	0.00347503
3433	0.00350737
3434	0.00354019
3435	0.0035735
3436	0.00360257
3437	0.00363205
3438	0.00366197
3439	0.00369234
3440	0.00372316
3441	0.00375445
3442	0.00378621
3443	0.00381847
3444	0.00385123
3445	0.0038845
3446	0.0039183
3447	0.00395265
3448	0.00398756
3449	0.00402303
3450	0.0040591
3451	0.00410128
3452	0.0041442
3453	0.00418787
3454	0.00423233
3455	0.0042776
3456	0.00431788
3457	0.0043589
3458	0.00440066
3459	0.0044432
3460	0.00448654
3461	0.00453683
3462	0.00458812
3463	0.00464042
3464	0.00469379
3465	0.00474825
3466	0.00479735
3467	0.00484747
3468	0.00489865
3469	0.00495093
3470	0.00500435
3471	0.00505896
3472	0.0051148
3473	0.00517192
3474	0.00523039
3475	0.00529025
3476	0.00535156
3477	0.00541441
3478	0.00547885
3479	0.00554496
3480	0.00561283
3481	0.00569039
3482	0.00577011
3483	0.00585211
3484	0.00593652
3485	0.00602346
3486	0.00610466
3487	0.00618846
3488	0.00627504
3489	0.00636457
3490	0.00645728
3491	0.00655341
3492	0.00665323
3493	0.00675706
3494	0.00686526
3495	0.00697828
3496	0.0070966
3497	0.00722087
3498	0.00735184
3499	0.0074905
3500	0.00763812
3501	0.00764513
3502	0.00765216
3503	0.00765922
3504	0.0076663
3505	0.00767341
3506	0.00766973
3507	0.00766605
3508	0.00766238
3509	0.00765872
3510	0.00765506
3511	0.00765141
3512	0.00764777
3513	0.00764413
3514	0.00764051
3515	0.00763689
3516	0.00763328
3517	0.00762968
3518	0.00762609
3519	0.0076225
3520	0.00761893
3521	0.00762634
3522	0.00763378
3523	0.00764125
3524	0.00764875
3525	0.00765629
3526	0.00765283
3527	0.00764939
3528	0.00764596
3529	0.00764254
3530	0.00763913
3531	0.00764682
3532	0.00765454
3533	0.0076623
3534	0.0076701
3535	0.00767793
3536	0.00767467
3537	0.00767142
3538	0.00766819
3539	0.00766497
3540	0.00766178
3541	0.00766979
3542	0.00767785
3543	0.00768596
3544	0.0076941
3545	0.0077023
3546	0.00769928
3547	0.00769628
3548	0.00769331
3549	0.00769036
3550	0.00768743
3551	0.00768453
3552	0.00768165
3553	0.00767881
3554	0.00767599
3555	0.0076732
3556	0.00767043
3557	0.0076677
3558	0.00766501
3559	0.00766234
3560	0.00765971
3561	0.00766856
3562	0.00767747
3563	0.00768645
3564	0.00769549
3565	0.0077046
3566	0.00770227
3567	0.00769998
3568	0.00769774
3569	0.00769555
3570	0.00769341
3571	0.00769132
3572	0.00768928
3573	0.0076873
3574	0.00768538
3575	0.00768352
3576	0.00768173
3577	0.00768
3578	0.00767834
3579	0.00767676
3580	0.00767525
3581	0.00768556
3582	0.00769598
3583	0.00770653
3584	0.0077172
3585	0.00772801
3586	0.00772714
3587	0.00772639
3588	0.00772575
3589	0.00772524
3590	0.00772486
3591	0.00772463
3592	0.00772455
3593	0.00772464
3594	0.0077249
3595	0.00772535
3596	0.00773801
3597	0.00775093
3598	0.00776413
3599	0.00777764
3600	0.00779148
3601	0.0077843
3602	0.00777711
3603	0.00776992
3604	0.00776272
3605	0.00775552
3606	0.00774832
3607	0.00774112
3608	0.0077339
3609	0.00772669
3610	0.00771947
3611	0.00772442
3612	0.00772937
3613	0.00773434
3614	0.00773932
3615	0.00774431
3616	0.00773711
3617	0.00772991
3618	0.0077227
3619	0.00771549
3620	0.00770828
3621	0.00771331
3622	0.00771835
3623	0.00772341
3624	0.00772848
3625	0.00773356
3626	0.00772637
3627	0.00771918
3628	0.00771199
3629	0.00770479
3630	0.00769759
3631	0.00770272
3632	0.00770786
3633	0.00771301
3634	0.00771818
3635	0.00772337
3636	0.0077162
3637	0.00770903
3638	0.00770186
3639	0.00769469
3640	0.00768752
3641	0.00769275
3642	0.007698
3643	0.00770327
3644	0.00770856
3645	0.00771386
3646	0.00770673
3647	0.00769959
3648	0.00769246
3649	0.00768533
3650	0.0076782
3651	0.00767107
3652	0.00766394
3653	0.00765681
3654	0.00764968
3655	0.00764255
3656	0.00764797
3657	0.0076534
3658	0.00765885
3659	0.00766432
3660	0.00766982
3661	0.00767533
3662	0.00768087
3663	0.00768642
3664	0.007692
3665	0.00769761
3666	0.00767797
3667	0.00765833
3668	0.00763867
3669	0.007619
3670	0.00760565
3671	0.00760497
3672	0.00761064
3673	0.00761635
3674	0.00762208
3675	0.00762783
3676	0.0076209
3677	0.00761397
3678	0.00760705
3679	0.00760014
3680	0.00759324
3681	0.00758635
3682	0.00757948
3683	0.00757261
3684	0.00756577
3685	0.00755893
3686	0.00756493
3687	0.00757097
3688	0.00757705
3689	0.00758316
3690	0.00758931
3691	0.00758264
3692	0.00757598
3693	0.00756934
3694	0.00756273
3695	0.00755615
3696	0.00754959
3697	0.00754306
3698	0.00753656
3699	0.0075301
3700	0.00752367
3701	0.00752972
3702	0.00753579
3703	0.00754188
3704	0.00754799
3705	0.00755413
3706	0.00754725
3707	0.00754037
3708	0.0075335
3709	0.00752662
3710	0.00751974
3711	0.00752596
3712	0.00753219
3713	0.00753845
3714	0.00754473
3715	0.00755103
3716	0.00754421
3717	0.00753739
3718	0.00753058
3719	0.00752376
3720	0.00751694
3721	0.00752332
3722	0.00752973
3723	0.00753616
3724	0.00754261
3725	0.00754909
3726	0.00754233
3727	0.00753558
3728	0.00752882
3729	0.00752207
3730	0.00751532
3731	0.00752188
3732	0.00752846
3733	0.00753507
3734	0.00754171
3735	0.00754837
3736	0.00752831
3737	0.00750823
3738	0.00748812
3739	0.007468
3740	0.00745456
3741	0.00745454
3742	0.00746125
3743	0.00746799
3744	0.00747476
3745	0.00748155
3746	0.00747488
3747	0.00746821
3748	0.00746154
3749	0.00745487
3750	0.00744821
3751	0.0074551
3752	0.00746201
3753	0.00746896
3754	0.00747593
3755	0.00748293
3756	0.00747634
3757	0.00746975
3758	0.00746317
3759	0.00745659
3760	0.00745001
3761	0.00745711
3762	0.00746425
3763	0.00747141
3764	0.0074786
3765	0.00748583
3766	0.00749308
3767	0.00750036
3768	0.00750768
3769	0.00751502
3770	0.0075224
3771	0.00751599
3772	0.00750958
3773	0.00750318
3774	0.00749679
3775	0.00749039
3776	0.00748401
3777	0.00747763
3778	0.00747125
3779	0.00746488
3780	0.00745851
3781	0.0074661
3782	0.00747373
3783	0.00748139
3784	0.00748909
3785	0.00749682
3786	0.00749056
3787	0.00748431
3788	0.00747806
3789	0.00747182
3790	0.00746559
3791	0.00747346
3792	0.00748137
3793	0.00748932
3794	0.00749731
3795	0.00750533
3796	0.00749922
3797	0.00749312
3798	0.00748702
3799	0.00748094
3800	0.00747486
3801	0.00742184
3802	0.00738078
3803	0.00734664
3804	0.00731717
3805	0.00729111
3806	0.00725386
3807	0.00721881
3808	0.00718561
3809	0.00715396
3810	0.00712365
3811	0.00710819
3812	0.00709372
3813	0.00708013
3814	0.00706735
3815	0.00705528
3816	0.00703034
3817	0.00700605
3818	0.00698236
3819	0.00695924
3820	0.00693664
3821	0.00692798
3822	0.00691976
3823	0.00691194
3824	0.0069045
3825	0.00689743
3826	0.00689071
3827	0.00688433
3828	0.00687826
3829	0.0068725
3830	0.00686703
3831	0.00684852
3832	0.00683031
3833	0.00681237
3834	0.00679472
3835	0.00677732
3836	0.00677346
3837	0.00676984
3838	0.00676644
3839	0.00676327
3840	0.00676031
3841	0.00674432
3842	0.00672855
3843	0.00671299
3844	0.00669764
3845	0.0066825
3846	0.00668079
3847	0.00667927
3848	0.00667795
3849	0.00667681
3850	0.00667586
3851	0.00666187
3852	0.00664807
3853	0.00663446
3854	0.00662103
3855	0.00660778
3856	0.00660132
3857	0.00659504
3858	0.00658232
3859	0.0065764
3860	0.00657065
3861	0.00656508
3862	0.00656631
3863	0.0065611
3864	0.00656269
3865	0.00655784
3866	0.00654656
3867	0.00654208
3868	0.00653117
3869	0.00652706
3870	0.00651652
3871	0.00651943
3872	0.00652254
3873	0.00652586
3874	0.00652938
3875	0.00653313
3876	0.00652379
3877	0.00652131
3878	0.0065124
3879	0.00651038
3880	0.00650191
3881	0.00650035
3882	0.00649905
3883	0.00649799
3884	0.00649721
3885	0.0064967
3886	0.00650318
3887	0.00650997
3888	0.00652381
3889	0.00653129
3890	0.00653912
3891	0.00653385
3892	0.00652895
3893	0.0065312
3894	0.00652712
3895	0.00652348
3896	0.00653389
3897	0.00653807
3898	0.00654964
3899	0.00655504
3900	0.00656798
3901	0.00657914
3902	0.00659037
3903	0.00659479
3904	0.00660615
3905	0.00661757
3906	0.00662215
3907	0.00661985
3908	0.00662451
3909	0.00662228
3910	0.00662702
3911	0.0066388
3912	0.00664366
3913	0.00665557
3914	0.00666055
3915	0.00667261
3916	0.00667068
3917	0.00666878
3918	0.00667397
3919	0.00667214
3920	0.00667035
3921	0.0066828
3922	0.00669533
3923	0.00670083
3924	0.00671353
3925	0.00672633
3926	0.00672488
3927	0.00673066
3928	0.0067293
3929	0.00673521
3930	0.00673396
3931	0.00674724
3932	0.00675337
3933	0.00676684
3934	0.00677315
3935	0.00678683
3936	0.00679331
3937	0.00679255
3938	0.00679919
3939	0.00679857
3940	0.00680538
3941	0.00681228
3942	0.00682668
3943	0.0068338
3944	0.00684845
3945	0.00685579
3946	0.00685577
3947	0.00685582
3948	0.00686346
3949	0.0068637
3950	0.00686402
3951	0.00687198
3952	0.00688764
3953	0.00689588
3954	0.00691185
3955	0.00692038
3956	0.00692905
3957	0.00693787
3958	0.00693916
3959	0.00694827
3960	0.00695754
3961	0.00697471
3962	0.0069921
3963	0.00700193
3964	0.00701975
3965	0.00703779
3966	0.00704042
3967	0.00705107
3968	0.00705406
3969	0.00706514
3970	0.00706853
3971	0.007088
3972	0.00709982
3973	0.00711989
3974	0.00713228
3975	0.00715299
3976	0.00716602
3977	0.00717129
3978	0.00718496
3979	0.00719087
3980	0.00720527
3981	0.00722007
3982	0.0072353
3983	0.00725922
3984	0.00727543
3985	0.00729216
3986	0.00731777
3987	0.0073357
3988	0.00736267
3989	0.00738199
3990	0.00741054
3991	0.00742305
3992	0.00744494
3993	0.00745932
3994	0.00748338
3995	0.00750013
3996	0.00753562
3997	0.00756423
3998	0.00760365
3999	0.00763684
4000	0.00768198
