       280	3.48527e-12	
       281	7.30296e-12	
       282	1.40717e-11	
       283	1.9168e-11	
       284	1.96563e-11	
       285	1.41692e-11	
       286	2.02456e-11	
       287	3.22916e-11	
       288	3.29712e-11	
       289	4.50403e-11	
       290	6.92443e-11	
       291	8.42238e-11	
       292	8.58656e-11	
       293	8.98418e-11	
       294	9.76345e-11	
       295	1.06769e-10	
       296	1.21763e-10	
       297	1.1972e-10	
       298	1.33473e-10	
       299	1.35277e-10	
       300	1.42081e-10	
       301	7.81244e-10	
       302	4.43047e-09	
       303	3.08791e-08	
       304	1.80015e-07	
       305	9.94092e-07	
       306	1.90022e-06	
       307	4.11923e-06	
       308	9.06583e-06	
       309	1.6878e-05	
       310	3.36838e-05	
       311	7.24866e-05	
       312	0.000114784	
       313	0.000184292	
       314	0.000305183	
       315	0.000469296	
       316	0.00054421	
       317	0.00082047	
       318	0.00103609	
       319	 0.0012598	
       320	0.00174677	
       321	0.00208773	
       322	0.00237784	
       323	0.00266046	
       324	0.00351585	
       325	0.00481986	
       326	0.00636961	
       327	0.00733156	
       328	0.00791479	
       329	0.00938324	
       330	 0.0114209	
       331	  0.011347	
       332	 0.0120593	
       333	 0.0126106	
       334	 0.0135468	
       335	 0.0151227	
       336	 0.0143926	
       337	 0.0141885	
       338	 0.0165283	
       339	 0.0183972	
       340	 0.0206795	
       341	 0.0207229	
       342	 0.0219058	
       343	 0.0236135	
       344	 0.0211822	
       345	 0.0228846	
       346	 0.0251846	
       347	 0.0263854	
       348	 0.0267222	
       349	 0.0273543	
       350	 0.0313282	
       351	 0.0338926	
       352	 0.0327608	
       353	 0.0345085	
       354	 0.0403979	
       355	 0.0422193	
       356	  0.039833	
       357	 0.0349559	
       358	 0.0326992	
       359	 0.0372096	
       360	 0.0468902	
       361	 0.0437256	
       362	 0.0457081	
       363	  0.051318	
       364	 0.0530061	
       365	 0.0574308	
       366	  0.067086	
       367	  0.068635	
       368	 0.0659781	
       369	 0.0694387	
       370	 0.0746472	
       371	 0.0724377	
       372	 0.0719032	
       373	 0.0660964	
       374	 0.0616218	
       375	  0.067518	
       376	 0.0769916	
       377	 0.0850078	
       378	  0.100658	
       379	 0.0924773	
       380	 0.0887894	
       381	  0.095248	
       382	 0.0774258	
       383	 0.0618537	
       384	 0.0702952	
       385	 0.0899235	
       386	 0.0889991	
       387	 0.0929588	
       388	 0.0928596	
       389	  0.102391	
       390	  0.119054	
       391	  0.129164	
       392	  0.121597	
       393	 0.0794379	
       394	 0.0829786	
       395	  0.129687	
       396	  0.121494	
       397	 0.0858759	
       398	  0.143381	
       399	  0.184829	
       400	  0.197955	
       401	  0.208483	
       402	  0.217615	
       403	  0.216308	
       404	  0.220336	
       405	  0.219911	
       406	  0.217566	
       407	  0.217676	
       408	  0.229632	
       409	   0.24137	
       410	  0.222235	
       411	  0.241981	
       412	  0.258488	
       413	  0.255143	
       414	  0.255472	
       415	  0.266629	
       416	  0.276682	
       417	  0.274497	
       418	  0.269372	
       419	  0.275991	
       420	  0.267264	
       421	  0.293411	
       422	  0.297008	
       423	  0.292754	
       424	  0.295366	
       425	  0.304485	
       426	  0.300493	
       427	  0.295392	
       428	  0.296407	
       429	  0.275504	
       430	  0.230192	
       431	  0.227277	
       432	  0.327719	
       433	  0.327274	
       434	  0.312749	
       435	  0.339703	
       436	  0.372501	
       437	  0.379557	
       438	  0.346287	
       439	  0.340759	
       440	  0.378727	
       441	  0.387463	
       442	  0.411104	
       443	  0.422101	
       444	  0.419756	
       445	  0.430049	
       446	  0.407876	
       447	  0.445882	
       448	  0.460205	
       449	  0.465741	
       450	  0.484453	
       451	  0.501074	
       452	  0.487191	
       453	    0.4642	
       454	  0.486897	
       455	  0.493662	
       456	  0.509445	
       457	  0.518233	
       458	  0.513516	
       459	  0.512439	
       460	  0.516391	
       461	  0.532882	
       462	  0.543357	
       463	  0.546666	
       464	  0.537971	
       465	  0.533735	
       466	   0.54185	
       467	  0.531952	
       468	  0.549978	
       469	  0.556438	
       470	  0.545468	
       471	  0.556754	
       472	  0.580539	
       473	   0.57211	
       474	  0.580383	
       475	  0.598125	
       476	  0.590488	
       477	  0.598845	
       478	  0.615395	
       479	  0.611955	
       480	  0.620788	
       481	  0.623699	
       482	  0.626194	
       483	  0.621753	
       484	  0.614873	
       485	   0.60008	
       486	  0.521811	
       487	  0.560716	
       488	  0.602404	
       489	  0.591678	
       490	  0.637523	
       491	  0.626556	
       492	  0.609752	
       493	  0.636583	
       494	  0.637505	
       495	  0.664241	
       496	  0.649105	
       497	   0.65325	
       498	  0.642791	
       499	  0.643482	
       500	  0.644125	
       501	  0.631931	
       502	  0.636144	
       503	  0.656995	
       504	  0.638104	
       505	  0.670253	
       506	  0.695283	
       507	  0.675724	
       508	  0.662927	
       509	  0.684158	
       510	  0.676473	
       511	  0.687011	
       512	   0.69937	
       513	  0.670312	
       514	  0.657079	
       515	  0.674274	
       516	  0.666727	
       517	  0.584682	
       518	  0.628535	
       519	  0.632007	
       520	  0.676331	
       521	  0.690707	
       522	  0.701433	
       523	  0.678842	
       524	  0.713666	
       525	  0.716518	
       526	  0.690406	
       527	   0.63604	
       528	  0.698667	
       529	  0.733354	
       530	  0.721965	
       531	    0.7496	
       532	   0.73562	
       533	  0.681573	
       534	  0.709224	
       535	  0.728864	
       536	   0.74522	
       537	  0.711624	
       538	  0.729882	
       539	   0.71872	
       540	  0.697292	
       541	  0.683712	
       542	  0.727038	
       543	   0.72855	
       544	  0.746697	
       545	  0.736907	
       546	  0.734422	
       547	  0.739302	
       548	  0.729817	
       549	  0.743087	
       550	  0.741466	
       551	  0.743422	
       552	   0.75334	
       553	  0.740279	
       554	  0.750666	
       555	  0.755044	
       556	  0.744871	
       557	  0.731138	
       558	  0.736943	
       559	  0.714074	
       560	  0.724357	
       561	  0.752274	
       562	  0.734326	
       563	  0.750145	
       564	  0.745759	
       565	   0.74286	
       566	   0.71969	
       567	  0.751166	
       568	  0.753268	
       569	  0.744193	
       570	  0.739651	
       571	  0.723348	
       572	  0.753887	
       573	    0.7625	
       574	  0.758673	
       575	  0.746358	
       576	  0.744321	
       577	  0.754102	
       578	  0.739965	
       579	  0.744775	
       580	  0.750155	
       581	   0.75302	
       582	  0.761067	
       583	  0.766071	
       584	  0.764396	
       585	  0.759623	
       586	  0.747584	
       587	  0.760958	
       588	  0.748366	
       589	  0.691409	
       590	  0.718343	
       591	  0.752187	
       592	  0.752071	
       593	  0.752478	
       594	   0.75511	
       595	  0.756177	
       596	  0.765773	
       597	  0.771186	
       598	   0.76163	
       599	  0.760097	
       600	  0.764532	
       601	   0.75762	
       602	  0.754515	
       603	  0.768455	
       604	  0.783157	
       605	  0.784806	
       606	  0.784948	
       607	  0.788103	
       608	  0.788233	
       609	  0.785501	
       610	  0.786675	
       611	  0.788236	
       612	  0.800171	
       613	  0.792465	
       614	  0.779987	
       615	  0.795472	
       616	  0.783411	
       617	  0.780665	
       618	  0.805196	
       619	  0.816197	
       620	  0.821271	
       621	  0.826362	
       622	  0.816328	
       623	   0.81712	
       624	  0.815444	
       625	  0.807579	
       626	  0.812567	
       627	  0.834926	
       628	  0.841894	
       629	  0.844517	
       630	   0.84022	
       631	  0.833886	
       632	  0.814819	
       633	  0.841974	
       634	  0.839331	
       635	  0.841765	
       636	  0.833271	
       637	  0.853708	
       638	  0.862622	
       639	  0.855989	
       640	  0.842116	
       641	  0.842512	
       642	  0.846826	
       643	  0.856419	
       644	  0.854158	
       645	  0.861147	
       646	  0.850853	
       647	  0.858503	
       648	  0.855458	
       649	  0.836225	
       650	  0.833039	
       651	  0.865713	
       652	  0.866643	
       653	  0.870969	
       654	  0.862301	
       655	  0.825398	
       656	  0.745507	
       657	  0.770437	
       658	  0.844127	
       659	  0.859818	
       660	  0.872107	
       661	  0.880955	
       662	   0.88421	
       663	  0.882516	
       664	  0.882208	
       665	  0.892561	
       666	  0.891528	
       667	  0.884726	
       668	  0.873744	
       669	  0.872341	
       670	  0.854908	
       671	  0.846282	
       672	  0.834559	
       673	  0.833184	
       674	   0.82613	
       675	  0.820165	
       676	  0.824043	
       677	  0.815933	
       678	  0.815507	
       679	  0.806477	
       680	  0.803698	
       681	  0.802408	
       682	  0.800567	
       683	  0.794808	
       684	  0.789158	
       685	  0.784946	
       686	  0.770784	
       687	  0.784126	
       688	  0.790162	
       689	  0.790244	
       690	  0.789047	
       691	   0.78852	
       692	  0.785321	
       693	  0.792993	
       694	   0.79739	
       695	  0.794325	
       696	   0.79821	
       697	  0.802218	
       698	  0.800043	
       699	  0.807838	
       700	  0.809448	
       701	  0.809784	
       702	  0.811741	
       703	  0.822687	
       704	   0.83555	
       705	  0.846761	
       706	  0.845923	
       707	  0.848788	
       708	   0.85743	
       709	  0.866208	
       710	  0.892549	
       711	   0.83776	
       712	  0.801231	
       713	  0.776006	
       714	  0.760688	
       715	   0.73602	
       716	  0.729309	
       717	  0.718365	
       718	  0.699967	
       719	  0.675309	
       720	  0.686821	
       721	  0.686867	
       722	  0.686374	
       723	  0.680312	
       724	  0.679395	
       725	  0.678912	
       726	  0.682366	
       727	  0.689888	
       728	  0.694481	
       729	  0.683524	
       730	  0.710581	
       731	   0.71354	
       732	  0.728558	
       733	  0.734619	
       734	   0.75692	
       735	  0.766153	
       736	  0.770665	
       737	  0.784006	
       738	   0.79439	
       739	  0.798395	
       740	  0.836363	
       741	  0.834826	
       742	  0.834149	
       743	  0.851714	
       744	  0.861162	
       745	  0.859932	
       746	  0.862133	
       747	  0.864474	
       748	  0.862783	
       749	  0.864672	
       750	  0.863486	
       751	  0.867021	
       752	  0.872281	
       753	  0.877058	
       754	  0.883608	
       755	  0.884119	
       756	  0.875096	
       757	  0.875586	
       758	  0.880337	
       759	  0.872831	
       760	  0.876626	
       761	  0.873444	
       762	  0.873743	
       763	  0.826032	
       764	  0.790564	
       765	  0.756241	
       766	  0.713009	
       767	  0.697814	
       768	  0.701618	
       769	  0.702309	
       770	  0.709069	
       771	  0.717708	
       772	  0.726848	
       773	  0.736579	
       774	   0.74703	
       775	  0.758381	
       776	  0.770109	
       777	  0.779385	
       778	   0.79594	
       779	  0.820646	
       780	  0.855366	
       781	  0.853243	
       782	   0.85676	
       783	  0.850632	
       784	  0.844655	
       785	   0.84861	
       786	  0.849079	
       787	  0.847835	
       788	  0.842195	
       789	   0.84017	
       790	  0.833736	
       791	  0.826449	
       792	  0.819196	
       793	  0.811972	
       794	  0.805663	
       795	  0.805608	
       796	  0.812692	
       797	  0.823354	
       798	  0.818899	
       799	  0.810898	
       800	  0.801128	
       801	  0.786546	
       802	  0.771299	
       803	  0.749998	
       804	  0.740621	
       805	  0.720227	
       806	  0.723473	
       807	  0.713633	
       808	  0.704387	
       809	   0.68939	
       810	  0.686531	
       811	   0.68241	
       812	  0.681593	
       813	  0.677179	
       814	  0.671477	
       815	  0.662262	
       816	   0.65699	
       817	  0.650227	
       818	  0.634962	
       819	  0.620045	
       820	  0.614775	
       821	  0.613233	
       822	  0.602601	
       823	  0.604833	
       824	  0.602276	
       825	  0.612909	
       826	  0.628674	
       827	   0.64107	
       828	  0.649296	
       829	  0.658737	
       830	  0.674629	
       831	  0.694127	
       832	  0.705092	
       833	  0.696045	
       834	  0.708145	
       835	  0.715462	
       836	  0.724789	
       837	   0.72586	
       838	  0.729856	
       839	  0.731672	
       840	  0.742899	
       841	  0.743816	
       842	  0.734976	
       843	  0.733256	
       844	  0.727086	
       845	  0.743334	
       846	  0.745322	
       847	  0.731137	
       848	  0.730482	
       849	  0.723532	
       850	  0.679136	
       851	  0.719557	
       852	  0.724724	
       853	  0.711203	
       854	  0.656332	
       855	  0.686505	
       856	  0.731705	
       857	  0.752132	
       858	  0.757963	
       859	  0.761911	
       860	  0.763255	
       861	  0.763095	
       862	   0.76962	
       863	  0.769081	
       864	  0.756422	
       865	  0.734584	
       866	  0.673274	
       867	  0.705098	
       868	  0.736085	
       869	  0.736585	
       870	  0.744933	
       871	  0.740174	
       872	  0.745656	
       873	  0.739835	
       874	  0.728157	
       875	  0.721848	
       876	  0.736155	
       877	  0.740392	
       878	  0.737726	
       879	   0.72881	
       880	  0.726512	
       881	  0.656976	
       882	  0.641004	
       883	   0.62145	
       884	  0.608182	
       885	  0.597387	
       886	  0.571987	
       887	  0.558604	
       888	  0.556363	
       889	  0.549209	
       890	  0.539321	
       891	  0.529022	
       892	  0.517312	
       893	  0.503664	
       894	  0.498172	
       895	  0.493164	
       896	  0.489522	
       897	  0.480886	
       898	  0.472688	
       899	  0.462991	
       900	  0.455908	
       901	  0.443432	
       902	   0.43251	
       903	  0.442717	
       904	  0.440082	
       905	  0.433704	
       906	  0.434055	
       907	  0.438876	
       908	  0.437124	
       909	  0.435172	
       910	  0.441604	
       911	  0.446488	
       912	  0.448717	
       913	   0.45615	
       914	  0.459717	
       915	  0.460604	
       916	  0.462512	
       917	  0.460795	
       918	    0.4605	
       919	   0.46176	
       920	  0.458543	
       921	  0.452017	
       922	  0.446589	
       923	  0.437062	
       924	  0.450132	
       925	  0.453136	
       926	  0.373318	
       927	  0.332343	
       928	  0.294378	
       929	  0.263926	
       930	  0.239097	
       931	  0.220208	
       932	  0.202778	
       933	  0.188822	
       934	  0.175282	
       935	  0.162031	
       936	  0.151035	
       937	  0.142062	
       938	  0.144801	
       939	   0.14645	
       940	  0.146219	
       941	  0.146427	
       942	  0.145708	
       943	  0.151295	
       944	  0.151864	
       945	  0.154662	
       946	   0.15815	
       947	  0.160473	
       948	  0.163467	
       949	  0.170797	
       950	  0.177525	
       951	  0.184085	
       952	  0.193054	
       953	   0.20167	
       954	  0.208514	
       955	  0.211369	
       956	   0.22844	
       957	  0.243626	
       958	  0.259512	
       959	  0.276501	
       960	  0.292232	
       961	  0.310845	
       962	  0.334862	
       963	  0.361542	
       964	  0.393092	
       965	   0.44077	
       966	  0.441761	
       967	  0.448251	
       968	  0.449054	
       969	  0.454168	
       970	  0.459512	
       971	  0.460836	
       972	  0.467077	
       973	  0.468421	
       974	  0.467829	
       975	  0.474607	
       976	  0.483438	
       977	  0.486086	
       978	  0.493398	
       979	  0.495597	
       980	   0.50516	
       981	  0.509718	
       982	  0.516788	
       983	  0.519582	
       984	  0.521385	
       985	  0.526725	
       986	  0.529861	
       987	  0.535132	
       988	  0.539586	
       989	  0.541564	
       990	  0.549706	
       991	  0.560517	
       992	  0.567767	
       993	   0.57887	
       994	  0.587786	
       995	  0.585632	
       996	  0.584161	
       997	  0.578792	
       998	  0.578289	
       999	  0.578365	
      1000	  0.579816	
      1001	  0.582826	
      1002	  0.582923	
      1003	   0.57754	
      1004	  0.568531	
      1005	  0.544128	
      1006	  0.561362	
      1007	  0.573136	
      1008	  0.575795	
      1009	  0.574433	
      1010	  0.575344	
      1011	  0.573097	
      1012	  0.572139	
      1013	  0.569999	
      1014	  0.570733	
      1015	  0.564836	
      1016	  0.565374	
      1017	  0.563046	
      1018	  0.566389	
      1019	  0.556512	
      1020	  0.558375	
      1021	  0.559751	
      1022	  0.555253	
      1023	  0.558755	
      1024	  0.561078	
      1025	  0.560815	
      1026	  0.561074	
      1027	  0.560137	
      1028	   0.56053	
      1029	  0.557423	
      1030	  0.558565	
      1031	  0.558429	
      1032	  0.557922	
      1033	  0.551974	
      1034	  0.554388	
      1035	  0.557074	
      1036	  0.557704	
      1037	  0.554332	
      1038	  0.553638	
      1039	  0.557437	
      1040	  0.556789	
      1041	   0.55704	
      1042	  0.556664	
      1043	  0.553405	
      1044	  0.554373	
      1045	   0.55059	
      1046	  0.540912	
      1047	  0.546737	
      1048	  0.551423	
      1049	  0.549909	
      1050	  0.547358	
      1051	  0.547289	
      1052	  0.544943	
      1053	  0.543837	
      1054	  0.542937	
      1055	  0.544521	
      1056	  0.543619	
      1057	  0.542303	
      1058	  0.536634	
      1059	  0.526193	
      1060	  0.534093	
      1061	  0.528731	
      1062	   0.53446	
      1063	  0.530647	
      1064	  0.535232	
      1065	  0.534223	
      1066	  0.525938	
      1067	   0.52721	
      1068	  0.524734	
      1069	  0.505327	
      1070	   0.51553	
      1071	  0.497637	
      1072	   0.48718	
      1073	  0.472451	
      1074	  0.469994	
      1075	  0.458157	
      1076	  0.454949	
      1077	  0.449834	
      1078	  0.444221	
      1079	  0.433834	
      1080	  0.432831	
      1081	   0.42101	
      1082	    0.4139	
      1083	  0.413909	
      1084	  0.413427	
      1085	  0.409853	
      1086	  0.406416	
      1087	  0.392639	
      1088	  0.395712	
      1089	  0.394744	
      1090	  0.390047	
      1091	   0.38802	
      1092	  0.380096	
      1093	  0.371922	
      1094	  0.356279	
      1095	  0.362144	
      1096	  0.363391	
      1097	  0.363422	
      1098	  0.359417	
      1099	   0.35609	
      1100	  0.361752	
      1101	  0.283403	
      1102	   0.23293	
      1103	  0.203464	
      1104	  0.178626	
      1105	    0.1583	
      1106	  0.141671	
      1107	  0.127382	
      1108	  0.115822	
      1109	  0.105717	
      1110	 0.0970008	
      1111	  0.088867	
      1112	 0.0819191	
      1113	 0.0754814	
      1114	 0.0705234	
      1115	  0.065448	
      1116	   0.06056	
      1117	 0.0569483	
      1118	 0.0526324	
      1119	 0.0491866	
      1120	 0.0460233	
      1121	 0.0486316	
      1122	 0.0514577	
      1123	 0.0542181	
      1124	 0.0571127	
      1125	 0.0598876	
      1126	 0.0620335	
      1127	 0.0663643	
      1128	 0.0711216	
      1129	 0.0756139	
      1130	 0.0801342	
      1131	 0.0801678	
      1132	 0.0799542	
      1133	 0.0788152	
      1134	 0.0784336	
      1135	 0.0781406	
      1136	 0.0777817	
      1137	 0.0759977	
      1138	 0.0747761	
      1139	 0.0752848	
      1140	 0.0751952	
      1141	 0.0738055	
      1142	 0.0743943	
      1143	 0.0736871	
      1144	 0.0728691	
      1145	 0.0730377	
      1146	 0.0777659	
      1147	 0.0823789	
      1148	 0.0868912	
      1149	 0.0919753	
      1150	 0.0976104	
      1151	  0.103904	
      1152	  0.110689	
      1153	  0.118919	
      1154	  0.128681	
      1155	   0.13885	
      1156	  0.149244	
      1157	  0.163241	
      1158	  0.178592	
      1159	  0.194896	
      1160	  0.214999	
      1161	  0.240994	
      1162	  0.250247	
      1163	    0.2569	
      1164	  0.259212	
      1165	  0.266236	
      1166	  0.268067	
      1167	  0.276648	
      1168	  0.284052	
      1169	  0.284745	
      1170	  0.296357	
      1171	  0.299554	
      1172	  0.300876	
      1173	  0.300724	
      1174	  0.301716	
      1175	   0.29877	
      1176	  0.296669	
      1177	  0.302771	
      1178	  0.302507	
      1179	  0.303282	
      1180	  0.307542	
      1181	  0.307847	
      1182	  0.306595	
      1183	  0.296862	
      1184	  0.307103	
      1185	  0.312765	
      1186	  0.314461	
      1187	  0.315803	
      1188	  0.313314	
      1189	  0.304363	
      1190	  0.315083	
      1191	  0.322335	
      1192	  0.323924	
      1193	   0.32531	
      1194	  0.326894	
      1195	  0.326586	
      1196	  0.328082	
      1197	  0.327905	
      1198	  0.322991	
      1199	  0.317536	
      1200	  0.331795	
      1201	  0.336149	
      1202	  0.335283	
      1203	  0.325836	
      1204	  0.325209	
      1205	  0.332699	
      1206	  0.333061	
      1207	  0.333418	
      1208	  0.326655	
      1209	  0.316487	
      1210	  0.327155	
      1211	  0.324536	
      1212	  0.330383	
      1213	  0.332494	
      1214	  0.332033	
      1215	  0.333139	
      1216	   0.33361	
      1217	  0.333871	
      1218	  0.333479	
      1219	  0.332526	
      1220	   0.33429	
      1221	  0.334978	
      1222	  0.334671	
      1223	  0.333709	
      1224	  0.337526	
      1225	  0.337989	
      1226	  0.338696	
      1227	  0.334485	
      1228	  0.338529	
      1229	  0.342235	
      1230	  0.343177	
      1231	   0.34395	
      1232	  0.343392	
      1233	  0.346079	
      1234	  0.347307	
      1235	  0.348378	
      1236	  0.352659	
      1237	  0.355692	
      1238	  0.358626	
      1239	  0.360766	
      1240	  0.369796	
      1241	  0.369452	
      1242	  0.365985	
      1243	  0.360596	
      1244	  0.357122	
      1245	     0.356	
      1246	  0.356028	
      1247	  0.354374	
      1248	  0.354326	
      1249	  0.352408	
      1250	  0.349976	
      1251	  0.346369	
      1252	  0.342628	
      1253	  0.342059	
      1254	  0.340868	
      1255	  0.338956	
      1256	  0.336805	
      1257	  0.334044	
      1258	  0.333448	
      1259	  0.331029	
      1260	  0.330666	
      1261	  0.328672	
      1262	  0.324697	
      1263	  0.325313	
      1264	  0.321583	
      1265	   0.32087	
      1266	  0.320989	
      1267	  0.316261	
      1268	  0.313459	
      1269	  0.314611	
      1270	  0.315237	
      1271	  0.315785	
      1272	  0.315226	
      1273	  0.315452	
      1274	  0.314947	
      1275	  0.317368	
      1276	  0.319293	
      1277	  0.320518	
      1278	   0.32103	
      1279	   0.32046	
      1280	  0.318978	
      1281	  0.309361	
      1282	  0.287115	
      1283	  0.306024	
      1284	  0.320037	
      1285	  0.324833	
      1286	  0.327618	
      1287	  0.330698	
      1288	  0.332338	
      1289	  0.335509	
      1290	  0.335267	
      1291	  0.327064	
      1292	  0.321225	
      1293	   0.31516	
      1294	  0.306829	
      1295	  0.303754	
      1296	   0.30051	
      1297	  0.295181	
      1298	  0.289968	
      1299	  0.288567	
      1300	  0.285005	
      1301	  0.281359	
      1302	  0.276604	
      1303	  0.272769	
      1304	  0.269734	
      1305	  0.269445	
      1306	  0.267754	
      1307	  0.265744	
      1308	  0.263411	
      1309	  0.261399	
      1310	  0.258676	
      1311	  0.256189	
      1312	   0.25222	
      1313	  0.245845	
      1314	  0.248286	
      1315	  0.242962	
      1316	  0.242359	
      1317	  0.244126	
      1318	  0.241321	
      1319	  0.242524	
      1320	  0.241019	
      1321	  0.184312	
      1322	  0.152015	
      1323	  0.129517	
      1324	  0.112439	
      1325	 0.0986947	
      1326	 0.0872716	
      1327	 0.0777233	
      1328	 0.0700182	
      1329	 0.0622505	
      1330	 0.0570772	
      1331	 0.0524009	
      1332	 0.0473869	
      1333	 0.0441459	
      1334	 0.0408113	
      1335	 0.0376135	
      1336	 0.0345852	
      1337	 0.0321155	
      1338	 0.0297219	
      1339	 0.0273898	
      1340	   0.02549	
      1341	 0.0241781	
      1342	 0.0226042	
      1343	 0.0211742	
      1344	 0.0198721	
      1345	  0.018647	
      1346	 0.0174124	
      1347	 0.0164334	
      1348	 0.0154626	
      1349	  0.014529	
      1350	 0.0135813	
      1351	 0.0116777	
      1352	 0.0101437	
      1353	0.00878971	
      1354	 0.0076297	
      1355	0.00660893	
      1356	0.00579623	
      1357	0.00506766	
      1358	0.00452524	
      1359	0.00400583	
      1360	0.00353614	
      1361	0.00317748	
      1362	0.00282994	
      1363	0.00250009	
      1364	0.00225908	
      1365	0.00202922	
      1366	0.00182353	
      1367	 0.0016331	
      1368	0.00148166	
      1369	0.00132288	
      1370	0.00119555	
      1371	0.00108617	
      1372	0.000994987	
      1373	0.000906335	
      1374	0.000823761	
      1375	0.000741052	
      1376	0.000671771	
      1377	0.000618254	
      1378	0.000565807	
      1379	0.000520697	
      1380	0.000474992	
      1381	0.000435526	
      1382	0.000396066	
      1383	0.000364456	
      1384	0.000336356	
      1385	0.000307634	
      1386	0.000284485	
      1387	0.00026059	
      1388	0.00024127	
      1389	0.000222906	
      1390	0.00020339	
      1391	0.000189663	
      1392	0.000175716	
      1393	0.000161919	
      1394	0.000149297	
      1395	0.000138388	
      1396	0.000148392	
      1397	0.000159209	
      1398	0.000171222	
      1399	0.000183025	
      1400	0.000192559	
      1401	0.000206935	
      1402	0.000225111	
      1403	0.000241167	
      1404	0.000260377	
      1405	0.000280943	
      1406	0.000304828	
      1407	 0.0003292	
      1408	0.000355696	
      1409	0.000386071	
      1410	0.000417729	
      1411	0.000449882	
      1412	0.000479493	
      1413	0.000525342	
      1414	0.00057806	
      1415	0.000630567	
      1416	0.00068551	
      1417	0.000751922	
      1418	0.000823548	
      1419	0.000893712	
      1420	0.000977187	
      1421	0.00107668	
      1422	0.00116624	
      1423	0.00127981	
      1424	0.00141023	
      1425	0.00156821	
      1426	0.00170076	
      1427	0.00189631	
      1428	0.00211639	
      1429	0.00231818	
      1430	 0.0025766	
      1431	0.00289105	
      1432	0.00328865	
      1433	0.00369027	
      1434	0.00409683	
      1435	0.00463105	
      1436	0.00524486	
      1437	0.00596176	
      1438	0.00676986	
      1439	0.00774136	
      1440	0.00858775	
      1441	0.00993795	
      1442	 0.0115304	
      1443	 0.0128196	
      1444	  0.013518	
      1445	 0.0142359	
      1446	 0.0150381	
      1447	 0.0157607	
      1448	 0.0167067	
      1449	  0.017593	
      1450	 0.0184545	
      1451	 0.0193062	
      1452	 0.0204014	
      1453	 0.0216404	
      1454	 0.0228336	
      1455	 0.0241389	
      1456	  0.025539	
      1457	 0.0273292	
      1458	 0.0294372	
      1459	 0.0315026	
      1460	 0.0334365	
      1461	 0.0356367	
      1462	 0.0379192	
      1463	 0.0390886	
      1464	 0.0391519	
      1465	 0.0394862	
      1466	 0.0392013	
      1467	  0.039648	
      1468	 0.0393639	
      1469	 0.0396687	
      1470	 0.0394811	
      1471	 0.0389428	
      1472	 0.0390753	
      1473	 0.0390016	
      1474	 0.0382718	
      1475	 0.0387593	
      1476	 0.0389757	
      1477	 0.0389214	
      1478	  0.040686	
      1479	 0.0429576	
      1480	  0.045159	
      1481	 0.0470371	
      1482	 0.0495963	
      1483	 0.0514579	
      1484	 0.0547157	
      1485	 0.0583326	
      1486	 0.0611188	
      1487	 0.0633696	
      1488	 0.0621914	
      1489	  0.071307	
      1490	 0.0775374	
      1491	 0.0830335	
      1492	 0.0883556	
      1493	 0.0959231	
      1494	  0.103877	
      1495	  0.112232	
      1496	  0.120122	
      1497	  0.134438	
      1498	  0.137463	
      1499	   0.13884	
      1500	  0.143077	
      1501	  0.145408	
      1502	  0.145126	
      1503	   0.13793	
      1504	  0.143359	
      1505	  0.143212	
      1506	  0.151144	
      1507	  0.158958	
      1508	  0.161247	
      1509	  0.164115	
      1510	  0.170375	
      1511	  0.174486	
      1512	  0.176088	
      1513	  0.179703	
      1514	  0.184014	
      1515	  0.190888	
      1516	  0.196831	
      1517	  0.203428	
      1518	  0.214254	
      1519	  0.223379	
      1520	  0.241864	
      1521	  0.237731	
      1522	  0.236921	
      1523	  0.239633	
      1524	  0.240164	
      1525	  0.236929	
      1526	  0.241238	
      1527	   0.24071	
      1528	  0.241802	
      1529	  0.239425	
      1530	  0.231106	
      1531	  0.240096	
      1532	     0.242	
      1533	  0.240093	
      1534	   0.23749	
      1535	  0.239913	
      1536	  0.243001	
      1537	  0.243432	
      1538	  0.239988	
      1539	  0.243227	
      1540	  0.235329	
      1541	  0.234985	
      1542	  0.234883	
      1543	  0.233718	
      1544	  0.233664	
      1545	   0.23308	
      1546	  0.231024	
      1547	  0.227187	
      1548	  0.222102	
      1549	  0.223791	
      1550	  0.221711	
      1551	   0.22142	
      1552	  0.222178	
      1553	  0.219214	
      1554	  0.214674	
      1555	  0.214113	
      1556	  0.211875	
      1557	  0.214758	
      1558	  0.213553	
      1559	  0.213593	
      1560	  0.212831	
      1561	  0.215891	
      1562	  0.215654	
      1563	   0.21502	
      1564	  0.213478	
      1565	  0.215692	
      1566	  0.214375	
      1567	   0.21479	
      1568	  0.213379	
      1569	  0.215255	
      1570	  0.215609	
      1571	  0.219803	
      1572	  0.220728	
      1573	  0.218879	
      1574	   0.21703	
      1575	  0.209651	
      1576	  0.214634	
      1577	  0.204406	
      1578	  0.216035	
      1579	  0.221279	
      1580	  0.222924	
      1581	  0.222351	
      1582	   0.21568	
      1583	  0.216386	
      1584	   0.21489	
      1585	  0.218862	
      1586	  0.216643	
      1587	  0.213585	
      1588	  0.208031	
      1589	  0.197044	
      1590	  0.201136	
      1591	  0.202608	
      1592	  0.210336	
      1593	  0.213913	
      1594	  0.212814	
      1595	  0.211949	
      1596	  0.203979	
      1597	  0.205322	
      1598	  0.208928	
      1599	  0.205767	
      1600	  0.205695	
      1601	   0.20104	
      1602	  0.202216	
      1603	  0.202282	
      1604	  0.202144	
      1605	       0.2	
      1606	  0.199072	
      1607	  0.197962	
      1608	  0.200268	
      1609	  0.198168	
      1610	   0.18887	
      1611	  0.192732	
      1612	  0.194724	
      1613	  0.198259	
      1614	   0.19828	
      1615	   0.19761	
      1616	  0.191433	
      1617	  0.194264	
      1618	  0.200237	
      1619	  0.199868	
      1620	  0.195576	
      1621	  0.195989	
      1622	  0.199382	
      1623	  0.203927	
      1624	   0.20508	
      1625	  0.203441	
      1626	  0.206202	
      1627	  0.208179	
      1628	   0.21065	
      1629	   0.21263	
      1630	  0.213988	
      1631	  0.214719	
      1632	  0.214451	
      1633	  0.211937	
      1634	   0.20989	
      1635	  0.212103	
      1636	  0.211298	
      1637	  0.204452	
      1638	  0.202658	
      1639	  0.199635	
      1640	  0.201421	
      1641	   0.20042	
      1642	  0.200656	
      1643	  0.203563	
      1644	  0.201901	
      1645	  0.201251	
      1646	  0.203716	
      1647	  0.204083	
      1648	  0.203455	
      1649	  0.200491	
      1650	   0.20209	
      1651	  0.200246	
      1652	  0.202082	
      1653	  0.200691	
      1654	  0.201304	
      1655	  0.199697	
      1656	  0.200645	
      1657	  0.200714	
      1658	  0.199666	
      1659	  0.197742	
      1660	  0.198813	
      1661	  0.199549	
      1662	  0.198848	
      1663	  0.198042	
      1664	  0.197674	
      1665	  0.196092	
      1666	  0.194628	
      1667	  0.194602	
      1668	  0.192246	
      1669	  0.193555	
      1670	   0.19631	
      1671	  0.195068	
      1672	  0.189403	
      1673	  0.191383	
      1674	   0.19347	
      1675	  0.191463	
      1676	  0.189352	
      1677	  0.190451	
      1678	  0.190993	
      1679	  0.187052	
      1680	  0.180172	
      1681	  0.173801	
      1682	  0.176018	
      1683	  0.179999	
      1684	  0.181949	
      1685	  0.181895	
      1686	  0.179528	
      1687	  0.179229	
      1688	  0.178422	
      1689	  0.175952	
      1690	  0.175511	
      1691	  0.177506	
      1692	  0.177312	
      1693	  0.176189	
      1694	    0.1756	
      1695	  0.175033	
      1696	  0.173851	
      1697	  0.172692	
      1698	  0.172059	
      1699	  0.170713	
      1700	  0.168365	
      1701	  0.167662	
      1702	  0.167246	
      1703	  0.166634	
      1704	   0.16599	
      1705	  0.165298	
      1706	    0.1642	
      1707	  0.163048	
      1708	  0.161905	
      1709	  0.160771	
      1710	  0.159806	
      1711	  0.159809	
      1712	  0.159976	
      1713	  0.160145	
      1714	  0.160317	
      1715	  0.160357	
      1716	  0.159559	
      1717	  0.158632	
      1718	  0.157711	
      1719	  0.156797	
      1720	  0.155951	
      1721	  0.155456	
      1722	  0.155029	
      1723	  0.154605	
      1724	  0.154185	
      1725	  0.153713	
      1726	  0.152887	
      1727	  0.152011	
      1728	   0.15114	
      1729	  0.150274	
      1730	  0.149281	
      1731	  0.147473	
      1732	  0.145541	
      1733	  0.143617	
      1734	  0.141701	
      1735	   0.14016	
      1736	  0.140804	
      1737	  0.141815	
      1738	  0.142824	
      1739	  0.143832	
      1740	  0.144608	
      1741	  0.124364	
      1742	  0.111357	
      1743	   0.10152	
      1744	 0.0935548	
      1745	 0.0868939	
      1746	 0.0813463	
      1747	 0.0765162	
      1748	 0.0722263	
      1749	 0.0683767	
      1750	 0.0649041	
      1751	 0.0617874	
      1752	  0.058941	
      1753	 0.0563197	
      1754	 0.0538955	
      1755	 0.0516256	
      1756	 0.0493886	
      1757	 0.0472829	
      1758	 0.0453129	
      1759	 0.0434657	
      1760	 0.0417413	
      1761	 0.0401839	
      1762	 0.0387247	
      1763	  0.037345	
      1764	 0.0360384	
      1765	 0.0347995	
      1766	  0.033623	
      1767	 0.0325045	
      1768	 0.0314399	
      1769	 0.0304255	
      1770	 0.0294465	
      1771	  0.028439	
      1772	 0.0274668	
      1773	 0.0265383	
      1774	 0.0256509	
      1775	 0.0248163	
      1776	 0.0240995	
      1777	 0.0234249	
      1778	 0.0227769	
      1779	 0.0221541	
      1780	  0.021549	
      1781	  0.020931	
      1782	 0.0203308	
      1783	 0.0197533	
      1784	 0.0191973	
      1785	 0.0186672	
      1786	 0.0181877	
      1787	   0.01773	
      1788	  0.017288	
      1789	 0.0168609	
      1790	 0.0164415	
      1791	 0.0159936	
      1792	 0.0155548	
      1793	 0.0151311	
      1794	 0.0147217	
      1795	  0.014326	
      1796	 0.0139434	
      1797	 0.0135734	
      1798	 0.0132155	
      1799	 0.0128692	
      1800	 0.0125414	
      1801	 0.0107985	
      1802	 0.0093653	
      1803	0.00816946	
      1804	0.00716271	
      1805	0.00630781	
      1806	0.00557231	
      1807	0.00494015	
      1808	 0.0043944	
      1809	0.00392095	
      1810	0.00350114	
      1811	0.00309532	
      1812	0.00273671	
      1813	0.00242441	
      1814	0.00215162	
      1815	0.00191863	
      1816	0.00174544	
      1817	0.00159553	
      1818	0.00146085	
      1819	0.00133958	
      1820	0.00122977	
      1821	 0.0011284	
      1822	0.00103645	
      1823	0.000953198	
      1824	0.000877694	
      1825	0.000808261	
      1826	0.000740312	
      1827	0.00067808	
      1828	0.000621705	
      1829	0.000570567	
      1830	0.000524386	
      1831	0.000483716	
      1832	0.000446819	
      1833	0.000413088	
      1834	0.000382218	
      1835	0.000353891	
      1836	0.000327583	
      1837	0.000303417	
      1838	0.000281234	
      1839	0.000260855	
      1840	0.000242083	
      1841	0.000224578	
      1842	0.000208442	
      1843	0.000193583	
      1844	0.00017989	
      1845	0.000167348	
      1846	0.000156217	
      1847	0.000145984	
      1848	0.000136495	
      1849	0.000127691	
      1850	0.000119477	
      1851	0.000111629	
      1852	0.000104312	
      1853	9.75213e-05	
      1854	9.12146e-05	
      1855	8.53541e-05	
      1856	7.99054e-05	
      1857	7.48367e-05	
      1858	7.0119e-05	
      1859	6.57257e-05	
      1860	6.16325e-05	
      1861	6.36796e-05	
      1862	6.5803e-05	
      1863	6.8006e-05	
      1864	7.0292e-05	
      1865	7.26792e-05	
      1866	7.52294e-05	
      1867	7.7896e-05	
      1868	8.06686e-05	
      1869	8.35521e-05	
      1870	8.63616e-05	
      1871	8.80725e-05	
      1872	8.95998e-05	
      1873	9.11315e-05	
      1874	9.26655e-05	
      1875	9.47206e-05	
      1876	0.000100029	
      1877	0.000106184	
      1878	0.000112683	
      1879	0.000119546	
      1880	0.000126449	
      1881	0.00013158	
      1882	0.00013657	
      1883	0.000141775	
      1884	0.000147204	
      1885	0.000152743	
      1886	0.000157692	
      1887	0.000162687	
      1888	0.00016786	
      1889	0.00017322	
      1890	0.000178901	
      1891	0.000185592	
      1892	0.000192708	
      1893	0.000200137	
      1894	0.000207895	
      1895	0.000216155	
      1896	0.00022577	
      1897	0.000236034	
      1898	0.000246818	
      1899	0.000258153	
      1900	0.000269934	
      1901	0.000281392	
      1902	0.000293262	
      1903	0.000305706	
      1904	0.000318759	
      1905	0.000332406	
      1906	0.000346327	
      1907	0.000360873	
      1908	0.00037613	
      1909	0.000392137	
      1910	0.000409027	
      1911	0.000427203	
      1912	0.000446415	
      1913	0.000466631	
      1914	0.000487912	
      1915	0.000510323	
      1916	0.000533935	
      1917	0.000558823	
      1918	0.000585066	
      1919	0.000612753	
      1920	0.000641975	
      1921	0.00061152	
      1922	0.000615039	
      1923	0.000625728	
      1924	0.000640662	
      1925	0.00065856	
      1926	0.000677672	
      1927	0.000698941	
      1928	0.000722519	
      1929	0.000748391	
      1930	0.000777189	
      1931	0.000812169	
      1932	0.000850729	
      1933	0.000892477	
      1934	0.000937653	
      1935	0.000986009	
      1936	0.00103471	
      1937	0.00108676	
      1938	0.00114302	
      1939	0.00120387	
      1940	0.00126782	
      1941	0.00132465	
      1942	0.00138361	
      1943	0.00144702	
      1944	0.00151532	
      1945	0.00159429	
      1946	0.00171383	
      1947	0.00185155	
      1948	0.00200382	
      1949	0.00217261	
      1950	0.00235834	
      1951	0.00255318	
      1952	 0.0027683	
      1953	0.00300894	
      1954	0.00327921	
      1955	0.00358125	
      1956	0.00390506	
      1957	0.00426952	
      1958	0.00468585	
      1959	0.00516478	
      1960	0.00571924	
      1961	0.00607035	
      1962	0.00644931	
      1963	0.00686023	
      1964	0.00730672	
      1965	 0.0077993	
      1966	0.00837821	
      1967	0.00902182	
      1968	0.00973165	
      1969	 0.0105169	
      1970	 0.0113821	
      1971	 0.0123001	
      1972	 0.0133167	
      1973	 0.0144559	
      1974	 0.0157394	
      1975	 0.0171942	
      1976	 0.0188548	
      1977	  0.020766	
      1978	 0.0229871	
      1979	 0.0255992	
      1980	 0.0287238	
      1981	  0.032563	
      1982	 0.0373656	
      1983	 0.0435863	
      1984	 0.0521314	
      1985	 0.0653232	
      1986	 0.0500707	
      1987	 0.0424578	
      1988	 0.0372034	
      1989	 0.0332028	
      1990	 0.0299713	
      1991	 0.0271596	
      1992	 0.0247602	
      1993	 0.0226972	
      1994	  0.020901	
      1995	 0.0193343	
      1996	 0.0180122	
      1997	 0.0168408	
      1998	 0.0157863	
      1999	 0.0148318	
      2000	 0.0139579	
      2001	 0.0131265	
      2002	 0.0123603	
      2003	  0.011657	
      2004	 0.0110096	
      2005	 0.0104166	
      2006	 0.0108462	
      2007	 0.0113054	
      2008	 0.0117916	
      2009	  0.012307	
      2010	  0.012852	
      2011	 0.0134125	
      2012	 0.0140063	
      2013	 0.0146387	
      2014	 0.0153135	
      2015	 0.0160321	
      2016	  0.016778	
      2017	  0.017575	
      2018	 0.0184316	
      2019	  0.019355	
      2020	 0.0203623	
      2021	 0.0215127	
      2022	 0.0227772	
      2023	 0.0241617	
      2024	 0.0256849	
      2025	 0.0273575	
      2026	 0.0291406	
      2027	 0.0311245	
      2028	 0.0333678	
      2029	 0.0359345	
      2030	 0.0389264	
      2031	 0.0425279	
      2032	 0.0469382	
      2033	 0.0525818	
      2034	  0.060489	
      2035	 0.0755005	
      2036	 0.0743005	
      2037	 0.0731912	
      2038	 0.0721642	
      2039	  0.071204	
      2040	 0.0703524	
      2041	 0.0698343	
      2042	 0.0694041	
      2043	 0.0690048	
      2044	 0.0686328	
      2045	  0.068241	
      2046	  0.067583	
      2047	 0.0669056	
      2048	  0.066251	
      2049	 0.0656176	
      2050	 0.0650222	
      2051	 0.0645304	
      2052	 0.0640729	
      2053	 0.0636304	
      2054	 0.0632021	
      2055	 0.0627754	
      2056	 0.0622663	
      2057	 0.0617587	
      2058	 0.0612638	
      2059	 0.0607812	
      2060	 0.0603281	
      2061	 0.0599681	
      2062	 0.0596359	
      2063	 0.0593139	
      2064	 0.0590019	
      2065	 0.0586997	
      2066	 0.0589546	
      2067	 0.0592147	
      2068	 0.0594801	
      2069	 0.0597511	
      2070	 0.0600458	
      2071	 0.0604306	
      2072	 0.0608413	
      2073	 0.0612605	
      2074	 0.0616885	
      2075	 0.0621011	
      2076	 0.0623621	
      2077	 0.0626056	
      2078	 0.0628568	
      2079	 0.0631161	
      2080	 0.0633969	
      2081	 0.0637516	
      2082	 0.0641305	
      2083	 0.0645216	
      2084	  0.064926	
      2085	 0.0653513	
      2086	 0.0658056	
      2087	 0.0662839	
      2088	 0.0667812	
      2089	 0.0672993	
      2090	 0.0678266	
      2091	 0.0683091	
      2092	 0.0688046	
      2093	 0.0693308	
      2094	 0.0698925	
      2095	  0.070525	
      2096	 0.0714012	
      2097	  0.072374	
      2098	 0.0734305	
      2099	 0.0745961	
      2100	 0.0759044	
      2101	 0.0759256	
      2102	 0.0759397	
      2103	 0.0759545	
      2104	 0.0759701	
      2105	 0.0759707	
      2106	 0.0758769	
      2107	 0.0757678	
      2108	 0.0756593	
      2109	 0.0755516	
      2110	 0.0754525	
      2111	  0.075418	
      2112	 0.0753925	
      2113	  0.075368	
      2114	 0.0753446	
      2115	 0.0753222	
      2116	  0.075285	
      2117	 0.0752489	
      2118	 0.0752141	
      2119	 0.0751806	
      2120	 0.0751485	
      2121	 0.0751017	
      2122	 0.0750564	
      2123	 0.0750126	
      2124	 0.0749706	
      2125	 0.0749548	
      2126	 0.0750713	
      2127	 0.0752147	
      2128	 0.0753609	
      2129	 0.0755102	
      2130	 0.0756299	
      2131	 0.0755725	
      2132	 0.0754854	
      2133	 0.0754015	
      2134	 0.0753212	
      2135	 0.0752698	
      2136	 0.0753884	
      2137	 0.0755378	
      2138	 0.0756939	
      2139	 0.0758577	
      2140	 0.0760055	
      2141	 0.0760131	
      2142	 0.0760074	
      2143	 0.0760161	
      2144	 0.0760435	
      2145	 0.0761214	
      2146	 0.0763546	
      2147	 0.0766723	
      2148	 0.0771023	
      2149	 0.0770534	
      2150	 0.0769961	
      2151	 0.0768531	
      2152	 0.0767015	
      2153	 0.0765501	
      2154	 0.0763989	
      2155	 0.0762477	
      2156	 0.0760624	
      2157	 0.0758772	
      2158	 0.0756922	
      2159	 0.0755073	
      2160	 0.0752197	
      2161	 0.0742982	
      2162	 0.0732744	
      2163	  0.072251	
      2164	  0.071228	
      2165	 0.0704023	
      2166	 0.0707754	
      2167	 0.0713453	
      2168	 0.0719151	
      2169	 0.0724847	
      2170	 0.0729943	
      2171	 0.0731104	
      2172	 0.0731666	
      2173	 0.0732229	
      2174	 0.0732792	
      2175	 0.0733014	
      2176	 0.0731185	
      2177	 0.0729015	
      2178	 0.0726847	
      2179	 0.0724681	
      2180	 0.0722772	
      2181	 0.0722571	
      2182	 0.0722628	
      2183	 0.0722685	
      2184	 0.0722743	
      2185	  0.072246	
      2186	 0.0719959	
      2187	 0.0717119	
      2188	 0.0714279	
      2189	 0.0711442	
      2190	 0.0709032	
      2191	 0.0709181	
      2192	 0.0709757	
      2193	 0.0710333	
      2194	  0.071091	
      2195	 0.0711232	
      2196	 0.0710191	
      2197	 0.0708895	
      2198	   0.07076	
      2199	 0.0706141	
      2200	 0.0704428	
      2201	 0.0701186	
      2202	 0.0697692	
      2203	 0.0694202	
      2204	 0.0690714	
      2205	 0.0687655	
      2206	 0.0686807	
      2207	 0.0686385	
      2208	 0.0685964	
      2209	 0.0685543	
      2210	 0.0685039	
      2211	 0.0684197	
      2212	 0.0683272	
      2213	 0.0682348	
      2214	 0.0681425	
      2215	 0.0680504	
      2216	 0.0679584	
      2217	 0.0678665	
      2218	 0.0677748	
      2219	 0.0676832	
      2220	 0.0675748	
      2221	 0.0673652	
      2222	 0.0671389	
      2223	 0.0669129	
      2224	 0.0666871	
      2225	 0.0664783	
      2226	  0.066371	
      2227	 0.0662806	
      2228	 0.0661904	
      2229	 0.0661002	
      2230	 0.0660102	
      2231	 0.0659035	
      2232	 0.0657969	
      2233	 0.0656905	
      2234	 0.0655841	
      2235	 0.0654611	
      2236	 0.0652206	
      2237	 0.0649635	
      2238	 0.0647066	
      2239	 0.0644499	
      2240	 0.0642187	
      2241	 0.0641386	
      2242	 0.0640838	
      2243	 0.0640291	
      2244	 0.0639745	
      2245	 0.0639032	
      2246	 0.0637482	
      2247	 0.0635767	
      2248	 0.0634053	
      2249	  0.063234	
      2250	  0.063063	
      2251	 0.0628586	
      2252	 0.0626544	
      2253	 0.0624504	
      2254	 0.0622466	
      2255	 0.0620596	
      2256	 0.0619897	
      2257	 0.0619365	
      2258	 0.0618835	
      2259	 0.0618305	
      2260	 0.0617692	
      2261	 0.0616247	
      2262	  0.061472	
      2263	 0.0613194	
      2264	 0.0611669	
      2265	 0.0610312	
      2266	 0.0609623	
      2267	   0.06091	
      2268	 0.0608578	
      2269	 0.0608057	
      2270	 0.0607454	
      2271	 0.0603727	
      2272	 0.0600038	
      2273	 0.0596456	
      2274	 0.0592973	
      2275	 0.0589418	
      2276	 0.0585139	
      2277	 0.0580784	
      2278	 0.0576511	
      2279	 0.0572312	
      2280	 0.0568424	
      2281	 0.0566028	
      2282	  0.056392	
      2283	 0.0561859	
      2284	 0.0559841	
      2285	 0.0557864	
      2286	 0.0555615	
      2287	 0.0553406	
      2288	 0.0551234	
      2289	 0.0549098	
      2290	 0.0546689	
      2291	 0.0542323	
      2292	 0.0537698	
      2293	 0.0533119	
      2294	 0.0528585	
      2295	 0.0524548	
      2296	 0.0522963	
      2297	 0.0521852	
      2298	 0.0520761	
      2299	 0.0519689	
      2300	 0.0518561	
      2301	 0.0516857	
      2302	   0.05151	
      2303	 0.0513364	
      2304	 0.0511647	
      2305	 0.0509876	
      2306	 0.0507832	
      2307	 0.0505735	
      2308	 0.0503658	
      2309	   0.05016	
      2310	 0.0499562	
      2311	 0.0497253	
      2312	 0.0494963	
      2313	 0.0492693	
      2314	 0.0490441	
      2315	 0.0488208	
      2316	 0.0486135	
      2317	 0.0484079	
      2318	  0.048204	
      2319	 0.0480016	
      2320	 0.0477796	
      2321	 0.0474041	
      2322	 0.0470097	
      2323	 0.0466178	
      2324	 0.0462282	
      2325	 0.0458899	
      2326	 0.0458185	
      2327	 0.0457967	
      2328	 0.0457753	
      2329	 0.0457546	
      2330	 0.0457136	
      2331	 0.0455629	
      2332	 0.0453927	
      2333	 0.0452236	
      2334	 0.0450557	
      2335	 0.0448889	
      2336	 0.0447232	
      2337	 0.0445586	
      2338	  0.044395	
      2339	 0.0442325	
      2340	 0.0440777	
      2341	 0.0439644	
      2342	 0.0438586	
      2343	 0.0437536	
      2344	 0.0436493	
      2345	 0.0435324	
      2346	 0.0433495	
      2347	 0.0431543	
      2348	 0.0429602	
      2349	 0.0427671	
      2350	 0.0425618	
      2351	 0.0422651	
      2352	 0.0419566	
      2353	 0.0416496	
      2354	 0.0413441	
      2355	 0.0410793	
      2356	 0.0410252	
      2357	 0.0410107	
      2358	 0.0409964	
      2359	 0.0409824	
      2360	 0.0409622	
      2361	  0.039308	
      2362	 0.0378326	
      2363	 0.0365026	
      2364	 0.0352904	
      2365	 0.0341707	
      2366	 0.0330921	
      2367	 0.0320824	
      2368	 0.0311376	
      2369	   0.03025	
      2370	 0.0294086	
      2371	 0.0285854	
      2372	 0.0278004	
      2373	 0.0270544	
      2374	 0.0263441	
      2375	 0.0256831	
      2376	 0.0251332	
      2377	 0.0246229	
      2378	 0.0241337	
      2379	 0.0236641	
      2380	 0.0231828	
      2381	 0.0225503	
      2382	 0.0219127	
      2383	 0.0212985	
      2384	 0.0207064	
      2385	 0.0201692	
      2386	  0.019851	
      2387	 0.0195759	
      2388	 0.0193092	
      2389	 0.0190505	
      2390	  0.018787	
      2391	 0.0184576	
      2392	 0.0181259	
      2393	 0.0178039	
      2394	 0.0174911	
      2395	 0.0171871	
      2396	  0.016886	
      2397	  0.016593	
      2398	  0.016308	
      2399	 0.0160305	
      2400	 0.0157602	
      2401	 0.0155022	
      2402	 0.0152506	
      2403	 0.0150054	
      2404	 0.0147662	
      2405	 0.0145328	
      2406	 0.0143098	
      2407	 0.0140921	
      2408	 0.0138795	
      2409	 0.0136717	
      2410	 0.0134574	
      2411	 0.0131806	
      2412	 0.0128993	
      2413	 0.0126248	
      2414	 0.0123567	
      2415	 0.0121118	
      2416	 0.0119647	
      2417	  0.011837	
      2418	 0.0117118	
      2419	 0.0115889	
      2420	 0.0114624	
      2421	  0.011299	
      2422	 0.0111332	
      2423	 0.0109707	
      2424	 0.0108115	
      2425	 0.0106574	
      2426	 0.0105173	
      2427	 0.0103816	
      2428	 0.0102486	
      2429	  0.010118	
      2430	0.00998815	
      2431	0.00984342	
      2432	0.00969974	
      2433	0.00955879	
      2434	 0.0094205	
      2435	0.00928643	
      2436	0.00916784	
      2437	0.00905296	
      2438	0.00894011	
      2439	0.00882923	
      2440	0.00871872	
      2441	0.00859788	
      2442	0.00847767	
      2443	 0.0083596	
      2444	0.00824361	
      2445	0.00812818	
      2446	0.00800899	
      2447	0.00789048	
      2448	0.00777404	
      2449	0.00765964	
      2450	   0.00755	
      2451	0.00709751	
      2452	0.00668427	
      2453	0.00630354	
      2454	0.00595191	
      2455	0.00562851	
      2456	0.00533833	
      2457	0.00507016	
      2458	0.00482009	
      2459	0.00458652	
      2460	0.00436721	
      2461	0.00415567	
      2462	 0.0039567	
      2463	0.00377002	
      2464	0.00359467	
      2465	 0.0034285	
      2466	0.00326606	
      2467	0.00311203	
      2468	0.00296697	
      2469	0.00283023	
      2470	0.00270223	
      2471	0.00258812	
      2472	0.00248099	
      2473	0.00237944	
      2474	 0.0022831	
      2475	0.00219042	
      2476	0.00209452	
      2477	0.00200248	
      2478	0.00191521	
      2479	0.00183242	
      2480	0.00175484	
      2481	0.00168567	
      2482	0.00162072	
      2483	0.00155882	
      2484	0.00149979	
      2485	0.00144401	
      2486	0.00139344	
      2487	0.00134557	
      2488	0.00129974	
      2489	0.00125583	
      2490	0.00121165	
      2491	0.00115679	
      2492	0.00110262	
      2493	0.00105109	
      2494	0.00100206	
      2495	0.000958314	
      2496	0.000932846	
      2497	0.000910966	
      2498	0.000889721	
      2499	0.000869085	
      2500	0.000847716	
      2501	0.000323521	
      2502	0.000140716	
      2503	6.67742e-05	
      2504	3.37506e-05	
      2505	1.79038e-05	
      2506	9.85445e-06	
      2507	5.59959e-06	
      2508	3.26911e-06	
      2509	1.95343e-06	
      2510	1.19138e-06	
      2511	7.40614e-07	
      2512	4.67887e-07	
      2513	2.99853e-07	
      2514	1.94672e-07	
      2515	1.27887e-07	
      2516	8.49627e-08	
      2517	5.70106e-08	
      2518	3.86087e-08	
      2519	2.63713e-08	
      2520	1.81606e-08	
      2521	1.26104e-08	
      2522	8.81979e-09	
      2523	6.20932e-09	
      2524	4.3987e-09	
      2525	3.13502e-09	
      2526	2.24964e-09	
      2527	1.62318e-09	
      2528	1.17705e-09	
      2529	8.57614e-10	
      2530	6.27587e-10	
      2531	4.60289e-10	
      2532	3.38921e-10	
      2533	2.50548e-10	
      2534	1.85925e-10	
      2535	1.38505e-10	
      2536	1.03631e-10	
      2537	7.78173e-11	
      2538	5.86245e-11	
      2539	4.43045e-11	
      2540	3.35841e-11	
      2541	2.55434e-11	
      2542	1.94829e-11	
      2543	1.49011e-11	
      2544	1.1427e-11	
      2545	8.78549e-12	
      2546	6.76851e-12	
      2547	5.2272e-12	
      2548	4.04634e-12	
      2549	3.13939e-12	
      2550	2.44111e-12	
      2551	1.90141e-12	
      2552	1.48414e-12	
      2553	1.16079e-12	
      2554	9.09694e-13	
      2555	7.1429e-13	
      2556	5.6167e-13	
      2557	4.4247e-13	
      2558	3.49191e-13	
      2559	2.76058e-13	
      2560	2.18662e-13	
      2561	1.73641e-13	
      2562	1.38144e-13	
      2563	1.10079e-13	
      2564	8.78529e-14	
      2565	7.02211e-14	
      2566	5.61868e-14	
      2567	4.50229e-14	
      2568	3.61287e-14	
      2569	2.90321e-14	
      2570	2.33615e-14	
      2571	1.88153e-14	
      2572	1.51737e-14	
      2573	1.22527e-14	
      2574	9.9065e-15	
      2575	8.0195e-15	
      2576	6.49984e-15	
      2577	5.27444e-15	
      2578	4.28508e-15	
      2579	3.4853e-15	
      2580	2.83736e-15	
      2581	2.30928e-15	
      2582	1.8811e-15	
      2583	1.53393e-15	
      2584	1.25214e-15	
      2585	1.02364e-15	
      2586	8.40399e-16	
      2587	6.90973e-16	
      2588	5.68677e-16	
      2589	4.68482e-16	
      2590	3.8622e-16	
      2591	3.18116e-16	
      2592	2.62203e-16	
      2593	2.16314e-16	
      2594	1.78616e-16	
      2595	1.47652e-16	
      2596	1.22276e-16	
      2597	1.01372e-16	
      2598	8.41131e-17	
      2599	6.98507e-17	
      2600	5.80544e-17	
      2601	3.65593e-17	
      2602	2.80913e-17	
      2603	2.24071e-17	
      2604	1.8232e-17	
      2605	1.50285e-17	
      2606	1.24927e-17	
      2607	1.04598e-17	
      2608	8.80853e-18	
      2609	7.4535e-18	
      2610	6.33255e-18	
      2611	5.40161e-18	
      2612	4.62169e-18	
      2613	3.96517e-18	
      2614	3.41023e-18	
      2615	2.93945e-18	
      2616	2.53636e-18	
      2617	2.19259e-18	
      2618	1.89864e-18	
      2619	1.64669e-18	
      2620	1.4296e-18	
      2621	1.23867e-18	
      2622	1.07407e-18	
      2623	9.32445e-19	
      2624	8.10395e-19	
      2625	7.0593e-19	
      2626	6.19814e-19	
      2627	5.45408e-19	
      2628	4.80382e-19	
      2629	4.23486e-19	
      2630	3.73467e-19	
      2631	3.28668e-19	
      2632	2.89332e-19	
      2633	2.54899e-19	
      2634	2.2473e-19	
      2635	1.98224e-19	
      2636	1.74537e-19	
      2637	1.53743e-19	
      2638	1.35511e-19	
      2639	1.19514e-19	
      2640	1.05521e-19	
      2641	9.34985e-20	
      2642	8.29346e-20	
      2643	7.36053e-20	
      2644	6.53608e-20	
      2645	5.80704e-20	
      2646	5.15685e-20	
      2647	4.58175e-20	
      2648	4.07277e-20	
      2649	3.62207e-20	
      2650	3.22275e-20	
      2651	2.8659e-20	
      2652	2.54969e-20	
      2653	2.26935e-20	
      2654	2.0207e-20	
      2655	1.8005e-20	
      2656	1.60657e-20	
      2657	1.43447e-20	
      2658	1.28132e-20	
      2659	1.14497e-20	
      2660	1.02325e-20	
      2661	9.13431e-21	
      2662	8.15485e-21	
      2663	7.28302e-21	
      2664	6.50667e-21	
      2665	5.81807e-21	
      2666	5.21481e-21	
      2667	4.67809e-21	
      2668	4.19801e-21	
      2669	3.76844e-21	
      2670	3.38306e-21	
      2671	3.03029e-21	
      2672	2.71445e-21	
      2673	2.43227e-21	
      2674	2.18008e-21	
      2675	1.95512e-21	
      2676	1.7557e-21	
      2677	1.5775e-21	
      2678	1.4178e-21	
      2679	1.27462e-21	
      2680	1.14623e-21	
      2681	1.03106e-21	
      2682	9.27713e-22	
      2683	8.34952e-22	
      2684	7.51668e-22	
      2685	6.7687e-22	
      2686	6.09036e-22	
      2687	5.4814e-22	
      2688	4.93457e-22	
      2689	4.4434e-22	
      2690	4.0021e-22	
      2691	3.60743e-22	
      2692	3.25246e-22	
      2693	2.93313e-22	
      2694	2.64577e-22	
      2695	2.38714e-22	
      2696	2.15313e-22	
      2697	1.94251e-22	
      2698	1.75288e-22	
      2699	1.58212e-22	
      2700	1.4287e-22	
      2701	1.63273e-22	
      2702	1.86725e-22	
      2703	2.13643e-22	
      2704	2.44555e-22	
      2705	2.8007e-22	
      2706	3.20894e-22	
      2707	3.67843e-22	
      2708	4.21863e-22	
      2709	4.8405e-22	
      2710	5.55674e-22	
      2711	6.38558e-22	
      2712	7.3417e-22	
      2713	8.44521e-22	
      2714	9.7195e-22	
      2715	1.11918e-21	
      2716	1.28867e-21	
      2717	1.48459e-21	
      2718	1.71121e-21	
      2719	1.97345e-21	
      2720	2.27711e-21	
      2721	2.62746e-21	
      2722	3.03336e-21	
      2723	3.50389e-21	
      2724	4.04965e-21	
      2725	4.68434e-21	
      2726	5.42458e-21	
      2727	6.28714e-21	
      2728	7.29108e-21	
      2729	8.4603e-21	
      2730	9.82283e-21	
      2731	1.13989e-20	
      2732	1.32359e-20	
      2733	1.53783e-20	
      2734	1.78785e-20	
      2735	2.0798e-20	
      2736	2.42232e-20	
      2737	2.82305e-20	
      2738	3.2922e-20	
      2739	3.84182e-20	
      2740	4.48617e-20	
      2741	5.24505e-20	
      2742	6.13645e-20	
      2743	7.18428e-20	
      2744	8.41686e-20	
      2745	9.86785e-20	
      2746	1.15707e-19	
      2747	1.35771e-19	
      2748	1.59431e-19	
      2749	1.87351e-19	
      2750	2.20326e-19	
      2751	2.59153e-19	
      2752	3.05057e-19	
      2753	3.59369e-19	
      2754	4.23684e-19	
      2755	4.99908e-19	
      2756	5.90321e-19	
      2757	6.97657e-19	
      2758	8.25195e-19	
      2759	9.7687e-19	
      2760	1.15741e-18	
      2761	1.3733e-18	
      2762	1.6309e-18	
      2763	1.93855e-18	
      2764	2.30633e-18	
      2765	2.74641e-18	
      2766	3.27543e-18	
      2767	3.91007e-18	
      2768	4.67218e-18	
      2769	5.58831e-18	
      2770	6.6888e-18	
      2771	8.00476e-18	
      2772	9.58664e-18	
      2773	1.14931e-17	
      2774	1.37933e-17	
      2775	1.65717e-17	
      2776	1.99434e-17	
      2777	2.40279e-17	
      2778	2.8982e-17	
      2779	3.49979e-17	
      2780	4.23126e-17	
      2781	5.1248e-17	
      2782	6.21466e-17	
      2783	7.5457e-17	
      2784	9.17351e-17	
      2785	1.1167e-16	
      2786	1.36116e-16	
      2787	1.66138e-16	
      2788	2.03062e-16	
      2789	2.48542e-16	
      2790	3.04644e-16	
      2791	3.73734e-16	
      2792	4.59179e-16	
      2793	5.65022e-16	
      2794	6.96351e-16	
      2795	8.59842e-16	
      2796	1.0641e-15	
      2797	1.3195e-15	
      2798	1.63902e-15	
      2799	2.03949e-15	
      2800	2.54239e-15	
      2801	2.96406e-15	
      2802	3.45794e-15	
      2803	4.0368e-15	
      2804	4.71575e-15	
      2805	5.51437e-15	
      2806	6.45671e-15	
      2807	7.56778e-15	
      2808	8.87642e-15	
      2809	1.0419e-14	
      2810	1.22386e-14	
      2811	1.43869e-14	
      2812	1.69252e-14	
      2813	1.99268e-14	
      2814	2.34792e-14	
      2815	2.76869e-14	
      2816	3.26551e-14	
      2817	3.85465e-14	
      2818	4.55389e-14	
      2819	5.38456e-14	
      2820	6.37225e-14	
      2821	7.54306e-14	
      2822	8.93695e-14	
      2823	1.05981e-13	
      2824	1.25795e-13	
      2825	1.49502e-13	
      2826	1.77959e-13	
      2827	2.12106e-13	
      2828	2.53058e-13	
      2829	3.02222e-13	
      2830	3.61312e-13	
      2831	4.32136e-13	
      2832	5.17397e-13	
      2833	6.20158e-13	
      2834	7.44157e-13	
      2835	8.93965e-13	
      2836	1.07449e-12	
      2837	1.29301e-12	
      2838	1.55783e-12	
      2839	1.87922e-12	
      2840	2.26976e-12	
      2841	2.74675e-12	
      2842	3.32837e-12	
      2843	4.03858e-12	
      2844	4.90709e-12	
      2845	5.97078e-12	
      2846	7.27085e-12	
      2847	8.86706e-12	
      2848	1.08301e-11	
      2849	1.32482e-11	
      2850	1.62319e-11	
      2851	1.99202e-11	
      2852	2.44874e-11	
      2853	3.01536e-11	
      2854	3.71964e-11	
      2855	4.59675e-11	
      2856	5.69505e-11	
      2857	7.06935e-11	
      2858	8.79266e-11	
      2859	1.09584e-10	
      2860	1.36863e-10	
      2861	1.71304e-10	
      2862	2.14891e-10	
      2863	2.70193e-10	
      2864	3.4054e-10	
      2865	4.30265e-10	
      2866	5.44296e-10	
      2867	6.90373e-10	
      2868	8.78062e-10	
      2869	1.11997e-09	
      2870	1.43324e-09	
      2871	1.84106e-09	
      2872	2.37335e-09	
      2873	3.06983e-09	
      2874	3.98464e-09	
      2875	5.19284e-09	
      2876	6.79807e-09	
      2877	8.93851e-09	
      2878	1.18028e-08	
      2879	1.56546e-08	
      2880	2.08615e-08	
      2881	2.7901e-08	
      2882	3.75132e-08	
      2883	5.07204e-08	
      2884	6.89885e-08	
      2885	9.44378e-08	
      2886	1.30254e-07	
      2887	1.80986e-07	
      2888	 2.535e-07	
      2889	3.58174e-07	
      2890	5.10925e-07	
      2891	7.36544e-07	
      2892	1.07434e-06	
      2893	1.58794e-06	
      2894	2.38292e-06	
      2895	3.6397e-06	
      2896	5.67484e-06	
      2897	9.08727e-06	
      2898	1.50882e-05	
      2899	2.65411e-05	
      2900	5.56143e-05	
      2901	5.67994e-05	
      2902	5.80135e-05	
      2903	5.92572e-05	
      2904	6.05314e-05	
      2905	6.1837e-05	
      2906	6.31308e-05	
      2907	6.44559e-05	
      2908	6.5813e-05	
      2909	6.72031e-05	
      2910	6.86272e-05	
      2911	7.00368e-05	
      2912	 7.148e-05	
      2913	7.29578e-05	
      2914	7.44711e-05	
      2915	7.60209e-05	
      2916	7.76633e-05	
      2917	7.9347e-05	
      2918	8.10729e-05	
      2919	8.28424e-05	
      2920	8.46567e-05	
      2921	8.65173e-05	
      2922	8.84253e-05	
      2923	9.03823e-05	
      2924	9.23898e-05	
      2925	9.44491e-05	
      2926	9.6562e-05	
      2927	9.87299e-05	
      2928	0.000100955	
      2929	0.000103238	
      2930	0.000105582	
      2931	0.000107909	
      2932	0.000110297	
      2933	0.000112747	
      2934	0.000115261	
      2935	0.000117841	
      2936	0.000120578	
      2937	0.000123389	
      2938	0.000126277	
      2939	0.000129245	
      2940	0.000132295	
      2941	0.000135329	
      2942	0.000138446	
      2943	0.000141648	
      2944	0.000144938	
      2945	0.000148374	
      2946	0.00015202	
      2947	0.000155831	
      2948	0.000159753	
      2949	0.000163792	
      2950	0.00016795	
      2951	0.000172234	
      2952	0.000176646	
      2953	0.000181192	
      2954	0.000185876	
      2955	0.000190703	
      2956	0.000195532	
      2957	0.000200507	
      2958	0.000205632	
      2959	0.000210915	
      2960	0.00021636	
      2961	0.000222142	
      2962	0.000228108	
      2963	0.000234265	
      2964	0.000240621	
      2965	0.000247182	
      2966	0.000253765	
      2967	0.000260559	
      2968	0.000267573	
      2969	0.000274815	
      2970	0.000282295	
      2971	0.000290244	
      2972	0.000298463	
      2973	0.000306962	
      2974	0.000315755	
      2975	0.000324852	
      2976	0.00033401	
      2977	0.000343483	
      2978	0.000353286	
      2979	0.000363432	
      2980	0.000373937	
      2981	0.000385114	
      2982	 0.0003967	
      2983	0.000408714	
      2984	0.000421176	
      2985	0.000434105	
      2986	0.000447176	
      2987	0.000460738	
      2988	0.000474815	
      2989	0.000489431	
      2990	0.000504613	
      2991	0.000520799	
      2992	0.000537637	
      2993	0.000555162	
      2994	0.000573409	
      2995	0.00059242	
      2996	0.000612236	
      2997	0.000632906	
      2998	0.00065448	
      2999	0.000677014	
      3000	0.000700574	
      3001	0.000700148	
      3002	0.000699721	
      3003	0.000699293	
      3004	0.000698864	
      3005	0.000698434	
      3006	0.00069856	
      3007	0.000698686	
      3008	0.000698812	
      3009	0.000698939	
      3010	0.000699066	
      3011	0.000699193	
      3012	0.00069932	
      3013	0.000699447	
      3014	0.000699575	
      3015	0.000699703	
      3016	0.000699268	
      3017	0.000698833	
      3018	0.000698396	
      3019	0.000697959	
      3020	0.000697521	
      3021	0.000697082	
      3022	0.000696642	
      3023	0.000696202	
      3024	0.00069576	
      3025	0.000695318	
      3026	0.000695443	
      3027	0.000695568	
      3028	0.000695694	
      3029	0.000695819	
      3030	0.000695946	
      3031	0.000695501	
      3032	0.000695056	
      3033	0.00069461	
      3034	0.000694163	
      3035	0.000693716	
      3036	0.000692694	
      3037	0.00069167	
      3038	0.000690644	
      3039	0.000689616	
      3040	0.000688874	
      3041	0.000689862	
      3042	0.000691141	
      3043	0.000692422	
      3044	0.000693706	
      3045	0.000694993	
      3046	0.000695704	
      3047	0.000696416	
      3048	0.00069713	
      3049	0.000697845	
      3050	0.000698563	
      3051	 0.0006987	
      3052	0.000698837	
      3053	0.000698975	
      3054	0.000699114	
      3055	0.000699254	
      3056	0.000699394	
      3057	0.000699536	
      3058	0.000699678	
      3059	0.000699821	
      3060	0.000699965	
      3061	0.000698932	
      3062	0.000697898	
      3063	0.000696862	
      3064	0.000695825	
      3065	0.000695082	
      3066	0.000694931	
      3067	0.000695076	
      3068	0.000695222	
      3069	0.00069537	
      3070	0.000695519	
      3071	0.000696264	
      3072	0.000697013	
      3073	0.000697763	
      3074	0.000698517	
      3075	0.000699274	
      3076	0.000698837	
      3077	 0.0006984	
      3078	0.000697964	
      3079	0.000697528	
      3080	0.000697094	
      3081	0.000696659	
      3082	0.000696226	
      3083	0.000695794	
      3084	0.000695362	
      3085	0.000694932	
      3086	0.000694503	
      3087	0.000694075	
      3088	0.000693649	
      3089	0.000693224	
      3090	0.000692801	
      3091	0.00069238	
      3092	0.000691961	
      3093	0.000691544	
      3094	0.000691129	
      3095	0.000690717	
      3096	0.000690308	
      3097	0.000689903	
      3098	 0.0006895	
      3099	0.000689101	
      3100	0.000688706	
      3101	0.000681206	
      3102	0.000679515	
      3103	0.000679593	
      3104	0.000680632	
      3105	0.000682307	
      3106	0.000683836	
      3107	0.000685726	
      3108	0.000687912	
      3109	0.000690347	
      3110	  0.000693	
      3111	0.000695214	
      3112	0.000697593	
      3113	0.000700123	
      3114	0.000702791	
      3115	0.00070591	
      3116	0.000709806	
      3117	0.000714157	
      3118	0.000718635	
      3119	0.000723235	
      3120	0.000727955	
      3121	0.000732791	
      3122	0.000737742	
      3123	0.000742806	
      3124	0.000747981	
      3125	0.000753266	
      3126	0.000758661	
      3127	0.000764164	
      3128	0.000769776	
      3129	0.000775497	
      3130	0.000781325	
      3131	0.000787263	
      3132	0.000793309	
      3133	0.000799464	
      3134	0.000805729	
      3135	0.000812105	
      3136	0.000817827	
      3137	0.000823647	
      3138	0.000829567	
      3139	0.000835586	
      3140	0.000841707	
      3141	0.00084873	
      3142	0.000855872	
      3143	0.000863132	
      3144	0.000870513	
      3145	0.000878017	
      3146	0.000884804	
      3147	0.000891701	
      3148	0.000898709	
      3149	0.000905829	
      3150	0.000913063	
      3151	0.000921296	
      3152	0.000929663	
      3153	0.000938169	
      3154	0.000946813	
      3155	 0.0009556	
      3156	0.000964532	
      3157	0.00097361	
      3158	0.000982839	
      3159	0.00099222	
      3160	0.00100176	
      3161	0.00101243	
      3162	0.00102328	
      3163	0.00103433	
      3164	0.00104556	
      3165	0.00105698	
      3166	0.00106654	
      3167	0.00107625	
      3168	0.00108613	
      3169	0.00109616	
      3170	 0.0011069	
      3171	0.00111892	
      3172	0.00113169	
      3173	 0.0011447	
      3174	0.00115794	
      3175	0.00117141	
      3176	0.00118281	
      3177	0.00119441	
      3178	0.00120621	
      3179	0.00121821	
      3180	0.00123042	
      3181	0.00124407	
      3182	0.00125797	
      3183	0.00127212	
      3184	0.00128652	
      3185	 0.0013012	
      3186	0.00131745	
      3187	0.00133401	
      3188	0.00135089	
      3189	 0.0013681	
      3190	0.00138565	
      3191	0.00140215	
      3192	0.00141897	
      3193	0.00143612	
      3194	0.00145361	
      3195	0.00147143	
      3196	0.00148813	
      3197	0.00150515	
      3198	0.00152251	
      3199	0.00154021	
      3200	0.00155904	
      3201	0.00155064	
      3202	0.00154309	
      3203	 0.0015356	
      3204	0.00152818	
      3205	0.00152081	
      3206	0.00151199	
      3207	0.00150323	
      3208	0.00149456	
      3209	0.00148595	
      3210	0.00147741	
      3211	0.00146746	
      3212	0.00145759	
      3213	0.00144781	
      3214	 0.0014381	
      3215	0.00142847	
      3216	0.00142037	
      3217	0.00141234	
      3218	0.00140437	
      3219	0.00139646	
      3220	0.00138861	
      3221	0.00138083	
      3222	 0.0013731	
      3223	0.00136543	
      3224	0.00135782	
      3225	0.00135027	
      3226	0.00134416	
      3227	 0.0013381	
      3228	0.00133207	
      3229	0.00132609	
      3230	0.00132016	
      3231	0.00131291	
      3232	0.00130571	
      3233	0.00129857	
      3234	0.00129147	
      3235	0.00128443	
      3236	0.00127744	
      3237	 0.0012705	
      3238	0.00126361	
      3239	0.00125677	
      3240	0.00124998	
      3241	0.00124323	
      3242	0.00123654	
      3243	0.00122989	
      3244	0.00122328	
      3245	0.00121673	
      3246	0.00121148	
      3247	0.00120627	
      3248	 0.0012011	
      3249	0.00119596	
      3250	0.00119085	
      3251	0.00118329	
      3252	0.00117578	
      3253	0.00116833	
      3254	0.00116093	
      3255	0.00115358	
      3256	 0.0011475	
      3257	0.00114146	
      3258	0.00113546	
      3259	 0.0011295	
      3260	0.00112358	
      3261	0.00111769	
      3262	0.00111185	
      3263	0.00110605	
      3264	0.00110028	
      3265	0.00109455	
      3266	0.00108886	
      3267	 0.0010832	
      3268	0.00107758	
      3269	  0.001072	
      3270	0.00106646	
      3271	0.00106095	
      3272	0.00105547	
      3273	0.00105003	
      3274	0.00104462	
      3275	0.00103925	
      3276	0.00103392	
      3277	0.00102861	
      3278	0.00102334	
      3279	0.00101811	
      3280	 0.0010129	
      3281	0.00100773	
      3282	0.00100259	
      3283	0.000997482	
      3284	0.000992406	
      3285	0.000987362	
      3286	0.000983423	
      3287	0.000979507	
      3288	0.000975613	
      3289	0.000971741	
      3290	0.000967362	
      3291	0.000960901	
      3292	0.000953958	
      3293	0.00094706	
      3294	0.000940209	
      3295	0.000933921	
      3296	0.000928707	
      3297	0.000924039	
      3298	 0.0009194	
      3299	0.000914789	
      3300	0.000910205	
      3301	0.000921222	
      3302	0.000932414	
      3303	0.000943782	
      3304	0.000955333	
      3305	0.000967068	
      3306	0.000976804	
      3307	0.000986679	
      3308	0.000996696	
      3309	0.00100686	
      3310	0.00101716	
      3311	0.00102879	
      3312	0.00104059	
      3313	0.00105258	
      3314	0.00106477	
      3315	0.00107714	
      3316	0.00108724	
      3317	0.00109748	
      3318	0.00110786	
      3319	0.00111839	
      3320	0.00112971	
      3321	0.00114385	
      3322	 0.0011589	
      3323	0.00117422	
      3324	0.00118981	
      3325	0.00120568	
      3326	0.00121901	
      3327	0.00123255	
      3328	0.00124632	
      3329	0.00126031	
      3330	0.00127453	
      3331	0.00129051	
      3332	0.00130676	
      3333	0.00132331	
      3334	0.00134016	
      3335	0.00135731	
      3336	0.00137478	
      3337	0.00139257	
      3338	0.00141069	
      3339	0.00142915	
      3340	0.00144796	
      3341	0.00146713	
      3342	0.00148667	
      3343	0.00150659	
      3344	0.00152689	
      3345	 0.0015476	
      3346	0.00156684	
      3347	0.00158645	
      3348	0.00160644	
      3349	0.00162682	
      3350	 0.0016476	
      3351	 0.0016708	
      3352	0.00169449	
      3353	0.00171868	
      3354	0.00174339	
      3355	0.00176863	
      3356	0.00179442	
      3357	0.00182077	
      3358	0.00184771	
      3359	0.00187526	
      3360	0.00190342	
      3361	0.00193224	
      3362	0.00196172	
      3363	0.00199189	
      3364	0.00202277	
      3365	 0.0020544	
      3366	 0.0020868	
      3367	0.00211999	
      3368	  0.002154	
      3369	0.00218887	
      3370	0.00222463	
      3371	0.00226131	
      3372	0.00229896	
      3373	 0.0023376	
      3374	0.00237729	
      3375	0.00241806	
      3376	0.00245996	
      3377	0.00250304	
      3378	0.00254735	
      3379	0.00259296	
      3380	 0.0026399	
      3381	0.00269163	
      3382	0.00274496	
      3383	0.00279999	
      3384	0.00285679	
      3385	0.00291546	
      3386	0.00297237	
      3387	 0.0030312	
      3388	0.00309205	
      3389	0.00315504	
      3390	0.00322028	
      3391	0.00328793	
      3392	0.00335812	
      3393	0.00343102	
      3394	0.00350681	
      3395	0.00358568	
      3396	0.00366322	
      3397	0.00374407	
      3398	 0.0038285	
      3399	0.00391679	
      3400	0.00401184	
      3401	 0.0040396	
      3402	0.00407025	
      3403	0.00410122	
      3404	0.00413253	
      3405	0.00416152	
      3406	0.00418015	
      3407	0.00419627	
      3408	0.00421253	
      3409	0.00422894	
      3410	0.00424825	
      3411	0.00427325	
      3412	 0.0043013	
      3413	0.00432965	
      3414	0.00435832	
      3415	 0.0043873	
      3416	0.00441091	
      3417	0.00443477	
      3418	0.00445889	
      3419	0.00448327	
      3420	0.00450791	
      3421	0.00453283	
      3422	0.00455803	
      3423	0.00458351	
      3424	0.00460928	
      3425	0.00463534	
      3426	 0.0046617	
      3427	0.00468837	
      3428	0.00471535	
      3429	0.00474265	
      3430	0.00477028	
      3431	0.00480456	
      3432	0.00483927	
      3433	0.00487441	
      3434	0.00491001	
      3435	0.00494607	
      3436	0.00497604	
      3437	0.00500639	
      3438	0.00503713	
      3439	0.00506827	
      3440	0.00509982	
      3441	0.00513178	
      3442	0.00516417	
      3443	0.00519701	
      3444	0.00523029	
      3445	0.00526403	
      3446	0.00529824	
      3447	0.00533293	
      3448	0.00536812	
      3449	0.00540382	
      3450	0.00544004	
      3451	0.00548416	
      3452	0.00552895	
      3453	0.00557443	
      3454	0.00562062	
      3455	0.00566753	
      3456	0.00570752	
      3457	0.00574815	
      3458	0.00578943	
      3459	 0.0058314	
      3460	0.00587406	
      3461	0.00592545	
      3462	0.00597773	
      3463	0.00603091	
      3464	0.00608504	
      3465	0.00614014	
      3466	0.00618788	
      3467	0.00623649	
      3468	0.00628603	
      3469	0.00633651	
      3470	0.00638798	
      3471	0.00644047	
      3472	0.00649402	
      3473	0.00654868	
      3474	0.00660449	
      3475	0.00666149	
      3476	0.00671974	
      3477	 0.0067793	
      3478	0.00684022	
      3479	0.00690257	
      3480	0.00696642	
      3481	0.00704154	
      3482	0.00711854	
      3483	0.00719748	
      3484	 0.0072785	
      3485	0.00736168	
      3486	 0.0074369	
      3487	0.00751432	
      3488	0.00759407	
      3489	0.00767632	
      3490	0.00776125	
      3491	0.00784905	
      3492	0.00793996	
      3493	0.00803424	
      3494	0.00813219	
      3495	0.00823417	
      3496	0.00834062	
      3497	0.00845205	
      3498	0.00856911	
      3499	0.00869263	
      3500	0.00882369	
      3501	0.00883001	
      3502	0.00883635	
      3503	0.00884271	
      3504	0.00884909	
      3505	0.00885549	
      3506	0.00884944	
      3507	0.00884339	
      3508	0.00883734	
      3509	 0.0088313	
      3510	0.00882526	
      3511	0.00881923	
      3512	0.00881321	
      3513	0.00880719	
      3514	0.00880117	
      3515	0.00879517	
      3516	0.00878917	
      3517	0.00878317	
      3518	0.00877718	
      3519	 0.0087712	
      3520	0.00876523	
      3521	0.00877189	
      3522	0.00877857	
      3523	0.00878528	
      3524	0.00879201	
      3525	0.00879878	
      3526	0.00879291	
      3527	0.00878704	
      3528	0.00878118	
      3529	0.00877534	
      3530	 0.0087695	
      3531	0.00877639	
      3532	0.00878332	
      3533	0.00879028	
      3534	0.00879726	
      3535	0.00880429	
      3536	0.00879857	
      3537	0.00879287	
      3538	0.00878718	
      3539	0.00878151	
      3540	0.00877585	
      3541	0.00878302	
      3542	0.00879024	
      3543	0.00879749	
      3544	0.00880478	
      3545	 0.0088121	
      3546	 0.0088066	
      3547	0.00880111	
      3548	0.00879564	
      3549	0.00879018	
      3550	0.00878475	
      3551	0.00877935	
      3552	0.00877396	
      3553	0.00876859	
      3554	0.00876325	
      3555	0.00875794	
      3556	0.00875265	
      3557	0.00874738	
      3558	0.00874214	
      3559	0.00873693	
      3560	0.00873175	
      3561	0.00873965	
      3562	0.00874759	
      3563	 0.0087556	
      3564	0.00876366	
      3565	0.00877178	
      3566	0.00876686	
      3567	0.00876198	
      3568	0.00875714	
      3569	0.00875234	
      3570	0.00874758	
      3571	0.00874286	
      3572	 0.0087382	
      3573	0.00873358	
      3574	0.00872901	
      3575	 0.0087245	
      3576	0.00872004	
      3577	0.00871564	
      3578	0.00871131	
      3579	0.00870703	
      3580	0.00870283	
      3581	0.00871199	
      3582	0.00872126	
      3583	0.00873064	
      3584	0.00874012	
      3585	0.00874973	
      3586	0.00874608	
      3587	0.00874253	
      3588	0.00873909	
      3589	0.00873576	
      3590	0.00873254	
      3591	0.00872946	
      3592	 0.0087265	
      3593	 0.0087237	
      3594	0.00872104	
      3595	0.00871856	
      3596	0.00872979	
      3597	0.00874125	
      3598	0.00875296	
      3599	0.00876495	
      3600	0.00877723	
      3601	0.00876793	
      3602	0.00875862	
      3603	0.00874931	
      3604	   0.00874	
      3605	0.00873068	
      3606	0.00872136	
      3607	0.00871203	
      3608	 0.0087027	
      3609	0.00869337	
      3610	0.00868403	
      3611	0.00868838	
      3612	0.00869273	
      3613	0.00869709	
      3614	0.00870146	
      3615	0.00870585	
      3616	0.00869652	
      3617	 0.0086872	
      3618	0.00867787	
      3619	0.00866853	
      3620	 0.0086592	
      3621	0.00866361	
      3622	0.00866803	
      3623	0.00867246	
      3624	0.00867691	
      3625	0.00868137	
      3626	0.00867205	
      3627	0.00866273	
      3628	 0.0086534	
      3629	0.00864407	
      3630	0.00863474	
      3631	0.00863924	
      3632	0.00864374	
      3633	0.00864825	
      3634	0.00865278	
      3635	0.00865732	
      3636	0.00864802	
      3637	0.00863871	
      3638	 0.0086294	
      3639	0.00862009	
      3640	0.00861077	
      3641	0.00861535	
      3642	0.00861995	
      3643	0.00862456	
      3644	0.00862918	
      3645	0.00863381	
      3646	0.00862453	
      3647	0.00861525	
      3648	0.00860596	
      3649	0.00859668	
      3650	0.00858739	
      3651	0.00857811	
      3652	0.00856882	
      3653	0.00855954	
      3654	0.00855025	
      3655	0.00854097	
      3656	 0.0085457	
      3657	0.00855044	
      3658	 0.0085552	
      3659	0.00855997	
      3660	0.00856476	
      3661	0.00856957	
      3662	 0.0085744	
      3663	0.00857925	
      3664	0.00858411	
      3665	0.00858899	
      3666	0.00856572	
      3667	0.00854243	
      3668	0.00851913	
      3669	0.00849581	
      3670	0.00847954	
      3671	 0.0084774	
      3672	0.00848234	
      3673	 0.0084873	
      3674	0.00849229	
      3675	0.00849729	
      3676	0.00848815	
      3677	0.00847901	
      3678	0.00846988	
      3679	0.00846076	
      3680	0.00845165	
      3681	0.00844254	
      3682	0.00843344	
      3683	0.00842435	
      3684	0.00841527	
      3685	 0.0084062	
      3686	 0.0084114	
      3687	0.00841662	
      3688	0.00842188	
      3689	0.00842716	
      3690	0.00843248	
      3691	0.00842353	
      3692	0.00841459	
      3693	0.00840567	
      3694	0.00839677	
      3695	0.00838788	
      3696	0.00837902	
      3697	0.00837017	
      3698	0.00836135	
      3699	0.00835254	
      3700	0.00834376	
      3701	0.00834901	
      3702	0.00835427	
      3703	0.00835954	
      3704	0.00836483	
      3705	0.00837015	
      3706	0.00836103	
      3707	0.00835192	
      3708	0.00834281	
      3709	0.00833369	
      3710	0.00832458	
      3711	0.00832995	
      3712	0.00833533	
      3713	0.00834074	
      3714	0.00834616	
      3715	0.00835161	
      3716	0.00834253	
      3717	0.00833346	
      3718	0.00832438	
      3719	0.00831531	
      3720	0.00830623	
      3721	0.00831174	
      3722	0.00831726	
      3723	 0.0083228	
      3724	0.00832836	
      3725	0.00833395	
      3726	0.00832491	
      3727	0.00831588	
      3728	0.00830685	
      3729	0.00829782	
      3730	0.00828878	
      3731	0.00829443	
      3732	 0.0083001	
      3733	0.00830578	
      3734	0.00831149	
      3735	0.00831722	
      3736	 0.0082935	
      3737	0.00826976	
      3738	0.00824601	
      3739	0.00822223	
      3740	0.00820582	
      3741	0.00820418	
      3742	0.00820994	
      3743	0.00821573	
      3744	0.00822154	
      3745	0.00822737	
      3746	0.00821838	
      3747	 0.0082094	
      3748	0.00820042	
      3749	0.00819143	
      3750	0.00818245	
      3751	0.00818835	
      3752	0.00819428	
      3753	0.00820023	
      3754	 0.0082062	
      3755	 0.0082122	
      3756	0.00820327	
      3757	0.00819434	
      3758	0.00818542	
      3759	 0.0081765	
      3760	0.00816758	
      3761	0.00817365	
      3762	0.00817975	
      3763	0.00818588	
      3764	0.00819202	
      3765	0.00819819	
      3766	0.00820439	
      3767	0.00821061	
      3768	0.00821686	
      3769	0.00822313	
      3770	0.00822942	
      3771	0.00822063	
      3772	0.00821184	
      3773	0.00820306	
      3774	0.00819427	
      3775	0.00818549	
      3776	0.00817671	
      3777	0.00816794	
      3778	0.00815916	
      3779	0.00815039	
      3780	0.00814163	
      3781	0.00814809	
      3782	0.00815459	
      3783	0.00816111	
      3784	0.00816766	
      3785	0.00817423	
      3786	0.00816555	
      3787	0.00815687	
      3788	0.00814819	
      3789	0.00813952	
      3790	0.00813085	
      3791	0.00813754	
      3792	0.00814426	
      3793	0.00815101	
      3794	0.00815779	
      3795	 0.0081646	
      3796	0.00815603	
      3797	0.00814746	
      3798	 0.0081389	
      3799	0.00813034	
      3800	0.00812179	
      3801	0.00807628	
      3802	0.00804084	
      3803	0.00801135	
      3804	0.00798588	
      3805	0.00796336	
      3806	  0.007928	
      3807	0.00789455	
      3808	0.00786268	
      3809	0.00783215	
      3810	0.00780279	
      3811	0.00778943	
      3812	0.00777691	
      3813	0.00776516	
      3814	 0.0077541	
      3815	0.00774367	
      3816	0.00771893	
      3817	0.00769476	
      3818	0.00767111	
      3819	0.00764794	
      3820	0.00762523	
      3821	0.00761773	
      3822	0.00761061	
      3823	0.00760383	
      3824	0.00759739	
      3825	0.00759126	
      3826	0.00758543	
      3827	 0.0075799	
      3828	0.00757463	
      3829	0.00756963	
      3830	0.00756489	
      3831	0.00754571	
      3832	0.00752678	
      3833	 0.0075081	
      3834	0.00748965	
      3835	0.00747143	
      3836	0.00746808	
      3837	0.00746493	
      3838	0.00746197	
      3839	0.00745921	
      3840	0.00745664	
      3841	0.00743964	
      3842	0.00742282	
      3843	0.00740619	
      3844	0.00738975	
      3845	0.00737348	
      3846	0.00737199	
      3847	0.00737066	
      3848	 0.0073695	
      3849	 0.0073685	
      3850	0.00736766	
      3851	0.00735239	
      3852	0.00733729	
      3853	0.00732235	
      3854	0.00730756	
      3855	0.00729293	
      3856	0.00728576	
      3857	0.00727873	
      3858	0.00726457	
      3859	0.00725785	
      3860	0.00725129	
      3861	0.00724489	
      3862	0.00724594	
      3863	0.00723984	
      3864	 0.0072412	
      3865	0.00723543	
      3866	 0.0072225	
      3867	0.00721704	
      3868	0.00720444	
      3869	 0.0071993	
      3870	0.00718701	
      3871	0.00718952	
      3872	 0.0071922	
      3873	0.00719506	
      3874	 0.0071981	
      3875	0.00720132	
      3876	0.00719008	
      3877	0.00718635	
      3878	0.00717548	
      3879	0.00717214	
      3880	0.00716165	
      3881	0.00715871	
      3882	0.00715599	
      3883	0.00715349	
      3884	0.00715122	
      3885	0.00714919	
      3886	0.00715478	
      3887	0.00716064	
      3888	0.00717417	
      3889	0.00718061	
      3890	0.00718737	
      3891	0.00717964	
      3892	0.00717222	
      3893	0.00717257	
      3894	0.00716585	
      3895	0.00715952	
      3896	 0.0071685	
      3897	 0.0071705	
      3898	0.00718048	
      3899	0.00718353	
      3900	0.00719469	
      3901	0.00720425	
      3902	0.00721386	
      3903	0.00721601	
      3904	0.00722572	
      3905	0.00723549	
      3906	0.00723776	
      3907	 0.0072325	
      3908	0.00723484	
      3909	0.00722963	
      3910	0.00723203	
      3911	0.00724207	
      3912	0.00724457	
      3913	0.00725473	
      3914	0.00725731	
      3915	0.00726759	
      3916	0.00726261	
      3917	0.00725765	
      3918	 0.0072604	
      3919	 0.0072555	
      3920	0.00725063	
      3921	0.00726121	
      3922	0.00727186	
      3923	0.00727485	
      3924	0.00728564	
      3925	0.00729651	
      3926	 0.0072919	
      3927	0.00729511	
      3928	0.00729058	
      3929	0.00729389	
      3930	0.00728943	
      3931	0.00730068	
      3932	0.00730417	
      3933	0.00731557	
      3934	 0.0073192	
      3935	0.00733077	
      3936	0.00733454	
      3937	0.00733046	
      3938	0.00733436	
      3939	0.00733039	
      3940	0.00733441	
      3941	0.00733851	
      3942	0.00735066	
      3943	0.00735492	
      3944	0.00736727	
      3945	0.00737172	
      3946	0.00736822	
      3947	0.00736478	
      3948	0.00736946	
      3949	0.00736617	
      3950	0.00736294	
      3951	0.00736788	
      3952	0.00738103	
      3953	0.00738618	
      3954	0.00739959	
      3955	0.00740497	
      3956	0.00741048	
      3957	 0.0074161	
      3958	0.00741364	
      3959	0.00741949	
      3960	0.00742547	
      3961	0.00743983	
      3962	0.00745436	
      3963	0.00746079	
      3964	0.00747567	
      3965	0.00749073	
      3966	0.00748933	
      3967	0.00749641	
      3968	 0.0074953	
      3969	0.00750272	
      3970	0.00750193	
      3971	0.00751814	
      3972	0.00752615	
      3973	0.00754284	
      3974	0.00755131	
      3975	0.00756852	
      3976	 0.0075775	
      3977	0.00757821	
      3978	0.00758771	
      3979	0.00758892	
      3980	  0.007599	
      3981	 0.0076094	
      3982	0.00762015	
      3983	0.00763993	
      3984	0.00765146	
      3985	0.00766341	
      3986	0.00768454	
      3987	0.00769745	
      3988	0.00771966	
      3989	0.00773368	
      3990	0.00775716	
      3991	0.00776364	
      3992	0.00777969	
      3993	0.00778765	
      3994	0.00780541	
      3995	0.00781521	
      3996	0.00784415	
      3997	0.00786544	
      3998	0.00789736	
      3999	0.00792207	
      4000	0.00795818	
