       280	4.28236e-14	
       281	9.16974e-14	
       282	1.80483e-13	
       283	2.51028e-13	
       284	2.62742e-13	
       285	1.93236e-13	
       286	2.81592e-13	
       287	 4.579e-13	
       288	4.76483e-13	
       289	6.63122e-13	
       290	1.03826e-12	
       291	1.2857e-12	
       292	1.33402e-12	
       293	1.42011e-12	
       294	1.56968e-12	
       295	1.74534e-12	
       296	2.02326e-12	
       297	2.02151e-12	
       298	2.28954e-12	
       299	2.35669e-12	
       300	2.51316e-12	
       301	1.89407e-11	
       302	1.47187e-10	
       303	1.40536e-09	
       304	1.12207e-08	
       305	8.48441e-08	
       306	1.85616e-07	
       307	4.60409e-07	
       308	1.15918e-06	
       309	2.4682e-06	
       310	5.63249e-06	
       311	1.32694e-05	
       312	2.29984e-05	
       313	4.04067e-05	
       314	7.32063e-05	
       315	0.000123138	
       316	0.000149113	
       317	0.00023471	
       318	0.00030939	
       319	0.00039262	
       320	0.00056805	
       321	0.000703023	
       322	0.000828988	
       323	0.000960104	
       324	0.00131315	
       325	0.00186283	
       326	0.00251779	
       327	0.00296349	
       328	0.00327099	
       329	0.00396425	
       330	0.00493188	
       331	0.00496877	
       332	0.00535408	
       333	0.00567587	
       334	0.00618029	
       335	0.00699227	
       336	0.00672409	
       337	0.00669701	
       338	0.00788077	
       339	0.00886002	
       340	  0.010058	
       341	 0.0101697	
       342	 0.0108456	
       343	 0.0117935	
       344	 0.0106706	
       345	 0.0116265	
       346	 0.0128961	
       347	 0.0136162	
       348	  0.013896	
       349	 0.0143326	
       350	 0.0165376	
       351	 0.0180145	
       352	 0.0175311	
       353	   0.01859	
       354	 0.0219063	
       355	  0.023043	
       356	   0.02188	
       357	 0.0193225	
       358	 0.0181879	
       359	  0.020824	
       360	 0.0264009	
       361	 0.0247615	
       362	 0.0260318	
       363	  0.029391	
       364	 0.0305261	
       365	  0.033255	
       366	 0.0390552	
       367	 0.0401693	
       368	 0.0388167	
       369	 0.0410639	
       370	 0.0443691	
       371	 0.0432723	
       372	  0.043166	
       373	 0.0398742	
       374	 0.0373542	
       375	 0.0411232	
       376	 0.0471136	
       377	   0.05226	
       378	  0.062164	
       379	 0.0573696	
       380	  0.055327	
       381	 0.0596122	
       382	  0.048668	
       383	 0.0390461	
       384	 0.0445623	
       385	 0.0572428	
       386	 0.0568873	
       387	 0.0596595	
       388	 0.0598347	
       389	 0.0662374	
       390	 0.0773173	
       391	 0.0842067	
       392	  0.079575	
       393	 0.0521807	
       394	 0.0547087	
       395	 0.0858169	
       396	 0.0806864	
       397	 0.0572354	
       398	  0.095899	
       399	  0.124052	
       400	  0.133318	
       401	  0.140885	
       402	   0.14755	
       403	   0.14715	
       404	   0.15038	
       405	  0.150575	
       406	  0.149445	
       407	  0.149992	
       408	  0.158724	
       409	  0.167351	
       410	  0.154552	
       411	   0.16879	
       412	   0.18084	
       413	  0.179023	
       414	  0.179773	
       415	  0.188161	
       416	  0.195808	
       417	  0.194805	
       418	  0.191696	
       419	  0.196943	
       420	  0.191231	
       421	  0.210499	
       422	  0.213641	
       423	   0.21113	
       424	  0.213563	
       425	  0.220716	
       426	  0.218371	
       427	  0.215198	
       428	  0.216469	
       429	  0.201693	
       430	  0.168925	
       431	  0.167183	
       432	  0.241633	
       433	  0.241866	
       434	  0.231662	
       435	  0.252199	
       436	   0.27717	
       437	  0.283048	
       438	  0.258804	
       439	  0.255226	
       440	  0.284274	
       441	  0.291424	
       442	  0.309828	
       443	  0.318749	
       444	  0.317603	
       445	  0.326025	
       446	   0.30981	
       447	  0.339323	
       448	  0.350881	
       449	  0.355763	
       450	  0.370738	
       451	  0.384155	
       452	  0.374183	
       453	  0.357159	
       454	  0.375281	
       455	  0.381157	
       456	   0.39402	
       457	  0.401499	
       458	  0.398514	
       459	   0.39834	
       460	  0.402073	
       461	  0.415576	
       462	  0.424415	
       463	  0.427667	
       464	  0.421516	
       465	  0.418837	
       466	  0.425848	
       467	  0.418694	
       468	  0.433523	
       469	  0.439256	
       470	  0.431219	
       471	  0.440771	
       472	  0.460252	
       473	  0.454205	
       474	  0.461411	
       475	  0.476168	
       476	  0.470725	
       477	  0.478027	
       478	   0.49189	
       479	  0.489782	
       480	  0.497496	
       481	  0.500427	
       482	  0.503024	
       483	  0.500041	
       484	   0.49508	
       485	  0.483721	
       486	  0.421104	
       487	  0.453007	
       488	  0.487224	
       489	  0.479072	
       490	  0.516748	
       491	  0.508372	
       492	  0.495231	
       493	  0.517533	
       494	  0.518786	
       495	  0.541064	
       496	  0.529237	
       497	  0.533117	
       498	  0.525067	
       499	  0.526114	
       500	  0.527116	
       501	  0.517585	
       502	  0.521482	
       503	  0.539029	
       504	  0.523967	
       505	  0.550818	
       506	  0.571853	
       507	  0.556212	
       508	  0.546111	
       509	  0.564043	
       510	  0.558138	
       511	  0.567298	
       512	  0.577973	
       513	  0.554403	
       514	  0.543889	
       515	  0.558561	
       516	  0.552736	
       517	   0.48509	
       518	  0.521868	
       519	  0.525143	
       520	  0.562389	
       521	  0.574646	
       522	  0.583873	
       523	  0.565358	
       524	  0.594659	
       525	  0.597331	
       526	  0.575843	
       527	  0.530753	
       528	  0.583287	
       529	  0.612529	
       530	  0.603291	
       531	  0.626719	
       532	  0.615355	
       533	  0.570439	
       534	  0.593886	
       535	   0.61064	
       536	  0.624653	
       537	  0.596784	
       538	  0.612392	
       539	  0.603313	
       540	  0.585601	
       541	  0.574495	
       542	  0.611213	
       543	  0.612794	
       544	  0.628372	
       545	  0.620439	
       546	  0.618648	
       547	  0.623057	
       548	  0.615355	
       549	  0.626837	
       550	  0.625758	
       551	  0.627558	
       552	  0.636078	
       553	  0.625191	
       554	  0.634103	
       555	  0.637938	
       556	  0.629474	
       557	  0.617994	
       558	  0.623023	
       559	  0.603804	
       560	  0.612613	
       561	  0.636338	
       562	  0.621264	
       563	  0.634755	
       564	  0.631147	
       565	  0.628793	
       566	  0.609274	
       567	  0.636015	
       568	  0.637886	
       569	  0.630287	
       570	  0.626524	
       571	  0.612699	
       572	  0.638713	
       573	  0.646223	
       574	  0.643224	
       575	  0.633042	
       576	  0.631585	
       577	  0.640167	
       578	  0.628447	
       579	  0.632819	
       580	  0.637683	
       581	  0.640412	
       582	  0.647555	
       583	  0.652114	
       584	  0.650989	
       585	  0.647224	
       586	   0.63726	
       587	  0.648959	
       588	  0.638514	
       589	  0.590187	
       590	  0.613459	
       591	  0.642653	
       592	  0.642844	
       593	  0.643482	
       594	  0.646149	
       595	  0.647479	
       596	  0.656119	
       597	  0.661183	
       598	  0.653413	
       599	   0.65252	
       600	  0.656756	
       601	  0.651245	
       602	  0.649005	
       603	  0.661438	
       604	  0.674551	
       605	  0.676441	
       606	  0.677048	
       607	  0.680278	
       608	   0.68094	
       609	  0.679212	
       610	  0.681103	
       611	  0.683071	
       612	  0.694036	
       613	  0.687967	
       614	  0.677739	
       615	  0.691808	
       616	  0.681922	
       617	  0.680131	
       618	   0.70212	
       619	  0.712336	
       620	   0.71739	
       621	  0.722464	
       622	  0.714311	
       623	  0.715622	
       624	  0.714768	
       625	  0.708481	
       626	  0.713466	
       627	  0.733723	
       628	  0.740475	
       629	   0.74341	
       630	  0.740251	
       631	  0.735173	
       632	  0.718853	
       633	  0.743315	
       634	  0.741482	
       635	  0.744133	
       636	  0.737119	
       637	  0.755703	
       638	  0.764101	
       639	  0.758729	
       640	  0.746926	
       641	  0.747768	
       642	   0.75209	
       643	  0.761106	
       644	   0.75959	
       645	  0.766301	
       646	  0.757629	
       647	  0.764933	
       648	  0.762708	
       649	  0.746036	
       650	  0.743666	
       651	  0.773324	
       652	  0.774644	
       653	     0.779	
       654	   0.77173	
       655	  0.739164	
       656	  0.668035	
       657	  0.690851	
       658	   0.75745	
       659	  0.772059	
       660	  0.783629	
       661	  0.792119	
       662	  0.795586	
       663	    0.7946	
       664	  0.794859	
       665	  0.804728	
       666	  0.804337	
       667	  0.798734	
       668	  0.788085	
       669	  0.786023	
       670	  0.769926	
       671	  0.761917	
       672	   0.75121	
       673	  0.749876	
       674	  0.743476	
       675	  0.738089	
       676	  0.741587	
       677	  0.734318	
       678	  0.733983	
       679	  0.725918	
       680	  0.723493	
       681	  0.722419	
       682	  0.720859	
       683	   0.71578	
       684	  0.710805	
       685	  0.707131	
       686	  0.694497	
       687	   0.70665	
       688	  0.712228	
       689	  0.712445	
       690	  0.711514	
       691	  0.711602	
       692	   0.70928	
       693	  0.716787	
       694	  0.721349	
       695	  0.719169	
       696	  0.723289	
       697	  0.727537	
       698	  0.726188	
       699	  0.733905	
       700	  0.736023	
       701	  0.737002	
       702	  0.739474	
       703	  0.750169	
       704	   0.76266	
       705	    0.7737	
       706	  0.773786	
       707	  0.777325	
       708	  0.786269	
       709	  0.795556	
       710	  0.822234	
       711	  0.767355	
       712	  0.731702	
       713	  0.707031	
       714	  0.691729	
       715	   0.66816	
       716	  0.661057	
       717	  0.650231	
       718	  0.632762	
       719	   0.61023	
       720	  0.620397	
       721	  0.620215	
       722	  0.619555	
       723	  0.613879	
       724	  0.612856	
       725	  0.612796	
       726	  0.616684	
       727	   0.62428	
       728	  0.629261	
       729	  0.620171	
       730	  0.645619	
       731	  0.649243	
       732	  0.663903	
       733	  0.670475	
       734	  0.691969	
       735	  0.701636	
       736	  0.707095	
       737	  0.720814	
       738	  0.732052	
       739	  0.737771	
       740	  0.775845	
       741	  0.774737	
       742	   0.77443	
       743	  0.791071	
       744	  0.800191	
       745	  0.799399	
       746	  0.801805	
       747	  0.804355	
       748	  0.803171	
       749	  0.805342	
       750	  0.804684	
       751	  0.808491	
       752	  0.814055	
       753	  0.819101	
       754	  0.825452	
       755	  0.826164	
       756	  0.817964	
       757	  0.818655	
       758	  0.823318	
       759	  0.816502	
       760	  0.820256	
       761	  0.817482	
       762	  0.817964	
       763	  0.768918	
       764	  0.732549	
       765	  0.698499	
       766	  0.656838	
       767	  0.641377	
       768	  0.644586	
       769	   0.64601	
       770	  0.653053	
       771	  0.661874	
       772	  0.671214	
       773	  0.681168	
       774	  0.691866	
       775	  0.703496	
       776	    0.7156	
       777	  0.725586	
       778	  0.742592	
       779	  0.767669	
       780	  0.804585	
       781	  0.802428	
       782	  0.805651	
       783	  0.799846	
       784	   0.79421	
       785	  0.797931	
       786	  0.798387	
       787	  0.797242	
       788	   0.79197	
       789	  0.790104	
       790	  0.784094	
       791	  0.777286	
       792	  0.770512	
       793	  0.763766	
       794	  0.757884	
       795	  0.757885	
       796	  0.764605	
       797	  0.774693	
       798	  0.770559	
       799	  0.763089	
       800	  0.753954	
       801	   0.73825	
       802	  0.722643	
       803	  0.701669	
       804	  0.692032	
       805	  0.672229	
       806	  0.674577	
       807	  0.664782	
       808	  0.655598	
       809	  0.641116	
       810	  0.637964	
       811	  0.633669	
       812	  0.632467	
       813	  0.627948	
       814	  0.622259	
       815	  0.613338	
       816	   0.60809	
       817	  0.601397	
       818	   0.58687	
       819	  0.572698	
       820	  0.567461	
       821	   0.56568	
       822	   0.55553	
       823	  0.557254	
       824	  0.554956	
       825	  0.565752	
       826	  0.581381	
       827	  0.594008	
       828	  0.602889	
       829	   0.61304	
       830	  0.629395	
       831	  0.649414	
       832	   0.66094	
       833	  0.652891	
       834	  0.664693	
       835	  0.672037	
       836	  0.681299	
       837	  0.682832	
       838	  0.687151	
       839	   0.68946	
       840	  0.700697	
       841	  0.701767	
       842	  0.693631	
       843	  0.692213	
       844	  0.686596	
       845	  0.702155	
       846	  0.704252	
       847	  0.691067	
       848	  0.690672	
       849	  0.684326	
       850	  0.642554	
       851	  0.681034	
       852	  0.686171	
       853	  0.673621	
       854	  0.621892	
       855	  0.650749	
       856	  0.693902	
       857	  0.713619	
       858	  0.719552	
       859	  0.723816	
       860	  0.726049	
       861	  0.725953	
       862	  0.732218	
       863	  0.731763	
       864	  0.719776	
       865	  0.699052	
       866	  0.640758	
       867	    0.6711	
       868	  0.700649	
       869	  0.701183	
       870	  0.709187	
       871	  0.704715	
       872	  0.709992	
       873	  0.704507	
       874	  0.693444	
       875	  0.687492	
       876	  0.701177	
       877	  0.705271	
       878	  0.702789	
       879	  0.694353	
       880	  0.692221	
       881	  0.621106	
       882	  0.603743	
       883	   0.58361	
       884	  0.569719	
       885	  0.558362	
       886	  0.533538	
       887	   0.52008	
       888	  0.517087	
       889	  0.509597	
       890	  0.499639	
       891	  0.489367	
       892	  0.477851	
       893	  0.464606	
       894	  0.458932	
       895	  0.453738	
       896	   0.44983	
       897	  0.441363	
       898	  0.433332	
       899	   0.42396	
       900	  0.417011	
       901	  0.405161	
       902	  0.394763	
       903	  0.403662	
       904	  0.400852	
       905	   0.39465	
       906	  0.395314	
       907	  0.400056	
       908	  0.398813	
       909	   0.39739	
       910	  0.403631	
       911	  0.408473	
       912	  0.410897	
       913	    0.4181	
       914	  0.421776	
       915	  0.423003	
       916	  0.424794	
       917	  0.423255	
       918	  0.423022	
       919	  0.424217	
       920	    0.4213	
       921	   0.41534	
       922	  0.410389	
       923	  0.401669	
       924	  0.413716	
       925	  0.416514	
       926	  0.337422	
       927	  0.296368	
       928	  0.259478	
       929	  0.230229	
       930	  0.206594	
       931	  0.188748	
       932	  0.172495	
       933	   0.15947	
       934	   0.14702	
       935	  0.135013	
       936	  0.125056	
       937	  0.116909	
       938	  0.119339	
       939	  0.120877	
       940	  0.120867	
       941	  0.121221	
       942	  0.120809	
       943	  0.125633	
       944	  0.126299	
       945	  0.128826	
       946	  0.131937	
       947	  0.134086	
       948	  0.136805	
       949	  0.143534	
       950	  0.149824	
       951	  0.156041	
       952	  0.164382	
       953	  0.172515	
       954	  0.179225	
       955	  0.182582	
       956	  0.198346	
       957	  0.212669	
       958	  0.227813	
       959	  0.244167	
       960	  0.259681	
       961	  0.278078	
       962	  0.301745	
       963	  0.328399	
       964	  0.360301	
       965	  0.408368	
       966	  0.409661	
       967	  0.416066	
       968	  0.417207	
       969	  0.422367	
       970	  0.427759	
       971	  0.429425	
       972	   0.43569	
       973	  0.437407	
       974	  0.437329	
       975	  0.444162	
       976	  0.452948	
       977	  0.455971	
       978	  0.463402	
       979	  0.466065	
       980	  0.475695	
       981	  0.480407	
       982	   0.48751	
       983	  0.490603	
       984	   0.49278	
       985	  0.498327	
       986	  0.501821	
       987	  0.507372	
       988	  0.512193	
       989	   0.51471	
       990	  0.523153	
       991	  0.534232	
       992	   0.54205	
       993	  0.553761	
       994	  0.563015	
       995	  0.561021	
       996	  0.559681	
       997	  0.554606	
       998	  0.554192	
       999	  0.554333	
      1000	  0.555793	
      1001	  0.558749	
      1002	  0.558912	
      1003	   0.55382	
      1004	   0.54525	
      1005	  0.521913	
      1006	  0.538511	
      1007	  0.549877	
      1008	  0.552499	
      1009	  0.551264	
      1010	   0.55221	
      1011	  0.550126	
      1012	  0.549279	
      1013	  0.547297	
      1014	  0.548075	
      1015	  0.542486	
      1016	  0.543076	
      1017	  0.540914	
      1018	  0.544201	
      1019	  0.534786	
      1020	  0.536653	
      1021	  0.538052	
      1022	  0.533806	
      1023	  0.537252	
      1024	  0.539566	
      1025	  0.539396	
      1026	  0.539728	
      1027	  0.538912	
      1028	  0.539378	
      1029	  0.536477	
      1030	  0.537668	
      1031	  0.537632	
      1032	  0.537243	
      1033	  0.531619	
      1034	  0.534054	
      1035	  0.536758	
      1036	  0.537494	
      1037	  0.534388	
      1038	  0.533887	
      1039	  0.537759	
      1040	  0.537425	
      1041	  0.537693	
      1042	  0.537356	
      1043	  0.534235	
      1044	  0.535195	
      1045	  0.531568	
      1046	  0.522249	
      1047	  0.527898	
      1048	  0.532448	
      1049	   0.53101	
      1050	  0.528572	
      1051	  0.528529	
      1052	  0.526288	
      1053	  0.525244	
      1054	  0.524399	
      1055	  0.525954	
      1056	  0.525107	
      1057	   0.52386	
      1058	  0.518407	
      1059	  0.508345	
      1060	     0.516	
      1061	  0.510843	
      1062	  0.516401	
      1063	   0.51274	
      1064	  0.517194	
      1065	  0.516243	
      1066	  0.508259	
      1067	  0.509511	
      1068	  0.507141	
      1069	  0.488406	
      1070	   0.49829	
      1071	  0.478724	
      1072	  0.467635	
      1073	  0.452713	
      1074	  0.449693	
      1075	  0.437791	
      1076	  0.434204	
      1077	  0.428847	
      1078	  0.423057	
      1079	  0.412761	
      1080	  0.411425	
      1081	  0.399834	
      1082	  0.392748	
      1083	  0.392437	
      1084	  0.391672	
      1085	  0.387991	
      1086	  0.384454	
      1087	  0.371157	
      1088	  0.373802	
      1089	  0.372635	
      1090	  0.367958	
      1091	   0.36581	
      1092	  0.358115	
      1093	  0.350197	
      1094	  0.335265	
      1095	  0.340583	
      1096	  0.341557	
      1097	  0.341392	
      1098	  0.337441	
      1099	  0.334134	
      1100	  0.339263	
      1101	  0.259575	
      1102	  0.209701	
      1103	   0.18056	
      1104	  0.156527	
      1105	  0.137137	
      1106	  0.121444	
      1107	  0.108126	
      1108	 0.0974062	
      1109	 0.0881295	
      1110	 0.0801885	
      1111	 0.0728767	
      1112	  0.066662	
      1113	 0.0609673	
      1114	 0.0565537	
      1115	 0.0521183	
      1116	 0.0478998	
      1117	 0.0447466	
      1118	 0.0410902	
      1119	 0.0381597	
      1120	 0.0354872	
      1121	 0.0376866	
      1122	 0.0400806	
      1123	 0.0424508	
      1124	 0.0449549	
      1125	 0.0473948	
      1126	 0.0493654	
      1127	 0.0531115	
      1128	 0.0572497	
      1129	 0.0612288	
      1130	 0.0652867	
      1131	 0.0652872	
      1132	 0.0650865	
      1133	  0.064133	
      1134	 0.0637964	
      1135	 0.0635321	
      1136	 0.0632145	
      1137	 0.0617394	
      1138	 0.0607224	
      1139	 0.0611107	
      1140	 0.0610132	
      1141	 0.0598615	
      1142	 0.0603147	
      1143	 0.0597173	
      1144	 0.0590308	
      1145	 0.0591436	
      1146	 0.0633192	
      1147	 0.0674542	
      1148	 0.0715622	
      1149	 0.0762022	
      1150	 0.0813695	
      1151	 0.0871682	
      1152	 0.0934743	
      1153	  0.101114	
      1154	    0.1102	
      1155	  0.119803	
      1156	  0.129792	
      1157	  0.143162	
      1158	  0.158041	
      1159	  0.174163	
      1160	  0.194217	
      1161	  0.220404	
      1162	  0.229298	
      1163	  0.235849	
      1164	  0.238446	
      1165	   0.24541	
      1166	   0.24762	
      1167	  0.256106	
      1168	  0.263558	
      1169	  0.264826	
      1170	  0.276306	
      1171	  0.279424	
      1172	  0.280795	
      1173	  0.280793	
      1174	  0.281861	
      1175	   0.27925	
      1176	  0.277428	
      1177	  0.283279	
      1178	   0.28318	
      1179	  0.284055	
      1180	  0.288197	
      1181	  0.288638	
      1182	  0.287619	
      1183	  0.278641	
      1184	  0.288414	
      1185	  0.293895	
      1186	  0.295657	
      1187	  0.297089	
      1188	  0.294918	
      1189	  0.286661	
      1190	  0.296936	
      1191	  0.303953	
      1192	  0.305639	
      1193	  0.307138	
      1194	  0.308829	
      1195	  0.308736	
      1196	  0.310353	
      1197	  0.310392	
      1198	  0.305948	
      1199	  0.300988	
      1200	  0.314726	
      1201	  0.318678	
      1202	  0.317817	
      1203	  0.308865	
      1204	  0.308297	
      1205	  0.315437	
      1206	  0.315829	
      1207	  0.316225	
      1208	  0.309872	
      1209	  0.300291	
      1210	  0.310485	
      1211	  0.308075	
      1212	  0.313707	
      1213	  0.315797	
      1214	  0.315448	
      1215	  0.316594	
      1216	  0.317139	
      1217	  0.317488	
      1218	   0.31722	
      1219	  0.316423	
      1220	  0.318214	
      1221	  0.318987	
      1222	  0.318817	
      1223	  0.318027	
      1224	  0.321798	
      1225	  0.322378	
      1226	  0.323197	
      1227	  0.319328	
      1228	  0.323346	
      1229	  0.327053	
      1230	  0.328129	
      1231	  0.329055	
      1232	  0.328718	
      1233	  0.331502	
      1234	  0.332908	
      1235	  0.334185	
      1236	   0.33857	
      1237	  0.341801	
      1238	  0.344998	
      1239	  0.347543	
      1240	  0.357279	
      1241	  0.356736	
      1242	  0.353192	
      1243	  0.347811	
      1244	  0.344289	
      1245	  0.343046	
      1246	  0.342918	
      1247	  0.341178	
      1248	  0.340989	
      1249	  0.339006	
      1250	  0.336535	
      1251	   0.33294	
      1252	  0.329222	
      1253	  0.328557	
      1254	  0.327299	
      1255	  0.325352	
      1256	  0.323179	
      1257	  0.320425	
      1258	  0.319751	
      1259	  0.317332	
      1260	  0.316886	
      1261	   0.31488	
      1262	   0.31098	
      1263	   0.31148	
      1264	  0.307819	
      1265	  0.307051	
      1266	  0.307079	
      1267	  0.302474	
      1268	  0.299713	
      1269	  0.300734	
      1270	  0.301255	
      1271	  0.301735	
      1272	  0.301233	
      1273	  0.301514	
      1274	  0.301115	
      1275	  0.303528	
      1276	  0.305479	
      1277	  0.306772	
      1278	  0.307393	
      1279	  0.306987	
      1280	  0.305716	
      1281	  0.296653	
      1282	  0.275474	
      1283	  0.293792	
      1284	  0.307441	
      1285	  0.312264	
      1286	  0.315179	
      1287	  0.318406	
      1288	  0.320285	
      1289	  0.323692	
      1290	  0.323893	
      1291	   0.31514	
      1292	  0.308904	
      1293	   0.30257	
      1294	  0.294144	
      1295	  0.290814	
      1296	  0.287363	
      1297	  0.281952	
      1298	  0.276683	
      1299	  0.275074	
      1300	  0.271425	
      1301	  0.267714	
      1302	  0.262967	
      1303	  0.259109	
      1304	  0.256026	
      1305	   0.25556	
      1306	  0.253773	
      1307	  0.251692	
      1308	  0.249315	
      1309	  0.247251	
      1310	  0.244522	
      1311	  0.242026	
      1312	  0.238138	
      1313	   0.23199	
      1314	   0.23417	
      1315	  0.229033	
      1316	  0.228357	
      1317	  0.229923	
      1318	  0.227196	
      1319	  0.228262	
      1320	  0.226819	
      1321	  0.169118	
      1322	  0.136909	
      1323	  0.114842	
      1324	 0.0983389	
      1325	 0.0852509	
      1326	 0.0745236	
      1327	 0.0656627	
      1328	 0.0585589	
      1329	 0.0515661	
      1330	 0.0468506	
      1331	 0.0426371	
      1332	 0.0382339	
      1333	 0.0353306	
      1334	 0.0324061	
      1335	 0.0296401	
      1336	 0.0270527	
      1337	 0.0249405	
      1338	 0.0229201	
      1339	 0.0209774	
      1340	  0.019392	
      1341	 0.0182738	
      1342	  0.016975	
      1343	 0.0158014	
      1344	 0.0147384	
      1345	 0.0137463	
      1346	   0.01276	
      1347	 0.0119723	
      1348	 0.0112003	
      1349	 0.0104646	
      1350	0.00972754	
      1351	0.00824093	
      1352	 0.0070568	
      1353	0.00603092	
      1354	0.00516538	
      1355	0.00441653	
      1356	0.00382477	
      1357	0.00330307	
      1358	 0.0029143	
      1359	 0.0025497	
      1360	0.00222506	
      1361	0.00197703	
      1362	0.00174151	
      1363	  0.001522	
      1364	0.00136078	
      1365	0.00120966	
      1366	0.00107597	
      1367	0.000953955	
      1368	0.000856963	
      1369	 0.0007577	
      1370	0.00067822	
      1371	0.000610359	
      1372	0.000553922	
      1373	0.000499939	
      1374	0.000450277	
      1375	0.000401446	
      1376	0.000360702	
      1377	0.00032907	
      1378	0.000298558	
      1379	0.000272413	
      1380	0.000246407	
      1381	0.00022405	
      1382	0.000202069	
      1383	0.000184424	
      1384	0.00016883	
      1385	0.000153177	
      1386	0.000140528	
      1387	0.000127714	
      1388	0.000117326	
      1389	0.000107561	
      1390	9.73939e-05	
      1391	9.01331e-05	
      1392	8.28781e-05	
      1393	7.58024e-05	
      1394	6.93774e-05	
      1395	6.38374e-05	
      1396	6.88858e-05	
      1397	7.44061e-05	
      1398	8.05748e-05	
      1399	8.67368e-05	
      1400	9.19077e-05	
      1401	9.94845e-05	
      1402	0.000109015	
      1403	0.000117655	
      1404	0.000127977	
      1405	0.00013913	
      1406	0.000152112	
      1407	0.000165542	
      1408	0.000180262	
      1409	 0.0001972	
      1410	0.000215073	
      1411	0.000233496	
      1412	0.000250895	
      1413	0.000277154	
      1414	0.000307513	
      1415	0.00033828	
      1416	0.000370901	
      1417	0.000410359	
      1418	0.000453393	
      1419	0.000496396	
      1420	0.000547652	
      1421	0.000608925	
      1422	0.000665693	
      1423	0.000737393	
      1424	0.000820298	
      1425	0.000921049	
      1426	0.00100875	
      1427	0.00113602	
      1428	 0.0012808	
      1429	0.00141751	
      1430	0.00159222	
      1431	0.00180584	
      1432	0.00207684	
      1433	0.00235673	
      1434	0.00264653	
      1435	0.00302695	
      1436	0.00346963	
      1437	0.00399288	
      1438	0.00459204	
      1439	0.00532015	
      1440	0.00598204	
      1441	0.00701995	
      1442	0.00826377	
      1443	0.00927892	
      1444	0.00983218	
      1445	 0.0104055	
      1446	 0.0110471	
      1447	 0.0116368	
      1448	  0.012399	
      1449	 0.0131253	
      1450	 0.0138414	
      1451	 0.0145586	
      1452	 0.0154693	
      1453	 0.0165009	
      1454	 0.0175101	
      1455	  0.018619	
      1456	 0.0198161	
      1457	 0.0213339	
      1458	 0.0231222	
      1459	 0.0249019	
      1460	 0.0266029	
      1461	 0.0285434	
      1462	 0.0305808	
      1463	 0.0316361	
      1464	   0.03169	
      1465	 0.0319633	
      1466	 0.0317355	
      1467	 0.0320999	
      1468	 0.0318728	
      1469	 0.0321226	
      1470	 0.0319737	
      1471	 0.0315407	
      1472	 0.0316511	
      1473	 0.0315945	
      1474	 0.0310065	
      1475	 0.0314048	
      1476	 0.0315834	
      1477	  0.031543	
      1478	 0.0331215	
      1479	 0.0351313	
      1480	 0.0371047	
      1481	 0.0388331	
      1482	 0.0411466	
      1483	 0.0429056	
      1484	 0.0458572	
      1485	 0.0491475	
      1486	 0.0517759	
      1487	 0.0539848	
      1488	 0.0532893	
      1489	 0.0614686	
      1490	 0.0672587	
      1491	  0.072498	
      1492	 0.0776748	
      1493	 0.0849384	
      1494	 0.0926894	
      1495	  0.100971	
      1496	  0.109037	
      1497	  0.123243	
      1498	  0.126219	
      1499	  0.127692	
      1500	   0.13181	
      1501	  0.134187	
      1502	  0.134161	
      1503	  0.127738	
      1504	  0.133011	
      1505	  0.133126	
      1506	  0.140774	
      1507	  0.148349	
      1508	  0.150799	
      1509	  0.153813	
      1510	  0.160037	
      1511	  0.164283	
      1512	  0.166199	
      1513	   0.17005	
      1514	   0.17461	
      1515	  0.181668	
      1516	  0.187927	
      1517	   0.19492	
      1518	  0.206134	
      1519	  0.215989	
      1520	  0.235602	
      1521	  0.231558	
      1522	  0.230765	
      1523	  0.233412	
      1524	  0.233941	
      1525	  0.230808	
      1526	  0.235028	
      1527	  0.234541	
      1528	  0.235637	
      1529	  0.233355	
      1530	  0.225283	
      1531	   0.23409	
      1532	  0.235993	
      1533	  0.234186	
      1534	  0.231704	
      1535	  0.234132	
      1536	  0.237222	
      1537	  0.237735	
      1538	  0.234492	
      1539	  0.237879	
      1540	  0.229891	
      1541	   0.22936	
      1542	  0.229098	
      1543	  0.227818	
      1544	  0.227637	
      1545	  0.226949	
      1546	  0.224838	
      1547	  0.221002	
      1548	  0.215962	
      1549	  0.217516	
      1550	  0.215409	
      1551	  0.215045	
      1552	  0.215703	
      1553	  0.212751	
      1554	  0.208275	
      1555	  0.207662	
      1556	  0.205426	
      1557	  0.208157	
      1558	  0.206928	
      1559	  0.207018	
      1560	  0.206332	
      1561	  0.209354	
      1562	  0.209178	
      1563	   0.20862	
      1564	   0.20718	
      1565	  0.209386	
      1566	  0.208167	
      1567	   0.20863	
      1568	  0.207321	
      1569	  0.209206	
      1570	  0.209614	
      1571	  0.213759	
      1572	  0.214729	
      1573	     0.213	
      1574	  0.211273	
      1575	  0.204162	
      1576	  0.209092	
      1577	  0.199204	
      1578	  0.210621	
      1579	  0.215711	
      1580	  0.217294	
      1581	  0.216713	
      1582	  0.210191	
      1583	  0.210859	
      1584	  0.209381	
      1585	  0.213231	
      1586	   0.21105	
      1587	  0.208052	
      1588	  0.202624	
      1589	  0.191906	
      1590	  0.195874	
      1591	  0.197291	
      1592	  0.204799	
      1593	  0.208227	
      1594	  0.207105	
      1595	  0.206214	
      1596	  0.198411	
      1597	  0.199672	
      1598	  0.203132	
      1599	  0.200014	
      1600	  0.199901	
      1601	  0.195335	
      1602	  0.196437	
      1603	   0.19646	
      1604	  0.196286	
      1605	  0.194165	
      1606	  0.193228	
      1607	  0.192113	
      1608	  0.194314	
      1609	   0.19224	
      1610	  0.183187	
      1611	  0.186995	
      1612	  0.188993	
      1613	   0.19249	
      1614	   0.19258	
      1615	     0.192	
      1616	   0.18607	
      1617	  0.188896	
      1618	  0.194782	
      1619	  0.194505	
      1620	  0.190412	
      1621	  0.190901	
      1622	  0.194299	
      1623	  0.198829	
      1624	  0.200061	
      1625	  0.198577	
      1626	    0.2014	
      1627	  0.203474	
      1628	  0.206057	
      1629	  0.208206	
      1630	  0.209917	
      1631	   0.21061	
      1632	  0.210324	
      1633	  0.207838	
      1634	  0.205813	
      1635	  0.207966	
      1636	  0.207161	
      1637	  0.200435	
      1638	  0.198663	
      1639	  0.195688	
      1640	  0.197427	
      1641	  0.196435	
      1642	  0.196656	
      1643	  0.199495	
      1644	  0.197857	
      1645	  0.197211	
      1646	  0.199617	
      1647	   0.19997	
      1648	   0.19935	
      1649	   0.19644	
      1650	  0.198003	
      1651	  0.196193	
      1652	  0.197988	
      1653	  0.196622	
      1654	   0.19722	
      1655	  0.195643	
      1656	  0.196569	
      1657	  0.196635	
      1658	  0.195607	
      1659	  0.193721	
      1660	  0.194769	
      1661	  0.195489	
      1662	  0.194802	
      1663	  0.194013	
      1664	  0.193653	
      1665	  0.192103	
      1666	  0.190669	
      1667	  0.190646	
      1668	  0.188338	
      1669	  0.189622	
      1670	  0.192323	
      1671	  0.191108	
      1672	  0.185561	
      1673	  0.187503	
      1674	  0.189551	
      1675	  0.187588	
      1676	  0.185523	
      1677	  0.186604	
      1678	   0.18714	
      1679	  0.183164	
      1680	  0.176332	
      1681	  0.170016	
      1682	  0.172109	
      1683	  0.175931	
      1684	   0.17777	
      1685	  0.177654	
      1686	  0.175283	
      1687	  0.174935	
      1688	  0.174093	
      1689	  0.171632	
      1690	  0.171152	
      1691	   0.17305	
      1692	  0.172813	
      1693	  0.171674	
      1694	  0.171057	
      1695	  0.170463	
      1696	   0.16927	
      1697	  0.168102	
      1698	  0.167447	
      1699	  0.166099	
      1700	  0.163778	
      1701	  0.163059	
      1702	  0.162619	
      1703	  0.161991	
      1704	  0.161332	
      1705	  0.160626	
      1706	  0.159528	
      1707	  0.158377	
      1708	  0.157237	
      1709	  0.156106	
      1710	  0.155139	
      1711	  0.155114	
      1712	  0.155247	
      1713	  0.155384	
      1714	  0.155523	
      1715	  0.155535	
      1716	  0.154734	
      1717	  0.153809	
      1718	   0.15289	
      1719	  0.151978	
      1720	  0.151133	
      1721	  0.150629	
      1722	  0.150191	
      1723	  0.149756	
      1724	  0.149325	
      1725	  0.148846	
      1726	  0.148023	
      1727	  0.147152	
      1728	  0.146287	
      1729	  0.145426	
      1730	  0.144443	
      1731	  0.142673	
      1732	  0.140783	
      1733	  0.138902	
      1734	  0.137029	
      1735	   0.13552	
      1736	  0.136123	
      1737	  0.137081	
      1738	  0.138037	
      1739	  0.138991	
      1740	  0.139723	
      1741	  0.118445	
      1742	  0.104966	
      1743	 0.0948756	
      1744	 0.0867757	
      1745	 0.0800502	
      1746	 0.0744709	
      1747	 0.0696403	
      1748	 0.0653747	
      1749	 0.0615677	
      1750	 0.0581505	
      1751	 0.0550945	
      1752	 0.0523158	
      1753	 0.0497684	
      1754	 0.0474227	
      1755	 0.0452373	
      1756	  0.043103	
      1757	 0.0411038	
      1758	  0.039241	
      1759	 0.0375011	
      1760	 0.0358823	
      1761	 0.0344206	
      1762	 0.0330551	
      1763	 0.0317685	
      1764	 0.0305543	
      1765	 0.0294068	
      1766	 0.0283208	
      1767	 0.0272917	
      1768	 0.0263153	
      1769	 0.0253879	
      1770	 0.0244966	
      1771	 0.0235878	
      1772	 0.0227143	
      1773	 0.0218828	
      1774	 0.0210905	
      1775	 0.0203466	
      1776	 0.0197037	
      1777	 0.0190993	
      1778	 0.0185204	
      1779	 0.0179655	
      1780	 0.0174283	
      1781	 0.0168839	
      1782	 0.0163571	
      1783	 0.0158515	
      1784	 0.0153661	
      1785	 0.0149041	
      1786	 0.0144849	
      1787	 0.0140854	
      1788	 0.0137006	
      1789	 0.0133297	
      1790	 0.0129669	
      1791	 0.0125836	
      1792	 0.0122094	
      1793	 0.0118489	
      1794	 0.0115015	
      1795	 0.0111666	
      1796	 0.0108435	
      1797	 0.0105319	
      1798	 0.0102311	
      1799	0.00994071	
      1800	0.00966605	
      1801	0.00820177	
      1802	0.00701444	
      1803	0.00603719	
      1804	0.00522523	
      1805	0.00454448	
      1806	0.00396635	
      1807	0.00347537	
      1808	0.00305639	
      1809	0.00269698	
      1810	0.00238228	
      1811	0.00208399	
      1812	 0.0018236	
      1813	0.00159923	
      1814	0.00140529	
      1815	0.00124099	
      1816	0.00111825	
      1817	0.00101268	
      1818	0.000918697	
      1819	0.000834839	
      1820	0.000759605	
      1821	0.000690908	
      1822	0.000629145	
      1823	0.000573702	
      1824	0.00052384	
      1825	0.00047842	
      1826	0.000434633	
      1827	0.000394897	
      1828	0.000359191	
      1829	0.000327061	
      1830	0.000298259	
      1831	0.000273019	
      1832	0.000250283	
      1833	0.000229655	
      1834	0.000210917	
      1835	0.000193853	
      1836	0.000178139	
      1837	0.000163811	
      1838	0.000150754	
      1839	0.000138844	
      1840	0.000127952	
      1841	0.000117878	
      1842	0.000108658	
      1843	0.000100226	
      1844	9.25082e-05	
      1845	8.54832e-05	
      1846	7.92684e-05	
      1847	7.35888e-05	
      1848	6.83569e-05	
      1849	6.35339e-05	
      1850	5.90653e-05	
      1851	5.48335e-05	
      1852	5.09154e-05	
      1853	4.73018e-05	
      1854	4.39669e-05	
      1855	4.08874e-05	
      1856	3.8042e-05	
      1857	3.54114e-05	
      1858	3.29779e-05	
      1859	3.07256e-05	
      1860	2.86397e-05	
      1861	2.9693e-05	
      1862	3.07894e-05	
      1863	3.19309e-05	
      1864	3.31194e-05	
      1865	3.43642e-05	
      1866	3.56951e-05	
      1867	3.7091e-05	
      1868	3.85474e-05	
      1869	4.00675e-05	
      1870	4.15629e-05	
      1871	4.25385e-05	
      1872	4.34323e-05	
      1873	4.43347e-05	
      1874	4.52449e-05	
      1875	4.64173e-05	
      1876	4.91985e-05	
      1877	5.24182e-05	
      1878	5.58325e-05	
      1879	5.94531e-05	
      1880	6.31207e-05	
      1881	6.59284e-05	
      1882	6.86866e-05	
      1883	7.15742e-05	
      1884	7.45978e-05	
      1885	7.77007e-05	
      1886	8.05261e-05	
      1887	8.33974e-05	
      1888	8.63831e-05	
      1889	8.94886e-05	
      1890	9.27855e-05	
      1891	9.66344e-05	
      1892	0.000100737	
      1893	0.000105036	
      1894	0.000109544	
      1895	0.000114354	
      1896	0.000119923	
      1897	0.000125884	
      1898	0.000132173	
      1899	0.000138811	
      1900	0.000145745	
      1901	0.000152562	
      1902	0.000159662	
      1903	0.000167136	
      1904	0.000175009	
      1905	0.000183277	
      1906	0.000191769	
      1907	0.000200684	
      1908	0.000210073	
      1909	0.000219968	
      1910	0.000230448	
      1911	0.000241751	
      1912	0.000253745	
      1913	0.000266422	
      1914	0.000279826	
      1915	0.000294006	
      1916	0.000309013	
      1917	0.000324904	
      1918	0.000341737	
      1919	0.000359577	
      1920	0.000378495	
      1921	0.000358941	
      1922	0.000361276	
      1923	0.000368234	
      1924	0.00037795	
      1925	0.000389629	
      1926	0.000402221	
      1927	0.000416283	
      1928	0.000431914	
      1929	0.000449118	
      1930	0.000468297	
      1931	0.000491445	
      1932	0.000517037	
      1933	0.000544871	
      1934	0.000575131	
      1935	0.000607708	
      1936	0.000640887	
      1937	0.000676556	
      1938	0.000715305	
      1939	0.000757439	
      1940	0.000802068	
      1941	0.00084276	
      1942	0.000885377	
      1943	0.000931466	
      1944	0.000981384	
      1945	0.00103899	
      1946	0.00112408	
      1947	0.00122241	
      1948	0.00133191	
      1949	0.00145417	
      1950	 0.0015898	
      1951	0.00173385	
      1952	0.00189424	
      1953	0.00207507	
      1954	0.00227981	
      1955	 0.0025107	
      1956	0.00276155	
      1957	0.00304661	
      1958	 0.0033752	
      1959	0.00375679	
      1960	0.00420303	
      1961	0.00448906	
      1962	 0.0047998	
      1963	0.00513888	
      1964	0.00550969	
      1965	  0.005921	
      1966	0.00640454	
      1967	0.00694538	
      1968	0.00754617	
      1969	0.00821572	
      1970	0.00895952	
      1971	0.00975809	
      1972	 0.0106501	
      1973	 0.0116578	
      1974	 0.0128026	
      1975	 0.0141115	
      1976	 0.0156191	
      1977	 0.0173705	
      1978	 0.0194261	
      1979	 0.0218687	
      1980	 0.0248223	
      1981	 0.0284914	
      1982	   0.03314	
      1983	 0.0392479	
      1984	 0.0477757	
      1985	 0.0612012	
      1986	 0.0457086	
      1987	 0.0381352	
      1988	 0.0329833	
      1989	 0.0291075	
      1990	 0.0260116	
      1991	 0.0233559	
      1992	 0.0211119	
      1993	 0.0191992	
      1994	 0.0175471	
      1995	  0.016116	
      1996	 0.0149117	
      1997	  0.013851	
      1998	 0.0129022	
      1999	 0.0120487	
      2000	 0.0112724	
      2001	 0.0105408	
      2002	0.00987088	
      2003	0.00925941	
      2004	0.00869958	
      2005	0.00818914	
      2006	0.00856092	
      2007	0.00895949	
      2008	0.00938326	
      2009	 0.0098344	
      2010	 0.0103135	
      2011	 0.0108099	
      2012	 0.0113382	
      2013	 0.0119033	
      2014	  0.012509	
      2015	 0.0131571	
      2016	  0.013835	
      2017	 0.0145629	
      2018	 0.0153491	
      2019	 0.0162007	
      2020	 0.0171335	
      2021	 0.0181996	
      2022	 0.0193769	
      2023	 0.0206734	
      2024	  0.022108	
      2025	 0.0236939	
      2026	 0.0254019	
      2027	 0.0273155	
      2028	  0.029494	
      2029	 0.0320042	
      2030	 0.0349516	
      2031	 0.0385239	
      2032	 0.0429373	
      2033	 0.0486434	
      2034	 0.0567369	
      2035	 0.0723729	
      2036	 0.0711367	
      2037	  0.069998	
      2038	 0.0689464	
      2039	 0.0679655	
      2040	 0.0670939	
      2041	 0.0665451	
      2042	 0.0660838	
      2043	 0.0656552	
      2044	 0.0652554	
      2045	 0.0648395	
      2046	 0.0641731	
      2047	 0.0634909	
      2048	 0.0628327	
      2049	 0.0621968	
      2050	 0.0615989	
      2051	 0.0611009	
      2052	 0.0606371	
      2053	  0.060189	
      2054	 0.0597559	
      2055	 0.0593255	
      2056	 0.0588188	
      2057	 0.0583147	
      2058	 0.0578239	
      2059	  0.057346	
      2060	  0.056897	
      2061	 0.0565369	
      2062	 0.0562041	
      2063	 0.0558819	
      2064	 0.0555701	
      2065	 0.0552685	
      2066	 0.0555427	
      2067	 0.0558225	
      2068	  0.056108	
      2069	 0.0563997	
      2070	 0.0567144	
      2071	 0.0571152	
      2072	 0.0575415	
      2073	 0.0579768	
      2074	 0.0584216	
      2075	  0.058853	
      2076	 0.0591418	
      2077	  0.059415	
      2078	 0.0596965	
      2079	 0.0599869	
      2080	 0.0602988	
      2081	 0.0606824	
      2082	 0.0610904	
      2083	 0.0615116	
      2084	 0.0619471	
      2085	 0.0624044	
      2086	 0.0628913	
      2087	 0.0634033	
      2088	 0.0639357	
      2089	 0.0644906	
      2090	  0.065057	
      2091	 0.0655835	
      2092	 0.0661256	
      2093	 0.0667008	
      2094	 0.0673143	
      2095	  0.068001	
      2096	 0.0689284	
      2097	 0.0699564	
      2098	 0.0710746	
      2099	 0.0723099	
      2100	 0.0736995	
      2101	 0.0737275	
      2102	 0.0737487	
      2103	 0.0737707	
      2104	 0.0737935	
      2105	 0.0738019	
      2106	 0.0737185	
      2107	 0.0736204	
      2108	  0.073523	
      2109	 0.0734263	
      2110	 0.0733382	
      2111	 0.0733129	
      2112	 0.0732965	
      2113	 0.0732811	
      2114	 0.0732668	
      2115	 0.0732537	
      2116	 0.0732263	
      2117	 0.0732001	
      2118	 0.0731753	
      2119	 0.0731518	
      2120	 0.0731298	
      2121	 0.0730937	
      2122	 0.0730592	
      2123	 0.0730264	
      2124	 0.0729954	
      2125	 0.0729901	
      2126	 0.0731138	
      2127	  0.073264	
      2128	 0.0734173	
      2129	 0.0735737	
      2130	 0.0737017	
      2131	 0.0736574	
      2132	 0.0735843	
      2133	 0.0735148	
      2134	 0.0734491	
      2135	 0.0734118	
      2136	  0.073541	
      2137	 0.0737006	
      2138	 0.0738675	
      2139	 0.0740426	
      2140	 0.0742028	
      2141	 0.0742271	
      2142	 0.0742395	
      2143	 0.0742673	
      2144	 0.0743152	
      2145	 0.0744149	
      2146	 0.0746703	
      2147	 0.0750154	
      2148	 0.0754878	
      2149	  0.075439	
      2150	  0.075382	
      2151	  0.075241	
      2152	 0.0750917	
      2153	 0.0749426	
      2154	 0.0747936	
      2155	 0.0746448	
      2156	 0.0744625	
      2157	 0.0742804	
      2158	 0.0740984	
      2159	 0.0739165	
      2160	 0.0736341	
      2161	 0.0727313	
      2162	 0.0717283	
      2163	 0.0707257	
      2164	 0.0697235	
      2165	 0.0689146	
      2166	  0.069279	
      2167	 0.0698362	
      2168	 0.0703931	
      2169	   0.07095	
      2170	 0.0714481	
      2171	  0.071561	
      2172	 0.0716153	
      2173	 0.0716697	
      2174	 0.0717241	
      2175	 0.0717451	
      2176	 0.0715655	
      2177	 0.0713525	
      2178	 0.0711397	
      2179	  0.070927	
      2180	 0.0707395	
      2181	 0.0707193	
      2182	 0.0707242	
      2183	 0.0707292	
      2184	 0.0707342	
      2185	  0.070706	
      2186	 0.0704606	
      2187	 0.0701821	
      2188	 0.0699037	
      2189	 0.0696254	
      2190	 0.0693891	
      2191	 0.0694031	
      2192	  0.069459	
      2193	 0.0695149	
      2194	 0.0695708	
      2195	 0.0696018	
      2196	 0.0694995	
      2197	 0.0693722	
      2198	  0.069245	
      2199	 0.0690998	
      2200	 0.0689297	
      2201	 0.0686101	
      2202	 0.0682658	
      2203	 0.0679219	
      2204	 0.0675784	
      2205	 0.0672768	
      2206	 0.0671915	
      2207	 0.0671479	
      2208	 0.0671044	
      2209	  0.067061	
      2210	 0.0670094	
      2211	 0.0669248	
      2212	  0.066832	
      2213	 0.0667394	
      2214	 0.0666469	
      2215	 0.0665546	
      2216	 0.0664624	
      2217	 0.0663704	
      2218	 0.0662785	
      2219	 0.0661868	
      2220	 0.0660786	
      2221	 0.0658715	
      2222	 0.0656482	
      2223	  0.065425	
      2224	 0.0652021	
      2225	  0.064996	
      2226	 0.0648889	
      2227	 0.0647985	
      2228	 0.0647083	
      2229	 0.0646181	
      2230	 0.0645281	
      2231	 0.0644218	
      2232	 0.0643156	
      2233	 0.0642095	
      2234	 0.0641036	
      2235	 0.0639813	
      2236	 0.0637443	
      2237	 0.0634911	
      2238	 0.0632381	
      2239	 0.0629853	
      2240	 0.0627574	
      2241	 0.0626773	
      2242	 0.0626218	
      2243	 0.0625665	
      2244	 0.0625112	
      2245	 0.0624397	
      2246	 0.0622864	
      2247	 0.0621169	
      2248	 0.0619477	
      2249	 0.0617785	
      2250	 0.0616096	
      2251	 0.0614081	
      2252	 0.0612069	
      2253	 0.0610058	
      2254	 0.0608049	
      2255	 0.0606205	
      2256	 0.0605505	
      2257	 0.0604968	
      2258	 0.0604432	
      2259	 0.0603897	
      2260	 0.0603282	
      2261	 0.0601853	
      2262	 0.0600345	
      2263	 0.0598837	
      2264	 0.0597332	
      2265	  0.059599	
      2266	   0.05953	
      2267	 0.0594773	
      2268	 0.0594247	
      2269	 0.0593721	
      2270	 0.0593115	
      2271	   0.05892	
      2272	 0.0585332	
      2273	  0.058158	
      2274	 0.0577936	
      2275	 0.0574231	
      2276	  0.056983	
      2277	 0.0565365	
      2278	 0.0560986	
      2279	  0.055669	
      2280	 0.0552702	
      2281	 0.0550171	
      2282	 0.0547926	
      2283	 0.0545731	
      2284	 0.0543584	
      2285	 0.0541481	
      2286	 0.0539118	
      2287	 0.0536798	
      2288	 0.0534519	
      2289	 0.0532278	
      2290	 0.0529776	
      2291	 0.0525383	
      2292	 0.0520744	
      2293	 0.0516154	
      2294	 0.0511612	
      2295	 0.0507556	
      2296	 0.0505875	
      2297	 0.0504656	
      2298	 0.0503458	
      2299	 0.0502282	
      2300	 0.0501053	
      2301	 0.0499269	
      2302	 0.0497437	
      2303	 0.0495627	
      2304	 0.0493839	
      2305	    0.0492	
      2306	   0.04899	
      2307	 0.0487751	
      2308	 0.0485624	
      2309	 0.0483518	
      2310	 0.0481432	
      2311	 0.0479088	
      2312	 0.0476764	
      2313	 0.0474462	
      2314	 0.0472179	
      2315	 0.0469916	
      2316	 0.0467809	
      2317	  0.046572	
      2318	 0.0463649	
      2319	 0.0461596	
      2320	 0.0459355	
      2321	  0.045564	
      2322	 0.0451746	
      2323	 0.0447879	
      2324	 0.0444037	
      2325	 0.0440688	
      2326	 0.0439906	
      2327	 0.0439599	
      2328	 0.0439299	
      2329	 0.0439004	
      2330	 0.0438516	
      2331	 0.0436977	
      2332	 0.0435252	
      2333	  0.043354	
      2334	 0.0431839	
      2335	 0.0430151	
      2336	 0.0428474	
      2337	 0.0426809	
      2338	 0.0425155	
      2339	 0.0423512	
      2340	 0.0421945	
      2341	 0.0420775	
      2342	 0.0419679	
      2343	 0.0418591	
      2344	  0.041751	
      2345	  0.041631	
      2346	 0.0414479	
      2347	 0.0412533	
      2348	 0.0410597	
      2349	 0.0408673	
      2350	 0.0406634	
      2351	 0.0403722	
      2352	 0.0400699	
      2353	 0.0397692	
      2354	   0.03947	
      2355	 0.0392099	
      2356	  0.039151	
      2357	 0.0391299	
      2358	  0.039109	
      2359	 0.0390885	
      2360	 0.0390621	
      2361	 0.0373352	
      2362	 0.0358016	
      2363	  0.034424	
      2364	 0.0331727	
      2365	 0.0320211	
      2366	  0.030919	
      2367	  0.029891	
      2368	 0.0289319	
      2369	 0.0280334	
      2370	 0.0271844	
      2371	 0.0263585	
      2372	 0.0255733	
      2373	 0.0248292	
      2374	 0.0241224	
      2375	  0.023465	
      2376	 0.0229129	
      2377	 0.0224001	
      2378	 0.0219095	
      2379	 0.0214395	
      2380	 0.0209615	
      2381	 0.0203496	
      2382	 0.0197362	
      2383	 0.0191467	
      2384	 0.0185797	
      2385	 0.0180644	
      2386	 0.0177474	
      2387	 0.0174703	
      2388	  0.017202	
      2389	 0.0169422	
      2390	 0.0166793	
      2391	 0.0163592	
      2392	 0.0160385	
      2393	 0.0157277	
      2394	 0.0154263	
      2395	 0.0151338	
      2396	  0.014845	
      2397	 0.0145646	
      2398	 0.0142921	
      2399	 0.0140274	
      2400	 0.0137699	
      2401	 0.0135241	
      2402	 0.0132848	
      2403	 0.0130518	
      2404	  0.012825	
      2405	  0.012604	
      2406	 0.0123928	
      2407	 0.0121869	
      2408	 0.0119861	
      2409	 0.0117902	
      2410	 0.0115892	
      2411	 0.0113352	
      2412	 0.0110782	
      2413	 0.0108277	
      2414	 0.0105836	
      2415	   0.01036	
      2416	 0.0102207	
      2417	 0.0100983	
      2418	0.00997847	
      2419	0.00986101	
      2420	0.00974079	
      2421	0.00958973	
      2422	0.00943701	
      2423	 0.0092876	
      2424	0.00914138	
      2425	0.00899985	
      2426	0.00887058	
      2427	0.00874547	
      2428	0.00862287	
      2429	0.00850272	
      2430	0.00838348	
      2431	0.00825212	
      2432	  0.008122	
      2433	0.00799452	
      2434	 0.0078696	
      2435	0.00774855	
      2436	0.00764071	
      2437	0.00753626	
      2438	0.00743377	
      2439	0.00733318	
      2440	0.00723318	
      2441	0.00712487	
      2442	0.00701736	
      2443	0.00691189	
      2444	 0.0068084	
      2445	0.00670564	
      2446	0.00660004	
      2447	0.00649525	
      2448	0.00639243	
      2449	0.00629153	
      2450	0.00619477	
      2451	0.00578959	
      2452	0.00542151	
      2453	0.00508431	
      2454	0.00477461	
      2455	0.00449117	
      2456	0.00423741	
      2457	0.00400396	
      2458	0.00378737	
      2459	0.00358606	
      2460	0.00339803	
      2461	0.00321801	
      2462	0.00304955	
      2463	0.00289223	
      2464	0.00274514	
      2465	0.00260648	
      2466	0.00247199	
      2467	0.00234512	
      2468	0.00222616	
      2469	0.00211452	
      2470	0.00201039	
      2471	0.00191749	
      2472	0.00183057	
      2473	0.00174851	
      2474	0.00167098	
      2475	0.00159677	
      2476	0.00152086	
      2477	0.00144837	
      2478	0.00137992	
      2479	0.00131523	
      2480	0.00125479	
      2481	0.00120082	
      2482	0.00115028	
      2483	0.00110228	
      2484	0.00105667	
      2485	0.00101371	
      2486	0.000974705	
      2487	0.000937882	
      2488	0.000902746	
      2489	0.000869204	
      2490	0.000835725	
      2491	0.000795141	
      2492	0.000755325	
      2493	0.000717591	
      2494	0.000681818	
      2495	0.00064988	
      2496	0.000630515	
      2497	0.000613703	
      2498	0.000597434	
      2499	0.000581686	
      2500	0.000565557	
      2501	0.000196514	
      2502	7.88311e-05	
      2503	3.47948e-05	
      2504	1.64592e-05	
      2505	8.21012e-06	
      2506	4.26538e-06	
      2507	2.29489e-06	
      2508	1.27192e-06	
      2509	7.23164e-07	
      2510	4.20493e-07	
      2511	2.49647e-07	
      2512	1.5086e-07	
      2513	9.26081e-08	
      2514	5.76634e-08	
      2515	3.63731e-08	
      2516	2.32271e-08	
      2517	1.49954e-08	
      2518	9.77947e-09	
      2519	6.43799e-09	
      2520	4.27638e-09	
      2521	2.86628e-09	
      2522	1.93636e-09	
      2523	1.31762e-09	
      2524	9.02714e-10	
      2525	6.2258e-10	
      2526	4.32546e-10	
      2527	3.02323e-10	
      2528	2.1247e-10	
      2529	1.50105e-10	
      2530	1.06554e-10	
      2531	7.58409e-11	
      2532	5.42155e-11	
      2533	3.89258e-11	
      2534	2.80651e-11	
      2535	2.03204e-11	
      2536	1.47823e-11	
      2537	1.07959e-11	
      2538	7.9128e-12	
      2539	5.81969e-12	
      2540	4.29453e-12	
      2541	3.18063e-12	
      2542	2.36299e-12	
      2543	1.76082e-12	
      2544	1.31593e-12	
      2545	9.86227e-13	
      2546	7.40833e-13	
      2547	5.57975e-13	
      2548	4.21333e-13	
      2549	3.1895e-13	
      2550	2.42032e-13	
      2551	1.84018e-13	
      2552	1.40231e-13	
      2553	1.07102e-13	
      2554	8.19781e-14	
      2555	6.28806e-14	
      2556	4.83107e-14	
      2557	3.71914e-14	
      2558	2.86876e-14	
      2559	2.21707e-14	
      2560	 1.717e-14	
      2561	1.33333e-14	
      2562	1.03748e-14	
      2563	8.08685e-15	
      2564	6.31425e-15	
      2565	4.93844e-15	
      2566	3.86702e-15	
      2567	3.03289e-15	
      2568	2.38242e-15	
      2569	1.87433e-15	
      2570	1.47682e-15	
      2571	1.16481e-15	
      2572	9.20039e-16	
      2573	7.27735e-16	
      2574	5.76425e-16	
      2575	4.57196e-16	
      2576	3.63114e-16	
      2577	2.88769e-16	
      2578	2.29942e-16	
      2579	1.8333e-16	
      2580	1.46315e-16	
      2581	1.16757e-16	
      2582	9.32589e-17	
      2583	7.45771e-17	
      2584	5.97061e-17	
      2585	4.78764e-17	
      2586	3.85578e-17	
      2587	3.11016e-17	
      2588	2.51145e-17	
      2589	2.03016e-17	
      2590	1.64244e-17	
      2591	1.3277e-17	
      2592	1.07411e-17	
      2593	8.69825e-18	
      2594	7.05086e-18	
      2595	5.72235e-18	
      2596	4.65292e-18	
      2597	3.7878e-18	
      2598	3.08641e-18	
      2599	2.51719e-18	
      2600	2.05481e-18	
      2601	1.23726e-18	
      2602	9.26636e-19	
      2603	7.23065e-19	
      2604	5.76664e-19	
      2605	4.66495e-19	
      2606	3.80915e-19	
      2607	3.13502e-19	
      2608	2.59662e-19	
      2609	2.16201e-19	
      2610	1.80817e-19	
      2611	1.51878e-19	
      2612	1.28001e-19	
      2613	1.08201e-19	
      2614	9.17095e-20	
      2615	7.79201e-20	
      2616	6.62878e-20	
      2617	5.65063e-20	
      2618	4.82582e-20	
      2619	4.12856e-20	
      2620	3.53605e-20	
      2621	3.02298e-20	
      2622	2.5867e-20	
      2623	2.21625e-20	
      2624	1.90119e-20	
      2625	1.63481e-20	
      2626	1.41707e-20	
      2627	1.23116e-20	
      2628	1.07074e-20	
      2629	9.32131e-21	
      2630	8.11836e-21	
      2631	7.05646e-21	
      2632	6.13584e-21	
      2633	5.33981e-21	
      2634	4.65081e-21	
      2635	4.05288e-21	
      2636	3.52586e-21	
      2637	3.06882e-21	
      2638	2.67287e-21	
      2639	2.32956e-21	
      2640	2.03268e-21	
      2641	1.78008e-21	
      2642	1.56062e-21	
      2643	1.36905e-21	
      2644	1.20172e-21	
      2645	1.05544e-21	
      2646	9.26577e-22	
      2647	8.13892e-22	
      2648	7.15296e-22	
      2649	6.28973e-22	
      2650	5.53352e-22	
      2651	4.86579e-22	
      2652	4.28073e-22	
      2653	3.76781e-22	
      2654	3.3179e-22	
      2655	2.92379e-22	
      2656	2.58026e-22	
      2657	2.27868e-22	
      2658	2.01323e-22	
      2659	1.77946e-22	
      2660	1.57309e-22	
      2661	1.38912e-22	
      2662	1.22684e-22	
      2663	1.08394e-22	
      2664	9.58061e-23	
      2665	8.47552e-23	
      2666	7.51612e-23	
      2667	6.67123e-23	
      2668	5.92349e-23	
      2669	5.26146e-23	
      2670	4.67389e-23	
      2671	4.14277e-23	
      2672	3.67232e-23	
      2673	3.25637e-23	
      2674	2.88849e-23	
      2675	2.56367e-23	
      2676	2.27847e-23	
      2677	2.02618e-23	
      2678	1.80239e-23	
      2679	1.60382e-23	
      2680	1.42757e-23	
      2681	1.27108e-23	
      2682	1.13208e-23	
      2683	1.00858e-23	
      2684	8.98823e-24	
      2685	8.0124e-24	
      2686	7.13707e-24	
      2687	6.35916e-24	
      2688	5.66761e-24	
      2689	5.05264e-24	
      2690	4.50562e-24	
      2691	4.02104e-24	
      2692	3.58952e-24	
      2693	3.20516e-24	
      2694	2.86271e-24	
      2695	2.5575e-24	
      2696	2.2842e-24	
      2697	2.04061e-24	
      2698	1.82346e-24	
      2699	1.62981e-24	
      2700	1.45747e-24	
      2701	1.68765e-24	
      2702	1.95567e-24	
      2703	2.26741e-24	
      2704	2.63017e-24	
      2705	3.05253e-24	
      2706	3.54455e-24	
      2707	4.11801e-24	
      2708	4.78677e-24	
      2709	5.56708e-24	
      2710	6.47806e-24	
      2711	7.54629e-24	
      2712	8.79546e-24	
      2713	1.02571e-23	
      2714	1.19682e-23	
      2715	1.39726e-23	
      2716	1.6313e-23	
      2717	1.90563e-23	
      2718	2.22737e-23	
      2719	2.60495e-23	
      2720	3.04832e-23	
      2721	3.56731e-23	
      2722	4.17714e-23	
      2723	4.89418e-23	
      2724	5.73779e-23	
      2725	6.73281e-23	
      2726	7.90969e-23	
      2727	9.30072e-23	
      2728	1.09433e-22	
      2729	1.28844e-22	
      2730	1.51795e-22	
      2731	1.78754e-22	
      2732	2.1064e-22	
      2733	2.4838e-22	
      2734	2.93079e-22	
      2735	3.4606e-22	
      2736	4.0913e-22	
      2737	4.84034e-22	
      2738	5.73058e-22	
      2739	6.78942e-22	
      2740	8.04973e-22	
      2741	9.5564e-22	
      2742	1.13535e-21	
      2743	1.34987e-21	
      2744	1.60615e-21	
      2745	1.91256e-21	
      2746	2.27791e-21	
      2747	2.7152e-21	
      2748	3.23902e-21	
      2749	3.86703e-21	
      2750	4.6206e-21	
      2751	5.52245e-21	
      2752	6.60587e-21	
      2753	7.90858e-21	
      2754	9.47636e-21	
      2755	1.13649e-20	
      2756	1.36418e-20	
      2757	1.63897e-20	
      2758	1.9709e-20	
      2759	2.37225e-20	
      2760	2.85801e-20	
      2761	3.4485e-20	
      2762	4.16503e-20	
      2763	5.03537e-20	
      2764	6.09365e-20	
      2765	7.3818e-20	
      2766	8.95666e-20	
      2767	1.08788e-19	
      2768	1.32276e-19	
      2769	1.61007e-19	
      2770	1.96136e-19	
      2771	2.38917e-19	
      2772	2.91271e-19	
      2773	3.55504e-19	
      2774	4.34408e-19	
      2775	5.31452e-19	
      2776	6.51343e-19	
      2777	7.99261e-19	
      2778	9.81996e-19	
      2779	1.20805e-18	
      2780	1.48806e-18	
      2781	1.83649e-18	
      2782	2.26955e-18	
      2783	2.80858e-18	
      2784	3.4805e-18	
      2785	4.31931e-18	
      2786	5.36808e-18	
      2787	6.68139e-18	
      2788	8.32859e-18	
      2789	1.03979e-17	
      2790	1.30019e-17	
      2791	1.62744e-17	
      2792	2.0404e-17	
      2793	2.56245e-17	
      2794	3.2236e-17	
      2795	4.06371e-17	
      2796	5.13509e-17	
      2797	6.50288e-17	
      2798	8.25055e-17	
      2799	1.04882e-16	
      2800	1.3359e-16	
      2801	1.58122e-16	
      2802	1.87294e-16	
      2803	2.2201e-16	
      2804	2.63357e-16	
      2805	3.12735e-16	
      2806	3.71886e-16	
      2807	4.42704e-16	
      2808	5.27425e-16	
      2809	6.28862e-16	
      2810	7.50418e-16	
      2811	8.9621e-16	
      2812	1.07122e-15	
      2813	1.2815e-15	
      2814	1.53439e-15	
      2815	1.83879e-15	
      2816	2.20417e-15	
      2817	2.64456e-15	
      2818	3.17584e-15	
      2819	3.81743e-15	
      2820	4.59299e-15	
      2821	5.52801e-15	
      2822	6.6599e-15	
      2823	8.03156e-15	
      2824	9.69555e-15	
      2825	1.17201e-14	
      2826	1.41912e-14	
      2827	1.72071e-14	
      2828	2.08869e-14	
      2829	2.53818e-14	
      2830	3.0879e-14	
      2831	3.75864e-14	
      2832	4.58047e-14	
      2833	5.58869e-14	
      2834	6.82718e-14	
      2835	8.35054e-14	
      2836	1.02203e-13	
      2837	1.2525e-13	
      2838	1.53697e-13	
      2839	1.88861e-13	
      2840	2.3239e-13	
      2841	2.8654e-13	
      2842	3.53819e-13	
      2843	4.37541e-13	
      2844	5.41893e-13	
      2845	6.72172e-13	
      2846	8.34553e-13	
      2847	1.03784e-12	
      2848	1.2928e-12	
      2849	1.61312e-12	
      2850	2.01633e-12	
      2851	2.52484e-12	
      2852	3.16741e-12	
      2853	3.98101e-12	
      2854	5.0133e-12	
      2855	6.32585e-12	
      2856	8.00368e-12	
      2857	1.01479e-11	
      2858	1.28946e-11	
      2859	1.64214e-11	
      2860	2.0961e-11	
      2861	2.68194e-11	
      2862	3.43996e-11	
      2863	4.42343e-11	
      2864	5.70299e-11	
      2865	7.37268e-11	
      2866	9.54527e-11	
      2867	1.2394e-10	
      2868	1.61416e-10	
      2869	2.10882e-10	
      2870	2.76499e-10	
      2871	3.64009e-10	
      2872	4.81075e-10	
      2873	6.38136e-10	
      2874	8.49739e-10	
      2875	1.13646e-09	
      2876	1.52739e-09	
      2877	2.0626e-09	
      2878	2.79834e-09	
      2879	3.81515e-09	
      2880	5.22839e-09	
      2881	7.19458e-09	
      2882	9.95766e-09	
      2883	1.38669e-08	
      2884	1.9438e-08	
      2885	2.7439e-08	
      2886	3.90528e-08	
      2887	5.6035e-08	
      2888	8.11112e-08	
      2889	1.18538e-07	
      2890	1.75058e-07	
      2891	2.61536e-07	
      2892	3.95805e-07	
      2893	6.07773e-07	
      2894	9.48906e-07	
      2895	1.51055e-06	
      2896	2.45968e-06	
      2897	4.12424e-06	
      2898	7.19553e-06	
      2899	1.33753e-05	
      2900	3.01232e-05	
      2901	3.08305e-05	
      2902	3.15566e-05	
      2903	3.23021e-05	
      2904	3.30674e-05	
      2905	3.38533e-05	
      2906	3.46362e-05	
      2907	3.54397e-05	
      2908	3.62644e-05	
      2909	3.7111e-05	
      2910	3.79801e-05	
      2911	3.88452e-05	
      2912	3.97327e-05	
      2913	4.06436e-05	
      2914	4.15783e-05	
      2915	4.25377e-05	
      2916	4.35534e-05	
      2917	4.45969e-05	
      2918	4.5669e-05	
      2919	4.67706e-05	
      2920	4.79027e-05	
      2921	4.90661e-05	
      2922	5.0262e-05	
      2923	5.14914e-05	
      2924	5.27552e-05	
      2925	5.40547e-05	
      2926	5.53911e-05	
      2927	5.67654e-05	
      2928	5.81789e-05	
      2929	5.9633e-05	
      2930	6.1129e-05	
      2931	6.26228e-05	
      2932	6.41589e-05	
      2933	6.57386e-05	
      2934	6.73634e-05	
      2935	6.90349e-05	
      2936	7.08065e-05	
      2937	7.26307e-05	
      2938	7.45094e-05	
      2939	7.64444e-05	
      2940	7.84376e-05	
      2941	8.04317e-05	
      2942	8.24849e-05	
      2943	8.45994e-05	
      2944	8.67771e-05	
      2945	8.90536e-05	
      2946	9.14682e-05	
      2947	9.39939e-05	
      2948	9.66007e-05	
      2949	9.92913e-05	
      2950	0.000102069	
      2951	0.000104937	
      2952	0.000107899	
      2953	0.000110958	
      2954	0.000114118	
      2955	0.000117384	
      2956	0.000120667	
      2957	0.000124059	
      2958	0.000127562	
      2959	0.000131182	
      2960	0.000134924	
      2961	0.000138896	
      2962	0.000143006	
      2963	0.000147258	
      2964	0.00015166	
      2965	0.000156216	
      2966	0.000160811	
      2967	0.000165567	
      2968	0.00017049	
      2969	0.000175586	
      2970	0.000180865	
      2971	0.000186476	
      2972	0.000192293	
      2973	0.000198326	
      2974	0.000204584	
      2975	0.000211077	
      2976	0.000217648	
      2977	0.000224466	
      2978	0.000231541	
      2979	0.000238884	
      2980	0.000246509	
      2981	0.000254626	
      2982	0.000263065	
      2983	0.000271841	
      2984	0.000280971	
      2985	0.000290472	
      2986	0.000300129	
      2987	0.000310179	
      2988	0.000320643	
      2989	0.000331541	
      2990	0.000342896	
      2991	0.000355011	
      2992	0.000367653	
      2993	0.000380853	
      2994	0.000394641	
      2995	0.000409052	
      2996	0.000424123	
      2997	0.000439893	
      2998	0.000456408	
      2999	0.000473716	
      3000	0.000491872	
      3001	0.000491619	
      3002	0.000491366	
      3003	0.000491113	
      3004	0.000490859	
      3005	0.000490604	
      3006	0.000490739	
      3007	0.000490875	
      3008	0.000491011	
      3009	0.000491148	
      3010	0.000491284	
      3011	0.000491421	
      3012	0.000491557	
      3013	0.000491694	
      3014	0.000491832	
      3015	0.000491969	
      3016	0.000491711	
      3017	0.000491453	
      3018	0.000491193	
      3019	0.000490934	
      3020	0.000490673	
      3021	0.000490412	
      3022	0.00049015	
      3023	0.000489888	
      3024	0.000489625	
      3025	0.000489362	
      3026	0.000489498	
      3027	0.000489634	
      3028	0.00048977	
      3029	0.000489907	
      3030	0.000490044	
      3031	0.000489779	
      3032	0.000489514	
      3033	0.000489248	
      3034	0.000488982	
      3035	0.000488715	
      3036	0.000488043	
      3037	0.00048737	
      3038	0.000486695	
      3039	0.000486019	
      3040	0.000485545	
      3041	0.000486289	
      3042	0.000487239	
      3043	0.000488191	
      3044	0.000489145	
      3045	0.000490102	
      3046	0.000490652	
      3047	0.000491204	
      3048	0.000491757	
      3049	0.000492311	
      3050	0.000492867	
      3051	0.000493014	
      3052	0.000493161	
      3053	0.000493308	
      3054	0.000493456	
      3055	0.000493605	
      3056	0.000493755	
      3057	0.000493905	
      3058	0.000494056	
      3059	0.000494208	
      3060	0.000494361	
      3061	0.000493682	
      3062	0.000493003	
      3063	0.000492322	
      3064	0.00049164	
      3065	0.000491167	
      3066	0.000491111	
      3067	0.000491265	
      3068	0.00049142	
      3069	0.000491576	
      3070	0.000491734	
      3071	0.000492313	
      3072	0.000492894	
      3073	0.000493478	
      3074	0.000494064	
      3075	0.000494652	
      3076	0.000494396	
      3077	0.000494141	
      3078	0.000493886	
      3079	0.000493632	
      3080	0.000493378	
      3081	0.000493125	
      3082	0.000492873	
      3083	0.000492622	
      3084	0.000492371	
      3085	0.000492122	
      3086	0.000491874	
      3087	0.000491627	
      3088	0.000491381	
      3089	0.000491137	
      3090	0.000490895	
      3091	0.000490654	
      3092	0.000490415	
      3093	0.000490178	
      3094	0.000489943	
      3095	0.000489711	
      3096	0.000489481	
      3097	0.000489255	
      3098	0.000489031	
      3099	0.00048881	
      3100	0.000488594	
      3101	0.00048277	
      3102	0.000481524	
      3103	0.000481644	
      3104	0.000482507	
      3105	0.000483863	
      3106	0.000485145	
      3107	0.000486709	
      3108	0.000488503	
      3109	0.000490492	
      3110	0.000492652	
      3111	0.000494514	
      3112	0.000496507	
      3113	0.00049862	
      3114	0.000500842	
      3115	0.000503397	
      3116	0.000506517	
      3117	0.000509974	
      3118	0.000513532	
      3119	0.00051719	
      3120	0.000520944	
      3121	0.000524792	
      3122	0.000528734	
      3123	0.000532768	
      3124	0.000536893	
      3125	0.000541109	
      3126	0.000545414	
      3127	0.000549809	
      3128	0.000554294	
      3129	0.000558868	
      3130	0.000563532	
      3131	0.000568286	
      3132	0.000573131	
      3133	0.000578068	
      3134	0.000583096	
      3135	0.000588217	
      3136	0.000592876	
      3137	0.000597619	
      3138	0.000602445	
      3139	0.000607357	
      3140	0.000612355	
      3141	0.000618023	
      3142	0.000623791	
      3143	0.00062966	
      3144	0.000635632	
      3145	0.000641708	
      3146	0.000647275	
      3147	0.000652937	
      3148	0.000658694	
      3149	0.000664548	
      3150	0.000670501	
      3151	0.000677204	
      3152	0.000684022	
      3153	0.000690958	
      3154	0.000698015	
      3155	0.000705195	
      3156	 0.0007125	
      3157	0.000719932	
      3158	0.000727494	
      3159	0.000735189	
      3160	0.000743018	
      3161	0.000751712	
      3162	0.000760563	
      3163	0.000769576	
      3164	0.000778753	
      3165	0.000788098	
      3166	0.000796074	
      3167	0.000804188	
      3168	0.000812443	
      3169	0.000820842	
      3170	0.000829793	
      3171	0.000839723	
      3172	0.000850253	
      3173	0.000860983	
      3174	0.000871916	
      3175	0.000883059	
      3176	0.00089267	
      3177	0.000902455	
      3178	0.000912419	
      3179	0.000922564	
      3180	0.000932897	
      3181	0.000944352	
      3182	0.000956027	
      3183	0.000967929	
      3184	0.000980063	
      3185	0.000992435	
      3186	0.00100605	
      3187	0.00101994	
      3188	0.00103411	
      3189	0.00104858	
      3190	0.00106335	
      3191	0.00107736	
      3192	0.00109166	
      3193	0.00110626	
      3194	0.00112116	
      3195	0.00113637	
      3196	0.00115076	
      3197	0.00116544	
      3198	0.00118043	
      3199	0.00119573	
      3200	0.00121196	
      3201	0.00120486	
      3202	0.00119842	
      3203	0.00119204	
      3204	0.00118572	
      3205	0.00117945	
      3206	0.00117206	
      3207	0.00116473	
      3208	0.00115747	
      3209	0.00115027	
      3210	0.00114314	
      3211	0.00113492	
      3212	0.00112677	
      3213	0.00111869	
      3214	0.00111068	
      3215	0.00110275	
      3216	  0.001096	
      3217	0.00108931	
      3218	0.00108267	
      3219	0.00107609	
      3220	0.00106956	
      3221	0.00106309	
      3222	0.00105667	
      3223	 0.0010503	
      3224	0.00104399	
      3225	0.00103772	
      3226	0.00103257	
      3227	0.00102746	
      3228	0.00102239	
      3229	0.00101736	
      3230	0.00101236	
      3231	0.00100636	
      3232	0.00100041	
      3233	0.00099451	
      3234	0.000988651	
      3235	0.000982838	
      3236	0.00097707	
      3237	0.000971345	
      3238	0.000965665	
      3239	0.000960027	
      3240	0.000954432	
      3241	0.00094888	
      3242	0.000943369	
      3243	 0.0009379	
      3244	0.000932471	
      3245	0.000927083	
      3246	 0.0009227	
      3247	0.000918348	
      3248	0.000914027	
      3249	0.000909734	
      3250	0.000905472	
      3251	0.000899351	
      3252	0.000893276	
      3253	0.000887247	
      3254	0.000881264	
      3255	0.000875325	
      3256	0.000870353	
      3257	0.000865417	
      3258	0.000860515	
      3259	0.000855649	
      3260	0.000850817	
      3261	0.000846019	
      3262	0.000841254	
      3263	0.000836524	
      3264	0.000831826	
      3265	0.000827161	
      3266	0.000822528	
      3267	0.000817928	
      3268	0.000813359	
      3269	0.000808822	
      3270	0.000804316	
      3271	0.000799841	
      3272	0.000795397	
      3273	0.000790983	
      3274	0.000786599	
      3275	0.000782244	
      3276	0.000777919	
      3277	0.000773624	
      3278	0.000769357	
      3279	0.000765119	
      3280	0.000760909	
      3281	0.000756728	
      3282	0.000752574	
      3283	0.000748448	
      3284	0.00074435	
      3285	0.000740278	
      3286	0.000737039	
      3287	0.000733819	
      3288	0.000730619	
      3289	0.000727438	
      3290	0.000723881	
      3291	0.00071877	
      3292	0.000713302	
      3293	0.000707873	
      3294	0.000702482	
      3295	0.000697517	
      3296	0.000693358	
      3297	0.000689611	
      3298	0.000685887	
      3299	0.000682188	
      3300	0.000678512	
      3301	0.000687531	
      3302	0.000696703	
      3303	0.000706032	
      3304	0.000715521	
      3305	0.000725173	
      3306	0.00073335	
      3307	0.000741654	
      3308	0.000750085	
      3309	0.000758649	
      3310	0.000767347	
      3311	0.000777061	
      3312	0.000786939	
      3313	0.000796986	
      3314	0.000807206	
      3315	0.000817601	
      3316	0.000826292	
      3317	0.000835114	
      3318	0.000844069	
      3319	0.000853162	
      3320	0.000862892	
      3321	0.000874803	
      3322	0.000887446	
      3323	0.000900328	
      3324	0.000913456	
      3325	0.000926835	
      3326	0.000938298	
      3327	0.000949961	
      3328	0.00096183	
      3329	0.000973908	
      3330	0.000986202	
      3331	0.000999888	
      3332	0.00101384	
      3333	0.00102805	
      3334	0.00104255	
      3335	0.00105732	
      3336	0.00107239	
      3337	0.00108775	
      3338	0.00110343	
      3339	0.00111941	
      3340	0.00113573	
      3341	0.00115237	
      3342	0.00116936	
      3343	 0.0011867	
      3344	0.00120441	
      3345	0.00122248	
      3346	0.00123947	
      3347	 0.0012568	
      3348	0.00127449	
      3349	0.00129254	
      3350	0.00131098	
      3351	0.00133141	
      3352	0.00135231	
      3353	0.00137367	
      3354	0.00139552	
      3355	0.00141788	
      3356	0.00144076	
      3357	0.00146417	
      3358	0.00148814	
      3359	0.00151268	
      3360	0.00153782	
      3361	0.00156357	
      3362	0.00158996	
      3363	0.00161701	
      3364	0.00164475	
      3365	0.00167319	
      3366	0.00170238	
      3367	0.00173232	
      3368	0.00176306	
      3369	0.00179463	
      3370	0.00182705	
      3371	0.00186037	
      3372	0.00189461	
      3373	0.00192983	
      3374	0.00196605	
      3375	0.00200333	
      3376	0.00204171	
      3377	0.00208123	
      3378	0.00212196	
      3379	0.00216395	
      3380	0.00220726	
      3381	0.00225477	
      3382	0.00230385	
      3383	0.00235458	
      3384	0.00240706	
      3385	0.00246136	
      3386	0.00251445	
      3387	0.00256944	
      3388	0.00262642	
      3389	0.00268552	
      3390	0.00274687	
      3391	 0.0028106	
      3392	0.00287687	
      3393	0.00294585	
      3394	0.00301771	
      3395	0.00309267	
      3396	0.00316692	
      3397	0.00324451	
      3398	0.00332572	
      3399	0.00341084	
      3400	0.00350244	
      3401	0.00352882	
      3402	0.00355778	
      3403	0.00358706	
      3404	0.00361667	
      3405	0.00364431	
      3406	 0.0036629	
      3407	0.00367932	
      3408	 0.0036959	
      3409	0.00371263	
      3410	0.00373194	
      3411	0.00375629	
      3412	0.00378336	
      3413	0.00381074	
      3414	0.00383844	
      3415	0.00386647	
      3416	 0.0038898	
      3417	0.00391339	
      3418	0.00393725	
      3419	0.00396139	
      3420	 0.0039858	
      3421	 0.0040105	
      3422	0.00403548	
      3423	0.00406077	
      3424	0.00408635	
      3425	0.00411224	
      3426	0.00413844	
      3427	0.00416497	
      3428	0.00419182	
      3429	  0.004219	
      3430	0.00424652	
      3431	0.00428002	
      3432	0.00431397	
      3433	0.00434837	
      3434	0.00438324	
      3435	0.00441858	
      3436	0.00444854	
      3437	 0.0044789	
      3438	0.00450968	
      3439	0.00454087	
      3440	0.00457249	
      3441	0.00460455	
      3442	0.00463706	
      3443	0.00467003	
      3444	0.00470347	
      3445	0.00473739	
      3446	0.00477182	
      3447	0.00480675	
      3448	 0.0048422	
      3449	0.00487819	
      3450	0.00491473	
      3451	0.00495849	
      3452	0.00500295	
      3453	0.00504813	
      3454	0.00509405	
      3455	0.00514074	
      3456	0.00518124	
      3457	0.00522241	
      3458	0.00526428	
      3459	0.00530687	
      3460	 0.0053502	
      3461	0.00540159	
      3462	0.00545391	
      3463	0.00550719	
      3464	0.00556145	
      3465	0.00561675	
      3466	0.00566543	
      3467	0.00571505	
      3468	0.00576565	
      3469	0.00581725	
      3470	 0.0058699	
      3471	0.00592364	
      3472	0.00597851	
      3473	0.00603455	
      3474	0.00609182	
      3475	0.00615037	
      3476	0.00621024	
      3477	0.00627151	
      3478	0.00633423	
      3479	0.00639847	
      3480	0.00646432	
      3481	0.00654085	
      3482	0.00661937	
      3483	0.00669998	
      3484	0.00678277	
      3485	0.00686789	
      3486	0.00694586	
      3487	0.00702618	
      3488	0.00710901	
      3489	0.00719451	
      3490	0.00728287	
      3491	0.00737432	
      3492	0.00746909	
      3493	0.00756748	
      3494	 0.0076698	
      3495	0.00777645	
      3496	0.00788788	
      3497	0.00800465	
      3498	0.00812745	
      3499	0.00825717	
      3500	0.00839497	
      3501	0.00840156	
      3502	0.00840818	
      3503	0.00841483	
      3504	0.00842149	
      3505	0.00842818	
      3506	0.00842302	
      3507	0.00841786	
      3508	 0.0084127	
      3509	0.00840755	
      3510	0.00840241	
      3511	0.00839727	
      3512	0.00839214	
      3513	0.00838701	
      3514	0.00838189	
      3515	0.00837678	
      3516	0.00837168	
      3517	0.00836658	
      3518	0.00836149	
      3519	0.00835641	
      3520	0.00835133	
      3521	0.00835829	
      3522	0.00836528	
      3523	 0.0083723	
      3524	0.00837934	
      3525	0.00838642	
      3526	0.00838145	
      3527	0.00837649	
      3528	0.00837154	
      3529	0.00836661	
      3530	0.00836168	
      3531	0.00836889	
      3532	0.00837614	
      3533	0.00838342	
      3534	0.00839073	
      3535	0.00839808	
      3536	0.00839328	
      3537	 0.0083885	
      3538	0.00838373	
      3539	0.00837898	
      3540	0.00837424	
      3541	0.00838175	
      3542	0.00838931	
      3543	 0.0083969	
      3544	0.00840453	
      3545	0.00841221	
      3546	0.00840763	
      3547	0.00840307	
      3548	0.00839854	
      3549	0.00839402	
      3550	0.00838953	
      3551	0.00838506	
      3552	0.00838061	
      3553	0.00837619	
      3554	0.00837179	
      3555	0.00836742	
      3556	0.00836308	
      3557	0.00835876	
      3558	0.00835447	
      3559	0.00835021	
      3560	0.00834599	
      3561	0.00835426	
      3562	0.00836259	
      3563	0.00837098	
      3564	0.00837944	
      3565	0.00838795	
      3566	  0.008384	
      3567	0.00838009	
      3568	0.00837622	
      3569	0.00837239	
      3570	0.00836862	
      3571	0.00836488	
      3572	 0.0083612	
      3573	0.00835757	
      3574	0.00835399	
      3575	0.00835047	
      3576	0.00834701	
      3577	0.00834361	
      3578	0.00834028	
      3579	0.00833701	
      3580	0.00833382	
      3581	0.00834343	
      3582	0.00835316	
      3583	  0.008363	
      3584	0.00837295	
      3585	0.00838303	
      3586	0.00838043	
      3587	0.00837792	
      3588	0.00837553	
      3589	0.00837326	
      3590	0.00837111	
      3591	0.00836909	
      3592	0.00836722	
      3593	0.00836549	
      3594	0.00836393	
      3595	0.00836255	
      3596	0.00837434	
      3597	0.00838638	
      3598	0.00839868	
      3599	0.00841126	
      3600	0.00842416	
      3601	0.00841563	
      3602	0.00840711	
      3603	0.00839857	
      3604	0.00839004	
      3605	 0.0083815	
      3606	0.00837295	
      3607	0.00836441	
      3608	0.00835586	
      3609	 0.0083473	
      3610	0.00833874	
      3611	0.00834332	
      3612	 0.0083479	
      3613	 0.0083525	
      3614	0.00835711	
      3615	0.00836173	
      3616	0.00835319	
      3617	0.00834464	
      3618	0.00833609	
      3619	0.00832754	
      3620	0.00831898	
      3621	0.00832363	
      3622	 0.0083283	
      3623	0.00833297	
      3624	0.00833766	
      3625	0.00834236	
      3626	0.00833382	
      3627	0.00832528	
      3628	0.00831674	
      3629	 0.0083082	
      3630	0.00829965	
      3631	0.00830439	
      3632	0.00830914	
      3633	 0.0083139	
      3634	0.00831868	
      3635	0.00832347	
      3636	0.00831495	
      3637	0.00830643	
      3638	 0.0082979	
      3639	0.00828938	
      3640	0.00828085	
      3641	0.00828568	
      3642	0.00829053	
      3643	 0.0082954	
      3644	0.00830028	
      3645	0.00830517	
      3646	0.00829668	
      3647	0.00828818	
      3648	0.00827969	
      3649	0.00827119	
      3650	 0.0082627	
      3651	 0.0082542	
      3652	0.00824571	
      3653	0.00823721	
      3654	0.00822872	
      3655	0.00822023	
      3656	0.00822522	
      3657	0.00823023	
      3658	0.00823526	
      3659	 0.0082403	
      3660	0.00824537	
      3661	0.00825045	
      3662	0.00825555	
      3663	0.00826068	
      3664	0.00826582	
      3665	0.00827098	
      3666	0.00824902	
      3667	0.00822706	
      3668	0.00820508	
      3669	0.00818309	
      3670	0.00816788	
      3671	0.00816628	
      3672	0.00817151	
      3673	0.00817676	
      3674	0.00818203	
      3675	0.00818733	
      3676	  0.008179	
      3677	0.00817067	
      3678	0.00816235	
      3679	0.00815404	
      3680	0.00814574	
      3681	0.00813745	
      3682	0.00812917	
      3683	 0.0081209	
      3684	0.00811264	
      3685	0.00810439	
      3686	 0.0081099	
      3687	0.00811544	
      3688	0.00812101	
      3689	0.00812662	
      3690	0.00813226	
      3691	0.00812415	
      3692	0.00811605	
      3693	0.00810797	
      3694	0.00809991	
      3695	0.00809187	
      3696	0.00808385	
      3697	0.00807586	
      3698	0.00806789	
      3699	0.00805995	
      3700	0.00805204	
      3701	0.00805759	
      3702	0.00806315	
      3703	0.00806874	
      3704	0.00807435	
      3705	0.00807997	
      3706	0.00807168	
      3707	0.00806338	
      3708	0.00805508	
      3709	0.00804678	
      3710	0.00803848	
      3711	0.00804417	
      3712	0.00804988	
      3713	0.00805561	
      3714	0.00806136	
      3715	0.00806713	
      3716	0.00805888	
      3717	0.00805063	
      3718	0.00804238	
      3719	0.00803413	
      3720	0.00802587	
      3721	0.00803171	
      3722	0.00803757	
      3723	0.00804345	
      3724	0.00804935	
      3725	0.00805527	
      3726	0.00804707	
      3727	0.00803887	
      3728	0.00803066	
      3729	0.00802246	
      3730	0.00801426	
      3731	0.00802025	
      3732	0.00802627	
      3733	0.00803231	
      3734	0.00803836	
      3735	0.00804444	
      3736	0.00802205	
      3737	0.00799963	
      3738	0.00797719	
      3739	0.00795473	
      3740	0.00793939	
      3741	0.00793835	
      3742	0.00794448	
      3743	0.00795063	
      3744	 0.0079568	
      3745	0.00796299	
      3746	0.00795485	
      3747	0.00794671	
      3748	0.00793856	
      3749	0.00793042	
      3750	0.00792228	
      3751	0.00792856	
      3752	0.00793486	
      3753	0.00794119	
      3754	0.00794754	
      3755	0.00795391	
      3756	0.00794583	
      3757	0.00793776	
      3758	0.00792969	
      3759	0.00792162	
      3760	0.00791355	
      3761	0.00792001	
      3762	 0.0079265	
      3763	0.00793302	
      3764	0.00793956	
      3765	0.00794613	
      3766	0.00795272	
      3767	0.00795934	
      3768	0.00796599	
      3769	0.00797266	
      3770	0.00797936	
      3771	0.00797144	
      3772	0.00796352	
      3773	 0.0079556	
      3774	0.00794768	
      3775	0.00793977	
      3776	0.00793186	
      3777	0.00792396	
      3778	0.00791606	
      3779	0.00790816	
      3780	0.00790026	
      3781	0.00790715	
      3782	0.00791407	
      3783	0.00792102	
      3784	  0.007928	
      3785	0.00793501	
      3786	0.00792721	
      3787	0.00791941	
      3788	0.00791161	
      3789	0.00790382	
      3790	0.00789604	
      3791	0.00790318	
      3792	0.00791034	
      3793	0.00791754	
      3794	0.00792477	
      3795	0.00793204	
      3796	0.00792436	
      3797	0.00791669	
      3798	0.00790902	
      3799	0.00790136	
      3800	0.00789371	
      3801	0.00784532	
      3802	0.00780775	
      3803	 0.0077765	
      3804	0.00774952	
      3805	0.00772567	
      3806	0.00768956	
      3807	0.00765547	
      3808	0.00762307	
      3809	0.00759209	
      3810	0.00756233	
      3811	0.00754818	
      3812	0.00753492	
      3813	0.00752248	
      3814	0.00751076	
      3815	0.00749971	
      3816	0.00747486	
      3817	0.00745061	
      3818	0.00742691	
      3819	0.00740373	
      3820	0.00738103	
      3821	0.00737309	
      3822	0.00736554	
      3823	0.00735837	
      3824	0.00735155	
      3825	0.00734507	
      3826	 0.0073389	
      3827	0.00733304	
      3828	0.00732747	
      3829	0.00732218	
      3830	0.00731716	
      3831	 0.0072982	
      3832	0.00727951	
      3833	0.00726107	
      3834	0.00724289	
      3835	0.00722495	
      3836	 0.0072214	
      3837	0.00721807	
      3838	0.00721495	
      3839	0.00721203	
      3840	0.00720931	
      3841	0.00719266	
      3842	 0.0071762	
      3843	0.00715995	
      3844	0.00714388	
      3845	0.00712801	
      3846	0.00712643	
      3847	0.00712503	
      3848	0.00712381	
      3849	0.00712275	
      3850	0.00712187	
      3851	0.00710706	
      3852	0.00709242	
      3853	0.00707794	
      3854	0.00706364	
      3855	 0.0070495	
      3856	0.00704257	
      3857	0.00703581	
      3858	0.00702217	
      3859	0.00701574	
      3860	0.00700947	
      3861	0.00700336	
      3862	0.00700448	
      3863	 0.0069987	
      3864	0.00700015	
      3865	0.00699471	
      3866	0.00698238	
      3867	0.00697727	
      3868	0.00696527	
      3869	0.00696051	
      3870	0.00694885	
      3871	0.00695151	
      3872	0.00695435	
      3873	0.00695739	
      3874	0.00696061	
      3875	0.00696403	
      3876	0.00695348	
      3877	0.00695021	
      3878	0.00694005	
      3879	0.00693719	
      3880	0.00692744	
      3881	0.00692501	
      3882	 0.0069228	
      3883	0.00692083	
      3884	0.00691911	
      3885	0.00691764	
      3886	0.00692356	
      3887	0.00692978	
      3888	0.00694344	
      3889	0.00695028	
      3890	0.00695744	
      3891	0.00695061	
      3892	0.00694412	
      3893	0.00694517	
      3894	0.00693942	
      3895	0.00693407	
      3896	0.00694359	
      3897	 0.0069464	
      3898	0.00695698	
      3899	 0.0069609	
      3900	0.00697273	
      3901	 0.0069829	
      3902	0.00699312	
      3903	0.00699611	
      3904	0.00700644	
      3905	0.00701683	
      3906	0.00701996	
      3907	0.00701579	
      3908	0.00701898	
      3909	0.00701486	
      3910	0.00701813	
      3911	0.00702883	
      3912	0.00703219	
      3913	0.00704301	
      3914	0.00704648	
      3915	0.00705743	
      3916	0.00705357	
      3917	0.00704973	
      3918	0.00705338	
      3919	 0.0070496	
      3920	0.00704586	
      3921	0.00705714	
      3922	 0.0070685	
      3923	0.00707241	
      3924	0.00708391	
      3925	 0.0070955	
      3926	0.00709205	
      3927	 0.0070962	
      3928	0.00709283	
      3929	 0.0070971	
      3930	0.00709381	
      3931	0.00710582	
      3932	0.00711028	
      3933	0.00712245	
      3934	0.00712706	
      3935	0.00713942	
      3936	0.00714419	
      3937	0.00714132	
      3938	0.00714623	
      3939	0.00714347	
      3940	0.00714852	
      3941	0.00715365	
      3942	0.00716663	
      3943	0.00717195	
      3944	0.00718515	
      3945	0.00719065	
      3946	0.00718842	
      3947	0.00718626	
      3948	0.00719202	
      3949	0.00719001	
      3950	0.00718807	
      3951	0.00719412	
      3952	0.00720819	
      3953	0.00721448	
      3954	0.00722883	
      3955	0.00723536	
      3956	0.00724202	
      3957	0.00724881	
      3958	0.00724772	
      3959	0.00725476	
      3960	0.00726194	
      3961	0.00727733	
      3962	0.00729292	
      3963	0.00730059	
      3964	0.00731654	
      3965	 0.0073327	
      3966	0.00733276	
      3967	0.00734114	
      3968	0.00734152	
      3969	0.00735027	
      3970	0.00735099	
      3971	 0.0073684	
      3972	0.00737779	
      3973	0.00739572	
      3974	0.00740561	
      3975	 0.0074241	
      3976	0.00743455	
      3977	0.00743691	
      3978	0.00744792	
      3979	0.00745084	
      3980	0.00746248	
      3981	0.00747448	
      3982	0.00748685	
      3983	0.00750814	
      3984	0.00752136	
      3985	0.00753504	
      3986	 0.0075578	
      3987	0.00757253	
      3988	0.00759647	
      3989	0.00761241	
      3990	0.00763773	
      3991	0.00764638	
      3992	0.00766455	
      3993	0.00767482	
      3994	0.00769486	
      3995	0.00770717	
      3996	0.00773849	
      3997	0.00776243	
      3998	0.00779707	
      3999	0.00782485	
      4000	0.00786422	
