280	1.59722e-09
281	3.24726e-09
282	6.07445e-09
283	8.03757e-09
284	8.01085e-09
285	5.61546e-09
286	7.80656e-09
287	1.21209e-08
288	1.20535e-08
289	1.60446e-08
290	2.40473e-08
291	2.85283e-08
292	2.83805e-08
293	2.89889e-08
294	3.07681e-08
295	3.28754e-08
296	3.66485e-08
297	3.52368e-08
298	3.84314e-08
299	3.81198e-08
300	3.9198e-08
301	1.3893e-07
302	5.08041e-07
303	2.28408e-06
304	8.5922e-06
305	3.06281e-05
306	4.85121e-05
307	8.71684e-05
308	0.00015907
309	0.000245626
310	0.000406706
311	0.000771542
312	0.00107735
313	0.00152573
314	0.0022292
315	0.00302534
316	0.00330296
317	0.00468947
318	0.00557823
319	0.00639073
320	0.00835104
321	0.00950789
322	0.0103182
323	0.0110025
324	0.0138604
325	0.0181172
326	0.0232041
327	0.0258903
328	0.0270995
329	0.0311564
330	0.0367837
331	0.0358428
332	0.0373675
333	0.0383392
334	0.0404167
335	0.0442844
336	0.0415417
337	0.0403722
338	0.0463717
339	0.0509014
340	0.0564344
341	0.0558522
342	0.0583184
343	0.0621062
344	0.0550477
345	0.0587723
346	0.0639743
347	0.066304
348	0.066438
349	0.0672978
350	0.0762786
351	0.0817373
352	0.0782665
353	0.0816793
354	0.0947472
355	0.0981284
356	0.091761
357	0.0798215
358	0.0740241
359	0.0835181
360	0.104363
361	0.0965413
362	0.100122
363	0.111536
364	0.114322
365	0.122928
366	0.142524
367	0.144742
368	0.13813
369	0.144335
370	0.154066
371	0.148465
372	0.146357
373	0.133626
374	0.123747
375	0.134694
376	0.152594
377	0.1674
378	0.196963
379	0.179824
380	0.171588
381	0.182949
382	0.147824
383	0.117393
384	0.132634
385	0.168689
386	0.166003
387	0.172413
388	0.171272
389	0.187817
390	0.217199
391	0.234385
392	0.219489
393	0.142643
394	0.148234
395	0.230497
396	0.214853
397	0.151113
398	0.251069
399	0.322084
400	0.343312
401	0.359866
402	0.373881
403	0.369928
404	0.375105
405	0.372704
406	0.367096
407	0.365673
408	0.384091
409	0.401999
410	0.368569
411	0.399642
412	0.425147
413	0.417936
414	0.416792
415	0.433264
416	0.447834
417	0.442573
418	0.432644
419	0.441595
420	0.426029
421	0.465975
422	0.469961
423	0.461554
424	0.464007
425	0.476641
426	0.468748
427	0.459199
428	0.459203
429	0.425378
430	0.354229
431	0.348589
432	0.501002
433	0.498708
434	0.475053
435	0.514366
436	0.562267
437	0.571151
438	0.519496
439	0.50966
440	0.564757
441	0.576148
442	0.60959
443	0.624164
444	0.618998
445	0.632461
446	0.598247
447	0.652263
448	0.671454
449	0.677774
450	0.703203
451	0.72549
452	0.703626
453	0.668764
454	0.699748
455	0.707755
456	0.728636
457	0.739453
458	0.731008
459	0.727788
460	0.731723
461	0.753413
462	0.766533
463	0.769525
464	0.755657
465	0.748114
466	0.757891
467	0.742499
468	0.766082
469	0.773503
470	0.756728
471	0.770847
472	0.802197
473	0.789009
474	0.798877
475	0.82173
476	0.809709
477	0.819637
478	0.840737
479	0.834511
480	0.845029
481	0.847577
482	0.849567
483	0.84217
484	0.831511
485	0.810215
486	0.703431
487	0.754702
488	0.809566
489	0.793944
490	0.854176
491	0.838303
492	0.814688
493	0.849371
494	0.849448
495	0.883889
496	0.862607
497	0.866981
498	0.851998
499	0.851826
500	0.851604
501	0.834475
502	0.83904
503	0.865523
504	0.839661
505	0.880954
506	0.912818
507	0.886147
508	0.868406
509	0.895241
510	0.884232
511	0.89698
512	0.912084
513	0.873212
514	0.855028
515	0.876447
516	0.865701
517	0.758362
518	0.814384
519	0.818029
520	0.874499
521	0.89243
522	0.905632
523	0.87584
524	0.920125
525	0.923165
526	0.888919
527	0.818376
528	0.898366
529	0.942359
530	0.927136
531	0.961909
532	0.943278
533	0.873341
534	0.908125
535	0.932618
536	0.952886
537	0.909307
538	0.932011
539	0.917149
540	0.889224
541	0.871276
542	0.925826
543	0.927097
544	0.949529
545	0.936436
546	0.932647
547	0.938215
548	0.925568
549	0.941785
550	0.939127
551	0.941292
552	0.953541
553	0.936714
554	0.949566
555	0.954819
556	0.941681
557	0.924059
558	0.931141
559	0.902004
560	0.914758
561	0.949775
562	0.926889
563	0.946633
564	0.940884
565	0.93702
566	0.907601
567	0.9471
568	0.949562
569	0.937941
570	0.932046
571	0.911579
572	0.94983
573	0.9603
574	0.955021
575	0.939023
576	0.935936
577	0.947686
578	0.929367
579	0.934841
580	0.941018
581	0.944028
582	0.953524
583	0.959195
584	0.956501
585	0.949935
586	0.934295
587	0.950416
588	0.934108
589	0.862478
590	0.895522
591	0.937134
592	0.936414
593	0.936346
594	0.93876
595	0.939223
596	0.950268
597	0.956103
598	0.943384
599	0.940611
600	0.945217
601	0.935791
602	0.931069
603	0.947358
604	0.964535
605	0.965593
606	0.964761
607	0.967573
608	0.966577
609	0.961894
610	0.961532
611	0.962231
612	0.97558
613	0.96498
614	0.948607
615	0.966244
616	0.950422
617	0.945927
618	0.974458
619	0.986568
620	0.991496
621	0.996434
622	0.983149
623	0.98292
624	0.979729
625	0.969122
626	0.973948
627	0.999562
628	1.00671
629	1.00866
630	1.00235
631	0.993847
632	0.9702
633	1.00159
634	0.997502
635	0.999457
636	0.988448
637	1.01175
638	1.02137
639	1.01258
640	0.995251
641	0.994807
642	0.998989
643	1.00939
644	1.00581
645	1.01313
646	1.00012
647	1.00821
648	1.00374
649	0.980297
650	0.975699
651	1.01307
652	1.01327
653	1.01744
654	1.00643
655	0.962527
656	0.868611
657	0.896795
658	0.981629
659	0.998921
660	1.01223
661	1.02153
662	1.02434
663	1.02141
664	1.0201
665	1.0311
666	1.02894
667	1.02014
668	1.00899
669	1.00907
670	0.989768
671	0.980343
672	0.967154
673	0.965836
674	0.95785
675	0.951058
676	0.955627
677	0.94625
678	0.945748
679	0.935237
680	0.931949
681	0.930364
682	0.92812
683	0.921317
684	0.914626
685	0.909589
686	0.893012
687	0.908289
688	0.915088
689	0.914979
690	0.913382
691	0.911716
692	0.906955
693	0.914734
694	0.918708
695	0.914071
696	0.917416
697	0.920876
698	0.917218
699	0.924961
700	0.925586
701	0.924724
702	0.925676
703	0.93682
704	0.950059
705	0.961315
706	0.95879
707	0.960339
708	0.968214
709	0.975822
710	1.00085
711	0.947843
712	0.910757
713	0.885281
714	0.870455
715	0.844486
716	0.838804
717	0.828041
718	0.808482
719	0.780521
720	0.794334
721	0.794875
722	0.794772
723	0.7882
724	0.787568
725	0.786301
726	0.78881
727	0.795963
728	0.799671
729	0.785446
730	0.814814
731	0.816418
732	0.831707
733	0.836632
734	0.859873
735	0.868048
736	0.870665
737	0.882968
738	0.89151
739	0.892242
740	0.929156
741	0.926895
742	0.925583
743	0.944492
744	0.954371
745	0.952397
746	0.954204
747	0.956139
748	0.953584
749	0.954943
750	0.952836
751	0.955818
752	0.960434
753	0.964686
754	0.971505
755	0.97168
756	0.961382
757	0.961539
758	0.966396
759	0.957822
760	0.961653
761	0.957832
762	0.95783
763	0.913568
764	0.880554
765	0.846538
766	0.801416
767	0.787129
768	0.791995
769	0.791312
770	0.797408
771	0.805531
772	0.814114
773	0.823242
774	0.833033
775	0.843653
776	0.854474
777	0.862292
778	0.877731
779	0.90133
780	0.931484
781	0.929456
782	0.933462
783	0.92689
784	0.920435
785	0.924771
786	0.925284
787	0.923913
788	0.917738
789	0.915492
790	0.908432
791	0.900437
792	0.892474
793	0.884538
794	0.877597
795	0.877465
796	0.885105
797	0.896637
798	0.891704
799	0.882908
800	0.872188
801	0.859889
802	0.845571
803	0.824076
804	0.815358
805	0.794284
806	0.799127
807	0.78941
808	0.780245
809	0.764613
810	0.762368
811	0.758667
812	0.758597
813	0.754482
814	0.748891
815	0.739339
816	0.734149
817	0.727415
818	0.711116
819	0.695145
820	0.689945
821	0.688901
822	0.677613
823	0.680765
824	0.677791
825	0.687894
826	0.703586
827	0.715306
828	0.722163
829	0.730126
830	0.744889
831	0.763103
832	0.772882
833	0.762204
834	0.774653
835	0.78182
836	0.791128
837	0.79137
838	0.794742
839	0.795667
840	0.806719
841	0.807369
842	0.797426
843	0.795209
844	0.788165
845	0.805413
846	0.807194
847	0.791458
848	0.790369
849	0.782464
850	0.734081
851	0.777367
852	0.782529
853	0.767499
854	0.70787
855	0.739951
856	0.788143
857	0.809545
858	0.815121
859	0.818457
860	0.818276
861	0.818017
862	0.824921
863	0.824253
864	0.810597
865	0.787109
866	0.721335
867	0.755347
868	0.788454
869	0.788902
870	0.797754
871	0.792569
872	0.798349
873	0.792028
874	0.779439
875	0.772598
876	0.787823
877	0.792268
878	0.789327
879	0.779699
880	0.777153
881	0.711345
882	0.698078
883	0.679867
884	0.667941
885	0.658356
886	0.632349
887	0.619352
888	0.618545
889	0.612159
890	0.6026
891	0.592466
892	0.580639
893	0.566528
894	0.561505
895	0.556967
896	0.553921
897	0.545168
898	0.536849
899	0.526768
900	0.519606
901	0.50624
902	0.494585
903	0.507075
904	0.504853
905	0.498307
906	0.498049
907	0.502905
908	0.500217
909	0.497298
910	0.503945
911	0.508799
912	0.510608
913	0.518313
914	0.521596
915	0.52182
916	0.523916
917	0.521906
918	0.521507
919	0.522869
920	0.519163
921	0.51171
922	0.505504
923	0.494659
924	0.50939
925	0.512728
926	0.433534
927	0.394067
928	0.355375
929	0.323776
930	0.297662
931	0.277578
932	0.258624
933	0.24352
934	0.228472
935	0.213363
936	0.200841
937	0.190704
938	0.193941
939	0.195703
940	0.194948
941	0.194775
942	0.193367
943	0.200311
944	0.20059
945	0.2038
946	0.207896
947	0.210439
948	0.213843
949	0.222007
950	0.229244
951	0.236119
952	0.245915
953	0.255062
954	0.26178
955	0.263344
956	0.282363
957	0.298653
958	0.315383
959	0.33298
960	0.348538
961	0.366924
962	0.390875
963	0.416849
964	0.446947
965	0.492914
966	0.493331
967	0.499865
968	0.500034
969	0.50498
970	0.510148
971	0.510827
972	0.516925
973	0.517572
974	0.516056
975	0.522637
976	0.531421
977	0.533356
978	0.540354
979	0.541695
980	0.551012
981	0.55524
982	0.562165
983	0.564399
984	0.565519
985	0.570431
986	0.572905
987	0.577627
988	0.581393
989	0.582409
990	0.589946
991	0.600181
992	0.60638
993	0.616335
994	0.62459
995	0.62219
996	0.620514
997	0.614701
998	0.614056
999	0.614024
1000	0.615452
1001	0.618535
1002	0.618524
1003	0.612699
1004	0.60303
1005	0.577038
1006	0.595202
1007	0.607572
1008	0.610275
1009	0.608716
1010	0.609563
1011	0.607066
1012	0.605934
1013	0.603549
1014	0.604207
1015	0.597844
1016	0.598293
1017	0.595708
1018	0.599123
1019	0.588552
1020	0.590399
1021	0.591727
1022	0.586845
1023	0.590417
1024	0.592739
1025	0.592326
1026	0.592462
1027	0.591332
1028	0.591603
1029	0.588175
1030	0.589227
1031	0.588925
1032	0.588225
1033	0.581782
1034	0.584143
1035	0.586775
1036	0.587221
1037	0.583429
1038	0.582417
1039	0.586067
1040	0.584928
1041	0.585154
1042	0.58472
1043	0.581258
1044	0.582236
1045	0.578225
1046	0.568024
1047	0.574104
1048	0.578987
1049	0.577358
1050	0.574643
1051	0.574533
1052	0.572033
1053	0.570836
1054	0.569854
1055	0.57148
1056	0.570498
1057	0.56908
1058	0.563095
1059	0.552105
1060	0.560358
1061	0.554698
1062	0.560673
1063	0.556638
1064	0.561413
1065	0.560319
1066	0.551595
1067	0.552895
1068	0.550264
1069	0.52988
1070	0.540546
1071	0.52565
1072	0.516356
1073	0.502086
1074	0.50062
1075	0.489008
1076	0.486486
1077	0.481844
1078	0.476597
1079	0.46616
1080	0.465752
1081	0.453655
1082	0.44658
1083	0.447156
1084	0.447181
1085	0.443838
1086	0.440621
1087	0.426157
1088	0.429957
1089	0.429356
1090	0.424683
1091	0.422899
1092	0.414669
1093	0.40614
1094	0.389423
1095	0.396199
1096	0.397921
1097	0.398308
1098	0.394262
1099	0.390948
1100	0.397499
1101	0.322985
1102	0.272621
1103	0.24348
1104	0.217972
1105	0.196612
1106	0.178848
1107	0.163273
1108	0.150597
1109	0.139337
1110	0.129516
1111	0.120137
1112	0.112074
1113	0.104462
1114	0.0986929
1115	0.0925841
1116	0.0865724
1117	0.082244
1118	0.0767705
1119	0.0724439
1120	0.0684305
1121	0.0717521
1122	0.0753268
1123	0.0787338
1124	0.0822616
1125	0.085541
1126	0.0878533
1127	0.0931697
1128	0.0989595
1129	0.104249
1130	0.109445
1131	0.109561
1132	0.10934
1133	0.107851
1134	0.107397
1135	0.107064
1136	0.10664
1137	0.104261
1138	0.10265
1139	0.103413
1140	0.103355
1141	0.101509
1142	0.102383
1143	0.101474
1144	0.10041
1145	0.100705
1146	0.10632
1147	0.111652
1148	0.11672
1149	0.122419
1150	0.128693
1151	0.135654
1152	0.143051
1153	0.152071
1154	0.162749
1155	0.17359
1156	0.184323
1157	0.199015
1158	0.214727
1159	0.230821
1160	0.250413
1161	0.275394
1162	0.285137
1163	0.291846
1164	0.293571
1165	0.300577
1166	0.301659
1167	0.310268
1168	0.31746
1169	0.317078
1170	0.328754
1171	0.332052
1172	0.333266
1173	0.332844
1174	0.333686
1175	0.330171
1176	0.327593
1177	0.334067
1178	0.33351
1179	0.334096
1180	0.338513
1181	0.33857
1182	0.336913
1183	0.325944
1184	0.336902
1185	0.342819
1186	0.344379
1187	0.345544
1188	0.342516
1189	0.33243
1190	0.343824
1191	0.351411
1192	0.352812
1193	0.353983
1194	0.355361
1195	0.354676
1196	0.355943
1197	0.355388
1198	0.349698
1199	0.343427
1200	0.358461
1201	0.363462
1202	0.362608
1203	0.352392
1204	0.351677
1205	0.359712
1206	0.36002
1207	0.36031
1208	0.352896
1209	0.341799
1210	0.353196
1211	0.350238
1212	0.356408
1213	0.358537
1214	0.357885
1215	0.358916
1216	0.359255
1217	0.35936
1218	0.358756
1219	0.357543
1220	0.359244
1221	0.359779
1222	0.359239
1223	0.357988
1224	0.361854
1225	0.362112
1226	0.362621
1227	0.357857
1228	0.361912
1229	0.365588
1230	0.366292
1231	0.366799
1232	0.365866
1233	0.368367
1234	0.369283
1235	0.369997
1236	0.374068
1237	0.376745
1238	0.379213
1239	0.380654
1240	0.388408
1241	0.388402
1242	0.385087
1243	0.379723
1244	0.376353
1245	0.375445
1246	0.375738
1247	0.374245
1248	0.374437
1249	0.372645
1250	0.370298
1251	0.366698
1252	0.362946
1253	0.362546
1254	0.361481
1255	0.359644
1256	0.357548
1257	0.354798
1258	0.35434
1259	0.351942
1260	0.351724
1261	0.349768
1262	0.345698
1263	0.346511
1264	0.342691
1265	0.342081
1266	0.342356
1267	0.337458
1268	0.334608
1269	0.335977
1270	0.336783
1271	0.337445
1272	0.336801
1273	0.336938
1274	0.33626
1275	0.33868
1276	0.340547
1277	0.341649
1278	0.341973
1279	0.341128
1280	0.339297
1281	0.328804
1282	0.304901
1283	0.324685
1284	0.339218
1285	0.343937
1286	0.346485
1287	0.349294
1288	0.350522
1289	0.353275
1290	0.352295
1291	0.345068
1292	0.339943
1293	0.334378
1294	0.326272
1295	0.323658
1296	0.320797
1297	0.315654
1298	0.310582
1299	0.309553
1300	0.306175
1301	0.302675
1302	0.297951
1303	0.29419
1304	0.291269
1305	0.291295
1306	0.289791
1307	0.287925
1308	0.285695
1309	0.283797
1310	0.281112
1311	0.278668
1312	0.274596
1313	0.267884
1314	0.270766
1315	0.265164
1316	0.264697
1317	0.266802
1318	0.263888
1319	0.26532
1320	0.263729
1321	0.209716
1322	0.178017
1323	0.155366
1324	0.137771
1325	0.123277
1326	0.110957
1327	0.100467
1328	0.0919293
1329	0.0829491
1330	0.077137
1331	0.0717816
1332	0.0657633
1333	0.0620393
1334	0.0580538
1335	0.0541386
1336	0.0503525
1337	0.0472802
1338	0.0442337
1339	0.0411969
1340	0.0387381
1341	0.0371182
1342	0.0350477
1343	0.0331511
1344	0.0314105
1345	0.0297512
1346	0.0280381
1347	0.0267021
1348	0.0253491
1349	0.0240279
1350	0.0226551
1351	0.0199311
1352	0.0176995
1353	0.0156678
1354	0.0138842
1355	0.0122705
1356	0.0109737
1357	0.00977857
1358	0.00889545
1359	0.00801846
1360	0.00720488
1361	0.00658742
1362	0.00596755
1363	0.00536064
1364	0.00492383
1365	0.00449454
1366	0.0041033
1367	0.00373237
1368	0.00343848
1369	0.00311661
1370	0.00285875
1371	0.00263548
1372	0.00244933
1373	0.00226308
1374	0.00208599
1375	0.00190276
1376	0.00174866
1377	0.00163128
1378	0.00151299
1379	0.0014109
1380	0.00130399
1381	0.00121121
1382	0.00111565
1383	0.00103969
1384	0.000971634
1385	0.000899759
1386	0.000842341
1387	0.000781038
1388	0.000731906
1389	0.000684326
1390	0.000631848
1391	0.000596161
1392	0.000558785
1393	0.000520887
1394	0.000485809
1395	0.000455453
1396	0.000483616
1397	0.00051352
1398	0.000546418
1399	0.000577791
1400	0.000601245
1401	0.000638983
1402	0.000687324
1403	0.000728015
1404	0.000777017
1405	0.000828699
1406	0.000888648
1407	0.000948369
1408	0.00101247
1409	0.00108569
1410	0.00116039
1411	0.0012343
1412	0.00129915
1413	0.00140543
1414	0.00152674
1415	0.00164392
1416	0.00176382
1417	0.0019091
1418	0.00206295
1419	0.00220832
1420	0.00238137
1421	0.00258723
1422	0.00276281
1423	0.00298834
1424	0.00324488
1425	0.003555
1426	0.00379749
1427	0.00416938
1428	0.00458086
1429	0.00493816
1430	0.00540008
1431	0.00595942
1432	0.00666518
1433	0.00735088
1434	0.00801764
1435	0.00890045
1436	0.00989469
1437	0.0110348
1438	0.0122873
1439	0.0137697
1440	0.0149601
1441	0.0169428
1442	0.0192227
1443	0.0210486
1444	0.0220291
1445	0.0230229
1446	0.0241332
1447	0.0250954
1448	0.026391
1449	0.0275676
1450	0.0286813
1451	0.0297557
1452	0.0311781
1453	0.0327873
1454	0.0342921
1455	0.0359288
1456	0.0376665
1457	0.0399317
1458	0.0426027
1459	0.0451478
1460	0.0474409
1461	0.0500444
1462	0.0526884
1463	0.0540162
1464	0.0540966
1465	0.0545515
1466	0.0541507
1467	0.0547603
1468	0.0543605
1469	0.0547738
1470	0.054507
1471	0.053756
1472	0.0539308
1473	0.0538209
1474	0.0528056
1475	0.0534696
1476	0.053759
1477	0.0536749
1478	0.0557209
1479	0.0584175
1480	0.0609692
1481	0.063038
1482	0.0659675
1483	0.0679161
1484	0.0716447
1485	0.07576
1486	0.0787147
1487	0.0809095
1488	0.078697
1489	0.0893978
1490	0.0962745
1491	0.102065
1492	0.107465
1493	0.115375
1494	0.123472
1495	0.131721
1496	0.139053
1497	0.153275
1498	0.156335
1499	0.157502
1500	0.16189
1501	0.164093
1502	0.163332
1503	0.154804
1504	0.160441
1505	0.159809
1506	0.168155
1507	0.176301
1508	0.178267
1509	0.180837
1510	0.187086
1511	0.190911
1512	0.191936
1513	0.195096
1514	0.198931
1515	0.205424
1516	0.210773
1517	0.216643
1518	0.226739
1519	0.234583
1520	0.251107
1521	0.246841
1522	0.246004
1523	0.248812
1524	0.249343
1525	0.245957
1526	0.250394
1527	0.249803
1528	0.250887
1529	0.248365
1530	0.239676
1531	0.248931
1532	0.250829
1533	0.248769
1534	0.24598
1535	0.248383
1536	0.251455
1537	0.251748
1538	0.247982
1539	0.250965
1540	0.243252
1541	0.243217
1542	0.24338
1543	0.242407
1544	0.242565
1545	0.242154
1546	0.240199
1547	0.236377
1548	0.231241
1549	0.233149
1550	0.231123
1551	0.230955
1552	0.231876
1553	0.228907
1554	0.224285
1555	0.223812
1556	0.221582
1557	0.224705
1558	0.223549
1559	0.223504
1560	0.22262
1561	0.225731
1562	0.225392
1563	0.224638
1564	0.222934
1565	0.22515
1566	0.223678
1567	0.224013
1568	0.222441
1569	0.224293
1570	0.224556
1571	0.228814
1572	0.229663
1573	0.227622
1574	0.225581
1575	0.217793
1576	0.222845
1577	0.212101
1578	0.224031
1579	0.229506
1580	0.231249
1581	0.23069
1582	0.223804
1583	0.22457
1584	0.223051
1585	0.227207
1586	0.224935
1587	0.221791
1588	0.216055
1589	0.204672
1590	0.208951
1591	0.210509
1592	0.218567
1593	0.222373
1594	0.221317
1595	0.220502
1596	0.212288
1597	0.213764
1598	0.217595
1599	0.214377
1600	0.214374
1601	0.209593
1602	0.210887
1603	0.211023
1604	0.210945
1605	0.208772
1606	0.207867
1607	0.206769
1608	0.20924
1609	0.207105
1610	0.197444
1611	0.201378
1612	0.203353
1613	0.206932
1614	0.20684
1615	0.206024
1616	0.199468
1617	0.202295
1618	0.208384
1619	0.207866
1620	0.203265
1621	0.20355
1622	0.206921
1623	0.211473
1624	0.212491
1625	0.210605
1626	0.213256
1627	0.215067
1628	0.217346
1629	0.219042
1630	0.219807
1631	0.220598
1632	0.220358
1633	0.217807
1634	0.215733
1635	0.218035
1636	0.217233
1637	0.210218
1638	0.208396
1639	0.205308
1640	0.207164
1641	0.206153
1642	0.206413
1643	0.209422
1644	0.207728
1645	0.207075
1646	0.209626
1647	0.210015
1648	0.20938
1649	0.206338
1650	0.207992
1651	0.206102
1652	0.207998
1653	0.206573
1654	0.207209
1655	0.20556
1656	0.206539
1657	0.206614
1658	0.205539
1659	0.203561
1660	0.204665
1661	0.205424
1662	0.204704
1663	0.203876
1664	0.203497
1665	0.201869
1666	0.200361
1667	0.200334
1668	0.197907
1669	0.199253
1670	0.202087
1671	0.200805
1672	0.194971
1673	0.197006
1674	0.199151
1675	0.197081
1676	0.194904
1677	0.19603
1678	0.196582
1679	0.192714
1680	0.18578
1681	0.179343
1682	0.181753
1683	0.185979
1684	0.188104
1685	0.188152
1686	0.185801
1687	0.185584
1688	0.184838
1689	0.182363
1690	0.181987
1691	0.184135
1692	0.18401
1693	0.182919
1694	0.18238
1695	0.181862
1696	0.180701
1697	0.179563
1698	0.178968
1699	0.177631
1700	0.175248
1701	0.174575
1702	0.1742
1703	0.173619
1704	0.173003
1705	0.172336
1706	0.171245
1707	0.170095
1708	0.168953
1709	0.167819
1710	0.166861
1711	0.166912
1712	0.167133
1713	0.167357
1714	0.167583
1715	0.16767
1716	0.166881
1717	0.165956
1718	0.165036
1719	0.164122
1720	0.163278
1721	0.162802
1722	0.162395
1723	0.161991
1724	0.161591
1725	0.161136
1726	0.160309
1727	0.159429
1728	0.158553
1729	0.157681
1730	0.156675
1731	0.154814
1732	0.152821
1733	0.150835
1734	0.148856
1735	0.14727
1736	0.14798
1737	0.149075
1738	0.150168
1739	0.15126
1740	0.152109
1741	0.133755
1742	0.121692
1743	0.112422
1744	0.104815
1745	0.0983815
1746	0.0929972
1747	0.0882696
1748	0.0840327
1749	0.0801984
1750	0.0767135
1751	0.07357
1752	0.0706799
1753	0.0679999
1754	0.0655046
1755	0.0631492
1756	0.0607901
1757	0.0585519
1758	0.0564446
1759	0.0544564
1760	0.0525912
1761	0.0509086
1762	0.0493251
1763	0.0478198
1764	0.0463867
1765	0.0450205
1766	0.0437166
1767	0.0424706
1768	0.0412788
1769	0.0401376
1770	0.0390286
1771	0.0378678
1772	0.03674
1773	0.0356579
1774	0.0346186
1775	0.033639
1776	0.0328086
1777	0.0320265
1778	0.0312721
1779	0.0305439
1780	0.0298322
1781	0.0290949
1782	0.0283746
1783	0.0276787
1784	0.027006
1785	0.026363
1786	0.0257852
1787	0.0252327
1788	0.0246971
1789	0.0241777
1790	0.0236642
1791	0.0231047
1792	0.0225531
1793	0.0220184
1794	0.0214998
1795	0.0209966
1796	0.0205083
1797	0.0200343
1798	0.0195741
1799	0.0191271
1800	0.0187039
1801	0.0164726
1802	0.0145983
1803	0.0130009
1804	0.0116286
1805	0.01044
1806	0.00939648
1807	0.00848273
1808	0.00767967
1809	0.00697077
1810	0.00632938
1811	0.00568785
1812	0.00510983
1813	0.004598
1814	0.00414359
1815	0.00375077
1816	0.00346284
1817	0.00321156
1818	0.00298257
1819	0.00277349
1820	0.00258142
1821	0.00240095
1822	0.00223493
1823	0.00208262
1824	0.00194268
1825	0.00181203
1826	0.00168079
1827	0.0015588
1828	0.0014469
1829	0.00134413
1830	0.00125027
1831	0.00116708
1832	0.00109079
1833	0.00102023
1834	0.000954897
1835	0.000894239
1836	0.000837131
1837	0.000784063
1838	0.000734805
1839	0.000689046
1840	0.000646423
1841	0.000606148
1842	0.000568609
1843	0.00053367
1844	0.000501127
1845	0.000471042
1846	0.000444252
1847	0.000419403
1848	0.000396126
1849	0.00037431
1850	0.000353734
1851	0.000333776
1852	0.000314971
1853	0.000297344
1854	0.000280814
1855	0.000265303
1856	0.000250743
1857	0.000237069
1858	0.00022422
1859	0.000212141
1860	0.000200781
1861	0.00020635
1862	0.000212095
1863	0.000218024
1864	0.000224143
1865	0.000230507
1866	0.000237305
1867	0.000244382
1868	0.000251701
1869	0.000259271
1870	0.000266516
1871	0.000270296
1872	0.000273459
1873	0.000276586
1874	0.00027967
1875	0.000284268
1876	0.000298507
1877	0.000315081
1878	0.000332465
1879	0.000350699
1880	0.00036882
1881	0.000381574
1882	0.000393753
1883	0.000406381
1884	0.000419477
1885	0.000432706
1886	0.000444091
1887	0.000455441
1888	0.000467126
1889	0.000479156
1890	0.000491894
1891	0.000507205
1892	0.000523454
1893	0.000540314
1894	0.000557812
1895	0.000576395
1896	0.000598299
1897	0.000621597
1898	0.000645922
1899	0.000671324
1900	0.000697509
1901	0.000722481
1902	0.000748127
1903	0.000774844
1904	0.000802685
1905	0.000831587
1906	0.000860726
1907	0.000890953
1908	0.000922447
1909	0.000955272
1910	0.000989711
1911	0.00102669
1912	0.00106554
1913	0.00110615
1914	0.00114861
1915	0.00119301
1916	0.00123947
1917	0.00128809
1918	0.001339
1919	0.00139233
1920	0.00144821
1921	0.00138911
1922	0.00139549
1923	0.0014157
1924	0.001444
1925	0.00147775
1926	0.00151315
1927	0.00155232
1928	0.00159559
1929	0.00164286
1930	0.00169542
1931	0.00176022
1932	0.00183137
1933	0.00190786
1934	0.00199004
1935	0.00207718
1936	0.00216319
1937	0.00225424
1938	0.00235189
1939	0.00245671
1940	0.00256533
1941	0.00265708
1942	0.00275068
1943	0.00285053
1944	0.00295716
1945	0.00308143
1946	0.00327988
1947	0.00350764
1948	0.00375672
1949	0.00402973
1950	0.00432624
1951	0.0046308
1952	0.00496254
1953	0.00532919
1954	0.00573586
1955	0.00618382
1956	0.00665331
1957	0.00717382
1958	0.00776018
1959	0.00842493
1960	0.00918269
1961	0.00965267
1962	0.0101549
1963	0.0106942
1964	0.0112744
1965	0.0119096
1966	0.012658
1967	0.0134826
1968	0.0143821
1969	0.0153658
1970	0.0164359
1971	0.0175482
1972	0.0187637
1973	0.020109
1974	0.0216053
1975	0.0232789
1976	0.025163
1977	0.0273004
1978	0.029747
1979	0.0325789
1980	0.0359109
1981	0.0399381
1982	0.0448786
1983	0.051139
1984	0.0595258
1985	0.0720903
1986	0.0575182
1987	0.0500097
1988	0.0447112
1989	0.040602
1990	0.0372237
1991	0.0342135
1992	0.0316039
1993	0.0293299
1994	0.0273249
1995	0.0255575
1996	0.0240623
1997	0.0227262
1998	0.0215112
1999	0.0204011
2000	0.019374
2001	0.0183806
2002	0.017456
2003	0.0165998
2004	0.015805
2005	0.0150718
2006	0.0155972
2007	0.0161563
2008	0.0167446
2009	0.0173644
2010	0.0180149
2011	0.0186758
2012	0.0193707
2013	0.0201059
2014	0.020885
2015	0.0217083
2016	0.022552
2017	0.0234463
2018	0.0244006
2019	0.0254216
2020	0.0265287
2021	0.0277947
2022	0.0291765
2023	0.0306764
2024	0.0323117
2025	0.0340883
2026	0.0359498
2027	0.037998
2028	0.0402905
2029	0.0428853
2030	0.0458771
2031	0.0494434
2032	0.0537522
2033	0.0591794
2034	0.0666419
2035	0.0804372
2036	0.0793064
2037	0.0782545
2038	0.0772764
2039	0.0763583
2040	0.075547
2041	0.075086
2042	0.0747131
2043	0.0743679
2044	0.0740473
2045	0.0737009
2046	0.0730625
2047	0.0723988
2048	0.0717559
2049	0.071132
2050	0.070546
2051	0.0700691
2052	0.0696267
2053	0.069198
2054	0.0687821
2055	0.0683656
2056	0.067857
2057	0.0673477
2058	0.06685
2059	0.0663637
2060	0.0659074
2061	0.0655509
2062	0.0652231
2063	0.0649046
2064	0.0645953
2065	0.0642952
2066	0.0645131
2067	0.0647354
2068	0.0649624
2069	0.0651943
2070	0.0654506
2071	0.0658037
2072	0.0661833
2073	0.0665703
2074	0.0669651
2075	0.0673413
2076	0.0675513
2077	0.0677408
2078	0.0679368
2079	0.0681398
2080	0.0683641
2081	0.0686659
2082	0.0689914
2083	0.0693276
2084	0.0696753
2085	0.0700425
2086	0.0704376
2087	0.0708549
2088	0.0712888
2089	0.0717409
2090	0.0721982
2091	0.0726031
2092	0.0730165
2093	0.0734567
2094	0.0739277
2095	0.0744659
2096	0.0752518
2097	0.0761275
2098	0.0770765
2099	0.0781211
2100	0.0792896
2101	0.0792995
2102	0.0793018
2103	0.0793048
2104	0.0793085
2105	0.0792964
2106	0.0791856
2107	0.0790587
2108	0.0789325
2109	0.0788068
2110	0.0786901
2111	0.0786406
2112	0.0786004
2113	0.078561
2114	0.0785225
2115	0.078485
2116	0.0784318
2117	0.0783797
2118	0.0783286
2119	0.0782788
2120	0.0782301
2121	0.0781659
2122	0.078103
2123	0.0780416
2124	0.0779816
2125	0.0779486
2126	0.0780528
2127	0.0781847
2128	0.0783191
2129	0.0784561
2130	0.0785619
2131	0.0784834
2132	0.0783734
2133	0.0782664
2134	0.0781625
2135	0.0780879
2136	0.078189
2137	0.0783212
2138	0.0784593
2139	0.0786042
2140	0.0787312
2141	0.0787114
2142	0.0786759
2143	0.0786532
2144	0.0786468
2145	0.0786883
2146	0.0788837
2147	0.0791541
2148	0.0795119
2149	0.0794631
2150	0.0794056
2151	0.0792597
2152	0.079105
2153	0.0789504
2154	0.0787959
2155	0.0786415
2156	0.0784519
2157	0.0782624
2158	0.078073
2159	0.0778837
2160	0.0775885
2161	0.0766394
2162	0.0755847
2163	0.0745304
2164	0.0734764
2165	0.0726259
2166	0.0730121
2167	0.0736013
2168	0.0741903
2169	0.0747792
2170	0.0753062
2171	0.0754272
2172	0.0754865
2173	0.0755458
2174	0.0756051
2175	0.0756292
2176	0.0754417
2177	0.075219
2178	0.0749965
2179	0.074774
2180	0.0745782
2181	0.0745586
2182	0.0745656
2183	0.0745726
2184	0.0745796
2185	0.0745514
2186	0.0742944
2187	0.0740023
2188	0.0737103
2189	0.0734185
2190	0.0731708
2191	0.0731871
2192	0.0732475
2193	0.0733079
2194	0.0733683
2195	0.0734024
2196	0.0732959
2197	0.073163
2198	0.0730302
2199	0.0728836
2200	0.0727109
2201	0.0723802
2202	0.0720235
2203	0.0716671
2204	0.071311
2205	0.070999
2206	0.0709152
2207	0.0708754
2208	0.0708357
2209	0.0707961
2210	0.0707478
2211	0.0706646
2212	0.0705727
2213	0.0704809
2214	0.0703893
2215	0.0702978
2216	0.0702064
2217	0.0701151
2218	0.070024
2219	0.0699329
2220	0.0698245
2221	0.0696115
2222	0.0693812
2223	0.0691511
2224	0.0689212
2225	0.0687089
2226	0.0686014
2227	0.0685114
2228	0.0684215
2229	0.0683318
2230	0.0682421
2231	0.0681351
2232	0.0680283
2233	0.0679215
2234	0.0678149
2235	0.067691
2236	0.0674455
2237	0.0671829
2238	0.0669205
2239	0.0666582
2240	0.0664222
2241	0.0663426
2242	0.066289
2243	0.0662356
2244	0.0661822
2245	0.0661116
2246	0.0659543
2247	0.0657799
2248	0.0656057
2249	0.0654316
2250	0.0652576
2251	0.0650491
2252	0.0648408
2253	0.0646326
2254	0.0644246
2255	0.0642341
2256	0.0641646
2257	0.0641125
2258	0.0640605
2259	0.0640085
2260	0.063948
2261	0.0638013
2262	0.063646
2263	0.0634909
2264	0.0633358
2265	0.0631982
2266	0.0631295
2267	0.0630782
2268	0.063027
2269	0.0629758
2270	0.062916
2271	0.0625756
2272	0.062237
2273	0.0619078
2274	0.0615871
2275	0.0612575
2276	0.0608511
2277	0.0604353
2278	0.0600267
2279	0.0596246
2280	0.0592536
2281	0.0590371
2282	0.0588498
2283	0.0586665
2284	0.0584869
2285	0.058311
2286	0.0581059
2287	0.0579042
2288	0.0577058
2289	0.0575105
2290	0.057286
2291	0.0568557
2292	0.0563975
2293	0.0559433
2294	0.055493
2295	0.0550942
2296	0.0549523
2297	0.0548599
2298	0.0547692
2299	0.0546802
2300	0.0545849
2301	0.0544285
2302	0.0542662
2303	0.0541057
2304	0.053947
2305	0.0537822
2306	0.0535881
2307	0.0533881
2308	0.0531899
2309	0.0529933
2310	0.0527985
2311	0.0525746
2312	0.0523525
2313	0.0521321
2314	0.0519133
2315	0.0516962
2316	0.0514957
2317	0.0512967
2318	0.0510991
2319	0.0509029
2320	0.0506856
2321	0.0503051
2322	0.0499042
2323	0.0495055
2324	0.0491088
2325	0.0487662
2326	0.0487071
2327	0.0487004
2328	0.0486942
2329	0.0486884
2330	0.048661
2331	0.0485167
2332	0.0483514
2333	0.0481871
2334	0.0480238
2335	0.0478615
2336	0.0477001
2337	0.0475397
2338	0.0473802
2339	0.0472217
2340	0.0470712
2341	0.0469649
2342	0.0468664
2343	0.0467686
2344	0.0466715
2345	0.0465607
2346	0.0463791
2347	0.0461842
2348	0.0459903
2349	0.0457973
2350	0.045591
2351	0.0452865
2352	0.0449693
2353	0.0446533
2354	0.0443386
2355	0.0440674
2356	0.0440221
2357	0.0440191
2358	0.0440164
2359	0.0440139
2360	0.0440046
2361	0.0424887
2362	0.0411276
2363	0.0398937
2364	0.0387632
2365	0.0377128
2366	0.0366892
2367	0.0357255
2368	0.0348194
2369	0.0339643
2370	0.0331494
2371	0.0323444
2372	0.0315727
2373	0.0308363
2374	0.0301323
2375	0.029477
2376	0.0289427
2377	0.028448
2378	0.0279725
2379	0.0275146
2380	0.0270383
2381	0.0263805
2382	0.025711
2383	0.0250636
2384	0.0244371
2385	0.0238707
2386	0.0235599
2387	0.0232974
2388	0.0230424
2389	0.0227947
2390	0.0225387
2391	0.0222013
2392	0.0218586
2393	0.0215249
2394	0.0211999
2395	0.0208832
2396	0.0205677
2397	0.02026
2398	0.0199598
2399	0.0196669
2400	0.0193808
2401	0.0191079
2402	0.0188412
2403	0.0185806
2404	0.0183258
2405	0.0180766
2406	0.0178388
2407	0.0176061
2408	0.0173783
2409	0.0171552
2410	0.0169225
2411	0.0166097
2412	0.0162896
2413	0.0159763
2414	0.0156695
2415	0.0153907
2416	0.0152348
2417	0.0151029
2418	0.0149732
2419	0.0148458
2420	0.0147129
2421	0.0145318
2422	0.0143466
2423	0.0141648
2424	0.0139862
2425	0.0138133
2426	0.0136577
2427	0.0135072
2428	0.0133592
2429	0.0132137
2430	0.0130684
2431	0.0129028
2432	0.0127379
2433	0.0125757
2434	0.0124163
2435	0.0122617
2436	0.0121269
2437	0.0119963
2438	0.0118679
2439	0.0117414
2440	0.0116148
2441	0.0114738
2442	0.0113331
2443	0.0111946
2444	0.0110583
2445	0.0109221
2446	0.0107803
2447	0.0106387
2448	0.0104994
2449	0.0103623
2450	0.010231
2451	0.00970499
2452	0.00922073
2453	0.00877062
2454	0.00835133
2455	0.00796287
2456	0.00761355
2457	0.00728856
2458	0.00698315
2459	0.00669569
2460	0.00642357
2461	0.00615773
2462	0.00590567
2463	0.00566747
2464	0.0054421
2465	0.00522674
2466	0.00501335
2467	0.00480935
2468	0.00461588
2469	0.00443227
2470	0.00425945
2471	0.00410591
2472	0.00396106
2473	0.00382288
2474	0.00369097
2475	0.00356296
2476	0.00342776
2477	0.00329693
2478	0.0031721
2479	0.00305293
2480	0.00294081
2481	0.00284128
2482	0.00274753
2483	0.00265765
2484	0.00257144
2485	0.00248968
2486	0.00241582
2487	0.00234567
2488	0.00227813
2489	0.00221308
2490	0.0021467
2491	0.00206042
2492	0.00197432
2493	0.00189193
2494	0.00181307
2495	0.00174288
2496	0.00170527
2497	0.00167376
2498	0.001643
2499	0.00161296
2500	0.00158115
2501	0.000697465
2502	0.000343726
2503	0.000182405
2504	0.000102128
2505	5.95757e-05
2506	3.58491e-05
2507	2.21629e-05
2508	1.40203e-05
2509	9.04606e-06
2510	5.93913e-06
2511	3.96375e-06
2512	2.68197e-06
2513	1.83689e-06
2514	1.27202e-06
2515	8.89737e-07
2516	6.28344e-07
2517	4.47516e-07
2518	3.21233e-07
2519	2.32266e-07
2520	1.69116e-07
2521	1.24021e-07
2522	9.15122e-08
2523	6.7903e-08
2524	5.0651e-08
2525	3.79787e-08
2526	2.86474e-08
2527	2.17103e-08
2528	1.65232e-08
2529	1.26265e-08
2530	9.68405e-09
2531	7.43913e-09
2532	5.73359e-09
2533	4.43401e-09
2534	3.4401e-09
2535	2.67785e-09
2536	2.09252e-09
2537	1.64018e-09
2538	1.2892e-09
2539	1.01603e-09
2540	8.02806e-10
2541	6.36185e-10
2542	5.0536e-10
2543	4.02373e-10
2544	3.21096e-10
2545	2.56797e-10
2546	2.0572e-10
2547	1.65141e-10
2548	1.3283e-10
2549	1.07048e-10
2550	8.64322e-11
2551	6.98841e-11
2552	5.66047e-11
2553	4.5928e-11
2554	3.73279e-11
2555	3.03879e-11
2556	2.4767e-11
2557	2.02172e-11
2558	1.65283e-11
2559	1.35325e-11
2560	1.10982e-11
2561	9.1227e-12
2562	7.51089e-12
2563	6.19223e-12
2564	5.11184e-12
2565	4.22541e-12
2566	3.49558e-12
2567	2.89538e-12
2568	2.40115e-12
2569	1.99365e-12
2570	1.65723e-12
2571	1.37854e-12
2572	1.14799e-12
2573	9.57052e-13
2574	7.98724e-13
2575	6.6729e-13
2576	5.58061e-13
2577	4.67184e-13
2578	3.91496e-13
2579	3.2839e-13
2580	2.75658e-13
2581	2.31296e-13
2582	1.94207e-13
2583	1.63212e-13
2584	1.37285e-13
2585	1.15631e-13
2586	9.77914e-14
2587	8.28131e-14
2588	7.01879e-14
2589	5.95367e-14
2590	5.05312e-14
2591	4.28431e-14
2592	3.63449e-14
2593	3.08561e-14
2594	2.62161e-14
2595	2.22958e-14
2596	1.89934e-14
2597	1.61957e-14
2598	1.382e-14
2599	1.18012e-14
2600	1.00844e-14
2601	6.80624e-15
2602	5.44071e-15
2603	4.48959e-15
2604	3.76787e-15
2605	3.1972e-15
2606	2.73208e-15
2607	2.34895e-15
2608	2.02949e-15
2609	1.76062e-15
2610	1.53264e-15
2611	1.33879e-15
2612	1.17251e-15
2613	1.02926e-15
2614	9.05393e-16
2615	7.97928e-16
2616	7.03756e-16
2617	6.21671e-16
2618	5.49954e-16
2619	4.87163e-16
2620	4.31874e-16
2621	3.82022e-16
2622	3.38122e-16
2623	2.99565e-16
2624	2.65654e-16
2625	2.36081e-16
2626	2.11434e-16
2627	1.8975e-16
2628	1.70425e-16
2629	1.53184e-16
2630	1.3772e-16
2631	1.23544e-16
2632	1.10847e-16
2633	9.95204e-17
2634	8.94069e-17
2635	8.03501e-17
2636	7.20764e-17
2637	6.46744e-17
2638	5.80635e-17
2639	5.21552e-17
2640	4.68948e-17
2641	4.23118e-17
2642	3.82144e-17
2643	3.453e-17
2644	3.12153e-17
2645	2.82314e-17
2646	2.55185e-17
2647	2.30761e-17
2648	2.08761e-17
2649	1.88936e-17
2650	1.71061e-17
2651	1.54782e-17
2652	1.40105e-17
2653	1.26867e-17
2654	1.14921e-17
2655	1.04163e-17
2656	9.45404e-18
2657	8.58579e-18
2658	7.79991e-18
2659	7.08831e-18
2660	6.44209e-18
2661	5.84775e-18
2662	5.30852e-18
2663	4.82048e-18
2664	4.3786e-18
2665	3.98043e-18
2666	3.62695e-18
2667	3.30751e-18
2668	3.01707e-18
2669	2.75289e-18
2670	2.5119e-18
2671	2.28677e-18
2672	2.08182e-18
2673	1.89573e-18
2674	1.72671e-18
2675	1.57357e-18
2676	1.43585e-18
2677	1.31085e-18
2678	1.19702e-18
2679	1.09335e-18
2680	9.98887e-19
2681	9.12805e-19
2682	8.34336e-19
2683	7.62788e-19
2684	6.97535e-19
2685	6.38006e-19
2686	5.83076e-19
2687	5.3299e-19
2688	4.87311e-19
2689	4.45641e-19
2690	4.07619e-19
2691	3.73115e-19
2692	3.41603e-19
2693	3.12816e-19
2694	2.86512e-19
2695	2.62472e-19
2696	2.40369e-19
2697	2.20169e-19
2698	2.01706e-19
2699	1.84825e-19
2700	1.69435e-19
2701	1.89742e-19
2702	2.12623e-19
2703	2.38355e-19
2704	2.67307e-19
2705	2.99894e-19
2706	3.36588e-19
2707	3.77924e-19
2708	4.24509e-19
2709	4.77032e-19
2710	5.36275e-19
2711	6.03456e-19
2712	6.7934e-19
2713	7.65092e-19
2714	8.62039e-19
2715	9.71691e-19
2716	1.09517e-18
2717	1.23489e-18
2718	1.39305e-18
2719	1.57217e-18
2720	1.77514e-18
2721	2.00412e-18
2722	2.26368e-18
2723	2.55805e-18
2724	2.89206e-18
2725	3.27214e-18
2726	3.70601e-18
2727	4.20062e-18
2728	4.76359e-18
2729	5.40469e-18
2730	6.13517e-18
2731	6.96017e-18
2732	7.90015e-18
2733	8.97172e-18
2734	1.0194e-17
2735	1.15888e-17
2736	1.3189e-17
2737	1.50183e-17
2738	1.71107e-17
2739	1.95054e-17
2740	2.22477e-17
2741	2.54044e-17
2742	2.90256e-17
2743	3.31824e-17
2744	3.79568e-17
2745	4.34441e-17
2746	4.97266e-17
2747	5.69524e-17
2748	6.52686e-17
2749	7.4846e-17
2750	8.58832e-17
2751	9.85553e-17
2752	1.13171e-16
2753	1.30039e-16
2754	1.49522e-16
2755	1.72039e-16
2756	1.98084e-16
2757	2.28229e-16
2758	2.63148e-16
2759	3.03627e-16
2760	3.50586e-16
2761	4.05341e-16
2762	4.68998e-16
2763	5.43065e-16
2764	6.29313e-16
2765	7.29829e-16
2766	8.47566e-16
2767	9.85093e-16
2768	1.14587e-15
2769	1.33401e-15
2770	1.55389e-15
2771	1.80946e-15
2772	2.10829e-15
2773	2.45863e-15
2774	2.86978e-15
2775	3.35274e-15
2776	3.92294e-15
2777	4.59449e-15
2778	5.38619e-15
2779	6.32052e-15
2780	7.42437e-15
2781	8.73511e-15
2782	1.0288e-14
2783	1.21297e-14
2784	1.43167e-14
2785	1.69166e-14
2786	2.00111e-14
2787	2.36989e-14
2788	2.80991e-14
2789	3.33562e-14
2790	3.96452e-14
2791	4.71502e-14
2792	5.61472e-14
2793	6.6948e-14
2794	7.99326e-14
2795	9.55943e-14
2796	1.14554e-13
2797	1.37511e-13
2798	1.6531e-13
2799	1.99026e-13
2800	2.39987e-13
2801	2.73328e-13
2802	3.11474e-13
2803	3.55146e-13
2804	4.05173e-13
2805	4.62658e-13
2806	5.28938e-13
2807	6.05264e-13
2808	6.93028e-13
2809	7.94009e-13
2810	9.10276e-13
2811	1.04424e-12
2812	1.19869e-12
2813	1.37689e-12
2814	1.58264e-12
2815	1.82038e-12
2816	2.09397e-12
2817	2.41037e-12
2818	2.77655e-12
2819	3.20067e-12
2820	3.69229e-12
2821	4.25995e-12
2822	4.91861e-12
2823	5.68349e-12
2824	6.57248e-12
2825	7.60897e-12
2826	8.82164e-12
2827	1.02393e-11
2828	1.18948e-11
2829	1.383e-11
2830	1.6094e-11
2831	1.87336e-11
2832	2.18261e-11
2833	2.54526e-11
2834	2.97097e-11
2835	3.47124e-11
2836	4.05717e-11
2837	4.74675e-11
2838	5.55924e-11
2839	6.51761e-11
2840	7.64936e-11
2841	8.99323e-11
2842	1.0585e-10
2843	1.24728e-10
2844	1.47145e-10
2845	1.73799e-10
2846	2.054e-10
2847	2.43051e-10
2848	2.87974e-10
2849	3.41649e-10
2850	4.05875e-10
2851	4.82843e-10
2852	5.75225e-10
2853	6.86281e-10
2854	8.20008e-10
2855	9.81302e-10
2856	1.17696e-09
2857	1.41394e-09
2858	1.70149e-09
2859	2.05106e-09
2860	2.47688e-09
2861	2.99661e-09
2862	3.63229e-09
2863	4.41147e-09
2864	5.36869e-09
2865	6.54735e-09
2866	7.99147e-09
2867	9.77606e-09
2868	1.19871e-08
2869	1.47338e-08
2870	1.81617e-08
2871	2.24611e-08
2872	2.78638e-08
2873	3.46647e-08
2874	4.32543e-08
2875	5.41591e-08
2876	6.80811e-08
2877	8.59049e-08
2878	1.08786e-07
2879	1.38285e-07
2880	1.76487e-07
2881	2.25889e-07
2882	2.90419e-07
2883	3.75166e-07
2884	4.87108e-07
2885	6.35894e-07
2886	8.35549e-07
2887	1.10481e-06
2888	1.4708e-06
2889	1.9726e-06
2890	2.66713e-06
2891	3.63865e-06
2892	5.01383e-06
2893	6.9869e-06
2894	9.86256e-06
2895	1.41326e-05
2896	2.06061e-05
2897	3.07341e-05
2898	4.72717e-05
2899	7.6365e-05
2900	0.000143151
2901	0.000145723
2902	0.000148349
2903	0.000151031
2904	0.000153769
2905	0.000156566
2906	0.000159311
2907	0.000162112
2908	0.000164973
2909	0.000167893
2910	0.000170874
2911	0.000173796
2912	0.000176777
2913	0.00017982
2914	0.000182925
2915	0.000186094
2916	0.000189464
2917	0.000192906
2918	0.000196423
2919	0.000200016
2920	0.000203687
2921	0.000207439
2922	0.000211274
2923	0.000215193
2924	0.000219199
2925	0.000223294
2926	0.000227481
2927	0.000231762
2928	0.00023614
2929	0.000240617
2930	0.000245196
2931	0.000249698
2932	0.000254301
2933	0.000259006
2934	0.000263817
2935	0.000268737
2936	0.000273969
2937	0.000279324
2938	0.000284806
2939	0.000290418
2940	0.000296164
2941	0.000301824
2942	0.000307617
2943	0.000313546
2944	0.000319614
2945	0.000325948
2946	0.000332685
2947	0.000339717
2948	0.000346928
2949	0.000354325
2950	0.000361913
2951	0.000369698
2952	0.000377686
2953	0.000385883
2954	0.000394297
2955	0.000402935
2956	0.000411492
2957	0.000420274
2958	0.000429287
2959	0.000438538
2960	0.000448036
2961	0.000458135
2962	0.000468514
2963	0.000479182
2964	0.000490148
2965	0.000501423
2966	0.000512627
2967	0.000524144
2968	0.000535984
2969	0.000548158
2970	0.000560678
2971	0.000573997
2972	0.00058771
2973	0.00060183
2974	0.000616373
2975	0.000631356
2976	0.000646296
2977	0.000661683
2978	0.000677536
2979	0.000693872
2980	0.00071071
2981	0.000728634
2982	0.000747131
2983	0.000766223
2984	0.000785936
2985	0.000806295
2986	0.000826683
2987	0.000847739
2988	0.000869493
2989	0.000891974
2990	0.000915216
2991	0.000939991
2992	0.000965639
2993	0.000992204
2994	0.00101973
2995	0.00104826
2996	0.00107786
2997	0.00110858
2998	0.00114047
2999	0.00117362
3000	0.0012081
3001	0.00120718
3002	0.00120627
3003	0.00120535
3004	0.00120443
3005	0.00120352
3006	0.00120355
3007	0.00120359
3008	0.00120363
3009	0.00120367
3010	0.00120371
3011	0.00120375
3012	0.00120379
3013	0.00120383
3014	0.00120387
3015	0.00120391
3016	0.00120298
3017	0.00120206
3018	0.00120113
3019	0.00120019
3020	0.00119926
3021	0.00119833
3022	0.00119739
3023	0.00119645
3024	0.00119551
3025	0.00119457
3026	0.00119461
3027	0.00119464
3028	0.00119468
3029	0.00119471
3030	0.00119475
3031	0.0011938
3032	0.00119286
3033	0.00119191
3034	0.00119096
3035	0.00119002
3036	0.00118808
3037	0.00118614
3038	0.0011842
3039	0.00118226
3040	0.00118081
3041	0.00118232
3042	0.00118433
3043	0.00118634
3044	0.00118835
3045	0.00119038
3046	0.00119141
3047	0.00119244
3048	0.00119348
3049	0.00119452
3050	0.00119556
3051	0.00119561
3052	0.00119565
3053	0.0011957
3054	0.00119575
3055	0.0011958
3056	0.00119585
3057	0.00119591
3058	0.00119596
3059	0.00119601
3060	0.00119607
3061	0.00119411
3062	0.00119216
3063	0.0011902
3064	0.00118823
3065	0.00118677
3066	0.00118632
3067	0.00118638
3068	0.00118644
3069	0.00118649
3070	0.00118655
3071	0.00118763
3072	0.00118871
3073	0.00118979
3074	0.00119088
3075	0.00119197
3076	0.00119103
3077	0.00119008
3078	0.00118914
3079	0.0011882
3080	0.00118725
3081	0.00118631
3082	0.00118537
3083	0.00118443
3084	0.00118349
3085	0.00118255
3086	0.00118161
3087	0.00118067
3088	0.00117974
3089	0.0011788
3090	0.00117787
3091	0.00117694
3092	0.00117601
3093	0.00117509
3094	0.00117416
3095	0.00117324
3096	0.00117232
3097	0.0011714
3098	0.00117049
3099	0.00116958
3100	0.00116868
3101	0.0011579
3102	0.00115521
3103	0.0011551
3104	0.0011564
3105	0.00115862
3106	0.00116048
3107	0.00116287
3108	0.00116568
3109	0.00116885
3110	0.00117233
3111	0.00117502
3112	0.00117793
3113	0.00118107
3114	0.00118439
3115	0.00118843
3116	0.00119375
3117	0.00119978
3118	0.001206
3119	0.00121238
3120	0.00121892
3121	0.00122562
3122	0.00123247
3123	0.00123948
3124	0.00124663
3125	0.00125393
3126	0.00126137
3127	0.00126896
3128	0.00127668
3129	0.00128455
3130	0.00129257
3131	0.00130072
3132	0.00130901
3133	0.00131744
3134	0.00132602
3135	0.00133474
3136	0.00134234
3137	0.00135006
3138	0.00135791
3139	0.00136589
3140	0.00137399
3141	0.00138352
3142	0.0013932
3143	0.00140303
3144	0.00141301
3145	0.00142315
3146	0.00143207
3147	0.00144113
3148	0.00145033
3149	0.00145966
3150	0.00146913
3151	0.00148016
3152	0.00149136
3153	0.00150272
3154	0.00151425
3155	0.00152596
3156	0.00153784
3157	0.0015499
3158	0.00156214
3159	0.00157456
3160	0.00158718
3161	0.00160153
3162	0.0016161
3163	0.0016309
3164	0.00164593
3165	0.00166119
3166	0.00167345
3167	0.00168589
3168	0.00169852
3169	0.00171134
3170	0.00172519
3171	0.00174096
3172	0.00175783
3173	0.00177497
3174	0.00179238
3175	0.00181008
3176	0.0018245
3177	0.00183915
3178	0.00185402
3179	0.00186912
3180	0.00188446
3181	0.00190192
3182	0.00191966
3183	0.0019377
3184	0.00195603
3185	0.00197467
3186	0.0019956
3187	0.00201689
3188	0.00203855
3189	0.00206058
3190	0.00208301
3191	0.00210375
3192	0.00212485
3193	0.00214632
3194	0.00216817
3195	0.00219041
3196	0.00221084
3197	0.00223163
3198	0.00225279
3199	0.00227432
3200	0.0022974
3201	0.0022867
3202	0.00227724
3203	0.00226784
3204	0.00225852
3205	0.00224926
3206	0.00223783
3207	0.00222648
3208	0.00221521
3209	0.00220403
3210	0.00219293
3211	0.00217971
3212	0.00216658
3213	0.00215356
3214	0.00214063
3215	0.00212779
3216	0.00211721
3217	0.0021067
3218	0.00209627
3219	0.00208591
3220	0.00207562
3221	0.00206541
3222	0.00205526
3223	0.00204519
3224	0.00203518
3225	0.00202525
3226	0.00201746
3227	0.00200972
3228	0.00200203
3229	0.00199439
3230	0.00198679
3231	0.00197721
3232	0.00196769
3233	0.00195823
3234	0.00194883
3235	0.0019395
3236	0.00193022
3237	0.00192101
3238	0.00191185
3239	0.00190275
3240	0.00189371
3241	0.00188473
3242	0.0018758
3243	0.00186693
3244	0.00185812
3245	0.00184936
3246	0.00184258
3247	0.00183585
3248	0.00182915
3249	0.00182249
3250	0.00181587
3251	0.0018055
3252	0.0017952
3253	0.00178496
3254	0.00177478
3255	0.00176467
3256	0.00175648
3257	0.00174834
3258	0.00174025
3259	0.00173221
3260	0.00172421
3261	0.00171626
3262	0.00170836
3263	0.0017005
3264	0.00169269
3265	0.00168493
3266	0.00167721
3267	0.00166954
3268	0.0016619
3269	0.00165432
3270	0.00164678
3271	0.00163928
3272	0.00163182
3273	0.0016244
3274	0.00161703
3275	0.0016097
3276	0.00160241
3277	0.00159516
3278	0.00158796
3279	0.00158079
3280	0.00157366
3281	0.00156658
3282	0.00155953
3283	0.00155252
3284	0.00154555
3285	0.00153862
3286	0.0015334
3287	0.00152821
3288	0.00152304
3289	0.0015179
3290	0.00151196
3291	0.00150276
3292	0.00149279
3293	0.00148287
3294	0.00147301
3295	0.00146403
3296	0.00145671
3297	0.00145025
3298	0.00144381
3299	0.00143742
3300	0.00143105
3301	0.00144575
3302	0.00146066
3303	0.00147577
3304	0.0014911
3305	0.00150665
3306	0.00151901
3307	0.00153153
3308	0.0015442
3309	0.00155703
3310	0.00157003
3311	0.00158499
3312	0.00160015
3313	0.00161552
3314	0.00163112
3315	0.00164693
3316	0.00165918
3317	0.00167158
3318	0.00168412
3319	0.00169682
3320	0.00171067
3321	0.00172869
3322	0.00174799
3323	0.0017676
3324	0.00178752
3325	0.00180775
3326	0.00182407
3327	0.00184063
3328	0.00185743
3329	0.00187447
3330	0.00189176
3331	0.00191154
3332	0.00193163
3333	0.00195204
3334	0.00197279
3335	0.00199386
3336	0.00201528
3337	0.00203705
3338	0.00205918
3339	0.00208168
3340	0.00210456
3341	0.00212782
3342	0.00215149
3343	0.00217556
3344	0.00220004
3345	0.00222496
3346	0.00224764
3347	0.0022707
3348	0.00229415
3349	0.00231801
3350	0.00234229
3351	0.00236985
3352	0.00239793
3353	0.00242653
3354	0.00245569
3355	0.0024854
3356	0.00251569
3357	0.00254657
3358	0.00257807
3359	0.00261021
3360	0.00264299
3361	0.00267644
3362	0.0027106
3363	0.00274546
3364	0.00278107
3365	0.00281745
3366	0.00285461
3367	0.0028926
3368	0.00293143
3369	0.00297115
3370	0.00301177
3371	0.00305334
3372	0.00309589
3373	0.00313946
3374	0.00318408
3375	0.00322981
3376	0.00327668
3377	0.00332474
3378	0.00337404
3379	0.00342463
3380	0.00347658
3381	0.00353436
3382	0.00359377
3383	0.00365488
3384	0.00371777
3385	0.00378253
3386	0.00384444
3387	0.00390825
3388	0.00397404
3389	0.00404194
3390	0.00411206
3391	0.00418453
3392	0.00425949
3393	0.00433709
3394	0.00441751
3395	0.00450092
3396	0.00458171
3397	0.0046657
3398	0.0047531
3399	0.0048442
3400	0.00494246
3401	0.00497197
3402	0.00500496
3403	0.00503826
3404	0.00507189
3405	0.00510259
3406	0.00512051
3407	0.0051353
3408	0.00515021
3409	0.00516525
3410	0.00518376
3411	0.00520916
3412	0.00523819
3413	0.0052675
3414	0.00529711
3415	0.00532702
3416	0.00535032
3417	0.00537385
3418	0.00539761
3419	0.00542161
3420	0.00544586
3421	0.00547035
3422	0.00549509
3423	0.00552009
3424	0.00554535
3425	0.00557088
3426	0.00559668
3427	0.00562276
3428	0.00564912
3429	0.00567577
3430	0.00570271
3431	0.0057375
3432	0.0057727
3433	0.00580829
3434	0.00584431
3435	0.00588075
3436	0.00590983
3437	0.00593926
3438	0.00596904
3439	0.00599918
3440	0.00602968
3441	0.00606057
3442	0.00609183
3443	0.00612349
3444	0.00615556
3445	0.00618803
3446	0.00622093
3447	0.00625426
3448	0.00628804
3449	0.00632227
3450	0.00635697
3451	0.00640075
3452	0.00644513
3453	0.00649014
3454	0.00653579
3455	0.00658211
3456	0.00662021
3457	0.00665887
3458	0.00669813
3459	0.00673799
3460	0.00677847
3461	0.00682882
3462	0.00687996
3463	0.00693194
3464	0.00698476
3465	0.00703846
3466	0.00708348
3467	0.00712929
3468	0.0071759
3469	0.00722336
3470	0.0072717
3471	0.00732093
3472	0.00737111
3473	0.00742227
3474	0.00747444
3475	0.00752767
3476	0.00758201
3477	0.00763749
3478	0.00769418
3479	0.00775213
3480	0.0078114
3481	0.00788292
3482	0.00795611
3483	0.00803103
3484	0.00810778
3485	0.00818646
3486	0.00825578
3487	0.00832703
3488	0.00840033
3489	0.00847583
3490	0.00855368
3491	0.00863406
3492	0.00871717
3493	0.00880323
3494	0.00889252
3495	0.00898536
3496	0.00908211
3497	0.00918325
3498	0.00928935
3499	0.00940113
3500	0.00951956
3501	0.00952535
3502	0.00953116
3503	0.00953699
3504	0.00954284
3505	0.0095487
3506	0.00954113
3507	0.00953357
3508	0.009526
3509	0.00951844
3510	0.00951089
3511	0.00950334
3512	0.00949579
3513	0.00948825
3514	0.00948072
3515	0.00947318
3516	0.00946566
3517	0.00945814
3518	0.00945062
3519	0.00944311
3520	0.00943561
3521	0.0094417
3522	0.00944781
3523	0.00945395
3524	0.00946011
3525	0.0094663
3526	0.00945888
3527	0.00945148
3528	0.00944408
3529	0.00943669
3530	0.0094293
3531	0.0094356
3532	0.00944193
3533	0.00944829
3534	0.00945468
3535	0.00946109
3536	0.00945382
3537	0.00944656
3538	0.0094393
3539	0.00943206
3540	0.00942484
3541	0.00943139
3542	0.00943798
3543	0.0094446
3544	0.00945126
3545	0.00945795
3546	0.00945085
3547	0.00944378
3548	0.00943672
3549	0.00942968
3550	0.00942266
3551	0.00941565
3552	0.00940867
3553	0.00940171
3554	0.00939476
3555	0.00938784
3556	0.00938094
3557	0.00937407
3558	0.00936721
3559	0.00936039
3560	0.00935359
3561	0.00936078
3562	0.00936803
3563	0.00937533
3564	0.00938268
3565	0.00939008
3566	0.00938352
3567	0.00937698
3568	0.00937049
3569	0.00936403
3570	0.00935761
3571	0.00935123
3572	0.00934489
3573	0.00933859
3574	0.00933234
3575	0.00932614
3576	0.00931999
3577	0.0093139
3578	0.00930786
3579	0.00930187
3580	0.00929595
3581	0.00930429
3582	0.00931273
3583	0.00932127
3584	0.00932991
3585	0.00933865
3586	0.00933323
3587	0.00932791
3588	0.00932267
3589	0.00931754
3590	0.00931252
3591	0.0093076
3592	0.00930282
3593	0.00929816
3594	0.00929364
3595	0.00928927
3596	0.00929949
3597	0.00930991
3598	0.00932056
3599	0.00933146
3600	0.00934262
3601	0.00933203
3602	0.00932143
3603	0.00931083
3604	0.00930023
3605	0.00928962
3606	0.00927901
3607	0.0092684
3608	0.00925778
3609	0.00924716
3610	0.00923653
3611	0.00924046
3612	0.00924439
3613	0.00924833
3614	0.00925228
3615	0.00925624
3616	0.00924562
3617	0.009235
3618	0.00922438
3619	0.00921376
3620	0.00920313
3621	0.00920711
3622	0.0092111
3623	0.00921511
3624	0.00921912
3625	0.00922314
3626	0.00921253
3627	0.00920191
3628	0.00919129
3629	0.00918067
3630	0.00917004
3631	0.00917409
3632	0.00917815
3633	0.00918223
3634	0.00918631
3635	0.0091904
3636	0.0091798
3637	0.00916919
3638	0.00915858
3639	0.00914796
3640	0.00913735
3641	0.00914148
3642	0.00914562
3643	0.00914977
3644	0.00915393
3645	0.00915811
3646	0.00914752
3647	0.00913693
3648	0.00912634
3649	0.00911574
3650	0.00910515
3651	0.00909455
3652	0.00908396
3653	0.00907336
3654	0.00906277
3655	0.00905217
3656	0.00905642
3657	0.00906069
3658	0.00906497
3659	0.00906926
3660	0.00907357
3661	0.00907789
3662	0.00908223
3663	0.00908658
3664	0.00909095
3665	0.00909534
3666	0.0090699
3667	0.00904446
3668	0.009019
3669	0.00899353
3670	0.00897552
3671	0.00897245
3672	0.00897689
3673	0.00898133
3674	0.0089858
3675	0.00899029
3676	0.0089798
3677	0.00896932
3678	0.00895884
3679	0.00894837
3680	0.0089379
3681	0.00892744
3682	0.00891698
3683	0.00890653
3684	0.00889609
3685	0.00888566
3686	0.0088903
3687	0.00889496
3688	0.00889965
3689	0.00890436
3690	0.0089091
3691	0.00889876
3692	0.00888843
3693	0.00887811
3694	0.00886781
3695	0.00885751
3696	0.00884723
3697	0.00883696
3698	0.00882671
3699	0.00881648
3700	0.00880626
3701	0.00881097
3702	0.00881569
3703	0.00882043
3704	0.00882518
3705	0.00882995
3706	0.0088195
3707	0.00880905
3708	0.00879859
3709	0.00878814
3710	0.00877768
3711	0.0087825
3712	0.00878733
3713	0.00879218
3714	0.00879704
3715	0.00880192
3716	0.0087915
3717	0.00878108
3718	0.00877065
3719	0.00876023
3720	0.0087498
3721	0.00875473
3722	0.00875968
3723	0.00876464
3724	0.00876962
3725	0.00877461
3726	0.00876422
3727	0.00875383
3728	0.00874344
3729	0.00873304
3730	0.00872265
3731	0.0087277
3732	0.00873277
3733	0.00873785
3734	0.00874295
3735	0.00874807
3736	0.00872222
3737	0.00869636
3738	0.00867047
3739	0.00864457
3740	0.00862641
3741	0.00862377
3742	0.00862892
3743	0.00863409
3744	0.00863928
3745	0.00864448
3746	0.00863412
3747	0.00862376
3748	0.0086134
3749	0.00860303
3750	0.00859267
3751	0.00859794
3752	0.00860322
3753	0.00860853
3754	0.00861386
3755	0.0086192
3756	0.00860888
3757	0.00859857
3758	0.00858825
3759	0.00857794
3760	0.00856762
3761	0.00857303
3762	0.00857847
3763	0.00858393
3764	0.0085894
3765	0.0085949
3766	0.00860042
3767	0.00860595
3768	0.00861152
3769	0.0086171
3770	0.0086227
3771	0.00861249
3772	0.00860229
3773	0.00859209
3774	0.00858188
3775	0.00857168
3776	0.00856148
3777	0.00855129
3778	0.00854109
3779	0.0085309
3780	0.0085207
3781	0.00852645
3782	0.00853222
3783	0.00853802
3784	0.00854384
3785	0.00854968
3786	0.00853956
3787	0.00852944
3788	0.00851932
3789	0.00850921
3790	0.0084991
3791	0.00850504
3792	0.008511
3793	0.00851699
3794	0.00852301
3795	0.00852906
3796	0.00851903
3797	0.008509
3798	0.00849897
3799	0.00848896
3800	0.00847894
3801	0.00843848
3802	0.00840678
3803	0.00838033
3804	0.00835746
3805	0.00833724
3806	0.00830322
3807	0.00827092
3808	0.00824004
3809	0.00821036
3810	0.00818174
3811	0.00816973
3812	0.00815849
3813	0.00814794
3814	0.008138
3815	0.00812863
3816	0.00810415
3817	0.00808018
3818	0.00805668
3819	0.00803362
3820	0.00801096
3821	0.00800422
3822	0.00799782
3823	0.00799173
3824	0.00798594
3825	0.00798043
3826	0.00797519
3827	0.00797021
3828	0.00796548
3829	0.00796099
3830	0.00795672
3831	0.00793723
3832	0.00791797
3833	0.00789892
3834	0.00788009
3835	0.00786147
3836	0.00785845
3837	0.00785561
3838	0.00785295
3839	0.00785047
3840	0.00784815
3841	0.00783061
3842	0.00781325
3843	0.00779605
3844	0.00777902
3845	0.00776214
3846	0.00776079
3847	0.0077596
3848	0.00775854
3849	0.00775764
3850	0.00775688
3851	0.00774091
3852	0.00772508
3853	0.00770939
3854	0.00769385
3855	0.00767845
3856	0.00767087
3857	0.00766342
3858	0.00764844
3859	0.00764127
3860	0.00763425
3861	0.00762736
3862	0.00762829
3863	0.00762168
3864	0.0076229
3865	0.00761658
3866	0.00760271
3867	0.00759667
3868	0.00758308
3869	0.00757733
3870	0.00756403
3871	0.00756627
3872	0.00756867
3873	0.00757123
3874	0.00757396
3875	0.00757685
3876	0.00756448
3877	0.00756
3878	0.00754797
3879	0.00754383
3880	0.00753215
3881	0.00752837
3882	0.00752479
3883	0.0075214
3884	0.00751822
3885	0.00751526
3886	0.00752027
3887	0.00752552
3888	0.00753879
3889	0.00754457
3890	0.00755062
3891	0.00754141
3892	0.00753248
3893	0.00753164
3894	0.00752334
3895	0.00751538
3896	0.00752343
3897	0.00752409
3898	0.00753303
3899	0.00753462
3900	0.00754462
3901	0.00755315
3902	0.00756172
3903	0.00756245
3904	0.00757111
3905	0.00757982
3906	0.00758066
3907	0.00757361
3908	0.0075745
3909	0.00756749
3910	0.00756844
3911	0.00757738
3912	0.00757841
3913	0.00758745
3914	0.00758856
3915	0.0075977
3916	0.00759088
3917	0.00758408
3918	0.00758533
3919	0.00757858
3920	0.00757185
3921	0.00758125
3922	0.00759071
3923	0.00759216
3924	0.00760174
3925	0.00761139
3926	0.00760488
3927	0.00760652
3928	0.00760008
3929	0.0076018
3930	0.00759542
3931	0.0076054
3932	0.00760727
3933	0.00761738
3934	0.00761937
3935	0.00762962
3936	0.00763174
3937	0.00762568
3938	0.00762791
3939	0.00762194
3940	0.00762427
3941	0.00762667
3942	0.00763742
3943	0.00763996
3944	0.00765087
3945	0.00765357
3946	0.007648
3947	0.00764249
3948	0.00764538
3949	0.00763999
3950	0.00763465
3951	0.00763777
3952	0.00764937
3953	0.00765267
3954	0.0076645
3955	0.007668
3956	0.0076716
3957	0.0076753
3958	0.00767062
3959	0.00767451
3960	0.00767852
3961	0.00769117
3962	0.00770397
3963	0.00770837
3964	0.00772146
3965	0.00773472
3966	0.00773094
3967	0.0077359
3968	0.00773237
3969	0.00773762
3970	0.00773436
3971	0.0077486
3972	0.00775436
3973	0.00776901
3974	0.00777516
3975	0.00779026
3976	0.00779684
3977	0.00779488
3978	0.00780191
3979	0.00780038
3980	0.00780791
3981	0.00781571
3982	0.00782382
3983	0.00784112
3984	0.0078499
3985	0.00785903
3986	0.0078775
3987	0.00788745
3988	0.00790684
3989	0.00791774
3990	0.00793821
3991	0.00794117
3992	0.00795379
3993	0.007958
3994	0.00797206
3995	0.0079778
3996	0.00800285
3997	0.00801983
3998	0.00804733
3999	0.00806707
4000	0.00809789
