280	5.09112e-05
281	9.83511e-05
282	0.000174988
283	0.000220437
284	0.000209363
285	0.00013998
286	0.000185775
287	0.000275606
288	0.000262097
289	0.000333913
290	0.000479382
291	0.000545188
292	0.000520333
293	0.000510288
294	0.000520389
295	0.000534634
296	0.000573466
297	0.000530903
298	0.000557912
299	0.000533556
300	0.000529326
301	0.000892279
302	0.00155282
303	0.00332439
304	0.00595857
305	0.0101262
306	0.0116683
307	0.0152611
308	0.0202826
309	0.0228218
310	0.02755
311	0.0422214
312	0.0476518
313	0.0545711
314	0.0645068
315	0.0708609
316	0.0698572
317	0.0895991
318	0.0963253
319	0.0997804
320	0.117943
321	0.123685
322	0.123684
323	0.121577
324	0.141241
325	0.170319
326	0.206877
327	0.218988
328	0.217539
329	0.237448
330	0.26624
331	0.251042
332	0.253343
333	0.251693
334	0.257005
335	0.272847
336	0.249765
337	0.236941
338	0.265736
339	0.284899
340	0.3086
341	0.299041
342	0.305812
343	0.319051
344	0.277112
345	0.289996
346	0.309864
347	0.315327
348	0.310313
349	0.308782
350	0.343893
351	0.36259
352	0.341699
353	0.351035
354	0.400932
355	0.40894
356	0.376683
357	0.322835
358	0.29503
359	0.32809
360	0.404171
361	0.368832
362	0.377422
363	0.41493
364	0.419787
365	0.445627
366	0.510159
367	0.511666
368	0.482311
369	0.49789
370	0.525125
371	0.500086
372	0.487271
373	0.439797
374	0.402687
375	0.433428
376	0.485634
377	0.52698
378	0.613413
379	0.554128
380	0.523241
381	0.552151
382	0.441614
383	0.347193
384	0.388391
385	0.489153
386	0.47673
387	0.490433
388	0.482618
389	0.524336
390	0.600821
391	0.642508
392	0.596311
393	0.384123
394	0.395712
395	0.610035
396	0.563813
397	0.393229
398	0.647939
399	0.824424
400	0.871678
401	0.906436
402	0.934335
403	0.917276
404	0.922978
405	0.91012
406	0.889715
407	0.879713
408	0.91727
409	0.953109
410	0.867616
411	0.934135
412	0.986832
413	0.96342
414	0.954251
415	0.985303
416	1.01168
417	0.993232
418	0.964653
419	0.978302
420	0.937841
421	1.01935
422	1.02171
423	0.9973
424	0.996539
425	1.01755
426	0.994793
427	0.968836
428	0.963251
429	0.887204
430	0.734639
431	0.718909
432	1.02753
433	1.01725
434	0.963772
435	1.03796
436	1.12864
437	1.14049
438	1.03199
439	1.00729
440	1.11055
441	1.12752
442	1.18732
443	1.21002
444	1.19445
445	1.21485
446	1.14393
447	1.24164
448	1.27252
449	1.27888
450	1.32113
451	1.35718
452	1.31071
453	1.24056
454	1.29267
455	1.30212
456	1.33511
457	1.34952
458	1.32883
459	1.3178
460	1.3198
461	1.35381
462	1.37227
463	1.37256
464	1.34293
465	1.32474
466	1.33728
467	1.30552
468	1.34229
469	1.35064
470	1.31685
471	1.3369
472	1.38664
473	1.35936
474	1.37187
475	1.40657
476	1.38158
477	1.39411
478	1.42553
479	1.41061
480	1.42403
481	1.4243
482	1.42367
483	1.40739
484	1.3858
485	1.34667
486	1.16608
487	1.24778
488	1.33501
489	1.30588
490	1.40138
491	1.37208
492	1.3303
493	1.38371
494	1.38067
495	1.43339
496	1.39575
497	1.39973
498	1.37254
499	1.3693
500	1.36603
501	1.33582
502	1.34043
503	1.37999
504	1.33613
505	1.39912
506	1.44695
507	1.40201
508	1.37138
509	1.41115
510	1.39126
511	1.40859
512	1.42957
513	1.36606
514	1.33511
515	1.36603
516	1.34682
517	1.1777
518	1.26245
519	1.26586
520	1.35089
521	1.37687
522	1.39553
523	1.348
524	1.41448
525	1.41749
526	1.36335
527	1.25374
528	1.37475
529	1.4405
530	1.41571
531	1.46696
532	1.43676
533	1.32861
534	1.37986
535	1.41539
536	1.44446
537	1.37681
538	1.40958
539	1.38555
540	1.34188
541	1.31318
542	1.39372
543	1.39397
544	1.42601
545	1.40472
546	1.39743
547	1.40418
548	1.38371
549	1.4064
550	1.40091
551	1.40335
552	1.42084
553	1.39502
554	1.41343
555	1.42053
556	1.40029
557	1.37343
558	1.38332
559	1.33943
560	1.35777
561	1.40915
562	1.37463
563	1.40335
564	1.39429
565	1.38805
566	1.34398
567	1.40198
568	1.40516
569	1.38751
570	1.37836
571	1.34851
572	1.40489
573	1.41981
574	1.4112
575	1.38663
576	1.38103
577	1.39724
578	1.36907
579	1.37592
580	1.38377
581	1.38692
582	1.39956
583	1.40656
584	1.40127
585	1.39032
586	1.36611
587	1.38835
588	1.36321
589	1.25745
590	1.30437
591	1.36366
592	1.3613
593	1.35989
594	1.36115
595	1.35956
596	1.37326
597	1.37938
598	1.35874
599	1.35244
600	1.35673
601	1.34087
602	1.33175
603	1.3526
604	1.37457
605	1.37344
606	1.3695
607	1.37054
608	1.36591
609	1.3556
610	1.35045
611	1.34857
612	1.36438
613	1.34672
614	1.32109
615	1.34283
616	1.31809
617	1.30914
618	1.34583
619	1.35975
620	1.36373
621	1.36772
622	1.34673
623	1.34368
624	1.3366
625	1.31946
626	1.32337
627	1.35545
628	1.36242
629	1.36234
630	1.35113
631	1.3375
632	1.30358
633	1.3436
634	1.33599
635	1.33649
636	1.31968
637	1.34866
638	1.35935
639	1.34555
640	1.32047
641	1.31783
642	1.32133
643	1.33303
644	1.32628
645	1.33389
646	1.31476
647	1.32338
648	1.31553
649	1.28288
650	1.27495
651	1.32181
652	1.32011
653	1.32357
654	1.30733
655	1.24846
656	1.12499
657	1.15961
658	1.26724
659	1.28748
660	1.30254
661	1.3124
662	1.3139
663	1.30805
664	1.30429
665	1.31627
666	1.31144
667	1.29818
668	1.28832
669	1.29394
670	1.27212
671	1.26205
672	1.24663
673	1.24617
674	1.23687
675	1.22892
676	1.2355
677	1.22394
678	1.22374
679	1.21051
680	1.20654
681	1.20472
682	1.20197
683	1.19328
684	1.18468
685	1.17818
686	1.15669
687	1.17643
688	1.18515
689	1.1849
690	1.18269
691	1.17791
692	1.16912
693	1.17646
694	1.17885
695	1.17015
696	1.17164
697	1.17322
698	1.16568
699	1.17256
700	1.17034
701	1.16616
702	1.16418
703	1.17487
704	1.18798
705	1.19834
706	1.19127
707	1.18894
708	1.19387
709	1.19726
710	1.216
711	1.17485
712	1.14056
713	1.11759
714	1.10637
715	1.07982
716	1.07839
717	1.06987
718	1.04944
719	1.01485
720	1.03448
721	1.03681
722	1.03824
723	1.03116
724	1.03179
725	1.02834
726	1.02759
727	1.03276
728	1.0333
729	1.01062
730	1.04381
731	1.04111
732	1.05558
733	1.05657
734	1.08024
735	1.08444
736	1.0812
737	1.08927
738	1.09165
739	1.08285
740	1.11344
741	1.10947
742	1.10662
743	1.12789
744	1.1383
745	1.13452
746	1.13519
747	1.13594
748	1.13127
749	1.13112
750	1.12667
751	1.12794
752	1.13057
753	1.1334
754	1.14063
755	1.14007
756	1.12723
757	1.12665
758	1.13163
759	1.12093
760	1.12475
761	1.11963
762	1.11897
763	1.08827
764	1.06523
765	1.03532
766	0.988973
767	0.978969
768	0.986734
769	0.98214
770	0.985822
771	0.991809
772	0.998123
773	1.00482
774	1.012
775	1.01977
776	1.02726
777	1.03046
778	1.04172
779	1.06063
780	1.07606
781	1.07437
782	1.07949
783	1.07225
784	1.06506
785	1.07029
786	1.07103
787	1.06955
788	1.06248
789	1.05992
790	1.05176
791	1.04251
792	1.03327
793	1.02404
794	1.01596
795	1.01575
796	1.02453
797	1.0378
798	1.032
799	1.02173
800	1.00923
801	1.00426
802	0.99359
803	0.973143
804	0.966986
805	0.945615
806	0.95472
807	0.946176
808	0.938033
809	0.921873
810	0.921663
811	0.919564
812	0.921756
813	0.918937
814	0.914217
815	0.904553
816	0.900127
817	0.894135
818	0.876246
819	0.858603
820	0.854147
821	0.854767
822	0.842598
823	0.848319
824	0.844431
825	0.852102
826	0.866285
827	0.875093
828	0.877458
829	0.880592
830	0.891099
831	0.904475
832	0.910353
833	0.89592
834	0.908606
835	0.914974
836	0.923718
837	0.921747
838	0.923285
839	0.921805
840	0.9318
841	0.93176
842	0.919495
843	0.916139
844	0.907218
845	0.926233
846	0.927426
847	0.908491
848	0.906366
849	0.896411
850	0.840124
851	0.888723
852	0.89364
853	0.875465
854	0.806464
855	0.841912
856	0.895464
857	0.918306
858	0.922877
859	0.924378
860	0.920575
861	0.920115
862	0.927711
863	0.926791
864	0.911269
865	0.884702
866	0.810624
867	0.848691
868	0.885727
869	0.886068
870	0.895846
871	0.889862
872	0.896188
873	0.88893
874	0.874641
875	0.866806
876	0.883727
877	0.888552
878	0.885092
879	0.874137
880	0.871126
881	0.818977
882	0.813841
883	0.800469
884	0.793098
885	0.787617
886	0.761706
887	0.750797
888	0.754282
889	0.750684
890	0.742901
891	0.734122
892	0.722973
893	0.708709
894	0.7056
895	0.702956
896	0.702073
897	0.693819
898	0.685965
899	0.675707
900	0.669053
901	0.654263
902	0.64152
903	0.660056
904	0.659452
905	0.653122
906	0.650954
907	0.655435
908	0.65006
909	0.644387
910	0.651076
911	0.655384
912	0.655721
913	0.663569
914	0.665689
915	0.663863
916	0.666388
917	0.663691
918	0.663044
919	0.664636
920	0.659786
921	0.65018
922	0.642161
923	0.628255
924	0.64683
925	0.650936
926	0.582212
927	0.55358
928	0.519008
929	0.489599
930	0.464669
931	0.445146
932	0.425419
933	0.410351
934	0.393959
935	0.376112
936	0.361636
937	0.350489
938	0.35472
939	0.356204
940	0.353094
941	0.351042
942	0.346775
943	0.357431
944	0.356123
945	0.359984
946	0.365338
947	0.367897
948	0.371901
949	0.380818
950	0.387717
951	0.393596
952	0.403853
953	0.412482
954	0.416674
955	0.412323
956	0.434607
957	0.451558
958	0.468034
959	0.48453
960	0.49671
961	0.511387
962	0.531782
963	0.552244
964	0.574569
965	0.61139
966	0.61009
967	0.616298
968	0.614604
969	0.618729
970	0.623052
971	0.621829
972	0.627133
973	0.62575
974	0.621705
975	0.627334
976	0.635476
977	0.635308
978	0.641048
979	0.639941
980	0.648093
981	0.651212
982	0.657402
983	0.658014
984	0.657248
985	0.660788
986	0.661383
987	0.664435
988	0.66622
989	0.664671
990	0.67031
991	0.678636
992	0.681878
993	0.688509
994	0.694774
995	0.691865
996	0.689763
997	0.683063
998	0.682107
999	0.681833
1000	0.683177
1001	0.686355
1002	0.686098
1003	0.679392
1004	0.668429
1005	0.639386
1006	0.659272
1007	0.672725
1008	0.675467
1009	0.673489
1010	0.674172
1011	0.671154
1012	0.669644
1013	0.666749
1014	0.667215
1015	0.659927
1016	0.660157
1017	0.657038
1018	0.660531
1019	0.648605
1020	0.650364
1021	0.651546
1022	0.645886
1023	0.649525
1024	0.651781
1025	0.651021
1026	0.650857
1027	0.649294
1028	0.649259
1029	0.645156
1030	0.645955
1031	0.645254
1032	0.644098
1033	0.636638
1034	0.638788
1035	0.641196
1036	0.641172
1037	0.636468
1038	0.634728
1039	0.637962
1040	0.635826
1041	0.636
1042	0.635457
1043	0.631624
1044	0.632617
1045	0.628189
1046	0.617038
1047	0.623573
1048	0.628808
1049	0.626971
1050	0.623954
1051	0.623767
1052	0.620985
1053	0.619618
1054	0.618486
1055	0.620184
1056	0.619051
1057	0.617447
1058	0.610888
1059	0.598902
1060	0.607789
1061	0.601586
1062	0.608002
1063	0.603563
1064	0.608677
1065	0.607428
1066	0.597908
1067	0.599255
1068	0.596343
1069	0.574192
1070	0.58569
1071	0.578935
1072	0.572911
1073	0.560317
1074	0.561462
1075	0.550871
1076	0.550247
1077	0.547038
1078	0.542979
1079	0.532845
1080	0.534053
1081	0.521743
1082	0.515084
1083	0.517175
1084	0.518585
1085	0.516038
1086	0.51358
1087	0.49793
1088	0.503557
1089	0.504012
1090	0.499648
1091	0.498643
1092	0.489989
1093	0.48092
1094	0.462075
1095	0.471065
1096	0.474051
1097	0.475437
1098	0.471508
1099	0.468424
1100	0.477155
1101	0.419532
1102	0.37508
1103	0.351458
1104	0.328206
1105	0.307577
1106	0.289818
1107	0.273422
1108	0.260126
1109	0.247852
1110	0.236928
1111	0.225751
1112	0.216107
1113	0.206509
1114	0.199861
1115	0.19192
1116	0.183575
1117	0.178289
1118	0.170043
1119	0.163864
1120	0.157994
1121	0.162925
1122	0.168163
1123	0.172754
1124	0.177338
1125	0.181115
1126	0.182617
1127	0.190054
1128	0.198007
1129	0.204502
1130	0.210372
1131	0.210894
1132	0.210765
1133	0.208189
1134	0.207606
1135	0.207253
1136	0.206722
1137	0.202392
1138	0.199543
1139	0.201308
1140	0.201475
1141	0.198151
1142	0.200135
1143	0.198631
1144	0.196821
1145	0.197672
1146	0.204911
1147	0.211188
1148	0.216559
1149	0.222669
1150	0.229339
1151	0.236682
1152	0.244173
1153	0.253715
1154	0.265142
1155	0.275829
1156	0.285272
1157	0.299516
1158	0.313615
1159	0.326318
1160	0.34148
1161	0.36041
1162	0.370836
1163	0.377134
1164	0.376869
1165	0.383249
1166	0.381942
1167	0.390001
1168	0.396048
1169	0.392482
1170	0.403614
1171	0.407014
1172	0.407846
1173	0.406671
1174	0.407034
1175	0.402083
1176	0.39828
1177	0.405469
1178	0.404106
1179	0.404123
1180	0.408757
1181	0.408112
1182	0.405397
1183	0.391497
1184	0.403928
1185	0.41027
1186	0.411374
1187	0.411992
1188	0.407606
1189	0.394842
1190	0.40758
1191	0.415749
1192	0.416568
1193	0.417099
1194	0.417856
1195	0.416173
1196	0.416765
1197	0.415208
1198	0.407654
1199	0.399437
1200	0.415958
1201	0.422385
1202	0.421631
1203	0.409804
1204	0.40892
1205	0.418138
1206	0.418321
1207	0.418442
1208	0.409589
1209	0.39645
1210	0.409376
1211	0.405637
1212	0.412448
1213	0.414556
1214	0.413429
1215	0.414229
1216	0.414213
1217	0.413909
1218	0.412774
1219	0.410923
1220	0.412402
1221	0.412524
1222	0.411393
1223	0.409433
1224	0.4133
1225	0.413016
1226	0.412996
1227	0.406952
1228	0.41091
1229	0.414393
1230	0.414464
1231	0.41427
1232	0.412406
1233	0.414356
1234	0.41445
1235	0.414233
1236	0.417656
1237	0.419355
1238	0.420573
1239	0.420182
1240	0.424391
1241	0.425232
1242	0.42239
1243	0.417241
1244	0.414231
1245	0.413892
1246	0.414849
1247	0.41381
1248	0.414611
1249	0.413193
1250	0.411138
1251	0.407668
1252	0.404004
1253	0.404054
1254	0.403349
1255	0.401769
1256	0.399883
1257	0.397251
1258	0.397174
1259	0.394909
1260	0.395081
1261	0.393291
1262	0.389109
1263	0.390415
1264	0.38649
1265	0.386177
1266	0.386856
1267	0.381679
1268	0.378806
1269	0.380703
1270	0.381961
1271	0.382876
1272	0.382067
1273	0.382009
1274	0.380936
1275	0.383305
1276	0.384991
1277	0.385759
1278	0.385604
1279	0.38409
1280	0.38143
1281	0.369013
1282	0.341569
1283	0.363029
1284	0.378488
1285	0.382887
1286	0.384772
1287	0.386834
1288	0.387001
1289	0.388646
1290	0.385846
1291	0.381258
1292	0.378075
1293	0.373946
1294	0.366658
1295	0.365319
1296	0.363551
1297	0.359062
1298	0.354533
1299	0.354528
1300	0.35176
1301	0.348776
1302	0.344313
1303	0.340894
1304	0.338392
1305	0.339275
1306	0.33834
1307	0.336945
1308	0.335085
1309	0.333578
1310	0.33111
1311	0.328887
1312	0.324702
1313	0.317346
1314	0.321318
1315	0.315186
1316	0.315112
1317	0.31806
1318	0.31497
1319	0.316992
1320	0.315295
1321	0.272813
1322	0.246431
1323	0.226566
1324	0.210333
1325	0.196187
1326	0.18348
1327	0.172184
1328	0.162955
1329	0.151816
1330	0.145554
1331	0.139469
1332	0.131422
1333	0.127391
1334	0.122379
1335	0.117069
1336	0.111608
1337	0.107352
1338	0.102819
1339	0.0979781
1340	0.0942153
1341	0.0922738
1342	0.089015
1343	0.0859863
1344	0.0831688
1345	0.0803863
1346	0.0772797
1347	0.0750506
1348	0.0726319
1349	0.0701625
1350	0.0673994
1351	0.0623057
1352	0.0580347
1353	0.0537984
1354	0.0498532
1355	0.0460129
1356	0.0429243
1357	0.0398549
1358	0.0377394
1359	0.0353782
1360	0.0330305
1361	0.0313543
1362	0.0294676
1363	0.0274427
1364	0.0261146
1365	0.0246812
1366	0.0233161
1367	0.0219334
1368	0.020886
1369	0.0195578
1370	0.0185248
1371	0.0176269
1372	0.0169009
1373	0.0161038
1374	0.0153015
1375	0.0143823
1376	0.0136148
1377	0.013078
1378	0.0124856
1379	0.0119808
1380	0.0113904
1381	0.01088
1382	0.0103027
1383	0.00986778
1384	0.00947515
1385	0.00901286
1386	0.00866491
1387	0.00824856
1388	0.00793387
1389	0.00761226
1390	0.00721081
1391	0.00697843
1392	0.0067076
1393	0.00641065
1394	0.00612873
1395	0.00588854
1396	0.0061199
1397	0.00635465
1398	0.00660859
1399	0.00682691
1400	0.00693785
1401	0.00719861
1402	0.00755757
1403	0.0078109
1404	0.00813231
1405	0.00845834
1406	0.00884314
1407	0.00919862
1408	0.00956923
1409	0.00999592
1410	0.0104045
1411	0.0107749
1412	0.0110379
1413	0.0116182
1414	0.012276
1415	0.0128526
1416	0.0134038
1417	0.0140966
1418	0.0147953
1419	0.0153773
1420	0.0160936
1421	0.0169624
1422	0.0175647
1423	0.0184144
1424	0.0193713
1425	0.0205501
1426	0.0212449
1427	0.0225618
1428	0.023963
1429	0.0249564
1430	0.0263485
1431	0.0280541
1432	0.0302495
1433	0.0321379
1434	0.0337387
1435	0.0360165
1436	0.0384655
1437	0.0411669
1438	0.043939
1439	0.0471383
1440	0.0489584
1441	0.0529229
1442	0.0572107
1443	0.0606154
1444	0.0624179
1445	0.0641697
1446	0.0661521
1447	0.0676358
1448	0.0699166
1449	0.0717716
1450	0.0733601
1451	0.0747501
1452	0.0769016
1453	0.0793767
1454	0.0814574
1455	0.0837083
1456	0.0860393
1457	0.0893904
1458	0.0934205
1459	0.0969304
1460	0.099669
1461	0.102823
1462	0.105803
1463	0.107191
1464	0.107321
1465	0.108193
1466	0.107368
1467	0.108546
1468	0.107721
1469	0.108508
1470	0.107946
1471	0.106425
1472	0.106737
1473	0.106484
1474	0.104439
1475	0.105714
1476	0.106248
1477	0.106041
1478	0.108446
1479	0.11197
1480	0.115052
1481	0.117074
1482	0.120531
1483	0.122033
1484	0.126543
1485	0.131472
1486	0.134142
1487	0.135325
1488	0.1291
1489	0.14374
1490	0.1516
1491	0.157254
1492	0.161835
1493	0.169615
1494	0.176936
1495	0.183655
1496	0.188199
1497	0.200745
1498	0.203662
1499	0.204067
1500	0.208588
1501	0.210228
1502	0.208039
1503	0.196004
1504	0.201903
1505	0.199848
1506	0.208928
1507	0.217592
1508	0.218506
1509	0.220075
1510	0.225993
1511	0.228829
1512	0.22819
1513	0.229962
1514	0.232349
1515	0.237592
1516	0.241192
1517	0.244992
1518	0.252952
1519	0.257402
1520	0.268835
1521	0.264283
1522	0.263379
1523	0.266355
1524	0.266876
1525	0.263188
1526	0.267856
1527	0.26713
1528	0.268181
1529	0.265363
1530	0.255948
1531	0.265678
1532	0.267532
1533	0.265144
1534	0.261957
1535	0.264267
1536	0.267237
1537	0.267178
1538	0.262684
1539	0.265027
1540	0.257942
1541	0.258661
1542	0.259463
1543	0.258975
1544	0.25964
1545	0.259658
1546	0.257986
1547	0.254274
1548	0.249113
1549	0.251519
1550	0.249666
1551	0.249805
1552	0.251111
1553	0.248191
1554	0.24346
1555	0.243218
1556	0.241057
1557	0.244712
1558	0.243705
1559	0.243457
1560	0.242293
1561	0.245473
1562	0.244894
1563	0.243863
1564	0.241799
1565	0.243983
1566	0.242166
1567	0.2423
1568	0.240371
1569	0.242135
1570	0.242176
1571	0.246514
1572	0.247168
1573	0.244707
1574	0.24224
1575	0.233607
1576	0.238739
1577	0.226946
1578	0.239399
1579	0.245338
1580	0.247289
1581	0.246777
1582	0.239492
1583	0.240393
1584	0.238846
1585	0.243376
1586	0.241021
1587	0.237728
1588	0.231651
1589	0.219515
1590	0.224173
1591	0.225912
1592	0.23463
1593	0.238924
1594	0.237992
1595	0.237312
1596	0.228657
1597	0.230428
1598	0.234739
1599	0.231441
1600	0.23161
1601	0.226608
1602	0.22817
1603	0.228476
1604	0.228549
1605	0.226347
1606	0.225515
1607	0.224471
1608	0.227299
1609	0.225123
1610	0.214755
1611	0.218792
1612	0.220688
1613	0.224312
1614	0.223946
1615	0.22279
1616	0.215429
1617	0.218199
1618	0.224465
1619	0.223595
1620	0.218329
1621	0.218304
1622	0.221567
1623	0.226061
1624	0.226744
1625	0.224299
1626	0.226644
1627	0.228031
1628	0.229813
1629	0.230786
1630	0.230079
1631	0.230984
1632	0.230806
1633	0.228202
1634	0.226093
1635	0.228567
1636	0.227785
1637	0.220484
1638	0.218624
1639	0.215434
1640	0.217429
1641	0.216414
1642	0.21673
1643	0.219932
1644	0.218195
1645	0.217549
1646	0.220268
1647	0.220707
1648	0.220068
1649	0.216897
1650	0.218659
1651	0.216695
1652	0.218709
1653	0.217229
1654	0.217917
1655	0.216198
1656	0.217243
1657	0.217336
1658	0.216218
1659	0.214148
1660	0.215321
1661	0.216129
1662	0.215379
1663	0.214515
1664	0.214123
1665	0.212416
1666	0.210834
1667	0.210809
1668	0.208259
1669	0.209677
1670	0.212661
1671	0.211313
1672	0.205174
1673	0.207314
1674	0.20957
1675	0.20739
1676	0.205095
1677	0.206277
1678	0.206854
1679	0.203231
1680	0.19628
1681	0.189788
1682	0.192622
1683	0.197371
1684	0.19988
1685	0.200171
1686	0.197897
1687	0.197881
1688	0.197291
1689	0.194846
1690	0.194633
1691	0.197116
1692	0.197162
1693	0.196166
1694	0.195756
1695	0.195364
1696	0.194277
1697	0.193208
1698	0.192719
1699	0.191425
1700	0.188999
1701	0.188413
1702	0.188144
1703	0.18765
1704	0.187116
1705	0.186522
1706	0.185467
1707	0.184344
1708	0.183227
1709	0.182115
1710	0.18119
1711	0.18136
1712	0.181713
1713	0.182068
1714	0.182424
1715	0.182628
1716	0.181876
1717	0.180973
1718	0.180074
1719	0.179178
1720	0.178358
1721	0.177937
1722	0.177591
1723	0.177246
1724	0.176904
1725	0.176501
1726	0.175688
1727	0.174815
1728	0.173945
1729	0.173078
1730	0.172062
1731	0.170104
1732	0.167999
1733	0.165899
1734	0.163803
1735	0.162138
1736	0.162998
1737	0.164284
1738	0.165568
1739	0.166851
1740	0.167868
1741	0.154868
1742	0.145843
1743	0.138649
1744	0.132559
1745	0.127284
1746	0.122864
1747	0.118919
1748	0.115313
1749	0.111988
1750	0.108918
1751	0.106133
1752	0.103538
1753	0.101096
1754	0.0987879
1755	0.0965646
1756	0.0942169
1757	0.0919444
1758	0.089774
1759	0.0876974
1760	0.0857308
1761	0.083982
1762	0.0823242
1763	0.0807292
1764	0.0791927
1765	0.077711
1766	0.0762808
1767	0.0748988
1768	0.0735623
1769	0.0722687
1770	0.070988
1771	0.0695681
1772	0.0681643
1773	0.0668021
1774	0.0654796
1775	0.0642313
1776	0.0632335
1777	0.0622981
1778	0.0613875
1779	0.0605005
1780	0.0596193
1781	0.05866
1782	0.0577083
1783	0.0567803
1784	0.0558748
1785	0.055007
1786	0.0542532
1787	0.0535321
1788	0.0528273
1789	0.0521381
1790	0.0514434
1791	0.0506294
1792	0.0498133
1793	0.0490151
1794	0.0482343
1795	0.0474702
1796	0.0467223
1797	0.0459902
1798	0.0452733
1799	0.0445712
1800	0.0439096
1801	0.0406068
1802	0.037706
1803	0.0351187
1804	0.0327965
1805	0.0306971
1806	0.0287661
1807	0.0270056
1808	0.0253973
1809	0.0239233
1810	0.0225215
1811	0.0209659
1812	0.0194965
1813	0.0181462
1814	0.016903
1815	0.0158051
1816	0.0150639
1817	0.0144146
1818	0.0138046
1819	0.0132308
1820	0.0126863
1821	0.01215
1822	0.0116408
1823	0.0111603
1824	0.0107064
1825	0.0102663
1826	0.00978614
1827	0.00932371
1828	0.00888771
1829	0.00847629
1830	0.00809182
1831	0.00774983
1832	0.00742946
1833	0.00712552
1834	0.00683695
1835	0.00656197
1836	0.00629419
1837	0.00603889
1838	0.00579611
1839	0.0055651
1840	0.00534448
1841	0.00512905
1842	0.00492326
1843	0.0047272
1844	0.00454032
1845	0.00436438
1846	0.00420858
1847	0.00406164
1848	0.00392095
1849	0.00378619
1850	0.00365585
1851	0.003524
1852	0.00339665
1853	0.0032747
1854	0.00315789
1855	0.00304595
1856	0.00293865
1857	0.00283575
1858	0.00273706
1859	0.00264236
1860	0.00255147
1861	0.00259226
1862	0.00263387
1863	0.00267631
1864	0.00271962
1865	0.00276438
1866	0.00281274
1867	0.00286274
1868	0.00291385
1869	0.00296609
1870	0.00301288
1871	0.00301929
1872	0.00301816
1873	0.00301608
1874	0.003013
1875	0.00302551
1876	0.00313849
1877	0.00327236
1878	0.00341062
1879	0.00355342
1880	0.00369086
1881	0.0037711
1882	0.00384295
1883	0.00391652
1884	0.00399187
1885	0.00406571
1886	0.00411968
1887	0.00417106
1888	0.00422321
1889	0.00427615
1890	0.00433298
1891	0.00440971
1892	0.00449144
1893	0.00457516
1894	0.00466091
1895	0.0047522
1896	0.00486692
1897	0.00498856
1898	0.0051138
1899	0.00524277
1900	0.00537292
1901	0.00548891
1902	0.00560529
1903	0.00572488
1904	0.00584778
1905	0.00597325
1906	0.00609519
1907	0.00621955
1908	0.00634731
1909	0.00647857
1910	0.00661493
1911	0.00676205
1912	0.00691502
1913	0.00707255
1914	0.00723482
1915	0.00740203
1916	0.00757436
1917	0.00775203
1918	0.00793525
1919	0.00812426
1920	0.00831929
1921	0.00810438
1922	0.00812106
1923	0.00818794
1924	0.00828329
1925	0.00839588
1926	0.0085057
1927	0.00862579
1928	0.00875797
1929	0.00890148
1930	0.0090628
1931	0.00927758
1932	0.00951266
1933	0.0097615
1934	0.0100246
1935	0.010297
1936	0.0105479
1937	0.010807
1938	0.0110805
1939	0.0113693
1940	0.0116563
1941	0.0118482
1942	0.0120313
1943	0.0122238
1944	0.0124263
1945	0.0126817
1946	0.0132131
1947	0.013824
1948	0.0144758
1949	0.0151722
1950	0.0159051
1951	0.0166123
1952	0.0173579
1953	0.0181604
1954	0.0190264
1955	0.0199481
1956	0.0208509
1957	0.0218168
1958	0.0228731
1959	0.0240342
1960	0.025314
1961	0.0260599
1962	0.0268392
1963	0.0276591
1964	0.028523
1965	0.0294586
1966	0.0305973
1967	0.0318326
1968	0.0331476
1969	0.0345508
1970	0.0360312
1971	0.0374791
1972	0.0390126
1973	0.0406656
1974	0.0424547
1975	0.0444001
1976	0.046527
1977	0.048867
1978	0.0514611
1979	0.054364
1980	0.0576651
1981	0.0615318
1982	0.0660853
1983	0.0715911
1984	0.078584
1985	0.0884211
1986	0.0769272
1987	0.0706039
1988	0.0659277
1989	0.0621571
1990	0.0589295
1991	0.0558504
1992	0.0530779
1993	0.0505883
1994	0.04833
1995	0.0462968
1996	0.0445936
1997	0.0430481
1998	0.0416124
1999	0.040273
2000	0.0390025
2001	0.0377122
2002	0.0364814
2003	0.0353195
2004	0.0342202
2005	0.0331926
2006	0.0338964
2007	0.0346412
2008	0.0354144
2009	0.0362178
2010	0.0370469
2011	0.0378572
2012	0.0386947
2013	0.0395682
2014	0.0404806
2015	0.0414276
2016	0.04236
2017	0.0433306
2018	0.0443508
2019	0.0454255
2020	0.0465811
2021	0.0479329
2022	0.0493902
2023	0.0509426
2024	0.0526023
2025	0.0543602
2026	0.0561069
2027	0.0579799
2028	0.0600326
2029	0.0623048
2030	0.0648707
2031	0.0678857
2032	0.071431
2033	0.0757509
2034	0.0814623
2035	0.0914612
2036	0.0905387
2037	0.0896646
2038	0.0888416
2039	0.0880603
2040	0.0873793
2041	0.087085
2042	0.0868779
2043	0.08669
2044	0.0865191
2045	0.0863076
2046	0.0857437
2047	0.0851396
2048	0.0845501
2049	0.0839741
2050	0.0834344
2051	0.0830161
2052	0.0826318
2053	0.0822571
2054	0.0818917
2055	0.0815195
2056	0.0810319
2057	0.0805375
2058	0.0800515
2059	0.0795738
2060	0.079127
2061	0.0787952
2062	0.0784933
2063	0.0781983
2064	0.0779101
2065	0.0776285
2066	0.0777325
2067	0.0778392
2068	0.0779489
2069	0.0780616
2070	0.0782007
2071	0.0784521
2072	0.0787313
2073	0.0790154
2074	0.0793045
2075	0.0795675
2076	0.07963
2077	0.0796649
2078	0.0797039
2079	0.0797472
2080	0.0798112
2081	0.0799611
2082	0.0801334
2083	0.0803126
2084	0.0804991
2085	0.0807018
2086	0.0809297
2087	0.0811755
2088	0.081432
2089	0.0817003
2090	0.0819647
2091	0.082159
2092	0.0823516
2093	0.0825615
2094	0.0827914
2095	0.0830794
2096	0.0836225
2097	0.0842388
2098	0.0849036
2099	0.0856316
2100	0.0864385
2101	0.086421
2102	0.086395
2103	0.0863694
2104	0.0863443
2105	0.0863017
2106	0.0861514
2107	0.0859835
2108	0.0858159
2109	0.0856487
2110	0.085491
2111	0.0854061
2112	0.0853308
2113	0.0852561
2114	0.0851821
2115	0.0851087
2116	0.0850178
2117	0.0849277
2118	0.0848383
2119	0.0847497
2120	0.0846619
2121	0.0845568
2122	0.0844526
2123	0.0843493
2124	0.0842471
2125	0.0841734
2126	0.084247
2127	0.0843495
2128	0.0844538
2129	0.0845598
2130	0.0846311
2131	0.0845026
2132	0.0843393
2133	0.0841779
2134	0.0840186
2135	0.0838894
2136	0.0839471
2137	0.0840359
2138	0.0841287
2139	0.0842259
2140	0.0843004
2141	0.0842139
2142	0.084106
2143	0.0840058
2144	0.083915
2145	0.083864
2146	0.0839596
2147	0.0841054
2148	0.0842833
2149	0.0842358
2150	0.084179
2151	0.0840283
2152	0.0838684
2153	0.0837086
2154	0.0835488
2155	0.0833891
2156	0.0831919
2157	0.0829949
2158	0.0827979
2159	0.082601
2160	0.0822917
2161	0.0812888
2162	0.0801737
2163	0.0790589
2164	0.0779444
2165	0.0770456
2166	0.0774587
2167	0.0780872
2168	0.0787155
2169	0.0793438
2170	0.0799064
2171	0.0800382
2172	0.0801044
2173	0.0801707
2174	0.080237
2175	0.0802659
2176	0.0800702
2177	0.0798371
2178	0.0796041
2179	0.0793712
2180	0.0791664
2181	0.0791488
2182	0.0791593
2183	0.0791698
2184	0.0791803
2185	0.0791534
2186	0.0788835
2187	0.0785763
2188	0.0782692
2189	0.0779622
2190	0.077702
2191	0.0777222
2192	0.0777891
2193	0.0778561
2194	0.077923
2195	0.077962
2196	0.0778515
2197	0.0777131
2198	0.0775747
2199	0.0774284
2200	0.0772541
2201	0.0769121
2202	0.0765422
2203	0.0761725
2204	0.075803
2205	0.0754804
2206	0.0754002
2207	0.0753668
2208	0.0753334
2209	0.0753001
2210	0.0752575
2211	0.0751777
2212	0.0750887
2213	0.0749997
2214	0.0749109
2215	0.0748221
2216	0.0747333
2217	0.0746447
2218	0.0745561
2219	0.0744676
2220	0.0743606
2221	0.0741421
2222	0.0739051
2223	0.0736682
2224	0.0734315
2225	0.0732135
2226	0.073107
2227	0.0730192
2228	0.0729315
2229	0.0728438
2230	0.0727562
2231	0.0726501
2232	0.072544
2233	0.0724381
2234	0.0723322
2235	0.0722078
2236	0.0719537
2237	0.0716812
2238	0.0714089
2239	0.0711367
2240	0.0708924
2241	0.0708149
2242	0.0707652
2243	0.0707156
2244	0.0706661
2245	0.0705981
2246	0.0704376
2247	0.0702587
2248	0.0700798
2249	0.0699011
2250	0.0697224
2251	0.0695069
2252	0.0692915
2253	0.0690761
2254	0.0688609
2255	0.0686643
2256	0.068597
2257	0.0685483
2258	0.0684996
2259	0.068451
2260	0.0683932
2261	0.0682431
2262	0.0680839
2263	0.0679247
2264	0.0677656
2265	0.0676251
2266	0.0675584
2267	0.0675102
2268	0.067462
2269	0.0674138
2270	0.0673565
2271	0.0670976
2272	0.0668362
2273	0.066581
2274	0.0663313
2275	0.0660685
2276	0.0657197
2277	0.0653576
2278	0.065
2279	0.0646468
2280	0.0643246
2281	0.0641679
2282	0.064041
2283	0.0639166
2284	0.0637947
2285	0.0636751
2286	0.0635221
2287	0.0633713
2288	0.0632226
2289	0.0630759
2290	0.0628957
2291	0.0624881
2292	0.062048
2293	0.0616105
2294	0.0611756
2295	0.0607957
2296	0.0606982
2297	0.0606545
2298	0.0606118
2299	0.0605701
2300	0.0605208
2301	0.060403
2302	0.0602777
2303	0.0601536
2304	0.0600306
2305	0.0599001
2306	0.0597362
2307	0.0595648
2308	0.0593946
2309	0.0592255
2310	0.0590574
2311	0.0588562
2312	0.0586562
2313	0.0584572
2314	0.0582594
2315	0.0580625
2316	0.0578838
2317	0.0577059
2318	0.0575291
2319	0.0573531
2320	0.0571527
2321	0.0567674
2322	0.0563582
2323	0.0559504
2324	0.0555441
2325	0.055198
2326	0.0551721
2327	0.0552054
2328	0.0552389
2329	0.0552727
2330	0.0552817
2331	0.0551576
2332	0.055009
2333	0.0548611
2334	0.0547139
2335	0.0545673
2336	0.0544213
2337	0.054276
2338	0.0541313
2339	0.0539873
2340	0.053852
2341	0.0537669
2342	0.0536904
2343	0.0536144
2344	0.0535388
2345	0.0534472
2346	0.0532739
2347	0.0530849
2348	0.0528966
2349	0.0527089
2350	0.0525054
2351	0.0521884
2352	0.051856
2353	0.0515245
2354	0.0511939
2355	0.0509129
2356	0.0508925
2357	0.0509209
2358	0.0509495
2359	0.0509781
2360	0.0509989
2361	0.0499025
2362	0.0489023
2363	0.0479845
2364	0.0471338
2365	0.046332
2366	0.0455204
2367	0.0447452
2368	0.0440083
2369	0.0433057
2370	0.0426268
2371	0.0419353
2372	0.0412635
2373	0.040616
2374	0.0399909
2375	0.0394122
2376	0.0389789
2377	0.0385851
2378	0.0382043
2379	0.0378355
2380	0.0374294
2381	0.0367589
2382	0.0360575
2383	0.0353729
2384	0.0347042
2385	0.0341083
2386	0.0338681
2387	0.0336907
2388	0.0335181
2389	0.0333501
2390	0.0331645
2391	0.0328527
2392	0.032526
2393	0.032206
2394	0.0318926
2395	0.0315853
2396	0.0312737
2397	0.0309679
2398	0.030668
2399	0.0303735
2400	0.0300844
2401	0.0298104
2402	0.0295413
2403	0.0292768
2404	0.0290169
2405	0.0287613
2406	0.0285196
2407	0.0282818
2408	0.0280479
2409	0.0278178
2410	0.0275679
2411	0.0271831
2412	0.0267812
2413	0.0263852
2414	0.0259951
2415	0.0256466
2416	0.0254994
2417	0.0253898
2418	0.0252818
2419	0.0251753
2420	0.0250573
2421	0.0248548
2422	0.0246422
2423	0.0244325
2424	0.0242256
2425	0.0240256
2426	0.0238532
2427	0.0236872
2428	0.0235234
2429	0.0233616
2430	0.0231978
2431	0.0229958
2432	0.0227922
2433	0.0225912
2434	0.0223927
2435	0.0222004
2436	0.0220418
2437	0.0218889
2438	0.0217378
2439	0.0215885
2440	0.021437
2441	0.0212571
2442	0.0210754
2443	0.0208959
2444	0.0207184
2445	0.0205391
2446	0.0203473
2447	0.0201539
2448	0.0199627
2449	0.0197735
2450	0.0195937
2451	0.0189522
2452	0.0183523
2453	0.0177839
2454	0.0172444
2455	0.0167376
2456	0.016285
2457	0.015859
2458	0.0154519
2459	0.0150624
2460	0.0146866
2461	0.0143053
2462	0.013937
2463	0.0135834
2464	0.0132436
2465	0.012912
2466	0.0125698
2467	0.0122359
2468	0.0119144
2469	0.0116046
2470	0.0113102
2471	0.0110551
2472	0.0108127
2473	0.0105782
2474	0.0103513
2475	0.010126
2476	0.00987071
2477	0.0096183
2478	0.00937411
2479	0.00913777
2480	0.00891407
2481	0.00872081
2482	0.00853824
2483	0.008361
2484	0.00818887
2485	0.00802475
2486	0.00788041
2487	0.00774289
2488	0.00760896
2489	0.00747847
2490	0.00733863
2491	0.00712504
2492	0.00690559
2493	0.00669271
2494	0.00648614
2495	0.00630495
2496	0.00623754
2497	0.00618993
2498	0.00614282
2499	0.00609621
2500	0.00604067
2501	0.00364376
2502	0.00235219
2503	0.00158938
2504	0.00111008
2505	0.000795147
2506	0.000580139
2507	0.000430356
2508	0.000323802
2509	0.000246615
2510	0.00018987
2511	0.000147736
2512	0.000115939
2513	9.1671e-05
2514	7.29765e-05
2515	5.84549e-05
2516	4.71085e-05
2517	3.81632e-05
2518	3.10661e-05
2519	2.54024e-05
2520	2.08626e-05
2521	1.72155e-05
2522	1.42612e-05
2523	1.18547e-05
2524	9.8863e-06
2525	8.27188e-06
2526	6.94999e-06
2527	5.85674e-06
2528	4.94843e-06
2529	4.19145e-06
2530	3.55801e-06
2531	3.02083e-06
2532	2.56979e-06
2533	2.19065e-06
2534	1.87118e-06
2535	1.60169e-06
2536	1.37472e-06
2537	1.18225e-06
2538	1.01848e-06
2539	8.78832e-07
2540	7.59541e-07
2541	6.57733e-07
2542	5.70418e-07
2543	4.95405e-07
2544	4.30855e-07
2545	3.75221e-07
2546	3.27057e-07
2547	2.85436e-07
2548	2.49418e-07
2549	2.18205e-07
2550	1.9112e-07
2551	1.67513e-07
2552	1.46983e-07
2553	1.29106e-07
2554	1.13521e-07
2555	9.99188e-08
2556	8.79944e-08
2557	7.75675e-08
2558	6.84401e-08
2559	6.04418e-08
2560	5.34376e-08
2561	4.7328e-08
2562	4.19619e-08
2563	3.72354e-08
2564	3.30682e-08
2565	2.93908e-08
2566	2.61312e-08
2567	2.32509e-08
2568	2.07035e-08
2569	1.84487e-08
2570	1.64513e-08
2571	1.46739e-08
2572	1.30975e-08
2573	1.16984e-08
2574	1.04556e-08
2575	9.35094e-09
2576	8.36829e-09
2577	7.49358e-09
2578	6.71441e-09
2579	6.01988e-09
2580	5.39916e-09
2581	4.83864e-09
2582	4.33776e-09
2583	3.89086e-09
2584	3.4919e-09
2585	3.13696e-09
2586	2.82872e-09
2587	2.55329e-09
2588	2.30587e-09
2589	2.08349e-09
2590	1.88307e-09
2591	1.69963e-09
2592	1.53444e-09
2593	1.38597e-09
2594	1.25245e-09
2595	1.13258e-09
2596	1.02561e-09
2597	9.29367e-10
2598	8.42534e-10
2599	7.64147e-10
2600	6.93353e-10
2601	5.43754e-10
2602	4.73434e-10
2603	4.20392e-10
2604	3.77213e-10
2605	3.4078e-10
2606	3.09094e-10
2607	2.81415e-10
2608	2.56993e-10
2609	2.3528e-10
2610	2.1586e-10
2611	1.98501e-10
2612	1.82832e-10
2613	1.6864e-10
2614	1.5575e-10
2615	1.44011e-10
2616	1.33172e-10
2617	1.23268e-10
2618	1.14202e-10
2619	1.0589e-10
2620	9.82115e-11
2621	9.08499e-11
2622	8.40538e-11
2623	7.78127e-11
2624	7.20757e-11
2625	6.68795e-11
2626	6.25199e-11
2627	5.85463e-11
2628	5.48519e-11
2629	5.14144e-11
2630	4.81904e-11
2631	4.50565e-11
2632	4.21235e-11
2633	3.93972e-11
2634	3.68615e-11
2635	3.44936e-11
2636	3.22104e-11
2637	3.00811e-11
2638	2.81016e-11
2639	2.62606e-11
2640	2.45598e-11
2641	2.30448e-11
2642	2.16404e-11
2643	2.03276e-11
2644	1.90999e-11
2645	1.79513e-11
2646	1.68595e-11
2647	1.58383e-11
2648	1.48827e-11
2649	1.39883e-11
2650	1.31509e-11
2651	1.23542e-11
2652	1.16084e-11
2653	1.09101e-11
2654	1.02561e-11
2655	9.64582e-12
2656	9.08297e-12
2657	8.55693e-12
2658	8.06303e-12
2659	7.5992e-12
2660	7.16167e-12
2661	6.74039e-12
2662	6.34347e-12
2663	5.97103e-12
2664	5.62147e-12
2665	5.29603e-12
2666	5.00056e-12
2667	4.72485e-12
2668	4.46511e-12
2669	4.22039e-12
2670	3.98873e-12
2671	3.76078e-12
2672	3.54551e-12
2673	3.34309e-12
2674	3.15271e-12
2675	2.97439e-12
2676	2.8095e-12
2677	2.65484e-12
2678	2.50907e-12
2679	2.37167e-12
2680	2.24211e-12
2681	2.11994e-12
2682	2.00472e-12
2683	1.89603e-12
2684	1.79348e-12
2685	1.69671e-12
2686	1.6037e-12
2687	1.51599e-12
2688	1.43326e-12
2689	1.35522e-12
2690	1.2816e-12
2691	1.21276e-12
2692	1.14777e-12
2693	1.0864e-12
2694	1.02844e-12
2695	9.73685e-13
2696	9.21467e-13
2697	8.72151e-13
2698	8.25571e-13
2699	7.81568e-13
2700	7.40194e-13
2701	7.9335e-13
2702	8.50754e-13
2703	9.12531e-13
2704	9.7903e-13
2705	1.05063e-12
2706	1.12775e-12
2707	1.21082e-12
2708	1.30035e-12
2709	1.39684e-12
2710	1.50088e-12
2711	1.61396e-12
2712	1.73601e-12
2713	1.86778e-12
2714	2.01009e-12
2715	2.16382e-12
2716	2.32866e-12
2717	2.50674e-12
2718	2.69918e-12
2719	2.9072e-12
2720	3.13213e-12
2721	3.37355e-12
2722	3.63462e-12
2723	3.917e-12
2724	4.22255e-12
2725	4.55453e-12
2726	4.91679e-12
2727	5.31093e-12
2728	5.73841e-12
2729	6.2022e-12
2730	6.70556e-12
2731	7.24398e-12
2732	7.8281e-12
2733	8.46201e-12
2734	9.1502e-12
2735	9.89757e-12
2736	1.07155e-11
2737	1.16049e-11
2738	1.25725e-11
2739	1.36253e-11
2740	1.47714e-11
2741	1.60285e-11
2742	1.73988e-11
2743	1.88931e-11
2744	2.05232e-11
2745	2.23021e-11
2746	2.42305e-11
2747	2.63356e-11
2748	2.86345e-11
2749	3.11461e-11
2750	3.38913e-11
2751	3.6872e-11
2752	4.0131e-11
2753	4.36957e-11
2754	4.75966e-11
2755	5.18673e-11
2756	5.65451e-11
2757	6.16712e-11
2758	6.72911e-11
2759	7.34555e-11
2760	8.02204e-11
2761	8.76988e-11
2762	9.59186e-11
2763	1.04958e-10
2764	1.14904e-10
2765	1.25853e-10
2766	1.37993e-10
2767	1.51379e-10
2768	1.66149e-10
2769	1.82453e-10
2770	2.00403e-10
2771	2.19979e-10
2772	2.41526e-10
2773	2.65327e-10
2774	2.91636e-10
2775	3.20733e-10
2776	3.53144e-10
2777	3.89058e-10
2778	4.28879e-10
2779	4.73063e-10
2780	5.2212e-10
2781	5.76972e-10
2782	6.37995e-10
2783	7.05934e-10
2784	7.81628e-10
2785	8.66028e-10
2786	9.60208e-10
2787	1.06538e-09
2788	1.18293e-09
2789	1.31442e-09
2790	1.46162e-09
2791	1.62557e-09
2792	1.80933e-09
2793	2.01548e-09
2794	2.24696e-09
2795	2.50788e-09
2796	2.80321e-09
2797	3.13703e-09
2798	3.51376e-09
2799	3.93937e-09
2800	4.42072e-09
2801	4.78695e-09
2802	5.18531e-09
2803	5.61877e-09
2804	6.09062e-09
2805	6.60649e-09
2806	7.17308e-09
2807	7.79356e-09
2808	8.47091e-09
2809	9.21064e-09
2810	1.00189e-08
2811	1.09023e-08
2812	1.18684e-08
2813	1.29254e-08
2814	1.40822e-08
2815	1.53491e-08
2816	1.67267e-08
2817	1.82358e-08
2818	1.98898e-08
2819	2.17034e-08
2820	2.36932e-08
2821	2.58611e-08
2822	2.82406e-08
2823	3.08537e-08
2824	3.37249e-08
2825	3.68929e-08
2826	4.04043e-08
2827	4.42864e-08
2828	4.85669e-08
2829	5.32894e-08
2830	5.85028e-08
2831	6.42211e-08
2832	7.0538e-08
2833	7.75205e-08
2834	8.52439e-08
2835	9.37927e-08
2836	1.03196e-07
2837	1.13612e-07
2838	1.25158e-07
2839	1.37967e-07
2840	1.52186e-07
2841	1.68092e-07
2842	1.85789e-07
2843	2.05494e-07
2844	2.27452e-07
2845	2.51943e-07
2846	2.79102e-07
2847	3.09427e-07
2848	3.43319e-07
2849	3.81231e-07
2850	4.23683e-07
2851	4.71264e-07
2852	5.24647e-07
2853	5.84603e-07
2854	6.52013e-07
2855	7.27886e-07
2856	8.13918e-07
2857	9.11037e-07
2858	1.0208e-06
2859	1.14501e-06
2860	1.28575e-06
2861	1.44544e-06
2862	1.62685e-06
2863	1.83326e-06
2864	2.06845e-06
2865	2.33683e-06
2866	2.64005e-06
2867	2.98675e-06
2868	3.38383e-06
2869	3.83943e-06
2870	4.36462e-06
2871	4.97302e-06
2872	5.67773e-06
2873	6.49371e-06
2874	7.44063e-06
2875	8.54494e-06
2876	9.83963e-06
2877	1.13583e-05
2878	1.31406e-05
2879	1.52382e-05
2880	1.77143e-05
2881	2.06184e-05
2882	2.40652e-05
2883	2.81708e-05
2884	3.30802e-05
2885	3.89756e-05
2886	4.61187e-05
2887	5.47829e-05
2888	6.53485e-05
2889	7.83088e-05
2890	9.43106e-05
2891	0.000114212
2892	0.000139167
2893	0.000170757
2894	0.00021119
2895	0.000263631
2896	0.000332553
2897	0.00042541
2898	0.000554631
2899	0.000745365
2900	0.0010985
2901	0.00111035
2902	0.00112236
2903	0.00113453
2904	0.00114688
2905	0.0011594
2906	0.00117128
2907	0.00118332
2908	0.00119553
2909	0.0012079
2910	0.00122044
2911	0.00123228
2912	0.00124428
2913	0.00125644
2914	0.00126876
2915	0.00128124
2916	0.00129481
2917	0.00130857
2918	0.00132252
2919	0.00133667
2920	0.00135103
2921	0.00136559
2922	0.00138036
2923	0.00139535
2924	0.00141055
2925	0.00142598
2926	0.00144163
2927	0.00145751
2928	0.00147363
2929	0.00148999
2930	0.0015066
2931	0.00152235
2932	0.00153833
2933	0.00155454
2934	0.00157098
2935	0.00158767
2936	0.00160578
2937	0.00162417
2938	0.00164285
2939	0.00166183
2940	0.0016811
2941	0.00169942
2942	0.00171802
2943	0.00173691
2944	0.00175609
2945	0.00177623
2946	0.00179803
2947	0.00182088
2948	0.00184412
2949	0.00186776
2950	0.00189182
2951	0.00191629
2952	0.00194119
2953	0.00196653
2954	0.00199233
2955	0.00201858
2956	0.00204377
2957	0.0020694
2958	0.00209548
2959	0.00212202
2960	0.00214903
2961	0.00217819
2962	0.00220788
2963	0.00223814
2964	0.00226897
2965	0.00230039
2966	0.00233064
2967	0.00236146
2968	0.00239286
2969	0.00242486
2970	0.00245748
2971	0.00249264
2972	0.0025285
2973	0.0025651
2974	0.00260244
2975	0.00264055
2976	0.00267739
2977	0.00271498
2978	0.00275335
2979	0.00279251
2980	0.00283249
2981	0.00287555
2982	0.00291956
2983	0.00296454
2984	0.00301052
2985	0.00305755
2986	0.00310323
2987	0.00314994
2988	0.00319772
2989	0.00324661
2990	0.00329663
2991	0.00335048
2992	0.00340564
2993	0.00346218
2994	0.00352014
2995	0.00357959
2996	0.0036406
2997	0.00370322
2998	0.00376753
2999	0.00383363
3000	0.00390159
3001	0.0038974
3002	0.0038932
3003	0.00388901
3004	0.0038848
3005	0.0038806
3006	0.00387948
3007	0.00387837
3008	0.00387725
3009	0.00387613
3010	0.00387501
3011	0.0038739
3012	0.00387278
3013	0.00387166
3014	0.00387054
3015	0.00386942
3016	0.00386519
3017	0.00386095
3018	0.00385671
3019	0.00385247
3020	0.00384823
3021	0.00384398
3022	0.00383972
3023	0.00383547
3024	0.00383121
3025	0.00382694
3026	0.0038258
3027	0.00382466
3028	0.00382352
3029	0.00382238
3030	0.00382123
3031	0.00381696
3032	0.00381267
3033	0.00380839
3034	0.0038041
3035	0.00379981
3036	0.00379238
3037	0.00378493
3038	0.00377748
3039	0.00377003
3040	0.00376414
3041	0.00376769
3042	0.00377283
3043	0.00377797
3044	0.00378312
3045	0.00378828
3046	0.00379029
3047	0.00379229
3048	0.00379431
3049	0.00379632
3050	0.00379834
3051	0.0037972
3052	0.00379605
3053	0.00379491
3054	0.00379376
3055	0.00379262
3056	0.00379148
3057	0.00379033
3058	0.00378919
3059	0.00378805
3060	0.00378691
3061	0.0037794
3062	0.00377188
3063	0.00376436
3064	0.00375683
3065	0.0037509
3066	0.00374814
3067	0.00374699
3068	0.00374584
3069	0.00374468
3070	0.00374353
3071	0.00374558
3072	0.00374764
3073	0.0037497
3074	0.00375176
3075	0.00375383
3076	0.00374948
3077	0.00374513
3078	0.00374078
3079	0.00373643
3080	0.00373207
3081	0.00372771
3082	0.00372335
3083	0.00371899
3084	0.00371463
3085	0.00371026
3086	0.0037059
3087	0.00370153
3088	0.00369716
3089	0.00369278
3090	0.00368841
3091	0.00368403
3092	0.00367966
3093	0.00367528
3094	0.0036709
3095	0.00366652
3096	0.00366214
3097	0.00365776
3098	0.00365338
3099	0.00364899
3100	0.00364461
3101	0.00362554
3102	0.0036188
3103	0.00361695
3104	0.00361787
3105	0.00362063
3106	0.00362149
3107	0.00362339
3108	0.00362611
3109	0.00362953
3110	0.00363355
3111	0.00363477
3112	0.00363644
3113	0.00363849
3114	0.00364089
3115	0.00364528
3116	0.00365333
3117	0.00366336
3118	0.0036737
3119	0.00368432
3120	0.00369521
3121	0.00370637
3122	0.00371778
3123	0.00372943
3124	0.00374133
3125	0.00375345
3126	0.00376581
3127	0.00377839
3128	0.00379119
3129	0.0038042
3130	0.00381743
3131	0.00383087
3132	0.00384452
3133	0.00385837
3134	0.00387244
3135	0.00388671
3136	0.00389753
3137	0.00390852
3138	0.00391969
3139	0.00393102
3140	0.00394251
3141	0.00395792
3142	0.00397352
3143	0.00398933
3144	0.00400535
3145	0.00402157
3146	0.00403416
3147	0.00404693
3148	0.00405986
3149	0.00407296
3150	0.00408624
3151	0.00410362
3152	0.00412121
3153	0.00413902
3154	0.00415704
3155	0.00417529
3156	0.00419376
3157	0.00421245
3158	0.00423138
3159	0.00425053
3160	0.00426991
3161	0.00429368
3162	0.00431773
3163	0.00434207
3164	0.0043667
3165	0.00439163
3166	0.00440833
3167	0.00442523
3168	0.00444234
3169	0.00445966
3170	0.00447938
3171	0.00450374
3172	0.00453061
3173	0.0045578
3174	0.00458534
3175	0.00461322
3176	0.00463238
3177	0.00465179
3178	0.00467145
3179	0.00469135
3180	0.00471151
3181	0.0047366
3182	0.00476201
3183	0.00478775
3184	0.00481382
3185	0.00484023
3186	0.00487181
3187	0.00490381
3188	0.00493623
3189	0.00496908
3190	0.00500237
3191	0.00503113
3192	0.00506028
3193	0.00508983
3194	0.00511978
3195	0.00515016
3196	0.00517579
3197	0.00520179
3198	0.00522816
3199	0.0052549
3200	0.00528468
3201	0.00526845
3202	0.00525495
3203	0.00524154
3204	0.0052282
3205	0.00521495
3206	0.00519654
3207	0.00517824
3208	0.00516005
3209	0.00514195
3210	0.00512395
3211	0.00510089
3212	0.00507795
3213	0.00505513
3214	0.00503243
3215	0.00500986
3216	0.00499249
3217	0.00497522
3218	0.00495804
3219	0.00494095
3220	0.00492395
3221	0.00490703
3222	0.0048902
3223	0.00487345
3224	0.00485679
3225	0.00484021
3226	0.0048287
3227	0.00481724
3228	0.00480583
3229	0.00479449
3230	0.0047832
3231	0.00476705
3232	0.00475097
3233	0.00473497
3234	0.00471905
3235	0.0047032
3236	0.00468743
3237	0.00467173
3238	0.00465611
3239	0.00464056
3240	0.00462508
3241	0.00460967
3242	0.00459433
3243	0.00457906
3244	0.00456387
3245	0.00454874
3246	0.00453843
3247	0.00452817
3248	0.00451795
3249	0.00450778
3250	0.00449765
3251	0.00447817
3252	0.00445878
3253	0.00443947
3254	0.00442025
3255	0.00440111
3256	0.0043867
3257	0.00437235
3258	0.00435807
3259	0.00434385
3260	0.00432968
3261	0.00431558
3262	0.00430154
3263	0.00428755
3264	0.00427363
3265	0.00425976
3266	0.00424596
3267	0.00423221
3268	0.00421851
3269	0.00420487
3270	0.00419129
3271	0.00417777
3272	0.0041643
3273	0.00415089
3274	0.00413753
3275	0.00412422
3276	0.00411097
3277	0.00409777
3278	0.00408463
3279	0.00407154
3280	0.0040585
3281	0.00404551
3282	0.00403257
3283	0.00401969
3284	0.00400686
3285	0.00399407
3286	0.0039857
3287	0.00397735
3288	0.00396904
3289	0.00396076
3290	0.00395034
3291	0.00393135
3292	0.00391028
3293	0.0038893
3294	0.0038684
3295	0.00384972
3296	0.00383537
3297	0.00382322
3298	0.00381111
3299	0.00379904
3300	0.00378702
3301	0.00381098
3302	0.00383518
3303	0.00385962
3304	0.00388431
3305	0.00390925
3306	0.00392565
3307	0.0039422
3308	0.0039589
3309	0.00397574
3310	0.00399273
3311	0.00401443
3312	0.00403633
3313	0.00405846
3314	0.00408082
3315	0.0041034
3316	0.00411683
3317	0.00413036
3318	0.00414401
3319	0.00415777
3320	0.00417406
3321	0.00420021
3322	0.0042291
3323	0.00425831
3324	0.00428786
3325	0.00431774
3326	0.00433792
3327	0.00435831
3328	0.00437891
3329	0.00439973
3330	0.00442077
3331	0.00444725
3332	0.00447404
3333	0.00450114
3334	0.00452856
3335	0.00455631
3336	0.00458439
3337	0.00461281
3338	0.00464157
3339	0.0046707
3340	0.00470018
3341	0.00473004
3342	0.00476027
3343	0.00479089
3344	0.00482191
3345	0.00485333
3346	0.00487934
3347	0.00490569
3348	0.00493237
3349	0.00495941
3350	0.00498681
3351	0.00502062
3352	0.00505492
3353	0.0050897
3354	0.00512498
3355	0.00516077
3356	0.00519708
3357	0.00523394
3358	0.00527135
3359	0.00530933
3360	0.00534789
3361	0.00538705
3362	0.00542684
3363	0.00546726
3364	0.00550833
3365	0.00555008
3366	0.00559253
3367	0.0056357
3368	0.0056796
3369	0.00572427
3370	0.00576973
3371	0.005816
3372	0.00586312
3373	0.0059111
3374	0.00596
3375	0.00600982
3376	0.00606062
3377	0.00611242
3378	0.00616527
3379	0.0062192
3380	0.00627427
3381	0.00633843
3382	0.00640398
3383	0.00647098
3384	0.00653948
3385	0.00660957
3386	0.00667294
3387	0.00673786
3388	0.00680439
3389	0.00687262
3390	0.00694264
3391	0.00701453
3392	0.00708842
3393	0.0071644
3394	0.00724261
3395	0.00732318
3396	0.00739687
3397	0.00747301
3398	0.00755177
3399	0.00763333
3400	0.00772288
3401	0.00775321
3402	0.00778873
3403	0.00782451
3404	0.00786054
3405	0.0078918
3406	0.00790311
3407	0.00790944
3408	0.00791584
3409	0.0079223
3410	0.00793395
3411	0.00795596
3412	0.0079833
3413	0.00801085
3414	0.00803862
3415	0.00806661
3416	0.00808437
3417	0.00810229
3418	0.00812037
3419	0.00813861
3420	0.008157
3421	0.00817556
3422	0.00819429
3423	0.00821319
3424	0.00823227
3425	0.00825152
3426	0.00827095
3427	0.00829057
3428	0.00831037
3429	0.00833037
3430	0.00835056
3431	0.00838198
3432	0.00841368
3433	0.00844568
3434	0.00847798
3435	0.00851058
3436	0.00853224
3437	0.00855414
3438	0.00857626
3439	0.00859863
3440	0.00862124
3441	0.00864409
3442	0.0086672
3443	0.00869057
3444	0.00871421
3445	0.00873812
3446	0.00876231
3447	0.00878678
3448	0.00881155
3449	0.00883662
3450	0.008862
3451	0.00889963
3452	0.0089377
3453	0.0089762
3454	0.00901515
3455	0.00905455
3456	0.00908222
3457	0.00911027
3458	0.0091387
3459	0.00916752
3460	0.00919676
3461	0.0092389
3462	0.00928159
3463	0.00932484
3464	0.00936868
3465	0.00941312
3466	0.00944539
3467	0.00947818
3468	0.00951149
3469	0.00954536
3470	0.0095798
3471	0.00961483
3472	0.00965048
3473	0.00968676
3474	0.00972371
3475	0.00976135
3476	0.00979971
3477	0.00983882
3478	0.00987872
3479	0.00991944
3480	0.00996101
3481	0.0100173
3482	0.0100747
3483	0.0101333
3484	0.0101931
3485	0.0102541
3486	0.0103023
3487	0.0103518
3488	0.0104026
3489	0.0104548
3490	0.0105086
3491	0.010564
3492	0.0106212
3493	0.0106804
3494	0.0107417
3495	0.0108053
3496	0.0108715
3497	0.0109406
3498	0.0110129
3499	0.0110891
3500	0.0111697
3501	0.011174
3502	0.0111782
3503	0.0111824
3504	0.0111867
3505	0.0111909
3506	0.0111794
3507	0.011168
3508	0.0111565
3509	0.011145
3510	0.0111335
3511	0.011122
3512	0.0111106
3513	0.0110991
3514	0.0110876
3515	0.0110761
3516	0.0110647
3517	0.0110532
3518	0.0110418
3519	0.0110303
3520	0.0110189
3521	0.0110233
3522	0.0110277
3523	0.0110322
3524	0.0110366
3525	0.0110411
3526	0.0110297
3527	0.0110183
3528	0.011007
3529	0.0109956
3530	0.0109842
3531	0.0109888
3532	0.0109934
3533	0.010998
3534	0.0110026
3535	0.0110072
3536	0.0109959
3537	0.0109846
3538	0.0109734
3539	0.0109621
3540	0.0109508
3541	0.0109556
3542	0.0109603
3543	0.0109651
3544	0.0109699
3545	0.0109748
3546	0.0109636
3547	0.0109524
3548	0.0109413
3549	0.0109301
3550	0.010919
3551	0.0109079
3552	0.0108968
3553	0.0108857
3554	0.0108747
3555	0.0108636
3556	0.0108526
3557	0.0108416
3558	0.0108306
3559	0.0108196
3560	0.0108086
3561	0.0108138
3562	0.010819
3563	0.0108243
3564	0.0108296
3565	0.0108349
3566	0.0108241
3567	0.0108133
3568	0.0108026
3569	0.0107918
3570	0.0107811
3571	0.0107705
3572	0.0107598
3573	0.0107492
3574	0.0107386
3575	0.0107281
3576	0.0107175
3577	0.0107071
3578	0.0106966
3579	0.0106862
3580	0.0106759
3581	0.0106819
3582	0.0106879
3583	0.0106941
3584	0.0107003
3585	0.0107065
3586	0.0106965
3587	0.0106866
3588	0.0106767
3589	0.0106669
3590	0.0106571
3591	0.0106475
3592	0.0106379
3593	0.0106284
3594	0.010619
3595	0.0106097
3596	0.010617
3597	0.0106244
3598	0.0106319
3599	0.0106396
3600	0.0106475
3601	0.0106337
3602	0.01062
3603	0.0106062
3604	0.0105924
3605	0.0105786
3606	0.0105648
3607	0.010551
3608	0.0105372
3609	0.0105234
3610	0.0105096
3611	0.0105124
3612	0.0105151
3613	0.0105179
3614	0.0105206
3615	0.0105234
3616	0.0105096
3617	0.0104958
3618	0.010482
3619	0.0104681
3620	0.0104543
3621	0.0104571
3622	0.0104599
3623	0.0104627
3624	0.0104655
3625	0.0104683
3626	0.0104545
3627	0.0104407
3628	0.0104268
3629	0.010413
3630	0.0103992
3631	0.010402
3632	0.0104048
3633	0.0104077
3634	0.0104105
3635	0.0104133
3636	0.0103995
3637	0.0103857
3638	0.0103719
3639	0.010358
3640	0.0103442
3641	0.0103471
3642	0.0103499
3643	0.0103528
3644	0.0103557
3645	0.0103586
3646	0.0103447
3647	0.0103309
3648	0.0103171
3649	0.0103033
3650	0.0102894
3651	0.0102756
3652	0.0102618
3653	0.0102479
3654	0.0102341
3655	0.0102203
3656	0.0102232
3657	0.0102261
3658	0.0102291
3659	0.010232
3660	0.0102349
3661	0.0102379
3662	0.0102409
3663	0.0102438
3664	0.0102468
3665	0.0102498
3666	0.0102192
3667	0.0101886
3668	0.0101579
3669	0.0101273
3670	0.010105
3671	0.0100996
3672	0.0101026
3673	0.0101056
3674	0.0101087
3675	0.0101117
3676	0.0100979
3677	0.0100841
3678	0.0100702
3679	0.0100564
3680	0.0100426
3681	0.0100288
3682	0.010015
3683	0.0100012
3684	0.00998734
3685	0.00997352
3686	0.00997661
3687	0.00997971
3688	0.00998283
3689	0.00998595
3690	0.00998909
3691	0.0099753
3692	0.00996152
3693	0.00994773
3694	0.00993395
3695	0.00992017
3696	0.00990639
3697	0.00989261
3698	0.00987883
3699	0.00986506
3700	0.00985129
3701	0.00985459
3702	0.0098579
3703	0.00986121
3704	0.00986454
3705	0.00986787
3706	0.0098542
3707	0.00984052
3708	0.00982684
3709	0.00981316
3710	0.00979948
3711	0.00980284
3712	0.00980621
3713	0.00980959
3714	0.00981298
3715	0.00981638
3716	0.00980271
3717	0.00978904
3718	0.00977537
3719	0.00976169
3720	0.00974802
3721	0.00975145
3722	0.00975489
3723	0.00975833
3724	0.00976179
3725	0.00976526
3726	0.0097516
3727	0.00973794
3728	0.00972428
3729	0.00971061
3730	0.00969695
3731	0.00970045
3732	0.00970396
3733	0.00970748
3734	0.00971101
3735	0.00971455
3736	0.00968371
3737	0.00965285
3738	0.00962197
3739	0.00959108
3740	0.00956879
3741	0.00956372
3742	0.00956728
3743	0.00957084
3744	0.00957442
3745	0.00957801
3746	0.00956435
3747	0.00955069
3748	0.00953702
3749	0.00952335
3750	0.00950968
3751	0.00951331
3752	0.00951695
3753	0.0095206
3754	0.00952426
3755	0.00952794
3756	0.0095143
3757	0.00950065
3758	0.00948701
3759	0.00947336
3760	0.00945971
3761	0.00946343
3762	0.00946716
3763	0.0094709
3764	0.00947465
3765	0.00947842
3766	0.0094822
3767	0.009486
3768	0.00948981
3769	0.00949363
3770	0.00949746
3771	0.00948388
3772	0.00947029
3773	0.00945671
3774	0.00944312
3775	0.00942954
3776	0.00941595
3777	0.00940236
3778	0.00938878
3779	0.00937519
3780	0.00936161
3781	0.00936553
3782	0.00936947
3783	0.00937342
3784	0.00937738
3785	0.00938136
3786	0.00936782
3787	0.00935427
3788	0.00934073
3789	0.00932719
3790	0.00931365
3791	0.00931769
3792	0.00932174
3793	0.00932581
3794	0.0093299
3795	0.00933401
3796	0.00932051
3797	0.00930702
3798	0.00929353
3799	0.00928004
3800	0.00926655
3801	0.00924047
3802	0.00921917
3803	0.00920105
3804	0.00918522
3805	0.00917114
3806	0.009141
3807	0.00911202
3808	0.00908403
3809	0.00905688
3810	0.00903045
3811	0.00902202
3812	0.00901411
3813	0.00900669
3814	0.0089997
3815	0.00899311
3816	0.0089696
3817	0.00894644
3818	0.00892361
3819	0.00890108
3820	0.00887884
3821	0.0088741
3822	0.00886959
3823	0.00886531
3824	0.00886123
3825	0.00885736
3826	0.00885367
3827	0.00885016
3828	0.00884683
3829	0.00884366
3830	0.00884066
3831	0.00882065
3832	0.00880079
3833	0.0087811
3834	0.00876155
3835	0.00874214
3836	0.00874001
3837	0.00873801
3838	0.00873613
3839	0.00873437
3840	0.00873274
3841	0.0087141
3842	0.00869558
3843	0.00867717
3844	0.00865888
3845	0.00864071
3846	0.00863975
3847	0.00863889
3848	0.00863814
3849	0.0086375
3850	0.00863695
3851	0.00861941
3852	0.00860197
3853	0.00858462
3854	0.00856738
3855	0.00855024
3856	0.00854174
3857	0.00853334
3858	0.00851649
3859	0.00850829
3860	0.00850018
3861	0.00849217
3862	0.00849282
3863	0.008485
3864	0.00848585
3865	0.00847823
3866	0.00846216
3867	0.00845475
3868	0.00843888
3869	0.00843167
3870	0.008416
3871	0.00841756
3872	0.00841923
3873	0.00842101
3874	0.00842291
3875	0.00842492
3876	0.00840991
3877	0.00840358
3878	0.0083888
3879	0.00838272
3880	0.00836818
3881	0.00836235
3882	0.00835666
3883	0.00835111
3884	0.0083457
3885	0.00834044
3886	0.00834394
3887	0.00834761
3888	0.00836007
3889	0.0083641
3890	0.00836834
3891	0.00835553
3892	0.00834292
3893	0.00833916
3894	0.00832699
3895	0.00831507
3896	0.0083207
3897	0.00831798
3898	0.00832423
3899	0.00832217
3900	0.00832917
3901	0.00833502
3902	0.00834089
3903	0.00833811
3904	0.00834404
3905	0.00835
3906	0.00834728
3907	0.00833586
3908	0.00833317
3909	0.00832177
3910	0.00831911
3911	0.00832522
3912	0.00832261
3913	0.00832878
3914	0.00832623
3915	0.00833246
3916	0.00832118
3917	0.0083099
3918	0.00830743
3919	0.00829618
3920	0.00828495
3921	0.00829135
3922	0.00829779
3923	0.00829544
3924	0.00830195
3925	0.0083085
3926	0.0082974
3927	0.00829518
3928	0.00828411
3929	0.00828194
3930	0.00827092
3931	0.00827767
3932	0.00827559
3933	0.00828244
3934	0.00828043
3935	0.00828736
3936	0.00828543
3937	0.00827461
3938	0.00827274
3939	0.00826197
3940	0.00826017
3941	0.00825841
3942	0.00826566
3943	0.00826399
3944	0.00827135
3945	0.00826978
3946	0.00825925
3947	0.00824876
3948	0.00824732
3949	0.0082369
3950	0.00822651
3951	0.0082252
3952	0.00823299
3953	0.0082318
3954	0.00823973
3955	0.00823866
3956	0.00823765
3957	0.00823671
3958	0.00822673
3959	0.00822591
3960	0.00822516
3961	0.00823361
3962	0.00824215
3963	0.00824165
3964	0.00825038
3965	0.00825921
3966	0.0082498
3967	0.00824964
3968	0.00824038
3969	0.0082404
3970	0.00823131
3971	0.00824076
3972	0.0082411
3973	0.0082508
3974	0.00825139
3975	0.00826137
3976	0.00826223
3977	0.00825393
3978	0.00825506
3979	0.00824702
3980	0.00824845
3981	0.00825005
3982	0.00825183
3983	0.00826317
3984	0.00826536
3985	0.00826776
3986	0.0082798
3987	0.00828269
3988	0.00829528
3989	0.00829873
3990	0.00831195
3991	0.00830656
3992	0.008311
3993	0.00830631
3994	0.00831154
3995	0.00830769
3996	0.00832344
3997	0.00833023
3998	0.00834725
3999	0.00835541
4000	0.00837405
