       280	0.00031833	
       281	0.000609427	
       282	0.00107474	
       283	0.00134217	
       284	0.00126393	
       285	0.000838025	
       286	 0.0011031	
       287	0.00162339	
       288	0.00153167	
       289	0.00193629	
       290	0.00275876	
       291	0.00311413	
       292	0.00295045	
       293	0.00287275	
       294	0.00290899	
       295	0.00296796	
       296	0.00316192	
       297	0.00290773	
       298	0.00303565	
       299	0.00288445	
       300	0.00284351	
       301	 0.0042032	
       302	0.00641498	
       303	 0.0120456	
       304	 0.0189385	
       305	 0.0282346	
       306	 0.0307552	
       307	 0.0380292	
       308	 0.0477874	
       309	 0.0508441	
       310	 0.0580437	
       311	 0.0856615	
       312	 0.0931085	
       313	    0.1027	
       314	  0.116935	
       315	  0.123741	
       316	  0.119807	
       317	   0.15093	
       318	  0.159384	
       319	  0.162187	
       320	   0.18834	
       321	   0.19466	
       322	  0.191865	
       323	  0.185903	
       324	  0.212899	
       325	  0.253098	
       326	  0.304556	
       327	    0.3194	
       328	  0.314367	
       329	  0.340003	
       330	  0.377769	
       331	   0.35414	
       332	  0.355338	
       333	  0.351019	
       334	  0.356412	
       335	  0.376277	
       336	  0.342959	
       337	  0.323964	
       338	  0.361805	
       339	  0.386284	
       340	    0.4167	
       341	  0.402291	
       342	  0.409888	
       343	  0.426082	
       344	  0.368749	
       345	  0.384531	
       346	  0.409531	
       347	  0.415406	
       348	  0.407498	
       349	  0.404213	
       350	   0.44878	
       351	  0.471827	
       352	  0.443391	
       353	  0.454241	
       354	  0.517388	
       355	  0.526298	
       356	  0.483493	
       357	  0.413289	
       358	  0.376716	
       359	   0.41786	
       360	  0.513462	
       361	  0.467442	
       362	  0.477197	
       363	  0.523396	
       364	  0.528305	
       365	  0.559553	
       366	  0.639149	
       367	  0.639624	
       368	  0.601616	
       369	  0.619715	
       370	  0.652232	
       371	  0.619835	
       372	  0.602708	
       373	  0.542882	
       374	  0.496077	
       375	  0.532892	
       376	  0.595913	
       377	  0.645403	
       378	  0.749833	
       379	  0.676094	
       380	  0.637229	
       381	   0.67121	
       382	  0.535871	
       383	  0.420548	
       384	  0.469626	
       385	  0.590439	
       386	   0.57446	
       387	  0.589975	
       388	  0.579608	
       389	  0.628675	
       390	  0.719211	
       391	   0.76788	
       392	  0.711542	
       393	  0.457635	
       394	  0.470715	
       395	  0.724556	
       396	  0.668651	
       397	  0.465656	
       398	  0.766154	
       399	  0.973429	
       400	   1.02775	
       401	   1.06722	
       402	   1.09854	
       403	     1.077	
       404	   1.08222	
       405	   1.06571	
       406	   1.04043	
       407	   1.02739	
       408	   1.06986	
       409	   1.11024	
       410	   1.00937	
       411	    1.0854	
       412	   1.14522	
       413	   1.11668	
       414	   1.10472	
       415	   1.13931	
       416	   1.16843	
       417	    1.1458	
       418	   1.11155	
       419	     1.126	
       420	   1.07822	
       421	   1.17063	
       422	   1.17205	
       423	   1.14281	
       424	   1.14071	
       425	   1.16353	
       426	   1.13632	
       427	   1.10552	
       428	   1.09802	
       429	   1.01031	
       430	  0.835742	
       431	  0.817039	
       432	   1.16665	
       433	   1.15386	
       434	   1.09215	
       435	   1.17511	
       436	   1.27658	
       437	   1.28879	
       438	   1.16512	
       439	    1.1362	
       440	   1.25155	
       441	   1.26961	
       442	   1.33582	
       443	   1.36023	
       444	   1.34163	
       445	   1.36343	
       446	   1.28281	
       447	   1.39128	
       448	   1.42477	
       449	   1.43078	
       450	   1.47692	
       451	   1.51606	
       452	   1.46306	
       453	   1.38374	
       454	    1.4408	
       455	   1.45028	
       456	   1.48597	
       457	   1.50094	
       458	   1.47689	
       459	   1.46362	
       460	   1.46484	
       461	   1.50159	
       462	   1.52106	
       463	   1.52039	
       464	   1.48661	
       465	   1.46554	
       466	   1.47848	
       467	   1.44246	
       468	   1.48219	
       469	   1.49049	
       470	   1.45233	
       471	   1.47357	
       472	   1.52749	
       473	   1.49656	
       474	   1.50947	
       475	   1.54677	
       476	   1.51843	
       477	   1.53134	
       478	     1.565	
       479	   1.54777	
       480	   1.56165	
       481	   1.56117	
       482	   1.55971	
       483	   1.54112	
       484	   1.51674	
       485	   1.47322	
       486	   1.27505	
       487	   1.36376	
       488	   1.45842	
       489	   1.42596	
       490	   1.52955	
       491	   1.49693	
       492	   1.45075	
       493	   1.50838	
       494	   1.50445	
       495	   1.56128	
       496	   1.51968	
       497	   1.52342	
       498	   1.49324	
       499	   1.48915	
       500	   1.48503	
       501	   1.45167	
       502	   1.45616	
       503	   1.49861	
       504	   1.45047	
       505	   1.51833	
       506	   1.56971	
       507	   1.52045	
       508	   1.48674	
       509	   1.52936	
       510	   1.50731	
       511	   1.52557	
       512	   1.54777	
       513	   1.47851	
       514	   1.44454	
       515	   1.47751	
       516	   1.45626	
       517	   1.27299	
       518	   1.36416	
       519	   1.36743	
       520	   1.45883	
       521	   1.48656	
       522	   1.50638	
       523	   1.45476	
       524	   1.52618	
       525	   1.52913	
       526	   1.47041	
       527	   1.35193	
       528	   1.48213	
       529	   1.55272	
       530	    1.5257	
       531	   1.58058	
       532	   1.54771	
       533	   1.43089	
       534	   1.48577	
       535	   1.52371	
       536	   1.55468	
       537	   1.48156	
       538	   1.51652	
       539	   1.49037	
       540	   1.44312	
       541	   1.41195	
       542	   1.49822	
       543	   1.49817	
       544	    1.5323	
       545	   1.50911	
       546	   1.50097	
       547	   1.50793	
       548	   1.48565	
       549	   1.50972	
       550	   1.50353	
       551	     1.506	
       552	   1.52462	
       553	   1.49677	
       554	   1.51638	
       555	   1.52387	
       556	   1.50203	
       557	    1.4731	
       558	   1.48357	
       559	   1.43639	
       560	   1.45595	
       561	   1.51093	
       562	   1.47381	
       563	    1.5045	
       564	   1.49468	
       565	   1.48789	
       566	   1.44056	
       567	   1.50264	
       568	   1.50595	
       569	   1.48695	
       570	   1.47706	
       571	    1.4452	
       572	   1.50566	
       573	   1.52163	
       574	   1.51235	
       575	   1.48591	
       576	    1.4798	
       577	   1.49703	
       578	   1.46669	
       579	   1.47387	
       580	   1.48209	
       581	   1.48528	
       582	   1.49863	
       583	   1.50592	
       584	   1.50005	
       585	   1.48812	
       586	   1.46201	
       587	   1.48559	
       588	   1.45847	
       589	   1.34514	
       590	   1.39512	
       591	   1.45832	
       592	   1.45558	
       593	   1.45386	
       594	   1.45473	
       595	   1.45256	
       596	   1.46672	
       597	   1.47277	
       598	   1.45024	
       599	   1.44304	
       600	   1.44712	
       601	   1.42969	
       602	   1.41946	
       603	   1.44115	
       604	     1.464	
       605	    1.4622	
       606	   1.45739	
       607	   1.45783	
       608	   1.45218	
       609	   1.44042	
       610	   1.43402	
       611	   1.43148	
       612	   1.44773	
       613	   1.42845	
       614	   1.40074	
       615	   1.42327	
       616	   1.39654	
       617	   1.38654	
       618	   1.42488	
       619	   1.43909	
       620	   1.44278	
       621	   1.44647	
       622	   1.42376	
       623	   1.42003	
       624	   1.41204	
       625	   1.39344	
       626	   1.39706	
       627	   1.43042	
       628	   1.43727	
       629	   1.43668	
       630	   1.42436	
       631	   1.40959	
       632	   1.37346	
       633	   1.41522	
       634	   1.40681	
       635	   1.40693	
       636	   1.38885	
       637	   1.41896	
       638	    1.4298	
       639	    1.4149	
       640	   1.38814	
       641	   1.38499	
       642	   1.38829	
       643	   1.40021	
       644	   1.39273	
       645	   1.40034	
       646	   1.37989	
       647	   1.38857	
       648	   1.37996	
       649	   1.34536	
       650	   1.33669	
       651	   1.38545	
       652	    1.3833	
       653	   1.38657	
       654	   1.36919	
       655	    1.3072	
       656	   1.17762	
       657	    1.2135	
       658	   1.32576	
       659	   1.34655	
       660	   1.36191	
       661	   1.37183	
       662	   1.37301	
       663	   1.36652	
       664	    1.3622	
       665	   1.37433	
       666	    1.3689	
       667	   1.35468	
       668	   1.34541	
       669	   1.35284	
       670	   1.33089	
       671	   1.32099	
       672	   1.30533	
       673	   1.30526	
       674	   1.29586	
       675	   1.28783	
       676	     1.295	
       677	   1.28311	
       678	   1.28312	
       679	   1.26944	
       680	   1.26545	
       681	   1.26369	
       682	   1.26095	
       683	   1.25195	
       684	   1.24305	
       685	   1.23633	
       686	   1.21388	
       687	   1.23468	
       688	   1.24391	
       689	   1.24372	
       690	   1.24147	
       691	   1.23587	
       692	   1.22607	
       693	   1.23318	
       694	   1.23508	
       695	   1.22537	
       696	   1.22631	
       697	   1.22734	
       698	   1.21881	
       699	   1.22536	
       700	   1.22236	
       701	   1.21731	
       702	   1.21453	
       703	   1.22495	
       704	   1.23782	
       705	   1.24778	
       706	   1.23952	
       707	   1.23611	
       708	   1.24009	
       709	   1.24215	
       710	   1.25882	
       711	   1.22221	
       712	   1.18944	
       713	   1.16773	
       714	    1.1579	
       715	   1.13175	
       716	   1.13174	
       717	   1.12415	
       718	   1.10393	
       719	   1.06802	
       720	   1.08915	
       721	   1.09205	
       722	   1.09399	
       723	   1.08696	
       724	   1.08804	
       725	     1.084	
       726	   1.08226	
       727	   1.08672	
       728	   1.08628	
       729	   1.06142	
       730	   1.09519	
       731	   1.09123	
       732	   1.10521	
       733	     1.105	
       734	   1.12841	
       735	   1.13136	
       736	   1.12643	
       737	   1.13314	
       738	   1.13367	
       739	   1.12224	
       740	   1.15049	
       741	   1.14611	
       742	   1.14289	
       743	   1.16456	
       744	     1.175	
       745	   1.17078	
       746	   1.17114	
       747	   1.17156	
       748	   1.16637	
       749	    1.1658	
       750	   1.16077	
       751	   1.16156	
       752	   1.16366	
       753	   1.16615	
       754	   1.17346	
       755	   1.17274	
       756	   1.15939	
       757	   1.15866	
       758	   1.16365	
       759	   1.15252	
       760	   1.15633	
       761	   1.15095	
       762	   1.15016	
       763	   1.12383	
       764	   1.10406	
       765	   1.07582	
       766	   1.02985	
       767	   1.02133	
       768	   1.02989	
       769	   1.02422	
       770	   1.02715	
       771	   1.03245	
       772	   1.03803	
       773	   1.04395	
       774	   1.05028	
       775	   1.05715	
       776	    1.0636	
       777	   1.06546	
       778	   1.07542	
       779	   1.09278	
       780	   1.10385	
       781	   1.10226	
       782	   1.10762	
       783	    1.1003	
       784	     1.093	
       785	   1.09844	
       786	   1.09927	
       787	   1.09781	
       788	   1.09059	
       789	     1.088	
       790	   1.07967	
       791	   1.07019	
       792	   1.06073	
       793	   1.05129	
       794	     1.043	
       795	    1.0428	
       796	   1.05182	
       797	   1.06546	
       798	   1.05951	
       799	   1.04897	
       800	   1.03614	
       801	    1.0334	
       802	   1.02391	
       803	   1.00403	
       804	  0.998693	
       805	  0.977516	
       806	  0.987755	
       807	  0.979676	
       808	  0.971953	
       809	  0.955865	
       810	  0.956271	
       811	  0.954688	
       812	  0.957536	
       813	  0.955156	
       814	  0.950776	
       815	   0.94123	
       816	   0.93711	
       817	  0.931442	
       818	  0.913347	
       819	  0.895471	
       820	   0.89132	
       821	  0.892451	
       822	   0.88021	
       823	  0.886644	
       824	  0.882551	
       825	  0.889388	
       826	  0.902929	
       827	  0.910762	
       828	  0.911781	
       829	  0.913472	
       830	  0.922628	
       831	  0.934471	
       832	  0.939189	
       833	  0.923868	
       834	  0.936497	
       835	  0.942586	
       836	  0.951094	
       837	  0.948539	
       838	  0.949563	
       839	  0.947443	
       840	  0.957054	
       841	  0.956838	
       842	  0.944067	
       843	  0.940443	
       844	  0.931106	
       845	  0.950434	
       846	  0.951466	
       847	  0.931846	
       848	  0.929468	
       849	  0.919056	
       850	   0.86115	
       851	  0.910747	
       852	  0.915556	
       853	  0.896698	
       854	  0.825788	
       855	   0.86182	
       856	  0.916327	
       857	  0.939337	
       858	  0.943582	
       859	  0.944575	
       860	  0.939945	
       861	  0.939445	
       862	   0.94717	
       863	  0.946201	
       864	  0.930324	
       865	  0.903172	
       866	  0.827522	
       867	  0.866355	
       868	  0.904133	
       869	  0.904453	
       870	  0.914405	
       871	  0.908268	
       872	  0.914697	
       873	   0.90726	
       874	  0.892649	
       875	  0.884626	
       876	  0.901866	
       877	  0.906762	
       878	  0.903204	
       879	  0.891998	
       880	  0.888898	
       881	   0.84107	
       882	  0.838257	
       883	  0.826397	
       884	  0.820415	
       885	   0.81619	
       886	  0.790615	
       887	  0.780459	
       888	  0.785181	
       889	  0.782471	
       890	  0.775332	
       891	  0.767089	
       892	  0.756309	
       893	  0.742209	
       894	  0.739743	
       895	  0.737734	
       896	  0.737545	
       897	  0.729585	
       898	  0.722009	
       899	  0.711869	
       900	  0.705495	
       901	  0.690506	
       902	   0.67764	
       903	  0.697809	
       904	  0.697745	
       905	  0.691608	
       906	  0.688868	
       907	  0.693158	
       908	   0.68702	
       909	  0.680568	
       910	  0.687167	
       911	  0.691238	
       912	  0.691111	
       913	  0.698888	
       914	  0.700616	
       915	  0.698184	
       916	  0.700813	
       917	   0.69795	
       918	  0.697244	
       919	  0.698892	
       920	  0.693767	
       921	  0.683641	
       922	  0.675184	
       923	  0.660539	
       924	  0.680044	
       925	  0.684336	
       926	  0.620199	
       927	  0.595954	
       928	   0.56385	
       929	  0.536257	
       930	  0.512766	
       931	  0.494335	
       932	  0.475252	
       933	   0.46102	
       934	  0.445001	
       935	  0.427049	
       936	  0.412663	
       937	   0.40187	
       938	  0.406267	
       939	  0.407506	
       940	  0.403488	
       941	  0.400685	
       942	  0.395357	
       943	  0.407032	
       944	  0.405068	
       945	  0.408975	
       946	  0.414564	
       947	  0.416966	
       948	  0.420993	
       949	  0.429704	
       950	  0.436048	
       951	  0.441164	
       952	  0.451087	
       953	  0.459073	
       954	  0.462021	
       955	  0.455443	
       956	  0.478145	
       957	  0.494729	
       958	  0.510549	
       959	  0.526122	
       960	  0.536727	
       961	  0.549717	
       962	  0.568425	
       963	  0.586642	
       964	   0.60608	
       965	  0.639549	
       966	   0.63775	
       967	   0.64379	
       968	  0.641562	
       969	  0.645398	
       970	  0.649424	
       971	  0.647657	
       972	  0.652673	
       973	  0.650713	
       974	  0.645975	
       975	  0.651273	
       976	  0.659151	
       977	  0.658382	
       978	  0.663709	
       979	  0.661918	
       980	  0.669668	
       981	   0.67245	
       982	  0.678383	
       983	   0.67854	
       984	  0.677258	
       985	  0.680391	
       986	  0.680465	
       987	  0.683036	
       988	  0.684268	
       989	  0.682033	
       990	  0.687119	
       991	  0.694871	
       992	  0.697299	
       993	  0.702993	
       994	  0.708681	
       995	  0.705663	
       996	  0.703467	
       997	  0.696583	
       998	  0.695556	
       999	  0.695224	
      1000	  0.696543	
      1001	   0.69973	
      1002	  0.699414	
      1003	  0.692525	
      1004	  0.681297	
      1005	  0.651643	
      1006	  0.671857	
      1007	  0.685513	
      1008	  0.688251	
      1009	   0.68618	
      1010	  0.686819	
      1011	  0.683688	
      1012	  0.682092	
      1013	  0.679086	
      1014	    0.6795	
      1015	  0.672019	
      1016	  0.672194	
      1017	  0.668957	
      1018	  0.672451	
      1019	  0.660248	
      1020	  0.661975	
      1021	  0.663113	
      1022	  0.657287	
      1023	  0.660922	
      1024	  0.663148	
      1025	  0.662304	
      1026	  0.662062	
      1027	  0.660396	
      1028	  0.660282	
      1029	  0.656029	
      1030	  0.656757	
      1031	  0.655955	
      1032	  0.654688	
      1033	  0.647009	
      1034	  0.649092	
      1035	  0.651429	
      1036	  0.651287	
      1037	  0.646383	
      1038	  0.644479	
      1039	  0.647611	
      1040	  0.645274	
      1041	  0.645437	
      1042	  0.644873	
      1043	  0.640971	
      1044	  0.641965	
      1045	   0.63746	
      1046	  0.626132	
      1047	  0.632751	
      1048	   0.63805	
      1049	  0.636174	
      1050	  0.633101	
      1051	  0.632899	
      1052	  0.630064	
      1053	  0.628665	
      1054	  0.627505	
      1055	  0.629215	
      1056	  0.628055	
      1057	  0.626415	
      1058	  0.619749	
      1059	  0.607578	
      1060	  0.616583	
      1061	  0.610279	
      1062	  0.616776	
      1063	  0.612262	
      1064	  0.617438	
      1065	   0.61616	
      1066	  0.606492	
      1067	  0.607847	
      1068	  0.604882	
      1069	  0.582404	
      1070	  0.594055	
      1071	  0.589515	
      1072	  0.584404	
      1073	  0.572336	
      1074	  0.574176	
      1075	  0.563931	
      1076	  0.563827	
      1077	  0.561032	
      1078	  0.557328	
      1079	  0.547352	
      1080	  0.548999	
      1081	  0.536724	
      1082	  0.530233	
      1083	  0.532734	
      1084	  0.534522	
      1085	  0.532222	
      1086	  0.529999	
      1087	  0.514144	
      1088	  0.520246	
      1089	     0.521	
      1090	  0.516763	
      1091	  0.515992	
      1092	  0.507294	
      1093	  0.498153	
      1094	  0.478867	
      1095	  0.488417	
      1096	  0.491744	
      1097	  0.493409	
      1098	  0.489553	
      1099	  0.486569	
      1100	  0.495856	
      1101	  0.444102	
      1102	  0.402432	
      1103	  0.381352	
      1104	  0.359664	
      1105	  0.340089	
      1106	   0.32311	
      1107	  0.307188	
      1108	  0.294379	
      1109	  0.282427	
      1110	  0.271759	
      1111	  0.260573	
      1112	  0.250956	
      1113	  0.241214	
      1114	  0.234771	
      1115	  0.226681	
      1116	  0.217981	
      1117	  0.212803	
      1118	  0.203986	
      1119	  0.197544	
      1120	  0.191387	
      1121	  0.196592	
      1122	  0.202108	
      1123	  0.206788	
      1124	  0.211401	
      1125	  0.214996	
      1126	  0.215847	
      1127	   0.22365	
      1128	  0.231959	
      1129	  0.238461	
      1130	  0.244142	
      1131	   0.24483	
      1132	  0.244763	
      1133	  0.241852	
      1134	  0.241256	
      1135	  0.240926	
      1136	  0.240389	
      1137	  0.235433	
      1138	  0.232196	
      1139	  0.234328	
      1140	    0.2346	
      1141	  0.230806	
      1142	  0.233193	
      1143	  0.231518	
      1144	  0.229483	
      1145	  0.230551	
      1146	  0.237974	
      1147	   0.24419	
      1148	  0.249274	
      1149	   0.25512	
      1150	  0.261506	
      1151	  0.268547	
      1152	  0.275629	
      1153	  0.284875	
      1154	  0.296052	
      1155	  0.306191	
      1156	  0.314728	
      1157	  0.328288	
      1158	  0.341338	
      1159	  0.352467	
      1160	  0.365745	
      1161	  0.382323	
      1162	  0.392809	
      1163	  0.398882	
      1164	   0.39799	
      1165	  0.404087	
      1166	  0.402049	
      1167	  0.409839	
      1168	  0.415462	
      1169	  0.410969	
      1170	  0.421817	
      1171	  0.425214	
      1172	  0.425926	
      1173	  0.424539	
      1174	  0.424758	
      1175	  0.419432	
      1176	  0.415305	
      1177	  0.422637	
      1178	  0.421052	
      1179	  0.420903	
      1180	  0.425559	
      1181	  0.424716	
      1182	  0.421717	
      1183	   0.40709	
      1184	   0.41984	
      1185	  0.426252	
      1186	  0.427216	
      1187	  0.427672	
      1188	  0.422933	
      1189	  0.409506	
      1190	  0.422526	
      1191	  0.430798	
      1192	  0.431446	
      1193	  0.431792	
      1194	  0.432368	
      1195	  0.430416	
      1196	  0.430815	
      1197	  0.428988	
      1198	  0.420966	
      1199	  0.412264	
      1200	  0.429086	
      1201	  0.435826	
      1202	  0.435103	
      1203	  0.422919	
      1204	  0.422004	
      1205	  0.431498	
      1206	  0.431654	
      1207	  0.431736	
      1208	  0.422551	
      1209	  0.408939	
      1210	  0.422209	
      1211	  0.418283	
      1212	   0.42523	
      1213	  0.427323	
      1214	  0.426076	
      1215	  0.426811	
      1216	  0.426699	
      1217	  0.426288	
      1218	  0.425017	
      1219	  0.423004	
      1220	  0.424416	
      1221	  0.424426	
      1222	  0.423143	
      1223	  0.421002	
      1224	  0.424848	
      1225	  0.424421	
      1226	  0.424259	
      1227	  0.417904	
      1228	  0.421815	
      1229	  0.425227	
      1230	  0.425128	
      1231	  0.424748	
      1232	  0.422646	
      1233	  0.424438	
      1234	  0.424313	
      1235	  0.423849	
      1236	  0.427082	
      1237	  0.428511	
      1238	  0.429387	
      1239	  0.428495	
      1240	  0.431727	
      1241	  0.432788	
      1242	  0.430085	
      1243	  0.425019	
      1244	  0.422119	
      1245	  0.421933	
      1246	  0.423062	
      1247	  0.422148	
      1248	  0.423108	
      1249	  0.421798	
      1250	  0.419832	
      1251	  0.416417	
      1252	  0.412797	
      1253	  0.412968	
      1254	  0.412364	
      1255	  0.410862	
      1256	  0.409045	
      1257	   0.40646	
      1258	  0.406487	
      1259	  0.404272	
      1260	  0.404549	
      1261	  0.402815	
      1262	  0.398628	
      1263	  0.400061	
      1264	  0.396132	
      1265	  0.395902	
      1266	  0.396688	
      1267	  0.391467	
      1268	  0.388606	
      1269	  0.390637	
      1270	  0.392011	
      1271	  0.392974	
      1272	  0.392126	
      1273	  0.392023	
      1274	  0.390858	
      1275	  0.393209	
      1276	  0.394843	
      1277	  0.395524	
      1278	  0.395248	
      1279	  0.393568	
      1280	  0.390704	
      1281	  0.377841	
      1282	  0.349598	
      1283	  0.371398	
      1284	  0.387029	
      1285	  0.391324	
      1286	  0.393027	
      1287	  0.394885	
      1288	  0.394773	
      1289	  0.396119	
      1290	  0.392849	
      1291	  0.388983	
      1292	  0.386331	
      1293	  0.382605	
      1294	  0.375574	
      1295	  0.374586	
      1296	  0.373124	
      1297	   0.36884	
      1298	  0.364485	
      1299	  0.364762	
      1300	  0.362178	
      1301	  0.359357	
      1302	  0.354993	
      1303	  0.351692	
      1304	  0.349324	
      1305	   0.35044	
      1306	  0.349671	
      1307	  0.348418	
      1308	  0.346674	
      1309	  0.345288	
      1310	  0.342898	
      1311	  0.340754	
      1312	  0.336565	
      1313	  0.329079	
      1314	  0.333331	
      1315	  0.327094	
      1316	  0.327133	
      1317	  0.330301	
      1318	  0.327187	
      1319	  0.329372	
      1320	  0.327677	
      1321	  0.289189	
      1322	  0.265055	
      1323	  0.246677	
      1324	  0.231476	
      1325	   0.21802	
      1326	  0.205737	
      1327	  0.194697	
      1328	  0.185722	
      1329	  0.174329	
      1330	  0.168339	
      1331	   0.16241	
      1332	  0.154051	
      1333	   0.15028	
      1334	  0.145259	
      1335	  0.139787	
      1336	  0.134042	
      1337	  0.129659	
      1338	  0.124869	
      1339	   0.11963	
      1340	  0.115641	
      1341	  0.113841	
      1342	  0.110373	
      1343	  0.107145	
      1344	  0.104136	
      1345	  0.101131	
      1346	 0.0976766	
      1347	 0.0952951	
      1348	 0.0926407	
      1349	 0.0898893	
      1350	 0.0867277	
      1351	 0.0811088	
      1352	 0.0763985	
      1353	 0.0715913	
      1354	 0.0670396	
      1355	 0.0625078	
      1356	 0.0588915	
      1357	 0.0552096	
      1358	 0.0527728	
      1359	 0.0499273	
      1360	 0.0470345	
      1361	  0.045042	
      1362	 0.0426978	
      1363	 0.0401011	
      1364	 0.0384783	
      1365	 0.0366636	
      1366	 0.0349143	
      1367	 0.0331036	
      1368	 0.0317681	
      1369	 0.0299758	
      1370	 0.0286068	
      1371	 0.0274228	
      1372	 0.0264863	
      1373	 0.0254198	
      1374	 0.0243258	
      1375	 0.0230257	
      1376	 0.0219488	
      1377	 0.0212285	
      1378	 0.0204047	
      1379	 0.0197113	
      1380	 0.0188646	
      1381	 0.0181376	
      1382	  0.017287	
      1383	 0.0166638	
      1384	 0.0161027	
      1385	 0.0154137	
      1386	 0.0149112	
      1387	 0.0142825	
      1388	 0.0138218	
      1389	 0.0133421	
      1390	 0.0127145	
      1391	 0.0123782	
      1392	 0.0119681	
      1393	 0.0115054	
      1394	 0.0110634	
      1395	 0.0106911	
      1396	 0.0110545	
      1397	 0.0114184	
      1398	 0.0118113	
      1399	 0.0121352	
      1400	 0.0122645	
      1401	 0.0126544	
      1402	 0.0132104	
      1403	 0.0135751	
      1404	  0.014052	
      1405	   0.01453	
      1406	 0.0151012	
      1407	 0.0156144	
      1408	 0.0161454	
      1409	 0.0167623	
      1410	 0.0173398	
      1411	 0.0178449	
      1412	 0.0181651	
      1413	 0.0189979	
      1414	 0.0199437	
      1415	 0.0207439	
      1416	 0.0214903	
      1417	 0.0224495	
      1418	 0.0234021	
      1419	 0.0241552	
      1420	  0.025104	
      1421	 0.0262721	
      1422	 0.0270096	
      1423	 0.0281101	
      1424	 0.0293521	
      1425	 0.0309044	
      1426	 0.0317055	
      1427	 0.0334095	
      1428	 0.0352041	
      1429	 0.0363686	
      1430	 0.0380828	
      1431	 0.0402092	
      1432	 0.0429862	
      1433	 0.0452719	
      1434	 0.0471036	
      1435	 0.0498251	
      1436	 0.0527156	
      1437	 0.0558764	
      1438	 0.0590507	
      1439	 0.0627066	
      1440	 0.0644448	
      1441	 0.0689074	
      1442	 0.0736518	
      1443	 0.0774356	
      1444	 0.0794361	
      1445	 0.0813517	
      1446	 0.0835382	
      1447	 0.0850743	
      1448	 0.0875905	
      1449	 0.0895481	
      1450	 0.0911513	
      1451	 0.0924876	
      1452	 0.0947425	
      1453	 0.0973657	
      1454	 0.0994745	
      1455	   0.10176	
      1456	  0.104111	
      1457	  0.107656	
      1458	  0.111966	
      1459	  0.115598	
      1460	  0.118262	
      1461	  0.121369	
      1462	  0.124216	
      1463	  0.125495	
      1464	   0.12564	
      1465	  0.126653	
      1466	  0.125678	
      1467	  0.127048	
      1468	  0.126074	
      1469	  0.126985	
      1470	  0.126318	
      1471	  0.124529	
      1472	  0.124884	
      1473	  0.124577	
      1474	  0.122175	
      1475	  0.123657	
      1476	  0.124269	
      1477	  0.124016	
      1478	  0.126385	
      1479	  0.130025	
      1480	  0.133116	
      1481	   0.13495	
      1482	  0.138405	
      1483	  0.139582	
      1484	   0.14416	
      1485	  0.149159	
      1486	  0.151542	
      1487	  0.152209	
      1488	  0.144551	
      1489	  0.160189	
      1490	  0.168125	
      1491	  0.173508	
      1492	  0.177611	
      1493	  0.185103	
      1494	  0.191942	
      1495	  0.197959	
      1496	  0.201453	
      1497	  0.213238	
      1498	  0.216068	
      1499	  0.216222	
      1500	  0.220726	
      1501	  0.222166	
      1502	  0.219555	
      1503	  0.206567	
      1504	  0.212479	
      1505	  0.210009	
      1506	  0.219219	
      1507	  0.227955	
      1508	  0.228545	
      1509	  0.229802	
      1510	  0.235572	
      1511	  0.238095	
      1512	   0.23698	
      1513	  0.238341	
      1514	  0.240303	
      1515	  0.245164	
      1516	   0.24826	
      1517	  0.251475	
      1518	  0.258826	
      1519	  0.262362	
      1520	  0.272446	
      1521	  0.267827	
      1522	  0.266902	
      1523	  0.269906	
      1524	   0.27042	
      1525	  0.266666	
      1526	  0.271375	
      1527	  0.270616	
      1528	  0.271654	
      1529	   0.26877	
      1530	  0.259202	
      1531	  0.269019	
      1532	  0.270854	
      1533	  0.268389	
      1534	   0.26511	
      1535	  0.267385	
      1536	  0.270314	
      1537	  0.270159	
      1538	  0.265494	
      1539	  0.267683	
      1540	    0.2608	
      1541	  0.261718	
      1542	  0.262684	
      1543	  0.262324	
      1544	  0.263118	
      1545	  0.263247	
      1546	  0.261654	
      1547	  0.257983	
      1548	  0.252835	
      1549	  0.255362	
      1550	   0.25356	
      1551	  0.253778	
      1552	  0.255179	
      1553	  0.252284	
      1554	  0.247542	
      1555	  0.247362	
      1556	  0.245228	
      1557	  0.249009	
      1558	  0.248044	
      1559	  0.247746	
      1560	  0.246515	
      1561	  0.249701	
      1562	  0.249064	
      1563	  0.247965	
      1564	  0.245817	
      1565	  0.247985	
      1566	  0.246086	
      1567	   0.24617	
      1568	  0.244156	
      1569	  0.245892	
      1570	  0.245877	
      1571	  0.250222	
      1572	  0.250825	
      1573	  0.248265	
      1574	  0.245699	
      1575	  0.236879	
      1576	  0.242016	
      1577	  0.229994	
      1578	   0.24254	
      1579	  0.248579	
      1580	  0.250578	
      1581	   0.25008	
      1582	  0.242718	
      1583	  0.243651	
      1584	  0.242102	
      1585	  0.246713	
      1586	  0.244345	
      1587	  0.241025	
      1588	  0.234882	
      1589	  0.222594	
      1590	  0.227333	
      1591	  0.229114	
      1592	  0.237973	
      1593	  0.242378	
      1594	  0.241481	
      1595	  0.240838	
      1596	  0.232099	
      1597	   0.23394	
      1598	   0.23836	
      1599	  0.235053	
      1600	  0.235265	
      1601	  0.230224	
      1602	   0.23185	
      1603	    0.2322	
      1604	  0.232311	
      1605	  0.230109	
      1606	    0.2293	
      1607	  0.228273	
      1608	  0.231184	
      1609	  0.229005	
      1610	  0.218491	
      1611	  0.222541	
      1612	   0.22441	
      1613	  0.228034	
      1614	  0.227598	
      1615	  0.226359	
      1616	  0.218816	
      1617	  0.221562	
      1618	  0.227853	
      1619	  0.226897	
      1620	  0.221478	
      1621	  0.221375	
      1622	    0.2246	
      1623	  0.229065	
      1624	  0.229661	
      1625	  0.227081	
      1626	  0.229341	
      1627	  0.230613	
      1628	   0.23226	
      1629	  0.233035	
      1630	  0.231954	
      1631	  0.232881	
      1632	  0.232716	
      1633	  0.230105	
      1634	  0.227992	
      1635	    0.2305	
      1636	  0.229724	
      1637	  0.222373	
      1638	  0.220509	
      1639	  0.217302	
      1640	  0.219326	
      1641	  0.218312	
      1642	  0.218642	
      1643	  0.221882	
      1644	   0.22014	
      1645	  0.219498	
      1646	  0.222251	
      1647	  0.222702	
      1648	  0.222065	
      1649	  0.218872	
      1650	  0.220657	
      1651	  0.218682	
      1652	  0.220721	
      1653	  0.219233	
      1654	  0.219932	
      1655	  0.218203	
      1656	  0.219263	
      1657	  0.219361	
      1658	  0.218237	
      1659	  0.216152	
      1660	   0.21734	
      1661	  0.218159	
      1662	  0.217406	
      1663	  0.216538	
      1664	  0.216145	
      1665	  0.214424	
      1666	   0.21283	
      1667	  0.212808	
      1668	  0.210236	
      1669	   0.21167	
      1670	  0.214685	
      1671	  0.213326	
      1672	   0.20713	
      1673	  0.209292	
      1674	  0.211571	
      1675	  0.209372	
      1676	  0.207056	
      1677	   0.20825	
      1678	  0.208834	
      1679	   0.20529	
      1680	   0.19836	
      1681	  0.191875	
      1682	   0.19481	
      1683	  0.199678	
      1684	  0.202278	
      1685	  0.202631	
      1686	  0.200383	
      1687	  0.200419	
      1688	  0.199871	
      1689	  0.197441	
      1690	   0.19727	
      1691	  0.199831	
      1692	   0.19992	
      1693	  0.198953	
      1694	  0.198578	
      1695	  0.198219	
      1696	  0.197154	
      1697	  0.196106	
      1698	  0.195646	
      1699	  0.194368	
      1700	  0.191939	
      1701	  0.191376	
      1702	  0.191136	
      1703	  0.190667	
      1704	  0.190155	
      1705	  0.189582	
      1706	   0.18854	
      1707	  0.187428	
      1708	  0.186321	
      1709	  0.185219	
      1710	  0.184306	
      1711	  0.184506	
      1712	  0.184893	
      1713	  0.185281	
      1714	   0.18567	
      1715	  0.185904	
      1716	  0.185164	
      1717	   0.18427	
      1718	   0.18338	
      1719	  0.182493	
      1720	  0.181682	
      1721	  0.181277	
      1722	  0.180947	
      1723	   0.18062	
      1724	  0.180294	
      1725	  0.179906	
      1726	    0.1791	
      1727	  0.178233	
      1728	  0.177368	
      1729	  0.176506	
      1730	  0.175491	
      1731	  0.173514	
      1732	  0.171388	
      1733	  0.169265	
      1734	  0.167146	
      1735	  0.165467	
      1736	  0.166364	
      1737	  0.167695	
      1738	  0.169025	
      1739	  0.170355	
      1740	  0.171412	
      1741	  0.159923	
      1742	  0.151823	
      1743	  0.145306	
      1744	  0.139743	
      1745	  0.134899	
      1746	  0.130855	
      1747	  0.127234	
      1748	  0.123909	
      1749	  0.120828	
      1750	  0.117976	
      1751	  0.115389	
      1752	  0.112973	
      1753	   0.11069	
      1754	  0.108526	
      1755	  0.106429	
      1756	  0.104169	
      1757	  0.101969	
      1758	 0.0998603	
      1759	 0.0978356	
      1760	 0.0959149	
      1761	 0.0942208	
      1762	 0.0926136	
      1763	 0.0910628	
      1764	 0.0895647	
      1765	  0.088116	
      1766	 0.0867137	
      1767	 0.0853551	
      1768	 0.0840378	
      1769	 0.0827594	
      1770	 0.0814862	
      1771	 0.0800435	
      1772	 0.0786096	
      1773	 0.0772142	
      1774	 0.0758557	
      1775	 0.0745747	
      1776	 0.0735771	
      1777	 0.0726455	
      1778	 0.0717367	
      1779	 0.0708497	
      1780	 0.0699635	
      1781	 0.0689801	
      1782	 0.0679997	
      1783	 0.0670414	
      1784	 0.0661043	
      1785	 0.0652065	
      1786	 0.0644392	
      1787	 0.0637062	
      1788	 0.0629884	
      1789	 0.0622852	
      1790	 0.0615713	
      1791	 0.0607106	
      1792	 0.0598429	
      1793	 0.0589923	
      1794	 0.0581584	
      1795	 0.0573407	
      1796	 0.0565387	
      1797	 0.0557518	
      1798	 0.0549798	
      1799	  0.054222	
      1800	 0.0535101	
      1801	 0.0500545	
      1802	 0.0469898	
      1803	 0.0442272	
      1804	 0.0417221	
      1805	 0.0394343	
      1806	 0.0373047	
      1807	 0.0353441	
      1808	 0.0335369	
      1809	  0.031866	
      1810	 0.0302538	
      1811	 0.0283979	
      1812	  0.026622	
      1813	  0.024975	
      1814	  0.023445	
      1815	 0.0220894	
      1816	 0.0212111	
      1817	  0.020446	
      1818	 0.0197223	
      1819	 0.0190368	
      1820	 0.0183809	
      1821	 0.0177251	
      1822	 0.0170975	
      1823	 0.0165012	
      1824	 0.0159343	
      1825	 0.0153787	
      1826	 0.0147534	
      1827	 0.0141452	
      1828	 0.0135681	
      1829	 0.0130199	
      1830	 0.0125052	
      1831	 0.0120489	
      1832	 0.0116197	
      1833	 0.0112101	
      1834	 0.0108189	
      1835	 0.0104437	
      1836	 0.0100748	
      1837	0.00972082	
      1838	 0.0093823	
      1839	0.00905834	
      1840	0.00874706	
      1841	0.00844021	
      1842	 0.0081453	
      1843	0.00786277	
      1844	0.00759198	
      1845	0.00733618	
      1846	0.00711117	
      1847	 0.0068984	
      1848	0.00669362	
      1849	0.00649647	
      1850	0.00630451	
      1851	 0.0061076	
      1852	0.00591617	
      1853	0.00573194	
      1854	0.00555456	
      1855	0.00538375	
      1856	0.00521919	
      1857	0.00506062	
      1858	0.00490778	
      1859	0.00476041	
      1860	0.00461828	
      1861	0.00467949	
      1862	0.00474177	
      1863	0.00480513	
      1864	0.00486961	
      1865	0.00493623	
      1866	0.00500882	
      1867	0.00508383	
      1868	0.00516029	
      1869	0.00523823	
      1870	0.00530604	
      1871	0.00530245	
      1872	0.00528558	
      1873	0.00526704	
      1874	0.00524676	
      1875	0.00525356	
      1876	0.00543417	
      1877	 0.0056497	
      1878	0.00587144	
      1879	0.00609957	
      1880	0.00631707	
      1881	0.00643555	
      1882	0.00653892	
      1883	0.00664447	
      1884	0.00675225	
      1885	0.00685669	
      1886	0.00692694	
      1887	0.00699227	
      1888	0.00705832	
      1889	0.00712512	
      1890	0.00719781	
      1891	0.00730283	
      1892	0.00741529	
      1893	0.00753013	
      1894	 0.0076474	
      1895	0.00777281	
      1896	0.00793542	
      1897	0.00810804	
      1898	0.00828519	
      1899	0.00846701	
      1900	0.00864933	
      1901	0.00880749	
      1902	0.00896501	
      1903	0.00912635	
      1904	0.00929163	
      1905	 0.0094596	
      1906	0.00962061	
      1907	0.00978404	
      1908	0.00995139	
      1909	 0.0101228	
      1910	 0.0103006	
      1911	 0.0104935	
      1912	 0.0106938	
      1913	 0.0108994	
      1914	 0.0111105	
      1915	 0.0113272	
      1916	 0.0115497	
      1917	 0.0117784	
      1918	 0.0120134	
      1919	 0.0122549	
      1920	 0.0125033	
      1921	 0.0122265	
      1922	 0.0122443	
      1923	 0.0123272	
      1924	 0.0124468	
      1925	 0.0125875	
      1926	 0.0127203	
      1927	 0.0128651	
      1928	 0.0130247	
      1929	 0.0131981	
      1930	 0.0133947	
      1931	  0.013667	
      1932	 0.0139655	
      1933	 0.0142802	
      1934	 0.0146117	
      1935	 0.0149526	
      1936	 0.0152578	
      1937	 0.0155706	
      1938	 0.0158997	
      1939	  0.016246	
      1940	 0.0165846	
      1941	 0.0167837	
      1942	 0.0169661	
      1943	 0.0171579	
      1944	 0.0173596	
      1945	 0.0176302	
      1946	 0.0182773	
      1947	 0.0190244	
      1948	 0.0198165	
      1949	 0.0206575	
      1950	 0.0215349	
      1951	 0.0223635	
      1952	 0.0232294	
      1953	 0.0241553	
      1954	 0.0251479	
      1955	 0.0261945	
      1956	 0.0271952	
      1957	 0.0282556	
      1958	 0.0294075	
      1959	 0.0306647	
      1960	 0.0320396	
      1961	 0.0328229	
      1962	 0.0336367	
      1963	 0.0344889	
      1964	 0.0353827	
      1965	 0.0363511	
      1966	 0.0375533	
      1967	 0.0388547	
      1968	 0.0402322	
      1969	 0.0416933	
      1970	 0.0432223	
      1971	 0.0446855	
      1972	 0.0462221	
      1973	 0.0478686	
      1974	 0.0496398	
      1975	 0.0515535	
      1976	 0.0536318	
      1977	 0.0559027	
      1978	 0.0584022	
      1979	  0.061178	
      1980	 0.0643117	
      1981	 0.0679624	
      1982	 0.0722229	
      1983	 0.0773196	
      1984	  0.083715	
      1985	 0.0925871	
      1986	 0.0821991	
      1987	 0.0764043	
      1988	 0.0720738	
      1989	 0.0685513	
      1990	 0.0655044	
      1991	 0.0625292	
      1992	 0.0598221	
      1993	 0.0573729	
      1994	 0.0551356	
      1995	 0.0531124	
      1996	 0.0514325	
      1997	 0.0499049	
      1998	 0.0484786	
      1999	 0.0471416	
      2000	 0.0458645	
      2001	 0.0445449	
      2002	 0.0432776	
      2003	 0.0420755	
      2004	  0.040933	
      2005	 0.0398624	
      2006	 0.0405812	
      2007	 0.0413423	
      2008	 0.0421298	
      2009	 0.0429454	
      2010	 0.0437832	
      2011	 0.0445904	
      2012	 0.0454208	
      2013	 0.0462842	
      2014	  0.047183	
      2015	 0.0481115	
      2016	 0.0490119	
      2017	 0.0499447	
      2018	 0.0509221	
      2019	 0.0519483	
      2020	 0.0530519	
      2021	 0.0543618	
      2022	 0.0557717	
      2023	 0.0572668	
      2024	 0.0588581	
      2025	 0.0605318	
      2026	 0.0621626	
      2027	  0.063899	
      2028	 0.0657938	
      2029	 0.0678816	
      2030	 0.0702306	
      2031	   0.07299	
      2032	 0.0762172	
      2033	 0.0801208	
      2034	 0.0852379	
      2035	 0.0940951	
      2036	 0.0932336	
      2037	 0.0924123	
      2038	  0.091636	
      2039	 0.0908965	
      2040	 0.0902551	
      2041	  0.090009	
      2042	 0.0898496	
      2043	 0.0897071	
      2044	 0.0895795	
      2045	 0.0894074	
      2046	 0.0888679	
      2047	 0.0882844	
      2048	 0.0877137	
      2049	 0.0871549	
      2050	 0.0866318	
      2051	 0.0862331	
      2052	  0.085868	
      2053	 0.0855115	
      2054	 0.0851631	
      2055	 0.0848063	
      2056	  0.084328	
      2057	 0.0838414	
      2058	 0.0833623	
      2059	 0.0828905	
      2060	 0.0824497	
      2061	 0.0821275	
      2062	 0.0818355	
      2063	 0.0815496	
      2064	 0.0812697	
      2065	 0.0809959	
      2066	 0.0810656	
      2067	 0.0811378	
      2068	 0.0812124	
      2069	 0.0812896	
      2070	 0.0813938	
      2071	 0.0816141	
      2072	 0.0818625	
      2073	 0.0821152	
      2074	 0.0823722	
      2075	 0.0826011	
      2076	 0.0826212	
      2077	 0.0826118	
      2078	 0.0826059	
      2079	 0.0826037	
      2080	 0.0826221	
      2081	 0.0827284	
      2082	 0.0828569	
      2083	 0.0829912	
      2084	 0.0831318	
      2085	 0.0832878	
      2086	 0.0834683	
      2087	 0.0836657	
      2088	 0.0838723	
      2089	 0.0840891	
      2090	 0.0842998	
      2091	 0.0844361	
      2092	 0.0845682	
      2093	 0.0847152	
      2094	 0.0848795	
      2095	 0.0850997	
      2096	 0.0855764	
      2097	 0.0861222	
      2098	 0.0867102	
      2099	 0.0873533	
      2100	  0.088064	
      2101	 0.0880395	
      2102	 0.0880063	
      2103	 0.0879735	
      2104	 0.0879411	
      2105	 0.0878908	
      2106	 0.0877308	
      2107	 0.0875527	
      2108	  0.087375	
      2109	 0.0871976	
      2110	 0.0870299	
      2111	 0.0869361	
      2112	  0.086852	
      2113	 0.0867685	
      2114	 0.0866855	
      2115	 0.0866031	
      2116	 0.0865028	
      2117	 0.0864032	
      2118	 0.0863042	
      2119	 0.0862059	
      2120	 0.0861083	
      2121	  0.085993	
      2122	 0.0858785	
      2123	 0.0857648	
      2124	  0.085652	
      2125	  0.085568	
      2126	 0.0856336	
      2127	 0.0857283	
      2128	 0.0858246	
      2129	 0.0859224	
      2130	 0.0859846	
      2131	 0.0858436	
      2132	 0.0856669	
      2133	 0.0854918	
      2134	 0.0853186	
      2135	 0.0851754	
      2136	 0.0852217	
      2137	 0.0852989	
      2138	 0.0853794	
      2139	 0.0854637	
      2140	 0.0855241	
      2141	   0.08542	
      2142	 0.0852929	
      2143	  0.085172	
      2144	 0.0850584	
      2145	 0.0849823	
      2146	 0.0850504	
      2147	 0.0851627	
      2148	 0.0852965	
      2149	 0.0852496	
      2150	 0.0851932	
      2151	 0.0850419	
      2152	 0.0848811	
      2153	 0.0847205	
      2154	 0.0845598	
      2155	 0.0843993	
      2156	 0.0842008	
      2157	 0.0840024	
      2158	 0.0838041	
      2159	 0.0836058	
      2160	 0.0832938	
      2161	 0.0822797	
      2162	 0.0811521	
      2163	 0.0800246	
      2164	 0.0788975	
      2165	 0.0779887	
      2166	 0.0784077	
      2167	 0.0790449	
      2168	 0.0796819	
      2169	 0.0803188	
      2170	 0.0808893	
      2171	 0.0810236	
      2172	 0.0810917	
      2173	 0.0811597	
      2174	 0.0812277	
      2175	 0.0812579	
      2176	 0.0810607	
      2177	 0.0808257	
      2178	 0.0805907	
      2179	 0.0803558	
      2180	 0.0801494	
      2181	 0.0801325	
      2182	 0.0801439	
      2183	 0.0801554	
      2184	  0.080167	
      2185	 0.0801406	
      2186	 0.0798683	
      2187	 0.0795581	
      2188	  0.079248	
      2189	  0.078938	
      2190	 0.0786754	
      2191	 0.0786966	
      2192	 0.0787652	
      2193	 0.0788338	
      2194	 0.0789024	
      2195	 0.0789427	
      2196	 0.0788316	
      2197	 0.0786923	
      2198	  0.078553	
      2199	  0.078407	
      2200	 0.0782328	
      2201	 0.0778886	
      2202	 0.0775162	
      2203	  0.077144	
      2204	  0.076772	
      2205	 0.0764473	
      2206	 0.0763683	
      2207	 0.0763365	
      2208	 0.0763048	
      2209	 0.0762732	
      2210	 0.0762321	
      2211	 0.0761534	
      2212	 0.0760653	
      2213	 0.0759773	
      2214	 0.0758893	
      2215	 0.0758014	
      2216	 0.0757136	
      2217	 0.0756258	
      2218	 0.0755381	
      2219	 0.0754504	
      2220	  0.075344	
      2221	 0.0751246	
      2222	 0.0748865	
      2223	 0.0746484	
      2224	 0.0744105	
      2225	 0.0741916	
      2226	 0.0740856	
      2227	 0.0739986	
      2228	 0.0739116	
      2229	 0.0738246	
      2230	 0.0737378	
      2231	 0.0736321	
      2232	 0.0735266	
      2233	  0.073421	
      2234	 0.0733156	
      2235	 0.0731914	
      2236	 0.0729358	
      2237	 0.0726614	
      2238	 0.0723872	
      2239	  0.072113	
      2240	 0.0718672	
      2241	 0.0717905	
      2242	 0.0717419	
      2243	 0.0716935	
      2244	  0.071645	
      2245	 0.0715778	
      2246	 0.0714169	
      2247	 0.0712373	
      2248	 0.0710577	
      2249	 0.0708782	
      2250	 0.0706988	
      2251	  0.070482	
      2252	 0.0702653	
      2253	 0.0700487	
      2254	 0.0698321	
      2255	 0.0696344	
      2256	 0.0695679	
      2257	 0.0695202	
      2258	 0.0694725	
      2259	 0.0694248	
      2260	 0.0693678	
      2261	 0.0692173	
      2262	 0.0690575	
      2263	 0.0688977	
      2264	  0.068738	
      2265	  0.068597	
      2266	  0.068531	
      2267	 0.0684837	
      2268	 0.0684365	
      2269	 0.0683892	
      2270	 0.0683327	
      2271	 0.0680951	
      2272	 0.0678541	
      2273	 0.0676183	
      2274	 0.0673874	
      2275	 0.0671424	
      2276	 0.0668092	
      2277	 0.0664618	
      2278	 0.0661184	
      2279	 0.0657787	
      2280	   0.06547	
      2281	 0.0653292	
      2282	 0.0652183	
      2283	 0.0651096	
      2284	  0.065003	
      2285	 0.0648985	
      2286	 0.0647595	
      2287	 0.0646224	
      2288	 0.0644872	
      2289	 0.0643537	
      2290	 0.0641857	
      2291	 0.0637853	
      2292	 0.0633512	
      2293	 0.0629195	
      2294	 0.0624899	
      2295	 0.0621163	
      2296	 0.0620309	
      2297	 0.0620002	
      2298	 0.0619704	
      2299	 0.0619415	
      2300	 0.0619046	
      2301	 0.0617974	
      2302	 0.0616825	
      2303	 0.0615685	
      2304	 0.0614555	
      2305	 0.0613346	
      2306	 0.0611793	
      2307	 0.0610162	
      2308	 0.0608541	
      2309	  0.060693	
      2310	 0.0605328	
      2311	 0.0603385	
      2312	 0.0601451	
      2313	 0.0599527	
      2314	 0.0597612	
      2315	 0.0595707	
      2316	 0.0593984	
      2317	 0.0592271	
      2318	 0.0590565	
      2319	 0.0588867	
      2320	 0.0586917	
      2321	 0.0583066	
      2322	 0.0578968	
      2323	 0.0574882	
      2324	 0.0570808	
      2325	 0.0567351	
      2326	 0.0567185	
      2327	 0.0567626	
      2328	 0.0568069	
      2329	 0.0568515	
      2330	 0.0568705	
      2331	 0.0567523	
      2332	  0.056609	
      2333	 0.0564663	
      2334	 0.0563242	
      2335	 0.0561826	
      2336	 0.0560416	
      2337	 0.0559011	
      2338	 0.0557611	
      2339	 0.0556217	
      2340	 0.0554914	
      2341	 0.0554125	
      2342	 0.0553425	
      2343	 0.0552729	
      2344	 0.0552036	
      2345	 0.0551178	
      2346	 0.0549477	
      2347	 0.0547613	
      2348	 0.0545754	
      2349	 0.0543901	
      2350	 0.0541884	
      2351	 0.0538694	
      2352	 0.0535344	
      2353	 0.0532002	
      2354	 0.0528667	
      2355	 0.0525844	
      2356	 0.0525711	
      2357	 0.0526082	
      2358	 0.0526455	
      2359	 0.0526828	
      2360	 0.0527119	
      2361	 0.0517398	
      2362	 0.0508492	
      2363	 0.0500296	
      2364	 0.0492678	
      2365	 0.0485468	
      2366	 0.0478066	
      2367	 0.0470964	
      2368	 0.0464196	
      2369	 0.0457723	
      2370	 0.0451444	
      2371	 0.0444978	
      2372	  0.043867	
      2373	 0.0432575	
      2374	 0.0426676	
      2375	 0.0421232	
      2376	 0.0417308	
      2377	 0.0413779	
      2378	 0.0410361	
      2379	 0.0407048	
      2380	  0.040331	
      2381	 0.0396694	
      2382	 0.0389712	
      2383	  0.038288	
      2384	 0.0376191	
      2385	 0.0370263	
      2386	 0.0368177	
      2387	 0.0366759	
      2388	 0.0365383	
      2389	 0.0364045	
      2390	 0.0362503	
      2391	  0.035957	
      2392	 0.0356459	
      2393	 0.0353408	
      2394	 0.0350414	
      2395	 0.0347475	
      2396	 0.0344475	
      2397	 0.0341528	
      2398	 0.0338631	
      2399	 0.0335784	
      2400	 0.0332985	
      2401	 0.0330342	
      2402	 0.0327743	
      2403	 0.0325185	
      2404	 0.0322667	
      2405	 0.0320189	
      2406	 0.0317856	
      2407	 0.0315558	
      2408	 0.0313294	
      2409	 0.0311064	
      2410	 0.0308605	
      2411	 0.0304626	
      2412	 0.0300443	
      2413	 0.0296315	
      2414	 0.0292241	
      2415	 0.0288625	
      2416	 0.0287267	
      2417	 0.0286326	
      2418	   0.02854	
      2419	 0.0284486	
      2420	 0.0283438	
      2421	 0.0281429	
      2422	 0.0279299	
      2423	 0.0277196	
      2424	 0.0275118	
      2425	 0.0273113	
      2426	 0.0271416	
      2427	 0.0269786	
      2428	 0.0268176	
      2429	 0.0266585	
      2430	 0.0264966	
      2431	 0.0262904	
      2432	  0.026082	
      2433	  0.025876	
      2434	 0.0256722	
      2435	 0.0254752	
      2436	 0.0253162	
      2437	 0.0251634	
      2438	 0.0250122	
      2439	 0.0248626	
      2440	 0.0247103	
      2441	 0.0245246	
      2442	 0.0243364	
      2443	 0.0241503	
      2444	  0.023966	
      2445	 0.0237794	
      2446	 0.0235776	
      2447	 0.0233736	
      2448	 0.0231716	
      2449	 0.0229717	
      2450	  0.022782	
      2451	  0.022137	
      2452	  0.021532	
      2453	 0.0209562	
      2454	 0.0204072	
      2455	 0.0198902	
      2456	 0.0194316	
      2457	 0.0189992	
      2458	 0.0185845	
      2459	 0.0181862	
      2460	 0.0178001	
      2461	 0.0174029	
      2462	 0.0170173	
      2463	 0.0166457	
      2464	 0.0162874	
      2465	 0.0159357	
      2466	 0.0155672	
      2467	 0.0152057	
      2468	 0.0148563	
      2469	 0.0145184	
      2470	 0.0141968	
      2471	 0.0139219	
      2472	 0.0136605	
      2473	 0.0134068	
      2474	 0.0131607	
      2475	 0.0129144	
      2476	 0.0126276	
      2477	 0.0123422	
      2478	 0.0120652	
      2479	 0.0117963	
      2480	 0.0115416	
      2481	 0.0113245	
      2482	 0.0111197	
      2483	 0.0109202	
      2484	 0.0107259	
      2485	 0.0105407	
      2486	 0.0103802	
      2487	 0.0102274	
      2488	 0.0100783	
      2489	0.00993255	
      2490	 0.0097733	
      2491	0.00951442	
      2492	0.00924604	
      2493	0.00898478	
      2494	0.00873041	
      2495	0.00850872	
      2496	 0.0084396	
      2497	0.00839676	
      2498	0.00835419	
      2499	0.00831188	
      2500	0.00825694	
      2501	0.00535942	
      2502	 0.0036855	
      2503	0.00263529	
      2504	0.00193841	
      2505	0.00145687	
      2506	  0.001112	
      2507	0.000860867	
      2508	0.000674574	
      2509	0.000534124	
      2510	0.000426855	
      2511	0.000344286	
      2512	0.000279734	
      2513	0.000228747	
      2514	0.000188142	
      2515	0.000155565	
      2516	0.000129306	
      2517	0.000107961	
      2518	9.05114e-05	
      2519	7.61736e-05	
      2520	6.43496e-05	
      2521	5.45883e-05	
      2522	4.64627e-05	
      2523	3.96633e-05	
      2524	3.39532e-05	
      2525	2.91477e-05	
      2526	2.51162e-05	
      2527	2.1698e-05	
      2528	1.87871e-05	
      2529	1.63016e-05	
      2530	1.41708e-05	
      2531	1.23166e-05	
      2532	1.07227e-05	
      2533	9.3516e-06	
      2534	8.16977e-06	
      2535	7.15049e-06	
      2536	6.27357e-06	
      2537	5.51372e-06	
      2538	4.85298e-06	
      2539	4.27745e-06	
      2540	3.77529e-06	
      2541	3.33789e-06	
      2542	2.95492e-06	
      2543	2.6191e-06	
      2544	2.3242e-06	
      2545	2.06489e-06	
      2546	1.83576e-06	
      2547	1.63383e-06	
      2548	1.45563e-06	
      2549	1.29819e-06	
      2550	1.15893e-06	
      2551	1.03516e-06	
      2552	9.25469e-07	
      2553	8.28157e-07	
      2554	7.41733e-07	
      2555	6.64903e-07	
      2556	5.96272e-07	
      2557	5.35163e-07	
      2558	4.80701e-07	
      2559	4.32118e-07	
      2560	3.88826e-07	
      2561	3.50441e-07	
      2562	3.16145e-07	
      2563	2.8541e-07	
      2564	2.57842e-07	
      2565	2.33096e-07	
      2566	2.10772e-07	
      2567	1.90711e-07	
      2568	1.72669e-07	
      2569	1.56432e-07	
      2570	1.41809e-07	
      2571	1.28573e-07	
      2572	1.1664e-07	
      2573	1.05876e-07	
      2574	9.61594e-08	
      2575	8.73829e-08	
      2576	7.94507e-08	
      2577	7.2277e-08	
      2578	6.57854e-08	
      2579	5.99077e-08	
      2580	5.45703e-08	
      2581	4.96651e-08	
      2582	4.52122e-08	
      2583	4.11779e-08	
      2584	3.75207e-08	
      2585	3.42197e-08	
      2586	3.13242e-08	
      2587	2.86999e-08	
      2588	2.63072e-08	
      2589	2.41244e-08	
      2590	2.21271e-08	
      2591	2.02663e-08	
      2592	1.85654e-08	
      2593	1.70142e-08	
      2594	1.55987e-08	
      2595	 1.431e-08	
      2596	1.31451e-08	
      2597	1.20825e-08	
      2598	 1.111e-08	
      2599	1.02196e-08	
      2600	9.40405e-09	
      2601	7.6397e-09	
      2602	6.78611e-09	
      2603	6.13018e-09	
      2604	5.58736e-09	
      2605	5.12233e-09	
      2606	4.71138e-09	
      2607	4.34742e-09	
      2608	4.02198e-09	
      2609	3.72891e-09	
      2610	3.46347e-09	
      2611	3.22351e-09	
      2612	3.0043e-09	
      2613	2.80343e-09	
      2614	2.61885e-09	
      2615	2.44885e-09	
      2616	2.28978e-09	
      2617	2.14281e-09	
      2618	2.0068e-09	
      2619	1.88075e-09	
      2620	1.76293e-09	
      2621	1.64797e-09	
      2622	1.5406e-09	
      2623	1.44096e-09	
      2624	1.34841e-09	
      2625	1.26392e-09	
      2626	1.19345e-09	
      2627	1.12879e-09	
      2628	1.06807e-09	
      2629	1.01102e-09	
      2630	9.5691e-10	
      2631	9.03396e-10	
      2632	8.52763e-10	
      2633	8.05245e-10	
      2634	7.60625e-10	
      2635	7.18531e-10	
      2636	6.77316e-10	
      2637	6.38491e-10	
      2638	6.02056e-10	
      2639	5.6785e-10	
      2640	5.35991e-10	
      2641	5.07562e-10	
      2642	4.81003e-10	
      2643	4.55948e-10	
      2644	4.32304e-10	
      2645	4.09982e-10	
      2646	3.88516e-10	
      2647	3.68256e-10	
      2648	3.49129e-10	
      2649	3.31066e-10	
      2650	3.14004e-10	
      2651	2.97583e-10	
      2652	2.82077e-10	
      2653	2.6743e-10	
      2654	2.53591e-10	
      2655	2.40574e-10	
      2656	2.28498e-10	
      2657	2.17121e-10	
      2658	2.06348e-10	
      2659	1.96144e-10	
      2660	1.86429e-10	
      2661	1.76955e-10	
      2662	1.67947e-10	
      2663	1.59423e-10	
      2664	1.51354e-10	
      2665	1.43789e-10	
      2666	1.36904e-10	
      2667	1.30435e-10	
      2668	1.2429e-10	
      2669	1.18452e-10	
      2670	1.12876e-10	
      2671	1.07303e-10	
      2672	1.01992e-10	
      2673	9.69577e-11	
      2674	9.21835e-11	
      2675	8.76784e-11	
      2676	8.34907e-11	
      2677	7.95341e-11	
      2678	7.57748e-11	
      2679	7.22023e-11	
      2680	6.88069e-11	
      2681	6.55793e-11	
      2682	6.25108e-11	
      2683	5.9593e-11	
      2684	5.68182e-11	
      2685	5.41791e-11	
      2686	5.16143e-11	
      2687	4.91765e-11	
      2688	4.68591e-11	
      2689	4.46557e-11	
      2690	4.25605e-11	
      2691	4.05894e-11	
      2692	3.87138e-11	
      2693	3.69288e-11	
      2694	3.52298e-11	
      2695	3.36125e-11	
      2696	3.20556e-11	
      2697	3.05738e-11	
      2698	2.91634e-11	
      2699	2.78208e-11	
      2700	2.65497e-11	
      2701	2.81656e-11	
      2702	2.9894e-11	
      2703	3.17349e-11	
      2704	3.36962e-11	
      2705	3.57861e-11	
      2706	3.80136e-11	
      2707	4.03884e-11	
      2708	4.29207e-11	
      2709	4.56216e-11	
      2710	4.8503e-11	
      2711	5.16059e-11	
      2712	5.49195e-11	
      2713	5.8459e-11	
      2714	6.22407e-11	
      2715	6.62822e-11	
      2716	7.05638e-11	
      2717	7.51395e-11	
      2718	8.00306e-11	
      2719	8.52602e-11	
      2720	9.08533e-11	
      2721	9.67834e-11	
      2722	1.03125e-10	
      2723	1.0991e-10	
      2724	1.1717e-10	
      2725	1.24975e-10	
      2726	1.33408e-10	
      2727	1.42486e-10	
      2728	1.52221e-10	
      2729	1.62664e-10	
      2730	1.73869e-10	
      2731	1.8569e-10	
      2732	1.98367e-10	
      2733	2.11968e-10	
      2734	2.26563e-10	
      2735	2.42231e-10	
      2736	 2.592e-10	
      2737	2.77437e-10	
      2738	2.97042e-10	
      2739	3.18127e-10	
      2740	3.40808e-10	
      2741	3.65422e-10	
      2742	3.91933e-10	
      2743	4.20496e-10	
      2744	4.51281e-10	
      2745	4.84473e-10	
      2746	5.19977e-10	
      2747	5.58262e-10	
      2748	5.99562e-10	
      2749	6.4413e-10	
      2750	6.92242e-10	
      2751	7.43776e-10	
      2752	7.9942e-10	
      2753	8.59524e-10	
      2754	9.2447e-10	
      2755	9.94678e-10	
      2756	1.0706e-09	
      2757	1.15274e-09	
      2758	1.24165e-09	
      2759	1.33791e-09	
      2760	1.44219e-09	
      2761	1.55609e-09	
      2762	1.67966e-09	
      2763	1.81376e-09	
      2764	1.95936e-09	
      2765	2.11752e-09	
      2766	2.29074e-09	
      2767	2.47919e-09	
      2768	2.6843e-09	
      2769	2.90766e-09	
      2770	3.15009e-09	
      2771	3.41029e-09	
      2772	3.6926e-09	
      2773	4.00013e-09	
      2774	4.33532e-09	
      2775	4.70086e-09	
      2776	5.10271e-09	
      2777	5.54169e-09	
      2778	6.0215e-09	
      2779	6.54623e-09	
      2780	7.12044e-09	
      2781	7.75379e-09	
      2782	8.44812e-09	
      2783	9.20977e-09	
      2784	1.00458e-08	
      2785	1.09641e-08	
      2786	1.19734e-08	
      2787	1.30836e-08	
      2788	1.43055e-08	
      2789	1.56514e-08	
      2790	1.7135e-08	
      2791	1.87601e-08	
      2792	2.05531e-08	
      2793	2.2533e-08	
      2794	2.47208e-08	
      2795	2.71486e-08	
      2796	2.9855e-08	
      2797	3.28658e-08	
      2798	3.62082e-08	
      2799	3.99219e-08	
      2800	4.40521e-08	
      2801	4.71409e-08	
      2802	5.04609e-08	
      2803	5.40309e-08	
      2804	5.78708e-08	
      2805	6.20217e-08	
      2806	6.6532e-08	
      2807	7.14149e-08	
      2808	7.66808e-08	
      2809	8.2362e-08	
      2810	8.84935e-08	
      2811	9.51135e-08	
      2812	1.02264e-07	
      2813	1.0999e-07	
      2814	1.18341e-07	
      2815	1.27372e-07	
      2816	1.37057e-07	
      2817	1.47533e-07	
      2818	1.58869e-07	
      2819	1.71141e-07	
      2820	1.84433e-07	
      2821	1.98711e-07	
      2822	2.1418e-07	
      2823	2.30946e-07	
      2824	2.49128e-07	
      2825	2.68939e-07	
      2826	2.90632e-07	
      2827	3.14311e-07	
      2828	3.40072e-07	
      2829	3.6811e-07	
      2830	3.98645e-07	
      2831	4.31644e-07	
      2832	4.67599e-07	
      2833	5.06796e-07	
      2834	5.49553e-07	
      2835	5.96221e-07	
      2836	6.46775e-07	
      2837	7.01987e-07	
      2838	7.62322e-07	
      2839	8.28299e-07	
      2840	9.00493e-07	
      2841	9.8017e-07	
      2842	1.06753e-06	
      2843	1.16337e-06	
      2844	1.2686e-06	
      2845	1.38422e-06	
      2846	1.51038e-06	
      2847	1.64912e-06	
      2848	1.80183e-06	
      2849	1.97004e-06	
      2850	2.15548e-06	
      2851	2.3601e-06	
      2852	2.58608e-06	
      2853	2.83587e-06	
      2854	3.11225e-06	
      2855	3.41833e-06	
      2856	3.76012e-06	
      2857	4.13965e-06	
      2858	4.56153e-06	
      2859	5.03099e-06	
      2860	5.55399e-06	
      2861	6.13731e-06	
      2862	6.7887e-06	
      2863	 7.517e-06	
      2864	8.33235e-06	
      2865	9.24636e-06	
      2866	1.02587e-05	
      2867	1.13953e-05	
      2868	1.26735e-05	
      2869	1.41129e-05	
      2870	1.5742e-05	
      2871	1.75953e-05	
      2872	1.97018e-05	
      2873	2.20937e-05	
      2874	2.4815e-05	
      2875	2.79268e-05	
      2876	3.15044e-05	
      2877	3.56167e-05	
      2878	4.03424e-05	
      2879	4.57866e-05	
      2880	5.20753e-05	
      2881	5.92793e-05	
      2882	6.76395e-05	
      2883	7.73728e-05	
      2884	8.87441e-05	
      2885	0.000102078	
      2886	0.000117858	
      2887	0.00013653	
      2888	0.000158727	
      2889	0.000185256	
      2890	0.000217146	
      2891	0.000255731	
      2892	0.000302763	
      2893	0.000360578	
      2894	0.000432361	
      2895	0.000522563	
      2896	0.000637193	
      2897	0.000786324	
      2898	0.000986249	
      2899	 0.0012695	
      2900	0.00176854	
      2901	0.00178465	
      2902	0.00180096	
      2903	0.00181747	
      2904	0.00183418	
      2905	0.00185109	
      2906	0.00186692	
      2907	0.00188293	
      2908	0.00189913	
      2909	0.00191553	
      2910	0.00193212	
      2911	0.00194755	
      2912	0.00196314	
      2913	0.00197892	
      2914	0.00199488	
      2915	0.00201103	
      2916	 0.0020288	
      2917	0.00204679	
      2918	0.00206501	
      2919	0.00208345	
      2920	0.00210213	
      2921	0.00212104	
      2922	0.00214019	
      2923	0.00215959	
      2924	0.00217923	
      2925	0.00219913	
      2926	0.00221929	
      2927	0.00223971	
      2928	0.00226039	
      2929	0.00228135	
      2930	0.00230258	
      2931	0.00232241	
      2932	0.00234249	
      2933	0.00236283	
      2934	0.00238342	
      2935	0.00240428	
      2936	0.00242719	
      2937	0.00245042	
      2938	0.00247396	
      2939	0.00249783	
      2940	0.00252204	
      2941	 0.0025447	
      2942	0.00256766	
      2943	0.00259094	
      2944	0.00261453	
      2945	0.00263943	
      2946	0.00266667	
      2947	0.00269532	
      2948	0.00272441	
      2949	0.00275394	
      2950	0.00278393	
      2951	0.00281438	
      2952	0.00284531	
      2953	0.00287672	
      2954	0.00290863	
      2955	0.00294105	
      2956	0.00297174	
      2957	0.00300292	
      2958	0.00303458	
      2959	0.00306673	
      2960	 0.0030994	
      2961	0.00313497	
      2962	0.00317113	
      2963	0.00320789	
      2964	0.00324528	
      2965	 0.0032833	
      2966	0.00331944	
      2967	0.00335619	
      2968	0.00339356	
      2969	0.00343156	
      2970	0.00347021	
      2971	0.00351222	
      2972	0.00355499	
      2973	0.00359853	
      2974	0.00364286	
      2975	0.00368802	
      2976	0.00373113	
      2977	0.00377503	
      2978	0.00381974	
      2979	0.00386527	
      2980	0.00391166	
      2981	  0.003962	
      2982	0.00401333	
      2983	0.00406568	
      2984	0.00411908	
      2985	0.00417356	
      2986	0.00422586	
      2987	0.00427922	
      2988	0.00433367	
      2989	0.00438924	
      2990	0.00444599	
      2991	0.00450748	
      2992	0.00457033	
      2993	0.00463459	
      2994	 0.0047003	
      2995	0.00476753	
      2996	0.00483633	
      2997	0.00490678	
      2998	0.00497894	
      2999	0.00505289	
      3000	0.00512872	
      3001	0.00512283	
      3002	0.00511693	
      3003	0.00511103	
      3004	0.00510513	
      3005	0.00509921	
      3006	0.00509736	
      3007	0.00509551	
      3008	0.00509366	
      3009	0.00509181	
      3010	0.00508995	
      3011	 0.0050881	
      3012	0.00508624	
      3013	0.00508438	
      3014	0.00508252	
      3015	0.00508067	
      3016	0.00507472	
      3017	0.00506878	
      3018	0.00506282	
      3019	0.00505687	
      3020	0.00505091	
      3021	0.00504494	
      3022	0.00503897	
      3023	  0.005033	
      3024	0.00502702	
      3025	0.00502104	
      3026	0.00501916	
      3027	0.00501727	
      3028	0.00501538	
      3029	0.00501349	
      3030	 0.0050116	
      3031	 0.0050056	
      3032	 0.0049996	
      3033	0.00499359	
      3034	0.00498758	
      3035	0.00498156	
      3036	0.00497142	
      3037	0.00496128	
      3038	0.00495112	
      3039	0.00494096	
      3040	0.00493285	
      3041	0.00493712	
      3042	0.00494346	
      3043	 0.0049498	
      3044	0.00495616	
      3045	0.00496252	
      3046	0.00496475	
      3047	0.00496698	
      3048	0.00496922	
      3049	0.00497146	
      3050	 0.0049737	
      3051	 0.0049718	
      3052	 0.0049699	
      3053	  0.004968	
      3054	 0.0049661	
      3055	 0.0049642	
      3056	 0.0049623	
      3057	 0.0049604	
      3058	0.00495849	
      3059	0.00495659	
      3060	0.00495469	
      3061	0.00494446	
      3062	0.00493422	
      3063	0.00492397	
      3064	0.00491371	
      3065	0.00490554	
      3066	0.00490153	
      3067	0.00489961	
      3068	0.00489769	
      3069	0.00489577	
      3070	0.00489385	
      3071	0.00489611	
      3072	0.00489838	
      3073	0.00490065	
      3074	0.00490293	
      3075	0.00490521	
      3076	0.00489911	
      3077	  0.004893	
      3078	0.00488689	
      3079	0.00488078	
      3080	0.00487466	
      3081	0.00486854	
      3082	0.00486242	
      3083	0.00485629	
      3084	0.00485016	
      3085	0.00484403	
      3086	0.00483789	
      3087	0.00483176	
      3088	0.00482561	
      3089	0.00481947	
      3090	0.00481332	
      3091	0.00480717	
      3092	0.00480102	
      3093	0.00479486	
      3094	 0.0047887	
      3095	0.00478254	
      3096	0.00477638	
      3097	0.00477021	
      3098	0.00476404	
      3099	0.00475787	
      3100	0.00475169	
      3101	0.00473161	
      3102	 0.0047236	
      3103	0.00472083	
      3104	0.00472112	
      3105	0.00472347	
      3106	0.00472309	
      3107	0.00472387	
      3108	0.00472558	
      3109	0.00472807	
      3110	0.00473123	
      3111	0.00473066	
      3112	0.00473059	
      3113	0.00473094	
      3114	0.00473167	
      3115	0.00473493	
      3116	0.00474287	
      3117	0.00475333	
      3118	0.00476411	
      3119	0.00477521	
      3120	 0.0047866	
      3121	0.00479828	
      3122	0.00481023	
      3123	0.00482244	
      3124	0.00483491	
      3125	0.00484762	
      3126	0.00486058	
      3127	0.00487378	
      3128	 0.0048872	
      3129	0.00490086	
      3130	0.00491473	
      3131	0.00492883	
      3132	0.00494315	
      3133	0.00495769	
      3134	0.00497244	
      3135	 0.0049874	
      3136	 0.0049979	
      3137	0.00500856	
      3138	 0.0050194	
      3139	0.00503041	
      3140	0.00504159	
      3141	0.00505771	
      3142	0.00507404	
      3143	0.00509058	
      3144	0.00510733	
      3145	0.00512428	
      3146	0.00513657	
      3147	0.00514902	
      3148	0.00516165	
      3149	0.00517444	
      3150	 0.0051874	
      3151	0.00520551	
      3152	0.00522384	
      3153	0.00524239	
      3154	0.00526116	
      3155	0.00528014	
      3156	0.00529935	
      3157	0.00531878	
      3158	0.00533844	
      3159	0.00535832	
      3160	0.00537844	
      3161	0.00540401	
      3162	0.00542986	
      3163	0.00545601	
      3164	0.00548244	
      3165	0.00550918	
      3166	0.00552551	
      3167	0.00554204	
      3168	0.00555878	
      3169	0.00557572	
      3170	0.00559559	
      3171	0.00562118	
      3172	0.00564982	
      3173	0.00567879	
      3174	 0.0057081	
      3175	0.00573774	
      3176	0.00575647	
      3177	0.00577543	
      3178	0.00579462	
      3179	0.00581406	
      3180	0.00583373	
      3181	0.00585942	
      3182	0.00588543	
      3183	0.00591175	
      3184	 0.0059384	
      3185	0.00596537	
      3186	0.00599862	
      3187	0.00603227	
      3188	0.00606634	
      3189	0.00610082	
      3190	0.00613574	
      3191	0.00616499	
      3192	 0.0061946	
      3193	0.00622461	
      3194	  0.006255	
      3195	0.00628579	
      3196	0.00631069	
      3197	0.00633593	
      3198	0.00636152	
      3199	0.00638746	
      3200	0.00641698	
      3201	0.00639965	
      3202	0.00638562	
      3203	0.00637168	
      3204	0.00635781	
      3205	0.00634402	
      3206	0.00632395	
      3207	0.00630398	
      3208	0.00628411	
      3209	0.00626434	
      3210	0.00624467	
      3211	 0.0062188	
      3212	0.00619306	
      3213	0.00616744	
      3214	0.00614194	
      3215	0.00611655	
      3216	0.00609752	
      3217	0.00607857	
      3218	0.00605972	
      3219	0.00604095	
      3220	0.00602227	
      3221	0.00600368	
      3222	0.00598518	
      3223	0.00596676	
      3224	0.00594842	
      3225	0.00593017	
      3226	 0.0059181	
      3227	0.00590608	
      3228	0.00589412	
      3229	0.00588222	
      3230	0.00587037	
      3231	0.00585254	
      3232	0.00583479	
      3233	0.00581711	
      3234	0.00579951	
      3235	0.00578198	
      3236	0.00576453	
      3237	0.00574715	
      3238	0.00572985	
      3239	0.00571262	
      3240	0.00569546	
      3241	0.00567837	
      3242	0.00566135	
      3243	0.00564441	
      3244	0.00562753	
      3245	0.00561072	
      3246	0.00559985	
      3247	0.00558902	
      3248	0.00557823	
      3249	0.00556749	
      3250	0.00555679	
      3251	0.00553453	
      3252	0.00551234	
      3253	0.00549025	
      3254	0.00546824	
      3255	0.00544632	
      3256	0.00543024	
      3257	0.00541421	
      3258	0.00539825	
      3259	0.00538236	
      3260	0.00536652	
      3261	0.00535074	
      3262	0.00533503	
      3263	0.00531937	
      3264	0.00530377	
      3265	0.00528823	
      3266	0.00527275	
      3267	0.00525733	
      3268	0.00524197	
      3269	0.00522666	
      3270	0.00521141	
      3271	0.00519622	
      3272	0.00518108	
      3273	  0.005166	
      3274	0.00515097	
      3275	  0.005136	
      3276	0.00512108	
      3277	0.00510622	
      3278	0.00509141	
      3279	0.00507665	
      3280	0.00506195	
      3281	 0.0050473	
      3282	 0.0050327	
      3283	0.00501816	
      3284	0.00500366	
      3285	0.00498922	
      3286	0.00498027	
      3287	0.00497135	
      3288	0.00496246	
      3289	0.00495361	
      3290	0.00494208	
      3291	 0.0049198	
      3292	0.00489491	
      3293	 0.0048701	
      3294	0.00484539	
      3295	0.00482343	
      3296	 0.0048069	
      3297	 0.0047931	
      3298	0.00477934	
      3299	0.00476563	
      3300	0.00475196	
      3301	0.00477765	
      3302	0.00480357	
      3303	0.00482972	
      3304	0.00485612	
      3305	0.00488276	
      3306	0.00489867	
      3307	0.00491471	
      3308	0.00493089	
      3309	0.00494719	
      3310	0.00496364	
      3311	0.00498586	
      3312	0.00500828	
      3313	0.00503092	
      3314	0.00505376	
      3315	0.00507682	
      3316	0.00508849	
      3317	0.00510025	
      3318	0.00511209	
      3319	0.00512403	
      3320	0.00513903	
      3321	0.00516611	
      3322	0.00519646	
      3323	0.00522713	
      3324	0.00525811	
      3325	0.00528942	
      3326	0.00530876	
      3327	0.00532828	
      3328	  0.005348	
      3329	0.00536791	
      3330	0.00538802	
      3331	0.00541467	
      3332	0.00544161	
      3333	0.00546884	
      3334	0.00549637	
      3335	0.00552419	
      3336	0.00555233	
      3337	0.00558079	
      3338	0.00560956	
      3339	0.00563866	
      3340	 0.0056681	
      3341	0.00569788	
      3342	0.00572801	
      3343	 0.0057585	
      3344	0.00578935	
      3345	0.00582058	
      3346	0.00584521	
      3347	0.00587014	
      3348	0.00589537	
      3349	0.00592092	
      3350	0.00594679	
      3351	 0.0059802	
      3352	0.00601404	
      3353	0.00604833	
      3354	0.00608308	
      3355	 0.0061183	
      3356	  0.006154	
      3357	0.00619019	
      3358	0.00622689	
      3359	0.00626411	
      3360	0.00630187	
      3361	0.00634017	
      3362	0.00637904	
      3363	0.00641849	
      3364	0.00645854	
      3365	 0.0064992	
      3366	 0.0065405	
      3367	0.00658245	
      3368	0.00662508	
      3369	 0.0066684	
      3370	0.00671244	
      3371	0.00675722	
      3372	0.00680276	
      3373	0.00684909	
      3374	0.00689625	
      3375	0.00694425	
      3376	0.00699313	
      3377	0.00704292	
      3378	0.00709366	
      3379	0.00714537	
      3380	0.00719811	
      3381	0.00726099	
      3382	0.00732513	
      3383	0.00739059	
      3384	0.00745742	
      3385	0.00752569	
      3386	0.00758595	
      3387	 0.0076476	
      3388	 0.0077107	
      3389	0.00777533	
      3390	0.00784156	
      3391	0.00790948	
      3392	0.00797919	
      3393	0.00805077	
      3394	0.00812435	
      3395	0.00820004	
      3396	 0.0082675	
      3397	0.00833712	
      3398	0.00840906	
      3399	0.00848349	
      3400	0.00856611	
      3401	0.00859566	
      3402	0.00863092	
      3403	0.00866641	
      3404	0.00870213	
      3405	0.00873252	
      3406	0.00874078	
      3407	0.00874353	
      3408	0.00874632	
      3409	0.00874916	
      3410	 0.0087577	
      3411	0.00877765	
      3412	0.00880343	
      3413	 0.0088294	
      3414	0.00885556	
      3415	0.00888191	
      3416	0.00889697	
      3417	0.00891216	
      3418	0.00892748	
      3419	0.00894293	
      3420	0.00895853	
      3421	0.00897426	
      3422	0.00899014	
      3423	0.00900616	
      3424	0.00902233	
      3425	0.00903866	
      3426	0.00905514	
      3427	0.00907177	
      3428	0.00908857	
      3429	0.00910553	
      3430	0.00912266	
      3431	  0.009152	
      3432	0.00918159	
      3433	0.00921144	
      3434	0.00924155	
      3435	0.00927192	
      3436	0.00929033	
      3437	0.00930893	
      3438	0.00932773	
      3439	0.00934674	
      3440	0.00936595	
      3441	0.00938537	
      3442	0.00940502	
      3443	0.00942488	
      3444	0.00944498	
      3445	 0.0094653	
      3446	0.00948587	
      3447	0.00950668	
      3448	0.00952775	
      3449	0.00954907	
      3450	0.00957065	
      3451	 0.0096054	
      3452	0.00964052	
      3453	0.00967602	
      3454	0.00971192	
      3455	0.00974821	
      3456	0.00977178	
      3457	0.00979567	
      3458	0.00981989	
      3459	0.00984446	
      3460	0.00986937	
      3461	0.00990803	
      3462	0.00994717	
      3463	0.00998681	
      3464	 0.0100269	
      3465	 0.0100676	
      3466	 0.0100952	
      3467	 0.0101231	
      3468	 0.0101516	
      3469	 0.0101805	
      3470	 0.0102099	
      3471	 0.0102398	
      3472	 0.0102702	
      3473	 0.0103012	
      3474	 0.0103328	
      3475	 0.0103649	
      3476	 0.0103977	
      3477	 0.0104311	
      3478	 0.0104652	
      3479	 0.0105001	
      3480	 0.0105356	
      3481	 0.0105865	
      3482	 0.0106384	
      3483	 0.0106913	
      3484	 0.0107453	
      3485	 0.0108003	
      3486	 0.0108416	
      3487	  0.010884	
      3488	 0.0109275	
      3489	 0.0109723	
      3490	 0.0110184	
      3491	 0.0110659	
      3492	  0.011115	
      3493	 0.0111657	
      3494	 0.0112183	
      3495	 0.0112729	
      3496	 0.0113298	
      3497	 0.0113892	
      3498	 0.0114514	
      3499	  0.011517	
      3500	 0.0115864	
      3501	 0.0115902	
      3502	 0.0115939	
      3503	 0.0115977	
      3504	 0.0116015	
      3505	 0.0116053	
      3506	 0.0115927	
      3507	 0.0115802	
      3508	 0.0115676	
      3509	 0.0115551	
      3510	 0.0115425	
      3511	   0.01153	
      3512	 0.0115175	
      3513	 0.0115049	
      3514	 0.0114924	
      3515	 0.0114799	
      3516	 0.0114674	
      3517	 0.0114548	
      3518	 0.0114423	
      3519	 0.0114298	
      3520	 0.0114173	
      3521	 0.0114212	
      3522	 0.0114252	
      3523	 0.0114291	
      3524	 0.0114331	
      3525	 0.0114371	
      3526	 0.0114246	
      3527	 0.0114121	
      3528	 0.0113997	
      3529	 0.0113872	
      3530	 0.0113748	
      3531	 0.0113789	
      3532	 0.0113829	
      3533	  0.011387	
      3534	 0.0113911	
      3535	 0.0113952	
      3536	 0.0113829	
      3537	 0.0113705	
      3538	 0.0113581	
      3539	 0.0113458	
      3540	 0.0113334	
      3541	 0.0113376	
      3542	 0.0113419	
      3543	 0.0113461	
      3544	 0.0113504	
      3545	 0.0113547	
      3546	 0.0113424	
      3547	 0.0113302	
      3548	 0.0113179	
      3549	 0.0113057	
      3550	 0.0112935	
      3551	 0.0112812	
      3552	  0.011269	
      3553	 0.0112568	
      3554	 0.0112447	
      3555	 0.0112325	
      3556	 0.0112203	
      3557	 0.0112082	
      3558	 0.0111961	
      3559	  0.011184	
      3560	 0.0111719	
      3561	 0.0111765	
      3562	 0.0111811	
      3563	 0.0111858	
      3564	 0.0111905	
      3565	 0.0111952	
      3566	 0.0111833	
      3567	 0.0111714	
      3568	 0.0111594	
      3569	 0.0111476	
      3570	 0.0111357	
      3571	 0.0111239	
      3572	 0.0111121	
      3573	 0.0111003	
      3574	 0.0110885	
      3575	 0.0110768	
      3576	 0.0110651	
      3577	 0.0110534	
      3578	 0.0110418	
      3579	 0.0110302	
      3580	 0.0110186	
      3581	 0.0110239	
      3582	 0.0110293	
      3583	 0.0110347	
      3584	 0.0110402	
      3585	 0.0110457	
      3586	 0.0110345	
      3587	 0.0110233	
      3588	 0.0110121	
      3589	  0.011001	
      3590	   0.01099	
      3591	  0.010979	
      3592	 0.0109681	
      3593	 0.0109573	
      3594	 0.0109465	
      3595	 0.0109359	
      3596	 0.0109422	
      3597	 0.0109487	
      3598	 0.0109554	
      3599	 0.0109621	
      3600	  0.010969	
      3601	 0.0109544	
      3602	 0.0109398	
      3603	 0.0109252	
      3604	 0.0109105	
      3605	 0.0108959	
      3606	 0.0108813	
      3607	 0.0108667	
      3608	  0.010852	
      3609	 0.0108374	
      3610	 0.0108228	
      3611	 0.0108252	
      3612	 0.0108276	
      3613	   0.01083	
      3614	 0.0108324	
      3615	 0.0108348	
      3616	 0.0108202	
      3617	 0.0108055	
      3618	 0.0107909	
      3619	 0.0107763	
      3620	 0.0107616	
      3621	  0.010764	
      3622	 0.0107665	
      3623	 0.0107689	
      3624	 0.0107714	
      3625	 0.0107738	
      3626	 0.0107592	
      3627	 0.0107445	
      3628	 0.0107299	
      3629	 0.0107152	
      3630	 0.0107005	
      3631	  0.010703	
      3632	 0.0107055	
      3633	 0.0107079	
      3634	 0.0107104	
      3635	 0.0107129	
      3636	 0.0106982	
      3637	 0.0106836	
      3638	 0.0106689	
      3639	 0.0106542	
      3640	 0.0106396	
      3641	 0.0106421	
      3642	 0.0106446	
      3643	 0.0106471	
      3644	 0.0106496	
      3645	 0.0106521	
      3646	 0.0106374	
      3647	 0.0106228	
      3648	 0.0106081	
      3649	 0.0105934	
      3650	 0.0105787	
      3651	 0.0105641	
      3652	 0.0105494	
      3653	 0.0105347	
      3654	   0.01052	
      3655	 0.0105053	
      3656	 0.0105079	
      3657	 0.0105104	
      3658	  0.010513	
      3659	 0.0105155	
      3660	 0.0105181	
      3661	 0.0105206	
      3662	 0.0105232	
      3663	 0.0105258	
      3664	 0.0105284	
      3665	  0.010531	
      3666	  0.010499	
      3667	 0.0104671	
      3668	 0.0104351	
      3669	 0.0104032	
      3670	 0.0103798	
      3671	 0.0103738	
      3672	 0.0103764	
      3673	  0.010379	
      3674	 0.0103816	
      3675	 0.0103842	
      3676	 0.0103695	
      3677	 0.0103548	
      3678	 0.0103402	
      3679	 0.0103255	
      3680	 0.0103108	
      3681	 0.0102961	
      3682	 0.0102814	
      3683	 0.0102667	
      3684	  0.010252	
      3685	 0.0102373	
      3686	   0.01024	
      3687	 0.0102426	
      3688	 0.0102453	
      3689	  0.010248	
      3690	 0.0102507	
      3691	  0.010236	
      3692	 0.0102213	
      3693	 0.0102066	
      3694	  0.010192	
      3695	 0.0101773	
      3696	 0.0101626	
      3697	 0.0101479	
      3698	 0.0101332	
      3699	 0.0101186	
      3700	 0.0101039	
      3701	 0.0101068	
      3702	 0.0101097	
      3703	 0.0101126	
      3704	 0.0101156	
      3705	 0.0101185	
      3706	  0.010104	
      3707	 0.0100895	
      3708	  0.010075	
      3709	 0.0100605	
      3710	  0.010046	
      3711	  0.010049	
      3712	 0.0100519	
      3713	 0.0100549	
      3714	 0.0100579	
      3715	 0.0100609	
      3716	 0.0100464	
      3717	 0.0100319	
      3718	 0.0100174	
      3719	 0.0100029	
      3720	 0.0099884	
      3721	0.00999142	
      3722	0.00999445	
      3723	0.00999749	
      3724	 0.0100005	
      3725	 0.0100036	
      3726	 0.0099891	
      3727	0.00997461	
      3728	0.00996012	
      3729	0.00994562	
      3730	0.00993112	
      3731	 0.0099342	
      3732	0.00993729	
      3733	0.00994039	
      3734	 0.0099435	
      3735	0.00994662	
      3736	0.00991452	
      3737	0.00988242	
      3738	 0.0098503	
      3739	0.00981817	
      3740	0.00979484	
      3741	0.00978914	
      3742	0.00979227	
      3743	0.00979541	
      3744	0.00979855	
      3745	0.00980171	
      3746	0.00978721	
      3747	0.00977271	
      3748	0.00975821	
      3749	 0.0097437	
      3750	 0.0097292	
      3751	0.00973238	
      3752	0.00973558	
      3753	0.00973879	
      3754	0.00974201	
      3755	0.00974524	
      3756	0.00973075	
      3757	0.00971626	
      3758	0.00970178	
      3759	0.00968729	
      3760	 0.0096728	
      3761	0.00967606	
      3762	0.00967934	
      3763	0.00968262	
      3764	0.00968592	
      3765	0.00968923	
      3766	0.00969254	
      3767	0.00969587	
      3768	0.00969922	
      3769	0.00970257	
      3770	0.00970594	
      3771	 0.0096915	
      3772	0.00967706	
      3773	0.00966262	
      3774	0.00964818	
      3775	0.00963374	
      3776	 0.0096193	
      3777	0.00960486	
      3778	0.00959042	
      3779	0.00957598	
      3780	0.00956154	
      3781	0.00956498	
      3782	0.00956843	
      3783	0.00957189	
      3784	0.00957537	
      3785	0.00957886	
      3786	0.00956445	
      3787	0.00955004	
      3788	0.00953563	
      3789	0.00952123	
      3790	0.00950682	
      3791	0.00951036	
      3792	0.00951392	
      3793	0.00951748	
      3794	0.00952106	
      3795	0.00952466	
      3796	0.00951029	
      3797	0.00949593	
      3798	0.00948157	
      3799	 0.0094672	
      3800	0.00945284	
      3801	0.00943099	
      3802	0.00941278	
      3803	0.00939712	
      3804	0.00938334	
      3805	0.00937102	
      3806	0.00934205	
      3807	0.00931409	
      3808	0.00928697	
      3809	0.00926058	
      3810	0.00923483	
      3811	0.00922737	
      3812	0.00922039	
      3813	0.00921383	
      3814	0.00920765	
      3815	0.00920182	
      3816	0.00917862	
      3817	0.00915573	
      3818	0.00913314	
      3819	0.00911081	
      3820	0.00908874	
      3821	0.00908454	
      3822	0.00908055	
      3823	0.00907676	
      3824	0.00907315	
      3825	0.00906972	
      3826	0.00906645	
      3827	0.00906335	
      3828	 0.0090604	
      3829	0.00905759	
      3830	0.00905493	
      3831	0.00903483	
      3832	0.00901486	
      3833	0.00899504	
      3834	0.00897535	
      3835	0.00895578	
      3836	0.00895389	
      3837	0.00895212	
      3838	0.00895045	
      3839	 0.0089489	
      3840	0.00894745	
      3841	0.00892856	
      3842	0.00890977	
      3843	0.00889109	
      3844	0.00887251	
      3845	0.00885404	
      3846	0.00885318	
      3847	0.00885243	
      3848	0.00885176	
      3849	0.00885119	
      3850	 0.0088507	
      3851	0.00883278	
      3852	0.00881495	
      3853	0.00879721	
      3854	0.00877956	
      3855	0.00876199	
      3856	0.00875327	
      3857	0.00874464	
      3858	0.00872734	
      3859	0.00871888	
      3860	0.00871051	
      3861	0.00870222	
      3862	0.00870279	
      3863	0.00869467	
      3864	0.00869541	
      3865	0.00868748	
      3866	0.00867086	
      3867	 0.0086631	
      3868	0.00864666	
      3869	0.00863908	
      3870	0.00862282	
      3871	 0.0086242	
      3872	0.00862567	
      3873	0.00862724	
      3874	0.00862892	
      3875	0.00863069	
      3876	0.00861501	
      3877	0.00860822	
      3878	0.00859274	
      3879	0.00858616	
      3880	 0.0085709	
      3881	0.00856454	
      3882	0.00855831	
      3883	0.00855219	
      3884	0.00854621	
      3885	0.00854035	
      3886	0.00854344	
      3887	0.00854669	
      3888	 0.0085589	
      3889	0.00856247	
      3890	0.00856621	
      3891	0.00855248	
      3892	0.00853892	
      3893	0.00853439	
      3894	0.00852123	
      3895	0.00850828	
      3896	0.00851325	
      3897	0.00850964	
      3898	0.00851517	
      3899	0.00851214	
      3900	0.00851832	
      3901	0.00852345	
      3902	 0.0085286	
      3903	0.00852489	
      3904	0.00853009	
      3905	0.00853531	
      3906	0.00853166	
      3907	0.00851911	
      3908	0.00851549	
      3909	0.00850296	
      3910	0.00849936	
      3911	0.00850471	
      3912	0.00850116	
      3913	0.00850656	
      3914	0.00850305	
      3915	0.00850851	
      3916	0.00849608	
      3917	0.00848365	
      3918	0.00848021	
      3919	0.00846781	
      3920	0.00845542	
      3921	0.00846102	
      3922	0.00846666	
      3923	0.00846332	
      3924	0.00846902	
      3925	0.00847475	
      3926	0.00846248	
      3927	0.00845925	
      3928	  0.008447	
      3929	0.00844381	
      3930	 0.0084316	
      3931	0.00843751	
      3932	 0.0084344	
      3933	0.00844039	
      3934	0.00843734	
      3935	0.00844341	
      3936	0.00844043	
      3937	0.00842838	
      3938	0.00842546	
      3939	0.00841346	
      3940	 0.0084106	
      3941	0.00840777	
      3942	 0.0084141	
      3943	0.00841134	
      3944	0.00841777	
      3945	 0.0084151	
      3946	0.00840331	
      3947	0.00839155	
      3948	0.00838898	
      3949	0.00837729	
      3950	0.00836562	
      3951	0.00836317	
      3952	0.00836996	
      3953	0.00836761	
      3954	0.00837452	
      3955	0.00837228	
      3956	0.00837009	
      3957	0.00836796	
      3958	0.00835663	
      3959	 0.0083546	
      3960	0.00835263	
      3961	0.00835999	
      3962	0.00836743	
      3963	0.00836566	
      3964	0.00837326	
      3965	0.00838094	
      3966	 0.0083701	
      3967	0.00836863	
      3968	0.00835791	
      3969	 0.0083566	
      3970	0.00834602	
      3971	0.00835423	
      3972	0.00835318	
      3973	 0.0083616	
      3974	0.00836077	
      3975	0.00836943	
      3976	0.00836881	
      3977	0.00835891	
      3978	0.00835852	
      3979	0.00834884	
      3980	0.00834871	
      3981	0.00834872	
      3982	0.00834888	
      3983	0.00835868	
      3984	0.00835918	
      3985	0.00835986	
      3986	0.00837024	
      3987	0.00837133	
      3988	0.00838216	
      3989	0.00838371	
      3990	0.00839506	
      3991	0.00838757	
      3992	0.00838992	
      3993	0.00838298	
      3994	0.00838598	
      3995	0.00837972	
      3996	0.00839314	
      3997	0.00839738	
      3998	 0.0084118	
      3999	0.00841714	
      4000	0.00843284	
