280	1.21631e-15
281	2.65056e-15
282	5.3075e-15
283	7.50767e-15
284	7.98921e-15
285	5.97196e-15
286	8.84241e-15
287	1.46053e-14
288	1.54331e-14
289	2.18041e-14
290	3.46473e-14
291	4.35315e-14
292	4.58154e-14
293	4.94587e-14
294	5.54233e-14
295	6.24619e-14
296	7.33726e-14
297	7.42678e-14
298	8.51952e-14
299	8.88002e-14
300	9.58692e-14
301	9.32607e-13
302	9.35246e-12
303	1.15213e-10
304	1.18662e-09
305	1.15717e-08
306	2.82387e-08
307	7.81163e-08
308	2.19299e-07
309	5.20567e-07
310	1.32412e-06
311	3.35662e-06
312	6.25892e-06
313	1.18286e-05
314	2.3048e-05
315	4.16881e-05
316	5.22828e-05
317	8.52179e-05
318	0.000116304
319	0.000152786
320	0.000228803
321	0.000291275
322	0.00035325
323	0.000420719
324	0.000591657
325	0.000862885
326	0.0011877
327	0.00142345
328	0.00159962
329	0.00197353
330	0.00249914
331	0.00254641
332	0.0027747
333	0.00297419
334	0.00327416
335	0.00374471
336	0.00363147
337	0.00364697
338	0.00432691
339	0.00490409
340	0.00561189
341	0.00571547
342	0.00613904
343	0.00672286
344	0.00612529
345	0.00672008
346	0.00750151
347	0.00797033
348	0.00818467
349	0.00849358
350	0.00985959
351	0.0108
352	0.0105679
353	0.0112669
354	0.0133477
355	0.0141142
356	0.0134714
357	0.0119577
358	0.0113123
359	0.0130164
360	0.0165834
361	0.0156264
362	0.0165038
363	0.0187183
364	0.0195284
365	0.0213682
366	0.0252045
367	0.026035
368	0.0252651
369	0.0268395
370	0.0291194
371	0.0285151
372	0.0285592
373	0.0264857
374	0.0249088
375	0.0275277
376	0.0316575
377	0.0352473
378	0.0420823
379	0.0389785
380	0.0377261
381	0.0407925
382	0.0334203
383	0.0269057
384	0.0308117
385	0.0397129
386	0.0395976
387	0.0416636
388	0.0419214
389	0.0465558
390	0.0545152
391	0.059558
392	0.0564554
393	0.0371327
394	0.0390486
395	0.0614338
396	0.05793
397	0.0412118
398	0.0692482
399	0.0898294
400	0.0968084
401	0.102584
402	0.107729
403	0.107724
404	0.110381
405	0.110813
406	0.110266
407	0.110952
408	0.117707
409	0.124414
410	0.115182
411	0.126098
412	0.135425
413	0.134382
414	0.135262
415	0.141901
416	0.148007
417	0.147582
418	0.145551
419	0.149866
420	0.145837
421	0.160877
422	0.163627
423	0.162045
424	0.164254
425	0.170106
426	0.168641
427	0.166525
428	0.167842
429	0.156693
430	0.131491
431	0.130385
432	0.188807
433	0.189345
434	0.181694
435	0.198165
436	0.218182
437	0.22321
438	0.204454
439	0.201982
440	0.225361
441	0.23141
442	0.246426
443	0.25393
444	0.25342
445	0.26055
446	0.247977
447	0.272018
448	0.281713
449	0.286062
450	0.298546
451	0.309806
452	0.302204
453	0.28887
454	0.30396
455	0.309153
456	0.320031
457	0.326555
458	0.324568
459	0.324863
460	0.328345
461	0.339811
462	0.347483
463	0.350589
464	0.345978
465	0.344205
466	0.350395
467	0.344925
468	0.357569
469	0.362728
470	0.356508
471	0.364827
472	0.381388
473	0.376803
474	0.383211
475	0.395905
476	0.391809
477	0.398319
478	0.41031
479	0.408985
480	0.415864
481	0.418719
482	0.421295
483	0.419194
484	0.415423
485	0.406267
486	0.354001
487	0.381164
488	0.410321
489	0.403812
490	0.435951
491	0.429234
492	0.418477
493	0.437671
494	0.439076
495	0.458287
496	0.448615
497	0.452247
498	0.445753
499	0.446973
500	0.448153
501	0.440358
502	0.44398
503	0.459233
504	0.446702
505	0.469907
506	0.488173
507	0.475129
508	0.466801
509	0.482434
510	0.477682
511	0.485845
512	0.495312
513	0.475422
514	0.466706
515	0.479599
516	0.474896
517	0.417034
518	0.448928
519	0.452019
520	0.484368
521	0.495136
522	0.503299
523	0.48754
524	0.513017
525	0.515529
526	0.497179
527	0.458427
528	0.503994
529	0.529459
530	0.521666
531	0.542159
532	0.532555
533	0.493891
534	0.514404
535	0.529132
536	0.541492
537	0.517539
538	0.531282
539	0.523607
540	0.508428
541	0.498995
542	0.531109
543	0.532701
544	0.546463
545	0.53978
546	0.538433
547	0.542482
548	0.535981
549	0.546188
550	0.545452
551	0.547127
552	0.554659
553	0.545265
554	0.553136
555	0.556578
556	0.549286
557	0.539357
558	0.543833
559	0.527138
560	0.534909
561	0.555706
562	0.542619
563	0.554477
564	0.551399
565	0.549413
566	0.532424
567	0.555858
568	0.557558
569	0.550977
570	0.547746
571	0.535661
572	0.55852
573	0.56525
574	0.562809
575	0.554091
576	0.553014
577	0.560733
578	0.550673
579	0.554713
580	0.559188
581	0.561794
582	0.568276
583	0.572496
584	0.571726
585	0.568635
586	0.560094
587	0.570592
588	0.56162
589	0.519308
590	0.539987
591	0.565896
592	0.566275
593	0.567046
594	0.56969
595	0.571157
596	0.579076
597	0.583846
598	0.577282
599	0.576792
600	0.580838
601	0.576265
602	0.574584
603	0.585903
604	0.59784
605	0.599845
606	0.600722
607	0.603943
608	0.604913
609	0.603815
610	0.60611
611	0.608304
612	0.618519
613	0.613555
614	0.604869
615	0.61787
616	0.609477
617	0.60831
618	0.628423
619	0.638019
620	0.643
621	0.648004
622	0.64114
623	0.642766
624	0.642446
625	0.637238
626	0.642165
627	0.660853
628	0.667392
629	0.670497
630	0.668103
631	0.663889
632	0.649509
633	0.67198
634	0.67069
635	0.673456
636	0.66747
637	0.684668
638	0.69265
639	0.688149
640	0.677806
641	0.678932
642	0.683218
643	0.691774
644	0.69076
645	0.697228
646	0.689698
647	0.696709
648	0.695043
649	0.680201
650	0.678389
651	0.705805
652	0.707371
653	0.711711
654	0.705426
655	0.676
656	0.611257
657	0.632487
658	0.693845
659	0.70762
660	0.718622
661	0.726809
662	0.730392
663	0.729887
664	0.730524
665	0.739997
666	0.740039
667	0.735282
668	0.724985
669	0.722559
670	0.707511
671	0.700003
672	0.69008
673	0.68881
674	0.682916
675	0.677976
676	0.681215
677	0.67458
678	0.674326
679	0.666981
680	0.664827
681	0.663921
682	0.662576
683	0.658001
684	0.653526
685	0.650251
686	0.638739
687	0.650028
688	0.655275
689	0.655594
690	0.654859
691	0.655348
692	0.65362
693	0.660956
694	0.665587
695	0.664004
696	0.668246
697	0.672616
698	0.671821
699	0.679425
700	0.681862
701	0.683256
702	0.686049
703	0.696495
704	0.708644
705	0.719487
706	0.720183
707	0.724141
708	0.733216
709	0.742766
710	0.769451
711	0.715
712	0.680243
713	0.656166
714	0.64103
715	0.6184
716	0.611128
717	0.600493
718	0.5838
719	0.562852
720	0.572076
721	0.571762
722	0.571014
723	0.565651
724	0.564582
725	0.564797
726	0.568927
727	0.576502
728	0.58169
729	0.573882
730	0.598071
731	0.602095
732	0.6164
733	0.623251
734	0.644044
735	0.653917
736	0.659954
737	0.673818
738	0.685534
739	0.692344
740	0.73022
741	0.729414
742	0.729365
743	0.745285
744	0.754132
745	0.753645
746	0.756181
747	0.758862
748	0.758031
749	0.760384
750	0.760089
751	0.764057
752	0.769794
753	0.775001
754	0.78119
755	0.782042
756	0.774459
757	0.775292
758	0.779876
759	0.773576
760	0.77729
761	0.774817
762	0.775428
763	0.725811
764	0.689094
765	0.655471
766	0.615156
767	0.599644
768	0.602448
769	0.604349
770	0.611533
771	0.620417
772	0.62983
773	0.639869
774	0.650666
775	0.662412
776	0.674696
777	0.6851
778	0.702311
779	0.727499
780	0.765694
781	0.763528
782	0.766539
783	0.760993
784	0.755628
785	0.759178
786	0.75963
787	0.758566
788	0.75358
789	0.751839
790	0.746157
791	0.739717
792	0.733311
793	0.726934
794	0.721378
795	0.721424
796	0.727866
797	0.737517
798	0.733629
799	0.726565
800	0.717916
801	0.70154
802	0.68578
803	0.665149
804	0.655398
805	0.63611
806	0.637847
807	0.628145
808	0.619063
809	0.605016
810	0.601694
811	0.597313
812	0.595867
813	0.591313
814	0.585672
815	0.577008
816	0.571813
817	0.565214
818	0.551275
819	0.537691
820	0.532514
821	0.530592
822	0.520832
823	0.522215
824	0.520106
825	0.530938
826	0.546378
827	0.55908
828	0.568345
829	0.578911
830	0.595483
831	0.615745
832	0.627592
833	0.620263
834	0.631807
835	0.639135
836	0.64831
837	0.650154
838	0.654675
839	0.657313
840	0.668509
841	0.669681
842	0.662069
843	0.66087
844	0.655661
845	0.670679
846	0.672846
847	0.660412
848	0.6602
849	0.654302
850	0.614524
851	0.651502
852	0.6566
853	0.644776
854	0.595443
855	0.623271
856	0.664827
857	0.683972
858	0.689951
859	0.694414
860	0.697262
861	0.697214
862	0.703276
863	0.702884
864	0.691414
865	0.671551
866	0.615591
867	0.644784
868	0.673219
869	0.673776
870	0.681514
871	0.677261
872	0.682379
873	0.677153
874	0.666565
875	0.660888
876	0.674089
877	0.678071
878	0.675731
879	0.667665
880	0.66566
881	0.593765
882	0.575532
883	0.555103
884	0.540864
885	0.529188
886	0.504887
887	0.491454
888	0.487979
889	0.480311
890	0.470369
891	0.460179
892	0.448865
893	0.435971
894	0.430216
895	0.424936
896	0.420883
897	0.412586
898	0.404721
899	0.395628
900	0.388818
901	0.37746
902	0.36748
903	0.37547
904	0.372572
905	0.366532
906	0.367393
907	0.37205
908	0.371147
909	0.370077
910	0.376151
911	0.380932
912	0.383467
913	0.390472
914	0.394195
915	0.395638
916	0.397342
917	0.395931
918	0.395742
919	0.396889
920	0.394187
921	0.388639
922	0.384033
923	0.3759
924	0.387202
925	0.389848
926	0.311813
927	0.271089
928	0.235263
929	0.207102
930	0.184504
931	0.16754
932	0.152234
933	0.139972
934	0.128374
935	0.117302
936	0.10813
937	0.100618
938	0.102825
939	0.104267
940	0.104378
941	0.104804
942	0.104568
943	0.10887
944	0.109576
945	0.1119
946	0.114739
947	0.116748
948	0.119259
949	0.125521
950	0.131446
951	0.137356
952	0.145193
953	0.152914
954	0.159441
955	0.163039
956	0.17781
957	0.191429
958	0.205938
959	0.221716
960	0.236929
961	0.25501
962	0.278242
963	0.304664
964	0.336563
965	0.38459
966	0.386078
967	0.392393
968	0.393754
969	0.398918
970	0.404315
971	0.406202
972	0.412453
973	0.414413
974	0.414683
975	0.421521
976	0.430237
977	0.433502
978	0.440981
979	0.443949
980	0.453585
981	0.458384
982	0.465481
983	0.468767
984	0.471195
985	0.476864
986	0.480592
987	0.486318
988	0.491375
989	0.494259
990	0.502882
991	0.514111
992	0.522302
993	0.534401
994	0.543867
995	0.541993
996	0.54075
997	0.535899
998	0.535551
999	0.53574
1000	0.537204
1001	0.540113
1002	0.540324
1003	0.535455
1004	0.527221
1005	0.504706
1006	0.520809
1007	0.531855
1008	0.534445
1009	0.533305
1010	0.534274
1011	0.532312
1012	0.531548
1013	0.529685
1014	0.530494
1015	0.525139
1016	0.525766
1017	0.523729
1018	0.526969
1019	0.517908
1020	0.519774
1021	0.521187
1022	0.517133
1023	0.520531
1024	0.522834
1025	0.52273
1026	0.523116
1027	0.522389
1028	0.522906
1029	0.52016
1030	0.521384
1031	0.521421
1032	0.521118
1033	0.515738
1034	0.518181
1035	0.520893
1036	0.521702
1037	0.518793
1038	0.518429
1039	0.522346
1040	0.522244
1041	0.522525
1042	0.522217
1043	0.519204
1044	0.520157
1045	0.516652
1046	0.507614
1047	0.513124
1048	0.517566
1049	0.516188
1050	0.513837
1051	0.513816
1052	0.511656
1053	0.51066
1054	0.509858
1055	0.511388
1056	0.510585
1057	0.509391
1058	0.504107
1059	0.494341
1060	0.501803
1061	0.496807
1062	0.502231
1063	0.498689
1064	0.50304
1065	0.502132
1066	0.494385
1067	0.495621
1068	0.493333
1069	0.475126
1070	0.484759
1071	0.464063
1072	0.452558
1073	0.437543
1074	0.434138
1075	0.422226
1076	0.418387
1077	0.412878
1078	0.406984
1079	0.396785
1080	0.395223
1081	0.383832
1082	0.376788
1083	0.376257
1084	0.3753
1085	0.37156
1086	0.367968
1087	0.355049
1088	0.357392
1089	0.356094
1090	0.35145
1091	0.349228
1092	0.341719
1093	0.334008
1094	0.319621
1095	0.324546
1096	0.325331
1097	0.325034
1098	0.321137
1099	0.317858
1100	0.322605
1101	0.24244
1102	0.193314
1103	0.164644
1104	0.141367
1105	0.122784
1106	0.107867
1107	0.095323
1108	0.0852709
1109	0.076637
1110	0.0692892
1111	0.0625886
1112	0.0569167
1113	0.051761
1114	0.047752
1115	0.0437743
1116	0.0400245
1117	0.0372029
1118	0.0339966
1119	0.0314219
1120	0.0290856
1121	0.031006
1122	0.0331036
1123	0.0351999
1124	0.0374266
1125	0.0396205
1126	0.0414416
1127	0.0447785
1128	0.0484803
1129	0.0520846
1130	0.0557947
1131	0.0557778
1132	0.0555891
1133	0.0547578
1134	0.0544536
1135	0.0542113
1136	0.0539237
1137	0.0526493
1138	0.0517661
1139	0.0520813
1140	0.0519824
1141	0.0509855
1142	0.051356
1143	0.0508319
1144	0.0502323
1145	0.0503132
1146	0.0540904
1147	0.0578699
1148	0.0616648
1149	0.0659609
1150	0.0707633
1151	0.0761728
1152	0.0820931
1153	0.0892658
1154	0.0978164
1155	0.106947
1156	0.116563
1157	0.129392
1158	0.143819
1159	0.159671
1160	0.179525
1161	0.205649
1162	0.214254
1163	0.220701
1164	0.223468
1165	0.230353
1166	0.232802
1167	0.24118
1168	0.248626
1169	0.250271
1170	0.261611
1171	0.264661
1172	0.26606
1173	0.266159
1174	0.267274
1175	0.2649
1176	0.263274
1177	0.268933
1178	0.268945
1179	0.269884
1180	0.27393
1181	0.274461
1182	0.273606
1183	0.265176
1184	0.274592
1185	0.27993
1186	0.28173
1187	0.283218
1188	0.281274
1189	0.273521
1190	0.283453
1191	0.290286
1192	0.292033
1193	0.293605
1194	0.295363
1195	0.295419
1196	0.297114
1197	0.297302
1198	0.293197
1199	0.288595
1200	0.30193
1201	0.305589
1202	0.304737
1203	0.296158
1204	0.295633
1205	0.302509
1206	0.302922
1207	0.303343
1208	0.297295
1209	0.288152
1210	0.297986
1211	0.295729
1212	0.301195
1213	0.303265
1214	0.302996
1215	0.304164
1216	0.30476
1217	0.30517
1218	0.30499
1219	0.304303
1220	0.306109
1221	0.306939
1222	0.306866
1223	0.306199
1224	0.309927
1225	0.310587
1226	0.311483
1227	0.307864
1228	0.311853
1229	0.315551
1230	0.316719
1231	0.31775
1232	0.31757
1233	0.320416
1234	0.321944
1235	0.323363
1236	0.327812
1237	0.331176
1238	0.334552
1239	0.337379
1240	0.347588
1241	0.346905
1242	0.343316
1243	0.337951
1244	0.334405
1245	0.333079
1246	0.332841
1247	0.331043
1248	0.330755
1249	0.328732
1250	0.326239
1251	0.322662
1252	0.31897
1253	0.318239
1254	0.316937
1255	0.31497
1256	0.312787
1257	0.310046
1258	0.309318
1259	0.306905
1260	0.306404
1261	0.304395
1262	0.300557
1263	0.300974
1264	0.297373
1265	0.296567
1266	0.296533
1267	0.292026
1268	0.289301
1269	0.290229
1270	0.290674
1271	0.291108
1272	0.29065
1273	0.290969
1274	0.290647
1275	0.293049
1276	0.295014
1277	0.296352
1278	0.297049
1279	0.29676
1280	0.295642
1281	0.286991
1282	0.266615
1283	0.284472
1284	0.297833
1285	0.302665
1286	0.305666
1287	0.308992
1288	0.311037
1289	0.314605
1290	0.31512
1291	0.305995
1292	0.299491
1293	0.292982
1294	0.284509
1295	0.281009
1296	0.27742
1297	0.271966
1298	0.266672
1299	0.264924
1300	0.261224
1301	0.257479
1302	0.25275
1303	0.248889
1304	0.245782
1305	0.245195
1306	0.243347
1307	0.241224
1308	0.238825
1309	0.236731
1310	0.234008
1311	0.231513
1312	0.227694
1313	0.221722
1314	0.223715
1315	0.218724
1316	0.218001
1317	0.219423
1318	0.216758
1319	0.217728
1320	0.216333
1321	0.15823
1322	0.126296
1323	0.104693
1324	0.088719
1325	0.0761883
1326	0.0660238
1327	0.0577023
1328	0.0510669
1329	0.044643
1330	0.0402802
1331	0.0364147
1332	0.032446
1333	0.0297978
1334	0.0271687
1335	0.0247064
1336	0.0224233
1337	0.0205598
1338	0.0187939
1339	0.0171117
1340	0.0157382
1341	0.0147571
1342	0.0136416
1343	0.012638
1344	0.0117328
1345	0.0108928
1346	0.0100656
1347	0.00940242
1348	0.00875782
1349	0.00814738
1350	0.00754155
1351	0.00631747
1352	0.00535133
1353	0.00452567
1354	0.00383697
1355	0.0032485
1356	0.00278638
1357	0.00238393
1358	0.00208425
1359	0.00180732
1360	0.00156352
1361	0.00137744
1362	0.00120325
1363	0.001043
1364	0.000925045
1365	0.000815842
1366	0.000720063
1367	0.000633548
1368	0.000564869
1369	0.000495755
1370	0.000440527
1371	0.000393608
1372	0.00035469
1373	0.000317892
1374	0.000284344
1375	0.000251786
1376	0.000224713
1377	0.000203649
1378	0.000183556
1379	0.000166397
1380	0.000149548
1381	0.000135118
1382	0.000121098
1383	0.000109838
1384	9.9933e-05
1385	9.0117e-05
1386	8.21777e-05
1387	7.4239e-05
1388	6.77977e-05
1389	6.17908e-05
1390	5.56256e-05
1391	5.11826e-05
1392	4.67945e-05
1393	4.25574e-05
1394	3.87319e-05
1395	3.54408e-05
1396	3.84269e-05
1397	4.17191e-05
1398	4.54157e-05
1399	4.91506e-05
1400	5.23635e-05
1401	5.69917e-05
1402	6.27982e-05
1403	6.81559e-05
1404	7.45566e-05
1405	8.15187e-05
1406	8.96417e-05
1407	9.81281e-05
1408	0.000107486
1409	0.00011829
1410	0.000129791
1411	0.000141771
1412	0.000153278
1413	0.000170381
1414	0.000190241
1415	0.000210617
1416	0.000232425
1417	0.000258841
1418	0.000287889
1419	0.00031732
1420	0.000352478
1421	0.000394631
1422	0.000434455
1423	0.000484683
1424	0.000543082
1425	0.000614273
1426	0.000677795
1427	0.000769116
1428	0.000873851
1429	0.000974744
1430	0.00110368
1431	0.00126201
1432	0.00146354
1433	0.00167496
1434	0.00189736
1435	0.00218951
1436	0.00253274
1437	0.00294215
1438	0.00341641
1439	0.00399761
1440	0.00454128
1441	0.00538604
1442	0.00641051
1443	0.00725218
1444	0.00771306
1445	0.0081935
1446	0.00873179
1447	0.00923346
1448	0.00987677
1449	0.0104969
1450	0.0111144
1451	0.0117384
1452	0.0125248
1453	0.0134169
1454	0.0142993
1455	0.015272
1456	0.0163273
1457	0.0176589
1458	0.0192294
1459	0.0208094
1460	0.0223408
1461	0.0240921
1462	0.0259467
1463	0.0269146
1464	0.0269622
1465	0.0271966
1466	0.0270045
1467	0.0273165
1468	0.0271251
1469	0.0273396
1470	0.0272148
1471	0.0268482
1472	0.0269442
1473	0.0268981
1474	0.0263995
1475	0.0267408
1476	0.0268951
1477	0.026863
1478	0.0283036
1479	0.0301256
1480	0.031931
1481	0.0335399
1482	0.0356703
1483	0.037337
1484	0.0400616
1485	0.0431087
1486	0.045602
1487	0.0477504
1488	0.0473433
1489	0.0548599
1490	0.0603131
1491	0.0653344
1492	0.0703643
1493	0.0773671
1494	0.0849199
1495	0.0930857
1496	0.101205
1497	0.115251
1498	0.118178
1499	0.119707
1500	0.123724
1501	0.12612
1502	0.126264
1503	0.120383
1504	0.125527
1505	0.125817
1506	0.133242
1507	0.140627
1508	0.143175
1509	0.146275
1510	0.152455
1511	0.156778
1512	0.158902
1513	0.162905
1514	0.167623
1515	0.17479
1516	0.181254
1517	0.188508
1518	0.199973
1519	0.21033
1520	0.230727
1521	0.226751
1522	0.22597
1523	0.228565
1524	0.229093
1525	0.226039
1526	0.23019
1527	0.229734
1528	0.230831
1529	0.228622
1530	0.220743
1531	0.229403
1532	0.231304
1533	0.229572
1534	0.227182
1535	0.229611
1536	0.232698
1537	0.233269
1538	0.230176
1539	0.233665
1540	0.225622
1541	0.224957
1542	0.224579
1543	0.223218
1544	0.222945
1545	0.222183
1546	0.220035
1547	0.216207
1548	0.211207
1549	0.21266
1550	0.210537
1551	0.210122
1552	0.210707
1553	0.207769
1554	0.203345
1555	0.202697
1556	0.200467
1557	0.203084
1558	0.201839
1559	0.201966
1560	0.201336
1561	0.204325
1562	0.204195
1563	0.203691
1564	0.202328
1565	0.204526
1566	0.203378
1567	0.203876
1568	0.202642
1569	0.204531
1570	0.204979
1571	0.209082
1572	0.210082
1573	0.208444
1574	0.206808
1575	0.199902
1576	0.204786
1577	0.195158
1578	0.206406
1579	0.211378
1580	0.212912
1581	0.212328
1582	0.205922
1583	0.206562
1584	0.2051
1585	0.208857
1586	0.206706
1587	0.203756
1588	0.198427
1589	0.187918
1590	0.191791
1591	0.193166
1592	0.200505
1593	0.203821
1594	0.202684
1595	0.201774
1596	0.194105
1597	0.195304
1598	0.198654
1599	0.195572
1600	0.195429
1601	0.190934
1602	0.191981
1603	0.191974
1604	0.191774
1605	0.189674
1606	0.18873
1607	0.187614
1608	0.189736
1609	0.187685
1610	0.178821
1611	0.182585
1612	0.184584
1613	0.18805
1614	0.188188
1615	0.187675
1616	0.181931
1617	0.184749
1618	0.190564
1619	0.190355
1620	0.186411
1621	0.186954
1622	0.190352
1623	0.194865
1624	0.196153
1625	0.194784
1626	0.197648
1627	0.19979
1628	0.202452
1629	0.204721
1630	0.206685
1631	0.207348
1632	0.20705
1633	0.204588
1634	0.202581
1635	0.204688
1636	0.203884
1637	0.197254
1638	0.195501
1639	0.192565
1640	0.194268
1641	0.193284
1642	0.193494
1643	0.19628
1644	0.194662
1645	0.19402
1646	0.196381
1647	0.196724
1648	0.19611
1649	0.193244
1650	0.194777
1651	0.192994
1652	0.194758
1653	0.193412
1654	0.193998
1655	0.192445
1656	0.193355
1657	0.193419
1658	0.192407
1659	0.190551
1660	0.191582
1661	0.192289
1662	0.191614
1663	0.190838
1664	0.190483
1665	0.18896
1666	0.18755
1667	0.187528
1668	0.18526
1669	0.186524
1670	0.189182
1671	0.187989
1672	0.182534
1673	0.184447
1674	0.186464
1675	0.184536
1676	0.182508
1677	0.183575
1678	0.184105
1679	0.180108
1680	0.173321
1681	0.167052
1682	0.169053
1683	0.172754
1684	0.17451
1685	0.174349
1686	0.171978
1687	0.171594
1688	0.170729
1689	0.168277
1690	0.16777
1691	0.169594
1692	0.169328
1693	0.168178
1694	0.167541
1695	0.166928
1696	0.16573
1697	0.164557
1698	0.163887
1699	0.16254
1700	0.160242
1701	0.159512
1702	0.159056
1703	0.158416
1704	0.157747
1705	0.157033
1706	0.155936
1707	0.154789
1708	0.153652
1709	0.152524
1710	0.151559
1711	0.151513
1712	0.151622
1713	0.151735
1714	0.151851
1715	0.151842
1716	0.15104
1717	0.150118
1718	0.149202
1719	0.148293
1720	0.147451
1721	0.146941
1722	0.146495
1723	0.146054
1724	0.145616
1725	0.145131
1726	0.144312
1727	0.143446
1728	0.142586
1729	0.141732
1730	0.140758
1731	0.139017
1732	0.137161
1733	0.135313
1734	0.133474
1735	0.13199
1736	0.132563
1737	0.133482
1738	0.134398
1739	0.135313
1740	0.136012
1741	0.114046
1742	0.100277
1743	0.0900489
1744	0.0818913
1745	0.0751548
1746	0.0695845
1747	0.0647825
1748	0.0605606
1749	0.0568083
1750	0.0534527
1751	0.0504605
1752	0.0477488
1753	0.0452714
1754	0.0429978
1755	0.0408873
1756	0.0388393
1757	0.0369277
1758	0.0351521
1759	0.0334986
1760	0.031964
1761	0.0305791
1762	0.0292882
1763	0.0280752
1764	0.0269335
1765	0.0258573
1766	0.0248412
1767	0.0238808
1768	0.0229718
1769	0.0221105
1770	0.0212851
1771	0.020449
1772	0.0196477
1773	0.0188868
1774	0.0181634
1775	0.0174851
1776	0.0168967
1777	0.0163442
1778	0.015816
1779	0.0153108
1780	0.0148229
1781	0.0143312
1782	0.0138566
1783	0.0134021
1784	0.0129665
1785	0.0125526
1786	0.0121764
1787	0.0118184
1788	0.0114741
1789	0.0111429
1790	0.0108197
1791	0.0104809
1792	0.010151
1793	0.00983377
1794	0.0095286
1795	0.00923492
1796	0.0089522
1797	0.00867992
1798	0.00841763
1799	0.00816486
1800	0.0079259
1801	0.00665094
1802	0.00562804
1803	0.00479484
1804	0.00410944
1805	0.00354035
1806	0.00306174
1807	0.00265896
1808	0.00231825
1809	0.00202847
1810	0.00177711
1811	0.00154216
1812	0.00133892
1813	0.0011652
1814	0.00101622
1815	0.000890815
1816	0.000796918
1817	0.000716565
1818	0.000645538
1819	0.000582595
1820	0.000526519
1821	0.000475723
1822	0.000430364
1823	0.000389909
1824	0.000353759
1825	0.000321061
1826	0.000289872
1827	0.000261762
1828	0.000236658
1829	0.000214205
1830	0.000194191
1831	0.000176723
1832	0.000161074
1833	0.000146957
1834	0.000134206
1835	0.000122661
1836	0.000112096
1837	0.000102517
1838	9.38353e-05
1839	8.59587e-05
1840	7.87953e-05
1841	7.22097e-05
1842	6.62148e-05
1843	6.07609e-05
1844	5.57948e-05
1845	5.1296e-05
1846	4.73271e-05
1847	4.37166e-05
1848	4.04073e-05
1849	3.73717e-05
1850	3.45737e-05
1851	3.19412e-05
1852	2.95163e-05
1853	2.72907e-05
1854	2.52465e-05
1855	2.33679e-05
1856	2.16402e-05
1857	2.00503e-05
1858	1.85865e-05
1859	1.72378e-05
1860	1.59946e-05
1861	1.66263e-05
1862	1.72855e-05
1863	1.79736e-05
1864	1.8692e-05
1865	1.94461e-05
1866	2.02532e-05
1867	2.11016e-05
1868	2.19892e-05
1869	2.29181e-05
1870	2.3838e-05
1871	2.4464e-05
1872	2.50464e-05
1873	2.5637e-05
1874	2.62356e-05
1875	2.699e-05
1876	2.86868e-05
1877	3.06497e-05
1878	3.27377e-05
1879	3.4959e-05
1880	3.72208e-05
1881	3.89871e-05
1882	4.07343e-05
1883	4.25687e-05
1884	4.44951e-05
1885	4.64802e-05
1886	4.83108e-05
1887	5.01799e-05
1888	5.21293e-05
1889	5.41631e-05
1890	5.63254e-05
1891	5.88371e-05
1892	6.1519e-05
1893	6.43383e-05
1894	6.73029e-05
1895	7.04722e-05
1896	7.41308e-05
1897	7.80556e-05
1898	8.22092e-05
1899	8.66066e-05
1900	9.12178e-05
1901	9.57858e-05
1902	0.000100561
1903	0.000105604
1904	0.000110933
1905	0.000116549
1906	0.000122345
1907	0.00012845
1908	0.000134902
1909	0.000141722
1910	0.000148969
1911	0.000156798
1912	0.000165132
1913	0.000173971
1914	0.000183348
1915	0.000193301
1916	0.000203872
1917	0.000215103
1918	0.000227042
1919	0.000239741
1920	0.000253254
1921	0.000239365
1922	0.000241058
1923	0.000246045
1924	0.00025301
1925	0.000261399
1926	0.000270503
1927	0.000280696
1928	0.000292051
1929	0.00030458
1930	0.000318567
1931	0.000335387
1932	0.000354027
1933	0.00037437
1934	0.000396565
1935	0.00042056
1936	0.000445191
1937	0.000471787
1938	0.000500789
1939	0.000532449
1940	0.00056618
1941	0.000597457
1942	0.000630432
1943	0.000666243
1944	0.000705198
1945	0.000750138
1946	0.000815525
1947	0.000891311
1948	0.000976145
1949	0.00107138
1950	0.00117767
1951	0.00129158
1952	0.0014192
1953	0.00156394
1954	0.00172881
1955	0.00191603
1956	0.00212138
1957	0.00235641
1958	0.00262922
1959	0.00294831
1960	0.00332433
1961	0.00356748
1962	0.00383292
1963	0.00412397
1964	0.00444383
1965	0.00480013
1966	0.00521941
1967	0.00569059
1968	0.00621685
1969	0.00680662
1970	0.00746584
1971	0.0081797
1972	0.00898219
1973	0.00989436
1974	0.0109373
1975	0.0121375
1976	0.0135295
1977	0.0151582
1978	0.017084
1979	0.0193907
1980	0.022203
1981	0.0257262
1982	0.0302334
1983	0.0362201
1984	0.0446829
1985	0.0582066
1986	0.0426232
1987	0.0351259
1988	0.0300816
1989	0.0263211
1990	0.0233429
1991	0.0208139
1992	0.0186929
1993	0.0168967
1994	0.0153547
1995	0.0140261
1996	0.0129108
1997	0.011933
1998	0.0110625
1999	0.0102832
2000	0.0095779
2001	0.00891766
2002	0.00831598
2003	0.00776911
2004	0.00727048
2005	0.00681748
2006	0.00714857
2007	0.0075044
2008	0.00788389
2009	0.00828916
2010	0.00872106
2011	0.00917081
2012	0.00965111
2013	0.0101667
2014	0.0107211
2015	0.0113165
2016	0.0119427
2017	0.0126176
2018	0.0133492
2019	0.0141446
2020	0.0150188
2021	0.0160188
2022	0.0171273
2023	0.0183533
2024	0.0197159
2025	0.0212298
2026	0.022872
2027	0.0247218
2028	0.0268384
2029	0.0292906
2030	0.0321859
2031	0.0357141
2032	0.0401026
2033	0.0458212
2034	0.0540088
2035	0.0700389
2036	0.0687796
2037	0.0676224
2038	0.0665556
2039	0.0655622
2040	0.0646786
2041	0.0641096
2042	0.0636276
2043	0.0631795
2044	0.0627614
2045	0.0623297
2046	0.0616592
2047	0.0609753
2048	0.0603163
2049	0.0596802
2050	0.0590821
2051	0.0585812
2052	0.0581142
2053	0.0576635
2054	0.0572281
2055	0.0567965
2056	0.0562927
2057	0.0557924
2058	0.0553059
2059	0.0548325
2060	0.0543877
2061	0.0540286
2062	0.0536964
2063	0.053375
2064	0.0530642
2065	0.0527639
2066	0.0530505
2067	0.053343
2068	0.0536416
2069	0.0539465
2070	0.0542742
2071	0.0546849
2072	0.0551208
2073	0.0555661
2074	0.0560214
2075	0.0564647
2076	0.0567719
2077	0.057065
2078	0.0573669
2079	0.0576782
2080	0.0580111
2081	0.0584138
2082	0.0588412
2083	0.0592826
2084	0.059739
2085	0.0602177
2086	0.0607266
2087	0.0612612
2088	0.0618173
2089	0.062397
2090	0.0629901
2091	0.0635466
2092	0.0641208
2093	0.0647299
2094	0.0653793
2095	0.0661033
2096	0.0670659
2097	0.068132
2098	0.0692928
2099	0.0705766
2100	0.072023
2101	0.072056
2102	0.0720823
2103	0.0721094
2104	0.0721375
2105	0.0721514
2106	0.0720758
2107	0.0719857
2108	0.0718965
2109	0.0718079
2110	0.0717278
2111	0.0717092
2112	0.0716993
2113	0.0716906
2114	0.071683
2115	0.0716767
2116	0.0716564
2117	0.0716374
2118	0.0716198
2119	0.0716037
2120	0.0715891
2121	0.0715608
2122	0.0715341
2123	0.0715093
2124	0.0714864
2125	0.0714887
2126	0.0716176
2127	0.0717726
2128	0.0719308
2129	0.0720923
2130	0.0722262
2131	0.0721914
2132	0.0721287
2133	0.0720697
2134	0.0720146
2135	0.0719878
2136	0.0721244
2137	0.0722914
2138	0.072466
2139	0.0726491
2140	0.0728182
2141	0.0728547
2142	0.0728802
2143	0.072922
2144	0.0729847
2145	0.0731001
2146	0.0733712
2147	0.0737355
2148	0.0742378
2149	0.0741892
2150	0.0741324
2151	0.0739931
2152	0.0738457
2153	0.0736984
2154	0.0735513
2155	0.0734042
2156	0.0732244
2157	0.0730446
2158	0.072865
2159	0.0726856
2160	0.0724073
2161	0.071519
2162	0.0705321
2163	0.0695457
2164	0.0685597
2165	0.0677637
2166	0.0681216
2167	0.0686689
2168	0.069216
2169	0.069763
2170	0.0702523
2171	0.0703628
2172	0.0704157
2173	0.0704687
2174	0.0705217
2175	0.0705419
2176	0.0703648
2177	0.0701549
2178	0.0699452
2179	0.0697356
2180	0.0695508
2181	0.0695305
2182	0.069535
2183	0.0695395
2184	0.069544
2185	0.0695158
2186	0.0692742
2187	0.069
2188	0.0687259
2189	0.0684519
2190	0.0682192
2191	0.0682327
2192	0.0682872
2193	0.0683418
2194	0.0683965
2195	0.0684267
2196	0.0683257
2197	0.0682003
2198	0.068075
2199	0.0679304
2200	0.0677614
2201	0.0674454
2202	0.0671052
2203	0.0667654
2204	0.066426
2205	0.0661278
2206	0.0660423
2207	0.0659977
2208	0.0659532
2209	0.0659089
2210	0.0658565
2211	0.0657717
2212	0.0656789
2213	0.0655862
2214	0.0654937
2215	0.0654014
2216	0.0653092
2217	0.0652171
2218	0.0651252
2219	0.0650335
2220	0.0649256
2221	0.0647206
2222	0.0644996
2223	0.0642788
2224	0.0640582
2225	0.0638542
2226	0.0637475
2227	0.0636572
2228	0.063567
2229	0.0634769
2230	0.063387
2231	0.063281
2232	0.0631752
2233	0.0630696
2234	0.0629641
2235	0.0628426
2236	0.0626083
2237	0.0623582
2238	0.0621083
2239	0.0618586
2240	0.0616334
2241	0.0615533
2242	0.0614975
2243	0.0614417
2244	0.0613861
2245	0.0613145
2246	0.0611626
2247	0.0609948
2248	0.0608273
2249	0.0606599
2250	0.0604926
2251	0.0602935
2252	0.0600946
2253	0.0598959
2254	0.0596973
2255	0.059515
2256	0.059445
2257	0.059391
2258	0.0593371
2259	0.0592834
2260	0.0592217
2261	0.0590802
2262	0.0589308
2263	0.0587816
2264	0.0586326
2265	0.0584997
2266	0.0584307
2267	0.0583778
2268	0.0583249
2269	0.0582721
2270	0.0582115
2271	0.0578065
2272	0.0574071
2273	0.0570201
2274	0.0566443
2275	0.0562633
2276	0.0558149
2277	0.0553608
2278	0.0549159
2279	0.0544796
2280	0.054074
2281	0.0538116
2282	0.0535775
2283	0.0533486
2284	0.0531248
2285	0.0529057
2286	0.0526615
2287	0.0524218
2288	0.0521864
2289	0.0519551
2290	0.0516986
2291	0.0512579
2292	0.0507935
2293	0.0503343
2294	0.0498802
2295	0.0494737
2296	0.049299
2297	0.0491695
2298	0.0490423
2299	0.0489173
2300	0.0487874
2301	0.0486036
2302	0.0484153
2303	0.0482293
2304	0.0480456
2305	0.0478573
2306	0.0476436
2307	0.0474253
2308	0.0472093
2309	0.0469956
2310	0.0467839
2311	0.0465473
2312	0.046313
2313	0.0460807
2314	0.0458506
2315	0.0456225
2316	0.0454098
2317	0.045199
2318	0.04499
2319	0.0447828
2320	0.0445576
2321	0.0441895
2322	0.0438044
2323	0.0434219
2324	0.0430421
2325	0.0427103
2326	0.0426273
2327	0.0425905
2328	0.0425544
2329	0.0425189
2330	0.0424647
2331	0.0423088
2332	0.042135
2333	0.0419625
2334	0.0417913
2335	0.0416213
2336	0.0414525
2337	0.0412849
2338	0.0411186
2339	0.0409534
2340	0.0407956
2341	0.0406763
2342	0.0405642
2343	0.0404529
2344	0.0403424
2345	0.0402204
2346	0.0400376
2347	0.0398437
2348	0.0396509
2349	0.0394594
2350	0.0392567
2351	0.03897
2352	0.0386727
2353	0.0383769
2354	0.0380828
2355	0.0378265
2356	0.0377643
2357	0.0377386
2358	0.0377133
2359	0.0376883
2360	0.0376576
2361	0.0358839
2362	0.0343136
2363	0.032907
2364	0.0316326
2365	0.0304629
2366	0.0293487
2367	0.0283121
2368	0.0273471
2369	0.0264451
2370	0.0255948
2371	0.0247707
2372	0.0239892
2373	0.02325
2374	0.0225492
2375	0.0218978
2376	0.0213474
2377	0.0208361
2378	0.0203476
2379	0.0198804
2380	0.0194077
2381	0.0188132
2382	0.0182193
2383	0.0176497
2384	0.0171028
2385	0.0166054
2386	0.0162916
2387	0.0160155
2388	0.0157486
2389	0.0154904
2390	0.0152302
2391	0.0149188
2392	0.0146079
2393	0.0143069
2394	0.0140154
2395	0.013733
2396	0.0134547
2397	0.0131848
2398	0.0129229
2399	0.0126687
2400	0.0124218
2401	0.0121861
2402	0.0119569
2403	0.0117341
2404	0.0115174
2405	0.0113065
2406	0.0111049
2407	0.0109086
2408	0.0107173
2409	0.010531
2410	0.0103406
2411	0.0101034
2412	0.0098641
2413	0.00963118
2414	0.00940441
2415	0.00919647
2416	0.00906363
2417	0.00894623
2418	0.0088313
2419	0.00871877
2420	0.00860409
2421	0.00846245
2422	0.00831968
2423	0.00818014
2424	0.00804372
2425	0.00791172
2426	0.00779078
2427	0.00767375
2428	0.00755919
2429	0.00744701
2430	0.00733587
2431	0.00721437
2432	0.00709421
2433	0.0069766
2434	0.00686147
2435	0.00674993
2436	0.00665013
2437	0.00655347
2438	0.00645871
2439	0.0063658
2440	0.00627357
2441	0.00617433
2442	0.00607598
2443	0.00597958
2444	0.00588508
2445	0.00579139
2446	0.00569543
2447	0.00560034
2448	0.00550712
2449	0.00541574
2450	0.00532808
2451	0.00495756
2452	0.00462233
2453	0.00431656
2454	0.0040369
2455	0.00378191
2456	0.0035541
2457	0.00334525
2458	0.00315222
2459	0.00297349
2460	0.0028072
2461	0.00264885
2462	0.00250123
2463	0.00236387
2464	0.00223588
2465	0.0021157
2466	0.00199978
2467	0.00189085
2468	0.00178906
2469	0.00169384
2470	0.00160528
2471	0.00152627
2472	0.00145254
2473	0.00138314
2474	0.00131778
2475	0.00125546
2476	0.00119221
2477	0.00113203
2478	0.00107537
2479	0.00102199
2480	0.000972229
2481	0.000927767
2482	0.000886216
2483	0.000846868
2484	0.000809585
2485	0.000774538
2486	0.000742715
2487	0.000712731
2488	0.000684197
2489	0.000657029
2490	0.000630061
2491	0.000597901
2492	0.000566492
2493	0.000536808
2494	0.000508747
2495	0.000483688
2496	0.000468096
2497	0.000454478
2498	0.000441334
2499	0.000428643
2500	0.000415739
2501	0.000134529
2502	5.07514e-05
2503	2.12027e-05
2504	9.53765e-06
2505	4.54041e-06
2506	2.2577e-06
2507	1.16537e-06
2508	6.20905e-07
2509	3.39948e-07
2510	1.90633e-07
2511	1.09295e-07
2512	6.38559e-08
2513	3.79389e-08
2514	2.28856e-08
2515	1.39975e-08
2516	8.67397e-09
2517	5.43822e-09
2518	3.44654e-09
2519	2.2063e-09
2520	1.42591e-09
2521	9.30418e-10
2522	6.12228e-10
2523	4.05972e-10
2524	2.71165e-10
2525	1.82409e-10
2526	1.23659e-10
2527	8.43685e-11
2528	5.79004e-11
2529	3.99584e-11
2530	2.77177e-11
2531	1.92844e-11
2532	1.34795e-11
2533	9.46589e-12
2534	6.67712e-12
2535	4.73118e-12
2536	3.36906e-12
2537	2.40915e-12
2538	1.72933e-12
2539	1.24592e-12
2540	9.00838e-13
2541	6.53853e-13
2542	4.76162e-13
2543	3.47875e-13
2544	2.54942e-13
2545	1.87398e-13
2546	1.38093e-13
2547	1.02048e-13
2548	7.56192e-14
2549	5.61845e-14
2550	4.1853e-14
2551	3.12423e-14
2552	2.33788e-14
2553	1.75363e-14
2554	1.31845e-14
2555	9.93502e-15
2556	7.49968e-15
2557	5.67348e-15
2558	4.30096e-15
2559	3.26716e-15
2560	2.48735e-15
2561	1.89904e-15
2562	1.45297e-15
2563	1.11375e-15
2564	8.55292e-16
2565	6.57983e-16
2566	5.06851e-16
2567	3.911e-16
2568	3.02289e-16
2569	2.34028e-16
2570	1.81472e-16
2571	1.40877e-16
2572	1.09532e-16
2573	8.52895e-17
2574	6.65111e-17
2575	5.19425e-17
2576	4.06229e-17
2577	3.18146e-17
2578	2.49504e-17
2579	1.95937e-17
2580	1.54038e-17
2581	1.21092e-17
2582	9.5291e-18
2583	7.50811e-18
2584	5.92299e-18
2585	4.68031e-18
2586	3.71475e-18
2587	2.95322e-18
2588	2.35052e-18
2589	1.87296e-18
2590	1.49375e-18
2591	1.19044e-18
2592	9.49525e-19
2593	7.58174e-19
2594	6.0602e-19
2595	4.85015e-19
2596	3.88929e-19
2597	3.12266e-19
2598	2.50963e-19
2599	2.01892e-19
2600	1.62573e-19
2601	9.46147e-20
2602	6.94965e-20
2603	5.33317e-20
2604	4.18912e-20
2605	3.34084e-20
2606	2.6912e-20
2607	2.18625e-20
2608	1.78811e-20
2609	1.47069e-20
2610	1.21538e-20
2611	1.009e-20
2612	8.40685e-21
2613	7.02684e-21
2614	5.8902e-21
2615	4.95021e-21
2616	4.16611e-21
2617	3.5138e-21
2618	2.96954e-21
2619	2.51422e-21
2620	2.13137e-21
2621	1.80367e-21
2622	1.52787e-21
2623	1.29605e-21
2624	1.10084e-21
2625	9.37347e-22
2626	8.04616e-22
2627	6.92325e-22
2628	5.96357e-22
2629	5.14231e-22
2630	4.43643e-22
2631	3.82001e-22
2632	3.29069e-22
2633	2.83727e-22
2634	2.44843e-22
2635	2.11413e-22
2636	1.82248e-22
2637	1.57188e-22
2638	1.35675e-22
2639	1.17189e-22
2640	1.01343e-22
2641	8.79619e-23
2642	7.64366e-23
2643	6.64648e-23
2644	5.78306e-23
2645	5.03491e-23
2646	4.38184e-23
2647	3.81571e-23
2648	3.32463e-23
2649	2.89838e-23
2650	2.52816e-23
2651	2.20421e-23
2652	1.92276e-23
2653	1.67811e-23
2654	1.46532e-23
2655	1.28046e-23
2656	1.12059e-23
2657	9.81393e-24
2658	8.59887e-24
2659	7.53769e-24
2660	6.60876e-24
2661	5.78804e-24
2662	5.07012e-24
2663	4.44311e-24
2664	3.89525e-24
2665	3.41807e-24
2666	3.00672e-24
2667	2.64728e-24
2668	2.33172e-24
2669	2.05457e-24
2670	1.81059e-24
2671	1.5921e-24
2672	1.40012e-24
2673	1.23173e-24
2674	1.08398e-24
2675	9.54528e-25
2676	8.41697e-25
2677	7.42652e-25
2678	6.55483e-25
2679	5.78739e-25
2680	5.11149e-25
2681	4.516e-25
2682	3.99117e-25
2683	3.52846e-25
2684	3.12037e-25
2685	2.76033e-25
2686	2.44002e-25
2687	2.15753e-25
2688	1.90831e-25
2689	1.68837e-25
2690	1.49421e-25
2691	1.32346e-25
2692	1.17256e-25
2693	1.03915e-25
2694	9.21184e-26
2695	8.16832e-26
2696	7.24111e-26
2697	6.42087e-26
2698	5.69506e-26
2699	5.05262e-26
2700	4.48502e-26
2701	5.2454e-26
2702	6.13961e-26
2703	7.19012e-26
2704	8.42495e-26
2705	9.87724e-26
2706	1.15863e-25
2707	1.35986e-25
2708	1.59693e-25
2709	1.8764e-25
2710	2.20603e-25
2711	2.59648e-25
2712	3.05781e-25
2713	3.60323e-25
2714	4.24845e-25
2715	5.01221e-25
2716	5.91361e-25
2717	6.98136e-25
2718	8.24697e-25
2719	9.74806e-25
2720	1.15296e-24
2721	1.36378e-24
2722	1.61418e-24
2723	1.91179e-24
2724	2.26574e-24
2725	2.68772e-24
2726	3.19219e-24
2727	3.79494e-24
2728	4.51458e-24
2729	5.37436e-24
2730	6.40233e-24
2731	7.62379e-24
2732	9.0847e-24
2733	1.08333e-23
2734	1.29278e-23
2735	1.54385e-23
2736	1.84608e-23
2737	2.20912e-23
2738	2.64556e-23
2739	3.17065e-23
2740	3.80291e-23
2741	4.5674e-23
2742	5.48993e-23
2743	6.60409e-23
2744	7.95083e-23
2745	9.5801e-23
2746	1.15463e-22
2747	1.39278e-22
2748	1.68149e-22
2749	2.03179e-22
2750	2.45722e-22
2751	2.97268e-22
2752	3.5995e-22
2753	4.36245e-22
2754	5.29199e-22
2755	6.42559e-22
2756	7.8094e-22
2757	9.50035e-22
2758	1.15687e-21
2759	1.41012e-21
2760	1.72054e-21
2761	2.10264e-21
2762	2.57225e-21
2763	3.15004e-21
2764	3.86172e-21
2765	4.73931e-21
2766	5.8261e-21
2767	7.17008e-21
2768	8.83409e-21
2769	1.08968e-20
2770	1.34529e-20
2771	1.66089e-20
2772	2.0524e-20
2773	2.53929e-20
2774	3.14559e-20
2775	3.90158e-20
2776	4.84835e-20
2777	6.03277e-20
2778	7.51655e-20
2779	9.378e-20
2780	1.17166e-19
2781	1.46678e-19
2782	1.83887e-19
2783	2.30872e-19
2784	2.90296e-19
2785	3.6557e-19
2786	4.61078e-19
2787	5.82459e-19
2788	7.36982e-19
2789	9.34039e-19
2790	1.18578e-18
2791	1.50705e-18
2792	1.91872e-18
2793	2.44723e-18
2794	3.12704e-18
2795	4.00442e-18
2796	5.14095e-18
2797	6.61505e-18
2798	8.52897e-18
2799	1.10194e-17
2800	1.4267e-17
2801	1.70821e-17
2802	2.04683e-17
2803	2.45451e-17
2804	2.94571e-17
2805	3.53915e-17
2806	4.25825e-17
2807	5.12928e-17
2808	6.1837e-17
2809	7.46125e-17
2810	9.01055e-17
2811	1.08912e-16
2812	1.31761e-16
2813	1.59548e-16
2814	1.93374e-16
2815	2.3459e-16
2816	2.84687e-16
2817	3.45815e-16
2818	4.20481e-16
2819	5.11779e-16
2820	6.23532e-16
2821	7.59996e-16
2822	9.27298e-16
2823	1.13263e-15
2824	1.38494e-15
2825	1.69584e-15
2826	2.08019e-15
2827	2.55537e-15
2828	3.14275e-15
2829	3.86976e-15
2830	4.77071e-15
2831	5.88496e-15
2832	7.26857e-15
2833	8.98899e-15
2834	1.11311e-14
2835	1.38021e-14
2836	1.71265e-14
2837	2.12809e-14
2838	2.64806e-14
2839	3.29983e-14
2840	4.11809e-14
2841	5.15032e-14
2842	6.45123e-14
2843	8.09349e-14
2844	1.01702e-13
2845	1.2801e-13
2846	1.6129e-13
2847	2.03575e-13
2848	2.57402e-13
2849	3.26052e-13
2850	4.13782e-13
2851	5.2612e-13
2852	6.70271e-13
2853	8.55639e-13
2854	1.09453e-12
2855	1.4031e-12
2856	1.80379e-12
2857	2.32414e-12
2858	3.00154e-12
2859	3.88565e-12
2860	5.04257e-12
2861	6.5606e-12
2862	8.55802e-12
2863	1.11939e-11
2864	1.46826e-11
2865	1.93144e-11
2866	2.54497e-11
2867	3.36382e-11
2868	4.46046e-11
2869	5.93442e-11
2870	7.9256e-11
2871	1.06304e-10
2872	1.43171e-10
2873	1.93582e-10
2874	2.62822e-10
2875	3.58486e-10
2876	4.91511e-10
2877	6.77319e-10
2878	9.38014e-10
2879	1.30586e-09
2880	1.82801e-09
2881	2.5704e-09
2882	3.6367e-09
2883	5.17924e-09
2884	7.42788e-09
2885	1.07328e-08
2886	1.56441e-08
2887	2.30011e-08
2888	3.41364e-08
2889	5.11823e-08
2890	7.76034e-08
2891	1.19125e-07
2892	1.85397e-07
2893	2.93049e-07
2894	4.71502e-07
2895	7.74511e-07
2896	1.30342e-06
2897	2.26318e-06
2898	4.09989e-06
2899	7.94695e-06
2900	1.89052e-05
2901	1.93803e-05
2902	1.98688e-05
2903	2.03712e-05
2904	2.08878e-05
2905	2.14192e-05
2906	2.19504e-05
2907	2.24965e-05
2908	2.30579e-05
2909	2.36352e-05
2910	2.42288e-05
2911	2.48218e-05
2912	2.54313e-05
2913	2.60578e-05
2914	2.67018e-05
2915	2.73639e-05
2916	2.80647e-05
2917	2.87857e-05
2918	2.95278e-05
2919	3.02917e-05
2920	3.10779e-05
2921	3.18874e-05
2922	3.27208e-05
2923	3.3579e-05
2924	3.44629e-05
2925	3.53732e-05
2926	3.6311e-05
2927	3.72771e-05
2928	3.82725e-05
2929	3.92983e-05
2930	4.03554e-05
2931	4.1415e-05
2932	4.25065e-05
2933	4.36311e-05
2934	4.47898e-05
2935	4.59839e-05
2936	4.72492e-05
2937	4.85545e-05
2938	4.99012e-05
2939	5.12908e-05
2940	5.27249e-05
2941	5.4165e-05
2942	5.56505e-05
2943	5.71832e-05
2944	5.87646e-05
2945	6.04192e-05
2946	6.21741e-05
2947	6.40117e-05
2948	6.59117e-05
2949	6.78765e-05
2950	6.99088e-05
2951	7.20113e-05
2952	7.41866e-05
2953	7.64378e-05
2954	7.87679e-05
2955	8.11801e-05
2956	8.36147e-05
2957	8.61343e-05
2958	8.87424e-05
2959	9.14425e-05
2960	9.42384e-05
2961	9.72079e-05
2962	0.000100286
2963	0.000103478
2964	0.000106788
2965	0.000110222
2966	0.000113697
2967	0.000117302
2968	0.000121041
2969	0.00012492
2970	0.000128946
2971	0.000133227
2972	0.000137675
2973	0.000142297
2974	0.000147103
2975	0.0001521
2976	0.000157176
2977	0.000162453
2978	0.000167941
2979	0.000173651
2980	0.000179592
2981	0.000185921
2982	0.000192515
2983	0.000199388
2984	0.000206555
2985	0.00021403
2986	0.000221656
2987	0.000229612
2988	0.000237914
2989	0.00024658
2990	0.000255631
2991	0.000265296
2992	0.000275407
2993	0.000285988
2994	0.000297068
2995	0.000308676
2996	0.000320846
2997	0.000333612
2998	0.000347015
2999	0.000361096
3000	0.000375905
3001	0.00037574
3002	0.000375574
3003	0.000375407
3004	0.00037524
3005	0.000375073
3006	0.000375204
3007	0.000375335
3008	0.000375467
3009	0.000375599
3010	0.00037573
3011	0.000375863
3012	0.000375995
3013	0.000376127
3014	0.00037626
3015	0.000376393
3016	0.000376223
3017	0.000376053
3018	0.000375882
3019	0.000375711
3020	0.00037554
3021	0.000375368
3022	0.000375195
3023	0.000375022
3024	0.000374849
3025	0.000374675
3026	0.000374807
3027	0.000374939
3028	0.000375071
3029	0.000375204
3030	0.000375337
3031	0.000375162
3032	0.000374987
3033	0.000374811
3034	0.000374635
3035	0.000374459
3036	0.000373972
3037	0.000373484
3038	0.000372996
3039	0.000372506
3040	0.00037217
3041	0.000372769
3042	0.000373525
3043	0.000374284
3044	0.000375044
3045	0.000375806
3046	0.000376257
3047	0.000376708
3048	0.000377161
3049	0.000377615
3050	0.000378071
3051	0.000378212
3052	0.000378354
3053	0.000378496
3054	0.000378639
3055	0.000378783
3056	0.000378927
3057	0.000379072
3058	0.000379217
3059	0.000379363
3060	0.00037951
3061	0.000379019
3062	0.000378527
3063	0.000378034
3064	0.00037754
3065	0.000377206
3066	0.000377193
3067	0.000377342
3068	0.000377491
3069	0.000377641
3070	0.000377792
3071	0.000378267
3072	0.000378745
3073	0.000379224
3074	0.000379705
3075	0.000380188
3076	0.000380022
3077	0.000379857
3078	0.000379692
3079	0.000379528
3080	0.000379365
3081	0.000379202
3082	0.00037904
3083	0.000378879
3084	0.000378718
3085	0.000378559
3086	0.0003784
3087	0.000378243
3088	0.000378087
3089	0.000377932
3090	0.000377778
3091	0.000377626
3092	0.000377476
3093	0.000377328
3094	0.000377182
3095	0.000377038
3096	0.000376896
3097	0.000376757
3098	0.000376621
3099	0.000376487
3100	0.000376358
3101	0.000371585
3102	0.000370599
3103	0.00037073
3104	0.000371468
3105	0.00037261
3106	0.000373713
3107	0.000375048
3108	0.000376572
3109	0.000378258
3110	0.000380084
3111	0.00038169
3112	0.000383404
3113	0.000385218
3114	0.000387124
3115	0.000389294
3116	0.000391908
3117	0.000394789
3118	0.000397756
3119	0.000400807
3120	0.000403939
3121	0.000407152
3122	0.000410444
3123	0.000413814
3124	0.000417262
3125	0.000420787
3126	0.000424389
3127	0.000428068
3128	0.000431824
3129	0.000435657
3130	0.000439567
3131	0.000443555
3132	0.000447622
3133	0.000451768
3134	0.000455993
3135	0.000460299
3136	0.000464251
3137	0.000468276
3138	0.000472375
3139	0.000476548
3140	0.000480797
3141	0.00048558
3142	0.000490451
3143	0.000495411
3144	0.000500461
3145	0.000505602
3146	0.000510351
3147	0.000515184
3148	0.000520102
3149	0.000525106
3150	0.000530197
3151	0.000535891
3152	0.000541688
3153	0.00054759
3154	0.000553598
3155	0.000559716
3156	0.000565944
3157	0.000572286
3158	0.000578743
3159	0.000585318
3160	0.000592013
3161	0.000599411
3162	0.000606948
3163	0.000614629
3164	0.000622456
3165	0.000630433
3166	0.00063733
3167	0.000644351
3168	0.0006515
3169	0.000658779
3170	0.000666516
3171	0.000675057
3172	0.000684097
3173	0.000693316
3174	0.000702719
3175	0.00071231
3176	0.000720684
3177	0.000729217
3178	0.000737912
3179	0.000746773
3180	0.000755805
3181	0.000765767
3182	0.00077593
3183	0.000786298
3184	0.000796878
3185	0.000807675
3186	0.000819506
3187	0.00083159
3188	0.000843934
3189	0.000856545
3190	0.00086943
3191	0.000881725
3192	0.000894283
3193	0.000907112
3194	0.000920221
3195	0.000933618
3196	0.000946367
3197	0.000959391
3198	0.000972698
3199	0.000986297
3200	0.0010007
3201	0.000994476
3202	0.000988808
3203	0.000983192
3204	0.000977628
3205	0.000972114
3206	0.000965679
3207	0.000959303
3208	0.000952986
3209	0.000946726
3210	0.000940524
3211	0.000933433
3212	0.000926408
3213	0.000919448
3214	0.000912552
3215	0.000905718
3216	0.000899866
3217	0.000894066
3218	0.000888316
3219	0.000882616
3220	0.000876965
3221	0.000871363
3222	0.000865808
3223	0.000860301
3224	0.000854841
3225	0.000849427
3226	0.000844929
3227	0.000840467
3228	0.00083604
3229	0.000831648
3230	0.00082729
3231	0.000822117
3232	0.000816987
3233	0.000811899
3234	0.000806852
3235	0.000801846
3236	0.00079688
3237	0.000791954
3238	0.000787067
3239	0.000782219
3240	0.00077741
3241	0.000772638
3242	0.000767904
3243	0.000763207
3244	0.000758547
3245	0.000753923
3246	0.000750121
3247	0.000746346
3248	0.000742598
3249	0.000738877
3250	0.000735183
3251	0.000729983
3252	0.000724825
3253	0.000719707
3254	0.00071463
3255	0.000709593
3256	0.000705342
3257	0.000701124
3258	0.000696936
3259	0.00069278
3260	0.000688655
3261	0.00068456
3262	0.000680496
3263	0.000676461
3264	0.000672456
3265	0.00066848
3266	0.000664533
3267	0.000660615
3268	0.000656725
3269	0.000652864
3270	0.00064903
3271	0.000645224
3272	0.000641445
3273	0.000637693
3274	0.000633967
3275	0.000630269
3276	0.000626596
3277	0.00062295
3278	0.000619329
3279	0.000615734
3280	0.000612164
3281	0.000608619
3282	0.000605098
3283	0.000601603
3284	0.000598131
3285	0.000594684
3286	0.000591908
3287	0.000589149
3288	0.000586407
3289	0.000583683
3290	0.000580659
3291	0.00057639
3292	0.000571839
3293	0.000567321
3294	0.000562837
3295	0.000558697
3296	0.000555205
3297	0.000552044
3298	0.000548905
3299	0.000545787
3300	0.00054269
3301	0.000550394
3302	0.000558235
3303	0.000566218
3304	0.000574345
3305	0.000582619
3306	0.000589724
3307	0.000596944
3308	0.000604283
3309	0.000611743
3310	0.000619327
3311	0.000627748
3312	0.000636319
3313	0.000645044
3314	0.000653927
3315	0.000662971
3316	0.000670651
3317	0.000678454
3318	0.000686382
3319	0.000694439
3320	0.000703034
3321	0.000713425
3322	0.000724437
3323	0.000735668
3324	0.000747124
3325	0.000758811
3326	0.000768953
3327	0.000779282
3328	0.000789803
3329	0.000800521
3330	0.00081144
3331	0.000823531
3332	0.000835866
3333	0.000848451
3334	0.000861292
3335	0.000874398
3336	0.000887776
3337	0.000901433
3338	0.000915376
3339	0.000929615
3340	0.000944158
3341	0.000959014
3342	0.000974191
3343	0.000989699
3344	0.00100555
3345	0.00102175
3346	0.00103708
3347	0.00105273
3348	0.00106873
3349	0.00108507
3350	0.00110178
3351	0.00112021
3352	0.00113908
3353	0.0011584
3354	0.00117817
3355	0.00119843
3356	0.00121918
3357	0.00124044
3358	0.00126223
3359	0.00128457
3360	0.00130748
3361	0.00133097
3362	0.00135508
3363	0.00137982
3364	0.00140521
3365	0.00143129
3366	0.00145807
3367	0.00148559
3368	0.00151387
3369	0.00154294
3370	0.00157285
3371	0.00160362
3372	0.00163528
3373	0.00166789
3374	0.00170147
3375	0.00173607
3376	0.00177175
3377	0.00180854
3378	0.0018465
3379	0.00188568
3380	0.00192615
3381	0.00197044
3382	0.00201626
3383	0.00206369
3384	0.00211282
3385	0.00216374
3386	0.00221378
3387	0.00226568
3388	0.00231955
3389	0.00237551
3390	0.00243369
3391	0.00249422
3392	0.00255726
3393	0.00262298
3394	0.00269157
3395	0.00276322
3396	0.00283458
3397	0.00290928
3398	0.00298758
3399	0.0030698
3400	0.00315829
3401	0.00318355
3402	0.00321116
3403	0.0032391
3404	0.00326738
3405	0.00329389
3406	0.00331226
3407	0.00332869
3408	0.00334528
3409	0.00336204
3410	0.00338115
3411	0.00340485
3412	0.00343105
3413	0.00345756
3414	0.0034844
3415	0.00351156
3416	0.0035345
3417	0.0035577
3418	0.00358117
3419	0.00360492
3420	0.00362896
3421	0.00365329
3422	0.00367791
3423	0.00370284
3424	0.00372808
3425	0.00375363
3426	0.0037795
3427	0.0038057
3428	0.00383223
3429	0.00385911
3430	0.00388633
3431	0.00391907
3432	0.00395226
3433	0.00398591
3434	0.00402004
3435	0.00405464
3436	0.00408436
3437	0.00411449
3438	0.00414505
3439	0.00417603
3440	0.00420745
3441	0.00423933
3442	0.00427167
3443	0.00430448
3444	0.00433778
3445	0.00437158
3446	0.00440589
3447	0.00444073
3448	0.0044761
3449	0.00451203
3450	0.00454853
3451	0.00459177
3452	0.00463574
3453	0.00468044
3454	0.0047259
3455	0.00477214
3456	0.00481272
3457	0.004854
3458	0.004896
3459	0.00493874
3460	0.00498224
3461	0.00503334
3462	0.0050854
3463	0.00513844
3464	0.00519251
3465	0.00524763
3466	0.00529668
3467	0.0053467
3468	0.00539773
3469	0.00544982
3470	0.00550299
3471	0.00555729
3472	0.00561276
3473	0.00566947
3474	0.00572744
3475	0.00578675
3476	0.00584744
3477	0.00590958
3478	0.00597324
3479	0.00603848
3480	0.00610539
3481	0.00618258
3482	0.00626183
3483	0.00634325
3484	0.00642695
3485	0.00651307
3486	0.00659263
3487	0.00667465
3488	0.0067593
3489	0.00684674
3490	0.00693717
3491	0.00703084
3492	0.00712798
3493	0.00722891
3494	0.00733396
3495	0.00744354
3496	0.00755813
3497	0.00767832
3498	0.00780483
3499	0.00793857
3500	0.00808077
3501	0.00808755
3502	0.00809436
3503	0.00810119
3504	0.00810804
3505	0.00811492
3506	0.00811038
3507	0.00810585
3508	0.00810133
3509	0.00809681
3510	0.0080923
3511	0.00808779
3512	0.00808329
3513	0.0080788
3514	0.00807431
3515	0.00806983
3516	0.00806536
3517	0.0080609
3518	0.00805645
3519	0.008052
3520	0.00804756
3521	0.00805472
3522	0.00806191
3523	0.00806913
3524	0.00807638
3525	0.00808367
3526	0.00807934
3527	0.00807502
3528	0.00807071
3529	0.00806642
3530	0.00806214
3531	0.00806956
3532	0.00807702
3533	0.00808452
3534	0.00809204
3535	0.00809961
3536	0.00809546
3537	0.00809133
3538	0.00808721
3539	0.00808311
3540	0.00807903
3541	0.00808677
3542	0.00809454
3543	0.00810236
3544	0.00811022
3545	0.00811813
3546	0.00811421
3547	0.00811032
3548	0.00810644
3549	0.00810259
3550	0.00809876
3551	0.00809496
3552	0.00809118
3553	0.00808742
3554	0.00808369
3555	0.00807999
3556	0.00807632
3557	0.00807268
3558	0.00806906
3559	0.00806548
3560	0.00806193
3561	0.00807046
3562	0.00807904
3563	0.00808769
3564	0.00809641
3565	0.00810519
3566	0.00810192
3567	0.0080987
3568	0.00809552
3569	0.00809239
3570	0.0080893
3571	0.00808627
3572	0.00808328
3573	0.00808035
3574	0.00807748
3575	0.00807466
3576	0.00807191
3577	0.00806922
3578	0.00806659
3579	0.00806404
3580	0.00806156
3581	0.00807148
3582	0.00808151
3583	0.00809166
3584	0.00810193
3585	0.00811233
3586	0.00811047
3587	0.0081087
3588	0.00810706
3589	0.00810553
3590	0.00810413
3591	0.00810288
3592	0.00810176
3593	0.00810081
3594	0.00810002
3595	0.00809942
3596	0.00811159
3597	0.00812401
3598	0.00813671
3599	0.00814969
3600	0.00816301
3601	0.00815504
3602	0.00814708
3603	0.00813911
3604	0.00813113
3605	0.00812316
3606	0.00811517
3607	0.00810719
3608	0.0080992
3609	0.00809121
3610	0.00808321
3611	0.00808794
3612	0.00809269
3613	0.00809745
3614	0.00810222
3615	0.008107
3616	0.00809902
3617	0.00809104
3618	0.00808305
3619	0.00807506
3620	0.00806707
3621	0.00807188
3622	0.00807671
3623	0.00808155
3624	0.00808641
3625	0.00809127
3626	0.0080833
3627	0.00807533
3628	0.00806735
3629	0.00805937
3630	0.00805139
3631	0.0080563
3632	0.00806122
3633	0.00806615
3634	0.0080711
3635	0.00807606
3636	0.0080681
3637	0.00806015
3638	0.00805219
3639	0.00804423
3640	0.00803627
3641	0.00804128
3642	0.00804631
3643	0.00805135
3644	0.0080564
3645	0.00806147
3646	0.00805355
3647	0.00804562
3648	0.0080377
3649	0.00802978
3650	0.00802185
3651	0.00801393
3652	0.00800601
3653	0.00799808
3654	0.00799016
3655	0.00798224
3656	0.00798742
3657	0.00799261
3658	0.00799782
3659	0.00800305
3660	0.0080083
3661	0.00801357
3662	0.00801886
3663	0.00802417
3664	0.00802951
3665	0.00803486
3666	0.00801387
3667	0.00799287
3668	0.00797186
3669	0.00795083
3670	0.0079364
3671	0.00793519
3672	0.00794061
3673	0.00794605
3674	0.00795153
3675	0.00795702
3676	0.00794927
3677	0.00794153
3678	0.0079338
3679	0.00792608
3680	0.00791837
3681	0.00791066
3682	0.00790297
3683	0.00789529
3684	0.00788762
3685	0.00787996
3686	0.00788569
3687	0.00789144
3688	0.00789723
3689	0.00790306
3690	0.00790893
3691	0.00790141
3692	0.00789392
3693	0.00788645
3694	0.007879
3695	0.00787157
3696	0.00786416
3697	0.00785678
3698	0.00784943
3699	0.00784211
3700	0.00783482
3701	0.00784058
3702	0.00784637
3703	0.00785217
3704	0.00785799
3705	0.00786384
3706	0.00785613
3707	0.00784843
3708	0.00784073
3709	0.00783302
3710	0.00782532
3711	0.00783123
3712	0.00783717
3713	0.00784312
3714	0.0078491
3715	0.0078551
3716	0.00784744
3717	0.00783979
3718	0.00783214
3719	0.00782448
3720	0.00781683
3721	0.0078229
3722	0.00782899
3723	0.00783511
3724	0.00784124
3725	0.0078474
3726	0.0078398
3727	0.00783221
3728	0.00782461
3729	0.00781701
3730	0.00780941
3731	0.00781565
3732	0.00782191
3733	0.00782819
3734	0.0078345
3735	0.00784082
3736	0.0078194
3737	0.00779795
3738	0.00777648
3739	0.00775498
3740	0.00774044
3741	0.00773982
3742	0.0077462
3743	0.0077526
3744	0.00775903
3745	0.00776548
3746	0.00775795
3747	0.00775042
3748	0.00774289
3749	0.00773537
3750	0.00772784
3751	0.00773438
3752	0.00774094
3753	0.00774753
3754	0.00775415
3755	0.00776079
3756	0.00775333
3757	0.00774588
3758	0.00773843
3759	0.00773098
3760	0.00772353
3761	0.00773027
3762	0.00773703
3763	0.00774382
3764	0.00775064
3765	0.00775749
3766	0.00776436
3767	0.00777126
3768	0.0077782
3769	0.00778516
3770	0.00779214
3771	0.00778485
3772	0.00777756
3773	0.00777028
3774	0.00776299
3775	0.00775572
3776	0.00774844
3777	0.00774117
3778	0.0077339
3779	0.00772664
3780	0.00771938
3781	0.00772657
3782	0.00773379
3783	0.00774104
3784	0.00774833
3785	0.00775565
3786	0.00774848
3787	0.00774133
3788	0.00773418
3789	0.00772704
3790	0.0077199
3791	0.00772735
3792	0.00773483
3793	0.00774235
3794	0.0077499
3795	0.00775749
3796	0.00775046
3797	0.00774344
3798	0.00773643
3799	0.00772943
3800	0.00772243
3801	0.00767205
3802	0.00763299
3803	0.00760051
3804	0.00757246
3805	0.00754767
3806	0.00751106
3807	0.00747655
3808	0.00744379
3809	0.0074125
3810	0.0073825
3811	0.00736779
3812	0.00735401
3813	0.00734108
3814	0.00732891
3815	0.00731742
3816	0.00729252
3817	0.00726824
3818	0.00724453
3819	0.00722135
3820	0.00719868
3821	0.00719043
3822	0.0071826
3823	0.00717515
3824	0.00716806
3825	0.00716133
3826	0.00715492
3827	0.00714883
3828	0.00714305
3829	0.00713756
3830	0.00713235
3831	0.00711356
3832	0.00709506
3833	0.00707683
3834	0.00705885
3835	0.00704113
3836	0.00703745
3837	0.00703399
3838	0.00703075
3839	0.00702772
3840	0.0070249
3841	0.00700851
3842	0.00699234
3843	0.00697636
3844	0.00696059
3845	0.00694501
3846	0.00694338
3847	0.00694193
3848	0.00694066
3849	0.00693957
3850	0.00693866
3851	0.00692418
3852	0.00690989
3853	0.00689577
3854	0.00688182
3855	0.00686805
3856	0.00686131
3857	0.00685475
3858	0.00684149
3859	0.00683526
3860	0.00682921
3861	0.00682333
3862	0.00682449
3863	0.00681895
3864	0.00682045
3865	0.00681526
3866	0.00680336
3867	0.00679852
3868	0.00678697
3869	0.00678248
3870	0.00677128
3871	0.00677405
3872	0.00677701
3873	0.00678016
3874	0.00678351
3875	0.00678707
3876	0.00677703
3877	0.00677409
3878	0.00676445
3879	0.00676194
3880	0.00675272
3881	0.00675066
3882	0.00674883
3883	0.00674724
3884	0.00674591
3885	0.00674484
3886	0.00675101
3887	0.00675747
3888	0.00677122
3889	0.00677833
3890	0.00678578
3891	0.0067796
3892	0.00677377
3893	0.00677533
3894	0.00677027
3895	0.00676564
3896	0.00677555
3897	0.00677893
3898	0.00678993
3899	0.00679448
3900	0.00680678
3901	0.00681737
3902	0.00682803
3903	0.00683162
3904	0.00684238
3905	0.00685322
3906	0.00685695
3907	0.00685357
3908	0.00685738
3909	0.00685405
3910	0.00685794
3911	0.00686909
3912	0.00687309
3913	0.00688438
3914	0.00688848
3915	0.0068999
3916	0.00689685
3917	0.00689382
3918	0.00689812
3919	0.00689516
3920	0.00689223
3921	0.006904
3922	0.00691586
3923	0.00692044
3924	0.00693245
3925	0.00694455
3926	0.00694193
3927	0.00694677
3928	0.00694425
3929	0.0069492
3930	0.00694677
3931	0.00695931
3932	0.00696447
3933	0.0069772
3934	0.00698252
3935	0.00699543
3936	0.00700092
3937	0.00699893
3938	0.00700456
3939	0.0070027
3940	0.00700849
3941	0.00701436
3942	0.00702794
3943	0.00703401
3944	0.00704782
3945	0.0070541
3946	0.00705279
3947	0.00705155
3948	0.0070581
3949	0.00705702
3950	0.00705603
3951	0.00706287
3952	0.00707761
3953	0.00708471
3954	0.00709975
3955	0.00710712
3956	0.00711462
3957	0.00712225
3958	0.00712215
3959	0.00713006
3960	0.00713811
3961	0.00715425
3962	0.00717059
3963	0.00717917
3964	0.0071959
3965	0.00721285
3966	0.00721398
3967	0.00722331
3968	0.00722477
3969	0.00723449
3970	0.00723632
3971	0.00725459
3972	0.007265
3973	0.00728382
3974	0.00729475
3975	0.00731417
3976	0.00732569
3977	0.00732926
3978	0.00734138
3979	0.00734554
3980	0.00735833
3981	0.00737149
3982	0.00738505
3983	0.00740744
3984	0.0074219
3985	0.00743685
3986	0.0074608
3987	0.00747686
3988	0.00750206
3989	0.0075194
3990	0.00754606
3991	0.00755632
3992	0.00757603
3993	0.00758801
3994	0.00760972
3995	0.00762387
3996	0.00765692
3997	0.0076828
3998	0.00771943
3999	0.00774946
4000	0.00779122
