280	1.42324e-15
281	3.0991e-15
282	6.20095e-15
283	8.76496e-15
284	9.32033e-15
285	6.96198e-15
286	1.03011e-14
287	1.70029e-14
288	1.79544e-14
289	2.53494e-14
290	4.02545e-14
291	5.05442e-14
292	5.31627e-14
293	5.73548e-14
294	6.42327e-14
295	7.23471e-14
296	8.49349e-14
297	8.59219e-14
298	9.85085e-14
299	1.0262e-13
300	1.10729e-13
301	1.0651e-12
302	1.05617e-11
303	1.28655e-10
304	1.31026e-09
305	1.26348e-08
306	3.06848e-08
307	8.44754e-08
308	2.36015e-07
309	5.57565e-07
310	1.41146e-06
311	3.56647e-06
312	6.6288e-06
313	1.24874e-05
314	2.42537e-05
315	4.37285e-05
316	5.47569e-05
317	8.91133e-05
318	0.000121434
319	0.000159282
320	0.000238169
321	0.000302821
322	0.000366797
323	0.000436315
324	0.000612838
325	0.000892685
326	0.00122773
327	0.00147025
328	0.00165091
329	0.00203521
330	0.00257522
331	0.00262263
332	0.00285635
333	0.00306021
334	0.00336723
335	0.00384931
336	0.00373152
337	0.00374607
338	0.00444289
339	0.00503375
340	0.00575823
341	0.00586263
342	0.00629512
343	0.00689164
344	0.00627714
345	0.00688459
346	0.00768298
347	0.00816089
348	0.00837806
349	0.00869192
350	0.0100871
351	0.0110465
352	0.0108065
353	0.0115185
354	0.0136426
355	0.0144227
356	0.0137628
357	0.0122136
358	0.0115518
359	0.0132891
360	0.0169271
361	0.015947
362	0.016839
363	0.0190946
364	0.019917
365	0.0217893
366	0.0256963
367	0.0265379
368	0.0257483
369	0.0273478
370	0.0296655
371	0.0290446
372	0.0290845
373	0.0269681
374	0.0253581
375	0.0280195
376	0.0322177
377	0.0358651
378	0.0428129
379	0.0396488
380	0.0383688
381	0.041481
382	0.0339791
383	0.0273514
384	0.0313174
385	0.0403586
386	0.0402356
387	0.0423288
388	0.0425847
389	0.0472857
390	0.0553622
391	0.060475
392	0.0573168
393	0.0376943
394	0.0396338
395	0.0623464
396	0.058783
397	0.0418133
398	0.0702501
399	0.0911178
400	0.0981848
401	0.10403
402	0.109234
403	0.109217
404	0.111897
405	0.112323
406	0.111755
407	0.112438
408	0.11927
409	0.126052
410	0.116686
411	0.127731
412	0.137164
413	0.136094
414	0.13697
415	0.143679
416	0.149845
417	0.1494
418	0.14733
419	0.151683
420	0.147591
421	0.162797
422	0.165564
423	0.163948
424	0.166167
425	0.172072
426	0.170575
427	0.16842
428	0.169737
429	0.158448
430	0.132953
431	0.131823
432	0.190873
433	0.191401
434	0.183652
435	0.200284
436	0.220498
437	0.225561
438	0.206592
439	0.204078
440	0.227682
441	0.233777
442	0.248928
443	0.25649
444	0.255957
445	0.263139
446	0.250425
447	0.274684
448	0.284455
449	0.288827
450	0.301413
451	0.31276
452	0.305066
453	0.291587
454	0.306799
455	0.312022
456	0.322981
457	0.329545
458	0.32752
459	0.327799
460	0.331292
461	0.342842
462	0.350562
463	0.353676
464	0.349006
465	0.347198
466	0.353423
467	0.347887
468	0.360621
469	0.365804
470	0.359513
471	0.367884
472	0.384564
473	0.379922
474	0.386363
475	0.399143
476	0.394994
477	0.401537
478	0.413606
479	0.412251
480	0.419165
481	0.422025
482	0.424604
483	0.422468
484	0.41865
485	0.409407
486	0.356722
487	0.384078
488	0.413442
489	0.406868
490	0.439233
491	0.432451
492	0.421598
493	0.440919
494	0.44232
495	0.461657
496	0.451898
497	0.455542
498	0.448985
499	0.450199
500	0.451373
501	0.443508
502	0.447143
503	0.462491
504	0.449857
505	0.473212
506	0.491592
507	0.478444
508	0.470044
509	0.485772
510	0.480974
511	0.489179
512	0.498696
513	0.478657
514	0.469868
515	0.482835
516	0.478086
517	0.419825
518	0.451919
519	0.455019
520	0.48757
521	0.4984
522	0.506607
523	0.490736
524	0.516371
525	0.518889
526	0.500412
527	0.461399
528	0.507253
529	0.532874
530	0.525023
531	0.545636
532	0.535961
533	0.49704
534	0.517675
535	0.532487
536	0.544916
537	0.520802
538	0.534623
539	0.526891
540	0.511608
541	0.502107
542	0.53441
543	0.536003
544	0.549841
545	0.543106
546	0.541742
547	0.545806
548	0.539256
549	0.549517
550	0.548767
551	0.550447
552	0.55802
553	0.548566
554	0.55648
555	0.559938
556	0.552598
557	0.542605
558	0.547104
559	0.530306
560	0.53812
561	0.559037
562	0.545869
563	0.557795
564	0.554695
565	0.552694
566	0.535601
567	0.559171
568	0.560879
569	0.554256
570	0.551003
571	0.538845
572	0.561835
573	0.568597
574	0.566134
575	0.557356
576	0.556263
577	0.564019
578	0.553891
579	0.557945
580	0.562436
581	0.565049
582	0.571559
583	0.575792
584	0.575009
585	0.57189
586	0.563291
587	0.573839
588	0.564807
589	0.522246
590	0.543033
591	0.569078
592	0.56945
593	0.570216
594	0.572862
595	0.574324
596	0.582274
597	0.587057
598	0.580444
599	0.579938
600	0.583992
601	0.579381
602	0.577679
603	0.589045
604	0.601031
605	0.603032
606	0.603899
607	0.607122
608	0.608081
609	0.606957
610	0.609237
611	0.611423
612	0.62167
613	0.616661
614	0.607912
615	0.620958
616	0.612504
617	0.611313
618	0.631505
619	0.641128
620	0.646113
621	0.651121
622	0.644205
623	0.645818
624	0.645477
625	0.640224
626	0.645155
627	0.66391
628	0.670459
629	0.673557
630	0.671133
631	0.666883
632	0.652422
633	0.674978
634	0.673666
635	0.676427
636	0.670399
637	0.687656
638	0.695657
639	0.69112
640	0.680716
641	0.68183
642	0.686119
643	0.694695
644	0.69366
645	0.70014
646	0.692562
647	0.699586
648	0.697898
649	0.682979
650	0.681144
651	0.708656
652	0.710212
653	0.714553
654	0.708227
655	0.678669
656	0.613657
657	0.634954
658	0.696535
659	0.710346
660	0.721373
661	0.729573
662	0.733152
663	0.732627
664	0.733249
665	0.74274
666	0.742764
667	0.737972
668	0.727659
669	0.725245
670	0.710152
671	0.702623
672	0.692666
673	0.691393
674	0.685477
675	0.680517
676	0.683767
677	0.677105
678	0.676847
679	0.669472
680	0.667306
681	0.666393
682	0.665038
683	0.660442
684	0.655946
685	0.652654
686	0.641094
687	0.65242
688	0.657681
689	0.657996
690	0.657253
691	0.657725
692	0.655973
693	0.663317
694	0.667946
695	0.666339
696	0.670577
697	0.674942
698	0.674125
699	0.681735
700	0.684159
701	0.685536
702	0.688317
703	0.698775
704	0.71094
705	0.721791
706	0.722463
707	0.726405
708	0.735476
709	0.745017
710	0.771705
711	0.717228
712	0.682429
713	0.658323
714	0.643178
715	0.620506
716	0.613239
717	0.602594
718	0.585867
719	0.564851
720	0.574115
721	0.573805
722	0.57306
723	0.567683
724	0.566616
725	0.56682
726	0.570942
727	0.578519
728	0.583699
729	0.575839
730	0.600082
731	0.60409
732	0.618412
733	0.625253
734	0.646078
735	0.655944
736	0.661959
737	0.675818
738	0.687517
739	0.694284
740	0.732173
741	0.731354
742	0.731294
743	0.747246
744	0.756105
745	0.755605
746	0.758136
747	0.760812
748	0.759967
749	0.762312
750	0.762003
751	0.765964
752	0.771695
753	0.776896
754	0.783091
755	0.783938
756	0.776329
757	0.777155
758	0.781744
759	0.775422
760	0.779137
761	0.776651
762	0.777257
763	0.727657
764	0.690949
765	0.657305
766	0.616929
767	0.601417
768	0.604237
769	0.60612
770	0.613298
771	0.622181
772	0.631592
773	0.641629
774	0.652423
775	0.664166
776	0.676444
777	0.686832
778	0.704037
779	0.729222
780	0.767369
781	0.765203
782	0.768223
783	0.762666
784	0.757289
785	0.760846
786	0.761299
787	0.760231
788	0.755233
789	0.753486
790	0.74779
791	0.741334
792	0.734913
793	0.728519
794	0.722949
795	0.722993
796	0.729447
797	0.739117
798	0.735219
799	0.728137
800	0.719467
801	0.703117
802	0.687361
803	0.666714
804	0.656966
805	0.637656
806	0.639417
807	0.62971
808	0.620623
809	0.606557
810	0.603241
811	0.598863
812	0.597427
813	0.592873
814	0.58723
815	0.578554
816	0.573357
817	0.566753
818	0.552788
819	0.539178
820	0.533998
821	0.532081
822	0.522304
823	0.523701
824	0.521585
825	0.532417
826	0.547866
827	0.560566
828	0.569817
829	0.580367
830	0.596932
831	0.617187
832	0.629021
833	0.621662
834	0.633218
835	0.640546
836	0.649726
837	0.651558
838	0.656071
839	0.658695
840	0.669894
841	0.671062
842	0.663427
843	0.662219
844	0.656993
845	0.672035
846	0.674198
847	0.661733
848	0.661513
849	0.655596
850	0.615732
851	0.652775
852	0.657875
853	0.64602
854	0.596584
855	0.624456
856	0.666082
857	0.685252
858	0.69123
859	0.695685
860	0.698507
861	0.698458
862	0.704528
863	0.704134
864	0.692642
865	0.672741
866	0.616681
867	0.645923
868	0.674406
869	0.674963
870	0.682711
871	0.678449
872	0.683574
873	0.678337
874	0.667729
875	0.66204
876	0.675261
877	0.679248
878	0.676902
879	0.66882
880	0.66681
881	0.594941
882	0.576742
883	0.556324
884	0.542097
885	0.530434
886	0.506108
887	0.492673
888	0.489217
889	0.481555
890	0.471611
891	0.461418
892	0.450094
893	0.437184
894	0.431431
895	0.426154
896	0.422106
897	0.413801
898	0.405929
899	0.396823
900	0.390007
901	0.378628
902	0.368629
903	0.376657
904	0.373761
905	0.367715
906	0.368567
907	0.373228
908	0.372311
909	0.371227
910	0.377309
911	0.382093
912	0.384623
913	0.391638
914	0.39536
915	0.396794
916	0.398501
917	0.397085
918	0.396895
919	0.398043
920	0.395333
921	0.389767
922	0.385147
923	0.376989
924	0.388322
925	0.390975
926	0.312885
927	0.272142
928	0.236265
929	0.208055
930	0.185411
931	0.168408
932	0.153061
933	0.140765
934	0.12913
935	0.118019
936	0.108813
937	0.101274
938	0.103489
939	0.104936
940	0.105042
941	0.105466
942	0.105223
943	0.109547
944	0.110251
945	0.112584
946	0.115435
947	0.11745
948	0.11997
949	0.126252
950	0.132193
951	0.138117
952	0.145976
953	0.153715
954	0.160251
955	0.163841
956	0.178655
957	0.192305
958	0.206842
959	0.222646
960	0.237874
961	0.255971
962	0.279224
963	0.30566
964	0.337563
965	0.385598
966	0.387078
967	0.393397
968	0.394749
969	0.399914
970	0.405311
971	0.407189
972	0.413441
973	0.415392
974	0.415647
975	0.422486
976	0.431205
977	0.434461
978	0.441938
979	0.444894
980	0.45453
981	0.459326
982	0.466424
983	0.469703
984	0.47212
985	0.477785
986	0.481503
987	0.487222
988	0.49227
989	0.495139
990	0.503755
991	0.514978
992	0.523154
993	0.535238
994	0.544696
995	0.542817
996	0.541569
997	0.536708
998	0.536358
999	0.536545
1000	0.538008
1001	0.54092
1002	0.541129
1003	0.53625
1004	0.528002
1005	0.505451
1006	0.521576
1007	0.532636
1008	0.535227
1009	0.534083
1010	0.535051
1011	0.533084
1012	0.532316
1013	0.530448
1014	0.531256
1015	0.525891
1016	0.526516
1017	0.524474
1018	0.527716
1019	0.51864
1020	0.520506
1021	0.521919
1022	0.517856
1023	0.521256
1024	0.52356
1025	0.523453
1026	0.523836
1027	0.523106
1028	0.523621
1029	0.520869
1030	0.522091
1031	0.522125
1032	0.521818
1033	0.516428
1034	0.518871
1035	0.521582
1036	0.522388
1037	0.519471
1038	0.519101
1039	0.523016
1040	0.522904
1041	0.523185
1042	0.522875
1043	0.519858
1044	0.520811
1045	0.517301
1046	0.508251
1047	0.513767
1048	0.518214
1049	0.516833
1050	0.514479
1051	0.514456
1052	0.512293
1053	0.511295
1054	0.510491
1055	0.512022
1056	0.511217
1057	0.510021
1058	0.50473
1059	0.49495
1060	0.502421
1061	0.497418
1062	0.502848
1063	0.499301
1064	0.503656
1065	0.502746
1066	0.494989
1067	0.496225
1068	0.493935
1069	0.475704
1070	0.485348
1071	0.464698
1072	0.45321
1073	0.438198
1074	0.434809
1075	0.422897
1076	0.419068
1077	0.413565
1078	0.407674
1079	0.397471
1080	0.395919
1081	0.384518
1082	0.377472
1083	0.37695
1084	0.376001
1085	0.372263
1086	0.368674
1087	0.355738
1088	0.358093
1089	0.3568
1090	0.352155
1091	0.349936
1092	0.342418
1093	0.334699
1094	0.320288
1095	0.32523
1096	0.326023
1097	0.325731
1098	0.321831
1099	0.31855
1100	0.323314
1101	0.24316
1102	0.193997
1103	0.165303
1104	0.141991
1105	0.123373
1106	0.108421
1107	0.0958439
1108	0.0857628
1109	0.0771012
1110	0.069728
1111	0.0630015
1112	0.0573066
1113	0.0521283
1114	0.0481022
1115	0.0441053
1116	0.0403361
1117	0.0375007
1118	0.0342759
1119	0.0316865
1120	0.0293364
1121	0.0312682
1122	0.033378
1123	0.0354856
1124	0.0377239
1125	0.0399282
1126	0.0417559
1127	0.0451097
1128	0.0488297
1129	0.0524497
1130	0.0561746
1131	0.0561584
1132	0.0559691
1133	0.0551328
1134	0.0548273
1135	0.0545841
1136	0.0542952
1137	0.0530127
1138	0.0521242
1139	0.0524421
1140	0.0523432
1141	0.0513402
1142	0.0517139
1143	0.0511868
1144	0.0505837
1145	0.0506657
1146	0.0544597
1147	0.0582543
1148	0.0620626
1149	0.0663735
1150	0.0711917
1151	0.076618
1152	0.0825551
1153	0.0897481
1154	0.0983219
1155	0.107474
1156	0.117106
1157	0.12996
1158	0.144407
1159	0.160273
1160	0.180138
1161	0.206268
1162	0.214886
1163	0.221338
1164	0.224098
1165	0.230987
1166	0.233427
1167	0.24181
1168	0.249257
1169	0.250887
1170	0.262234
1171	0.265287
1172	0.266685
1173	0.26678
1174	0.267892
1175	0.265509
1176	0.263874
1177	0.269542
1178	0.269549
1179	0.270486
1180	0.274536
1181	0.275064
1182	0.274201
1183	0.265748
1184	0.27518
1185	0.280524
1186	0.282323
1187	0.283808
1188	0.281855
1189	0.274081
1190	0.284028
1191	0.290869
1192	0.292613
1193	0.294182
1194	0.295938
1195	0.295988
1196	0.297679
1197	0.297861
1198	0.293742
1199	0.289125
1200	0.302477
1201	0.306148
1202	0.305296
1203	0.296701
1204	0.296174
1205	0.303062
1206	0.303474
1207	0.303894
1208	0.297833
1209	0.288671
1210	0.29852
1211	0.296257
1212	0.30173
1213	0.303801
1214	0.303529
1215	0.304696
1216	0.30529
1217	0.305697
1218	0.305514
1219	0.304822
1220	0.306628
1221	0.307456
1222	0.307378
1223	0.306706
1224	0.310436
1225	0.311093
1226	0.311985
1227	0.308356
1228	0.312346
1229	0.316045
1230	0.317209
1231	0.318236
1232	0.318049
1233	0.320893
1234	0.322415
1235	0.323829
1236	0.328276
1237	0.331634
1238	0.335003
1239	0.337818
1240	0.348008
1241	0.34733
1242	0.343743
1243	0.338378
1244	0.334832
1245	0.33351
1246	0.333276
1247	0.331481
1248	0.331197
1249	0.329175
1250	0.326683
1251	0.323105
1252	0.319412
1253	0.318684
1254	0.317383
1255	0.315417
1256	0.313235
1257	0.310493
1258	0.309767
1259	0.307354
1260	0.306854
1261	0.304846
1262	0.301005
1263	0.301426
1264	0.297822
1265	0.297018
1266	0.296986
1267	0.292474
1268	0.289749
1269	0.29068
1270	0.291128
1271	0.291564
1272	0.291104
1273	0.291422
1274	0.291096
1275	0.293499
1276	0.295463
1277	0.2968
1278	0.297493
1279	0.2972
1280	0.296075
1281	0.287406
1282	0.266996
1283	0.284873
1284	0.298247
1285	0.303079
1286	0.306076
1287	0.309398
1288	0.311436
1289	0.314998
1290	0.3155
1291	0.30639
1292	0.299897
1293	0.293395
1294	0.284924
1295	0.28143
1296	0.277847
1297	0.272395
1298	0.267101
1299	0.265359
1300	0.261661
1301	0.257917
1302	0.253187
1303	0.249326
1304	0.24622
1305	0.245638
1306	0.243792
1307	0.241671
1308	0.239272
1309	0.237179
1310	0.234456
1311	0.231961
1312	0.228139
1313	0.222159
1314	0.22416
1315	0.219163
1316	0.218441
1317	0.21987
1318	0.217202
1319	0.218175
1320	0.216779
1321	0.158687
1322	0.126738
1323	0.105113
1324	0.0891147
1325	0.0765593
1326	0.0663701
1327	0.0580253
1328	0.0513697
1329	0.0449217
1330	0.0405438
1331	0.0366635
1332	0.0326766
1333	0.0300176
1334	0.0273761
1335	0.0249012
1336	0.0226056
1337	0.0207318
1338	0.0189555
1339	0.0172627
1340	0.0158805
1341	0.0148938
1342	0.0137708
1343	0.0127604
1344	0.0118487
1345	0.0110026
1346	0.0101691
1347	0.00950087
1348	0.00885119
1349	0.00823576
1350	0.00762474
1351	0.00639026
1352	0.00541551
1353	0.00458202
1354	0.00388644
1355	0.00329178
1356	0.00282467
1357	0.00241766
1358	0.00211457
1359	0.00183431
1360	0.00158747
1361	0.00139905
1362	0.00122257
1363	0.00106012
1364	0.000940553
1365	0.000829802
1366	0.000732628
1367	0.000644815
1368	0.000575101
1369	0.000504896
1370	0.00044879
1371	0.000401116
1372	0.000361565
1373	0.000324151
1374	0.000290029
1375	0.000256895
1376	0.00022934
1377	0.000207901
1378	0.000187441
1379	0.000169967
1380	0.000152799
1381	0.000138093
1382	0.000123798
1383	0.000112317
1384	0.000102215
1385	9.21991e-05
1386	8.40983e-05
1387	7.59936e-05
1388	6.94177e-05
1389	6.32833e-05
1390	5.69834e-05
1391	5.2445e-05
1392	4.79604e-05
1393	4.36285e-05
1394	3.97162e-05
1395	3.63502e-05
1396	3.94049e-05
1397	4.27714e-05
1398	4.65507e-05
1399	5.03674e-05
1400	5.36474e-05
1401	5.83752e-05
1402	6.43074e-05
1403	6.97771e-05
1404	7.63114e-05
1405	8.34168e-05
1406	9.17062e-05
1407	0.000100363
1408	0.000109906
1409	0.000120922
1410	0.000132645
1411	0.00014485
1412	0.000156566
1413	0.000173988
1414	0.000194216
1415	0.000214958
1416	0.000237151
1417	0.000264029
1418	0.000293575
1419	0.000323494
1420	0.000359231
1421	0.000402072
1422	0.000442513
1423	0.000493522
1424	0.000552814
1425	0.000625083
1426	0.000689503
1427	0.000782146
1428	0.00088836
1429	0.000990594
1430	0.00112124
1431	0.00128164
1432	0.00148577
1433	0.00169978
1434	0.00192476
1435	0.00222027
1436	0.00256731
1437	0.00298111
1438	0.00346022
1439	0.00404715
1440	0.00459552
1441	0.00544788
1442	0.00648105
1443	0.00732962
1444	0.00779418
1445	0.00827833
1446	0.00882075
1447	0.00932599
1448	0.00997407
1449	0.0105985
1450	0.01122
1451	0.0118478
1452	0.0126393
1453	0.0135371
1454	0.0144247
1455	0.0154031
1456	0.0164642
1457	0.0178034
1458	0.0193828
1459	0.0209711
1460	0.0225097
1461	0.0242689
1462	0.0261313
1463	0.0271029
1464	0.0271507
1465	0.0273867
1466	0.0271932
1467	0.0275073
1468	0.0273145
1469	0.0275304
1470	0.0274046
1471	0.0270354
1472	0.0271319
1473	0.0270855
1474	0.0265833
1475	0.0269268
1476	0.0270822
1477	0.0270497
1478	0.0284962
1479	0.030326
1480	0.0321385
1481	0.0337526
1482	0.0358908
1483	0.0375616
1484	0.0402959
1485	0.0433533
1486	0.0458526
1487	0.0480041
1488	0.0475857
1489	0.05513
1490	0.0605977
1491	0.0656287
1492	0.0706655
1493	0.0776799
1494	0.0852419
1495	0.0934136
1496	0.101532
1497	0.115586
1498	0.118515
1499	0.120042
1500	0.124064
1501	0.126459
1502	0.126596
1503	0.120692
1504	0.125843
1505	0.126125
1506	0.13356
1507	0.140953
1508	0.143498
1509	0.146595
1510	0.152776
1511	0.157096
1512	0.159212
1513	0.163209
1514	0.167921
1515	0.175084
1516	0.18154
1517	0.188783
1518	0.200238
1519	0.210575
1520	0.230939
1521	0.22696
1522	0.226178
1523	0.228776
1524	0.229304
1525	0.226246
1526	0.2304
1527	0.229942
1528	0.23104
1529	0.228827
1530	0.22094
1531	0.229607
1532	0.231508
1533	0.229772
1534	0.227378
1535	0.229808
1536	0.232895
1537	0.233464
1538	0.230365
1539	0.233848
1540	0.225808
1541	0.225149
1542	0.224775
1543	0.223418
1544	0.223148
1545	0.22239
1546	0.220244
1547	0.216415
1548	0.211413
1549	0.21287
1550	0.210748
1551	0.210335
1552	0.210923
1553	0.207984
1554	0.203558
1555	0.202911
1556	0.200681
1557	0.203303
1558	0.202059
1559	0.202184
1560	0.201552
1561	0.204542
1562	0.20441
1563	0.203904
1564	0.202537
1565	0.204736
1566	0.203585
1567	0.204081
1568	0.202844
1569	0.204734
1570	0.205179
1571	0.209285
1572	0.210284
1573	0.208642
1574	0.207002
1575	0.200087
1576	0.204973
1577	0.195333
1578	0.206589
1579	0.211566
1580	0.213102
1581	0.212518
1582	0.206108
1583	0.206748
1584	0.205286
1585	0.209047
1586	0.206894
1587	0.203942
1588	0.198609
1589	0.188091
1590	0.191968
1591	0.193345
1592	0.200691
1593	0.204012
1594	0.202876
1595	0.201967
1596	0.194292
1597	0.195493
1598	0.198848
1599	0.195764
1600	0.195622
1601	0.191125
1602	0.192173
1603	0.192168
1604	0.191969
1605	0.189868
1606	0.188924
1607	0.187808
1608	0.189934
1609	0.187882
1610	0.17901
1611	0.182776
1612	0.184774
1613	0.188241
1614	0.188378
1615	0.187862
1616	0.18211
1617	0.184928
1618	0.190747
1619	0.190535
1620	0.186584
1621	0.187126
1622	0.190523
1623	0.195037
1624	0.196323
1625	0.194949
1626	0.197811
1627	0.199951
1628	0.202609
1629	0.204873
1630	0.206826
1631	0.20749
1632	0.207193
1633	0.20473
1634	0.202722
1635	0.204831
1636	0.204027
1637	0.197393
1638	0.19564
1639	0.192701
1640	0.194406
1641	0.193422
1642	0.193632
1643	0.196421
1644	0.194802
1645	0.194159
1646	0.196522
1647	0.196866
1648	0.196252
1649	0.193383
1650	0.194918
1651	0.193134
1652	0.194899
1653	0.193552
1654	0.194139
1655	0.192585
1656	0.193495
1657	0.193559
1658	0.192546
1659	0.190689
1660	0.191721
1661	0.192429
1662	0.191753
1663	0.190976
1664	0.190622
1665	0.189097
1666	0.187686
1667	0.187664
1668	0.185394
1669	0.186659
1670	0.189319
1671	0.188125
1672	0.182666
1673	0.18458
1674	0.186599
1675	0.184669
1676	0.18264
1677	0.183707
1678	0.184238
1679	0.180242
1680	0.173452
1681	0.167181
1682	0.169186
1683	0.172892
1684	0.174652
1685	0.174493
1686	0.172122
1687	0.171739
1688	0.170875
1689	0.168423
1690	0.167917
1691	0.169744
1692	0.169479
1693	0.16833
1694	0.167694
1695	0.167081
1696	0.165883
1697	0.164711
1698	0.164041
1699	0.162694
1700	0.160395
1701	0.159665
1702	0.15921
1703	0.158571
1704	0.157902
1705	0.157189
1706	0.156092
1707	0.154944
1708	0.153807
1709	0.152679
1710	0.151714
1711	0.151668
1712	0.151779
1713	0.151893
1714	0.152009
1715	0.152001
1716	0.151199
1717	0.150277
1718	0.149361
1719	0.148452
1720	0.14761
1721	0.1471
1722	0.146655
1723	0.146213
1724	0.145776
1725	0.145291
1726	0.144472
1727	0.143606
1728	0.142746
1729	0.141891
1730	0.140916
1731	0.139174
1732	0.137317
1733	0.135468
1734	0.133627
1735	0.132142
1736	0.132716
1737	0.133636
1738	0.134555
1739	0.135472
1740	0.136171
1741	0.114233
1742	0.100476
1743	0.0902527
1744	0.0820969
1745	0.0753602
1746	0.069789
1747	0.0649853
1748	0.0607611
1749	0.0570061
1750	0.0536475
1751	0.0506523
1752	0.0479375
1753	0.0454569
1754	0.04318
1755	0.0410662
1756	0.0390143
1757	0.0370989
1758	0.0353194
1759	0.0336621
1760	0.0321239
1761	0.0307356
1762	0.0294415
1763	0.0282253
1764	0.0270805
1765	0.0260011
1766	0.0249821
1767	0.0240187
1768	0.0231068
1769	0.0222427
1770	0.0214145
1771	0.0205753
1772	0.019771
1773	0.019007
1774	0.0182808
1775	0.0175997
1776	0.0170091
1777	0.0164544
1778	0.015924
1779	0.0154167
1780	0.0149268
1781	0.0144329
1782	0.0139561
1783	0.0134994
1784	0.0130618
1785	0.0126458
1786	0.0122679
1787	0.0119081
1788	0.0115621
1789	0.0112293
1790	0.0109045
1791	0.0105638
1792	0.0102321
1793	0.00991309
1794	0.00960619
1795	0.00931082
1796	0.00902645
1797	0.00875257
1798	0.0084887
1799	0.0082344
1800	0.00799399
1801	0.00671128
1802	0.0056817
1803	0.00484267
1804	0.00415219
1805	0.00357863
1806	0.00309607
1807	0.0026898
1808	0.00234601
1809	0.00205351
1810	0.00179968
1811	0.00156229
1812	0.00135686
1813	0.0011812
1814	0.00103051
1815	0.000903624
1816	0.000808629
1817	0.000727318
1818	0.000655421
1819	0.00059169
1820	0.000534895
1821	0.000483429
1822	0.000437459
1823	0.000396447
1824	0.00035979
1825	0.000326622
1826	0.000294971
1827	0.000266437
1828	0.000240948
1829	0.000218144
1830	0.000197812
1831	0.000180064
1832	0.000164159
1833	0.000149809
1834	0.000136844
1835	0.000125102
1836	0.000114354
1837	0.000104607
1838	9.57702e-05
1839	8.77514e-05
1840	8.04571e-05
1841	7.37494e-05
1842	6.76418e-05
1843	6.20841e-05
1844	5.70225e-05
1845	5.24362e-05
1846	4.83896e-05
1847	4.47077e-05
1848	4.13322e-05
1849	3.82352e-05
1850	3.538e-05
1851	3.2693e-05
1852	3.02173e-05
1853	2.79445e-05
1854	2.58567e-05
1855	2.39374e-05
1856	2.21721e-05
1857	2.05473e-05
1858	1.90509e-05
1859	1.76721e-05
1860	1.64007e-05
1861	1.70465e-05
1862	1.77204e-05
1863	1.84238e-05
1864	1.9158e-05
1865	1.99286e-05
1866	2.07533e-05
1867	2.16202e-05
1868	2.2527e-05
1869	2.34759e-05
1870	2.44153e-05
1871	2.50536e-05
1872	2.5647e-05
1873	2.62487e-05
1874	2.68583e-05
1875	2.76274e-05
1876	2.93607e-05
1877	3.13659e-05
1878	3.34987e-05
1879	3.57673e-05
1880	3.80768e-05
1881	3.98788e-05
1882	4.16609e-05
1883	4.35316e-05
1884	4.54959e-05
1885	4.75198e-05
1886	4.93851e-05
1887	5.12893e-05
1888	5.32751e-05
1889	5.53466e-05
1890	5.75488e-05
1891	6.01073e-05
1892	6.2839e-05
1893	6.57102e-05
1894	6.87291e-05
1895	7.19562e-05
1896	7.56819e-05
1897	7.96782e-05
1898	8.3907e-05
1899	8.83833e-05
1900	9.30767e-05
1901	9.77245e-05
1902	0.000102582
1903	0.000107712
1904	0.000113132
1905	0.000118842
1906	0.000124735
1907	0.000130941
1908	0.000137499
1909	0.00014443
1910	0.000151793
1911	0.000159748
1912	0.000168215
1913	0.000177192
1914	0.000186716
1915	0.000196823
1916	0.000207555
1917	0.000218957
1918	0.000231075
1919	0.000243962
1920	0.000257673
1921	0.000243577
1922	0.000245294
1923	0.000250354
1924	0.000257419
1925	0.000265929
1926	0.000275162
1927	0.000285499
1928	0.000297013
1929	0.000309716
1930	0.000323895
1931	0.00034095
1932	0.000359847
1933	0.000380468
1934	0.000402964
1935	0.000427279
1936	0.00045223
1937	0.000479167
1938	0.000508536
1939	0.000540591
1940	0.000574734
1941	0.000606373
1942	0.000639718
1943	0.000675926
1944	0.000715305
1945	0.000760734
1946	0.000826872
1947	0.000903518
1948	0.000989296
1949	0.00108557
1950	0.00119299
1951	0.00130806
1952	0.00143695
1953	0.0015831
1954	0.00174953
1955	0.00193847
1956	0.00214562
1957	0.00238263
1958	0.00265765
1959	0.00297925
1960	0.00335808
1961	0.00360296
1962	0.00387024
1963	0.00416325
1964	0.00448518
1965	0.00484372
1966	0.00526563
1967	0.00573965
1968	0.00626897
1969	0.00686203
1970	0.00752474
1971	0.00824213
1972	0.00904836
1973	0.00996454
1974	0.0110117
1975	0.0122166
1976	0.0136135
1977	0.0152474
1978	0.0171789
1979	0.0194915
1980	0.0223101
1981	0.0258397
1982	0.0303534
1983	0.0363458
1984	0.0448123
1985	0.058333
1986	0.0427521
1987	0.0352508
1988	0.0302013
1989	0.0264357
1990	0.0234521
1991	0.0209176
1992	0.0187913
1993	0.01699
1994	0.0154433
1995	0.0141103
1996	0.0129912
1997	0.0120099
1998	0.0111361
1999	0.0103537
2000	0.00964537
2001	0.00898216
2002	0.00837763
2003	0.00782808
2004	0.00732692
2005	0.00687154
2006	0.00720432
2007	0.00756193
2008	0.00794326
2009	0.00835044
2010	0.00878432
2011	0.00923603
2012	0.00971835
2013	0.010236
2014	0.0107926
2015	0.0113903
2016	0.0120186
2017	0.0126958
2018	0.0134298
2019	0.0142276
2020	0.0151043
2021	0.0161072
2022	0.0172187
2023	0.0184477
2024	0.0198135
2025	0.0213306
2026	0.0229758
2027	0.0248284
2028	0.0269479
2029	0.0294028
2030	0.0323006
2031	0.035831
2032	0.040221
2033	0.0459397
2034	0.0541241
2035	0.0701386
2036	0.0688801
2037	0.0677237
2038	0.0666575
2039	0.0656646
2040	0.0647815
2041	0.0642133
2042	0.0637321
2043	0.0632848
2044	0.0628675
2045	0.0624364
2046	0.061766
2047	0.0610822
2048	0.0604231
2049	0.059787
2050	0.0591889
2051	0.0586881
2052	0.0582212
2053	0.0577706
2054	0.0573353
2055	0.0569037
2056	0.0563998
2057	0.0558993
2058	0.0554125
2059	0.054939
2060	0.0544939
2061	0.0541348
2062	0.0538025
2063	0.0534811
2064	0.0531702
2065	0.0528698
2066	0.053156
2067	0.053448
2068	0.053746
2069	0.0540504
2070	0.0543776
2071	0.0547879
2072	0.0552234
2073	0.0556684
2074	0.0561232
2075	0.0565661
2076	0.0568725
2077	0.0571649
2078	0.0574659
2079	0.0577763
2080	0.0581084
2081	0.0585103
2082	0.058937
2083	0.0593775
2084	0.059833
2085	0.0603109
2086	0.0608188
2087	0.0613525
2088	0.0619077
2089	0.0624864
2090	0.0630783
2091	0.0636336
2092	0.0642065
2093	0.0648142
2094	0.0654621
2095	0.0661846
2096	0.0671457
2097	0.0682103
2098	0.0693693
2099	0.0706511
2100	0.0720952
2101	0.0721279
2102	0.072154
2103	0.0721809
2104	0.0722088
2105	0.0722225
2106	0.0721465
2107	0.0720561
2108	0.0719665
2109	0.0718776
2110	0.0717971
2111	0.0717783
2112	0.0717681
2113	0.0717591
2114	0.0717512
2115	0.0717446
2116	0.071724
2117	0.0717047
2118	0.0716868
2119	0.0716704
2120	0.0716555
2121	0.0716268
2122	0.0715999
2123	0.0715747
2124	0.0715514
2125	0.0715534
2126	0.0716821
2127	0.0718369
2128	0.0719949
2129	0.0721562
2130	0.0722898
2131	0.0722547
2132	0.0721916
2133	0.072132
2134	0.0720766
2135	0.0720493
2136	0.0721856
2137	0.0723523
2138	0.0725265
2139	0.0727093
2140	0.0728781
2141	0.072914
2142	0.072939
2143	0.0729801
2144	0.0730422
2145	0.073157
2146	0.0734275
2147	0.073791
2148	0.074292
2149	0.0742434
2150	0.0741866
2151	0.0740472
2152	0.0738997
2153	0.0737523
2154	0.0736051
2155	0.073458
2156	0.073278
2157	0.0730982
2158	0.0729185
2159	0.0727389
2160	0.0724605
2161	0.0715715
2162	0.0705839
2163	0.0695968
2164	0.0686101
2165	0.0678136
2166	0.0681717
2167	0.0687194
2168	0.069267
2169	0.0698145
2170	0.0703041
2171	0.0704147
2172	0.0704677
2173	0.0705207
2174	0.0705738
2175	0.070594
2176	0.0704168
2177	0.0702068
2178	0.0699969
2179	0.0697872
2180	0.0696023
2181	0.069582
2182	0.0695865
2183	0.069591
2184	0.0695956
2185	0.0695674
2186	0.0693256
2187	0.0690512
2188	0.0687769
2189	0.0685027
2190	0.0682698
2191	0.0682834
2192	0.068338
2193	0.0683926
2194	0.0684474
2195	0.0684775
2196	0.0683765
2197	0.068251
2198	0.0681256
2199	0.067981
2200	0.067812
2201	0.0674958
2202	0.0671555
2203	0.0668155
2204	0.0664759
2205	0.0661776
2206	0.066092
2207	0.0660475
2208	0.0660031
2209	0.0659588
2210	0.0659064
2211	0.0658216
2212	0.0657288
2213	0.0656361
2214	0.0655436
2215	0.0654513
2216	0.0653591
2217	0.065267
2218	0.0651751
2219	0.0650834
2220	0.0649755
2221	0.0647704
2222	0.0645492
2223	0.0643284
2224	0.0641077
2225	0.0639036
2226	0.0637969
2227	0.0637065
2228	0.0636163
2229	0.0635263
2230	0.0634363
2231	0.0633304
2232	0.0632246
2233	0.0631189
2234	0.0630134
2235	0.0628918
2236	0.0626574
2237	0.0624071
2238	0.0621571
2239	0.0619073
2240	0.061682
2241	0.0616019
2242	0.0615461
2243	0.0614903
2244	0.0614347
2245	0.0613631
2246	0.0612112
2247	0.0610433
2248	0.0608757
2249	0.0607082
2250	0.0605409
2251	0.0603417
2252	0.0601427
2253	0.0599438
2254	0.0597452
2255	0.0595628
2256	0.0594927
2257	0.0594388
2258	0.0593849
2259	0.0593312
2260	0.0592695
2261	0.0591279
2262	0.0589785
2263	0.0588292
2264	0.0586801
2265	0.0585472
2266	0.0584782
2267	0.0584253
2268	0.0583724
2269	0.0583196
2270	0.058259
2271	0.0578545
2272	0.0574557
2273	0.0570692
2274	0.0566939
2275	0.0563133
2276	0.0558652
2277	0.0554114
2278	0.0549668
2279	0.0545308
2280	0.0541255
2281	0.0538635
2282	0.0536297
2283	0.0534013
2284	0.0531778
2285	0.0529591
2286	0.0527152
2287	0.0524759
2288	0.0522408
2289	0.0520098
2290	0.0517535
2291	0.0513129
2292	0.0508485
2293	0.0503893
2294	0.0499351
2295	0.0495286
2296	0.0493543
2297	0.0492251
2298	0.0490982
2299	0.0489735
2300	0.0488438
2301	0.0486603
2302	0.0484722
2303	0.0482864
2304	0.0481029
2305	0.0479148
2306	0.0477012
2307	0.0474831
2308	0.0472672
2309	0.0470536
2310	0.0468421
2311	0.0466056
2312	0.0463713
2313	0.0461391
2314	0.0459091
2315	0.0456811
2316	0.0454684
2317	0.0452577
2318	0.0450487
2319	0.0448416
2320	0.0446164
2321	0.0442482
2322	0.0438629
2323	0.0434803
2324	0.0431002
2325	0.0427684
2326	0.0426855
2327	0.042649
2328	0.0426131
2329	0.0425778
2330	0.0425239
2331	0.0423681
2332	0.0421943
2333	0.0420219
2334	0.0418507
2335	0.0416807
2336	0.041512
2337	0.0413445
2338	0.0411781
2339	0.041013
2340	0.0408552
2341	0.040736
2342	0.040624
2343	0.0405128
2344	0.0404024
2345	0.0402805
2346	0.0400977
2347	0.0399037
2348	0.0397109
2349	0.0395193
2350	0.0393166
2351	0.0390297
2352	0.0387321
2353	0.0384362
2354	0.0381419
2355	0.0378854
2356	0.0378233
2357	0.0377978
2358	0.0377727
2359	0.0377479
2360	0.0377174
2361	0.0359455
2362	0.0343766
2363	0.0329712
2364	0.0316977
2365	0.0305287
2366	0.0294149
2367	0.0283785
2368	0.0274137
2369	0.0265118
2370	0.0256615
2371	0.0248372
2372	0.0240555
2373	0.023316
2374	0.0226149
2375	0.0219633
2376	0.0214127
2377	0.0209013
2378	0.0204127
2379	0.0199453
2380	0.0194723
2381	0.018877
2382	0.0182823
2383	0.0177118
2384	0.0171641
2385	0.0166658
2386	0.0163518
2387	0.0160757
2388	0.0158087
2389	0.0155503
2390	0.01529
2391	0.0149783
2392	0.0146669
2393	0.0143654
2394	0.0140735
2395	0.0137906
2396	0.0135118
2397	0.0132415
2398	0.0129791
2399	0.0127245
2400	0.0124771
2401	0.0122409
2402	0.0120113
2403	0.0117881
2404	0.0115709
2405	0.0113595
2406	0.0111575
2407	0.0109608
2408	0.0107692
2409	0.0105824
2410	0.0103915
2411	0.0101536
2412	0.00991358
2413	0.00967992
2414	0.00945241
2415	0.00924381
2416	0.00911068
2417	0.00899306
2418	0.00887791
2419	0.00876515
2420	0.00865022
2421	0.00850818
2422	0.00836499
2423	0.00822502
2424	0.00808819
2425	0.00795578
2426	0.00783448
2427	0.00771711
2428	0.0076022
2429	0.00748968
2430	0.00737819
2431	0.00725627
2432	0.00713569
2433	0.00701767
2434	0.00690212
2435	0.00679018
2436	0.00669004
2437	0.00659305
2438	0.00649796
2439	0.00640472
2440	0.00631217
2441	0.00621254
2442	0.00611381
2443	0.00601703
2444	0.00592215
2445	0.00582808
2446	0.00573171
2447	0.00563622
2448	0.00554261
2449	0.00545083
2450	0.00536279
2451	0.00499081
2452	0.0046542
2453	0.0043471
2454	0.00406619
2455	0.00381001
2456	0.00358112
2457	0.00337125
2458	0.00317724
2459	0.00299758
2460	0.00283039
2461	0.00267114
2462	0.00252267
2463	0.0023845
2464	0.00225573
2465	0.0021348
2466	0.00201812
2467	0.00190846
2468	0.00180598
2469	0.0017101
2470	0.00162091
2471	0.00154134
2472	0.00146708
2473	0.00139718
2474	0.00133133
2475	0.00126853
2476	0.00120477
2477	0.0011441
2478	0.00108698
2479	0.00103315
2480	0.000982969
2481	0.00093813
2482	0.000896223
2483	0.000856534
2484	0.000818923
2485	0.000783564
2486	0.000751458
2487	0.000721205
2488	0.000692411
2489	0.000664993
2490	0.000637771
2491	0.000605285
2492	0.000573552
2493	0.000543559
2494	0.000515201
2495	0.000489878
2496	0.000474138
2497	0.000460393
2498	0.000447126
2499	0.000434314
2500	0.000421284
2501	0.000136741
2502	5.17225e-05
2503	2.16596e-05
2504	9.76428e-06
2505	4.65765e-06
2506	2.32037e-06
2507	1.19985e-06
2508	6.40364e-07
2509	3.51172e-07
2510	1.97234e-07
2511	1.1325e-07
2512	6.62625e-08
2513	3.94241e-08
2514	2.3814e-08
2515	1.45846e-08
2516	9.04952e-09
2517	5.68083e-09
2518	3.60474e-09
2519	2.31035e-09
2520	1.49492e-09
2521	9.76571e-10
2522	6.43325e-10
2523	4.27067e-10
2524	2.85567e-10
2525	1.92303e-10
2526	1.30505e-10
2527	8.91314e-11
2528	6.12316e-11
2529	4.23e-11
2530	2.93712e-11
2531	2.04547e-11
2532	1.43114e-11
2533	1.00597e-11
2534	7.10264e-12
2535	5.03738e-12
2536	3.5904e-12
2537	2.56975e-12
2538	1.84627e-12
2539	1.33135e-12
2540	9.63454e-13
2541	6.99908e-13
2542	5.10139e-13
2543	3.73015e-13
2544	2.73596e-13
2545	2.01278e-13
2546	1.48444e-13
2547	1.09787e-13
2548	8.14197e-14
2549	6.05429e-14
2550	4.51356e-14
2551	3.37193e-14
2552	2.52522e-14
2553	1.89562e-14
2554	1.4263e-14
2555	1.07559e-14
2556	8.12551e-15
2557	6.15154e-15
2558	4.66686e-15
2559	3.54773e-15
2560	2.70295e-15
2561	2.06515e-15
2562	1.58121e-15
2563	1.21293e-15
2564	9.32115e-16
2565	7.17593e-16
2566	5.53159e-16
2567	4.27132e-16
2568	3.30368e-16
2569	2.55944e-16
2570	1.98602e-16
2571	1.54281e-16
2572	1.20035e-16
2573	9.3531e-17
2574	7.2987e-17
2575	5.7038e-17
2576	4.46375e-17
2577	3.49818e-17
2578	2.74522e-17
2579	2.15724e-17
2580	1.69704e-17
2581	1.33493e-17
2582	1.05117e-17
2583	8.28762e-18
2584	6.54208e-18
2585	5.17277e-18
2586	4.10819e-18
2587	3.26804e-18
2588	2.60272e-18
2589	2.0752e-18
2590	1.65606e-18
2591	1.3206e-18
2592	1.05399e-18
2593	8.42094e-19
2594	6.73505e-19
2595	5.39349e-19
2596	4.32758e-19
2597	3.47662e-19
2598	2.79576e-19
2599	2.25043e-19
2600	1.81321e-19
2601	1.05681e-19
2602	7.76896e-20
2603	5.96619e-20
2604	4.68942e-20
2605	3.74213e-20
2606	3.01621e-20
2607	2.45165e-20
2608	2.00627e-20
2609	1.65099e-20
2610	1.36509e-20
2611	1.13386e-20
2612	9.45176e-21
2613	7.90406e-21
2614	6.62868e-21
2615	5.57346e-21
2616	4.69281e-21
2617	3.95984e-21
2618	3.348e-21
2619	2.83593e-21
2620	2.40515e-21
2621	2.03624e-21
2622	1.72564e-21
2623	1.46444e-21
2624	1.2444e-21
2625	1.06003e-21
2626	9.10308e-22
2627	7.83592e-22
2628	6.75253e-22
2629	5.825e-22
2630	5.02747e-22
2631	4.33067e-22
2632	3.7321e-22
2633	3.21914e-22
2634	2.77908e-22
2635	2.40058e-22
2636	2.07023e-22
2637	1.78626e-22
2638	1.54238e-22
2639	1.33275e-22
2640	1.15299e-22
2641	1.00113e-22
2642	8.70287e-23
2643	7.57038e-23
2644	6.58943e-23
2645	5.73913e-23
2646	4.99658e-23
2647	4.35265e-23
2648	3.79388e-23
2649	3.30869e-23
2650	2.88712e-23
2651	2.51809e-23
2652	2.19737e-23
2653	1.91848e-23
2654	1.67581e-23
2655	1.46493e-23
2656	1.28249e-23
2657	1.12359e-23
2658	9.84829e-24
2659	8.63599e-24
2660	7.5744e-24
2661	6.63611e-24
2662	5.81505e-24
2663	5.09771e-24
2664	4.4707e-24
2665	3.9244e-24
2666	3.45331e-24
2667	3.04154e-24
2668	2.67991e-24
2669	2.36219e-24
2670	2.0824e-24
2671	1.83173e-24
2672	1.61141e-24
2673	1.4181e-24
2674	1.24841e-24
2675	1.0997e-24
2676	9.70034e-25
2677	8.56175e-25
2678	7.55936e-25
2679	6.67655e-25
2680	5.89878e-25
2681	5.21331e-25
2682	4.60898e-25
2683	4.07599e-25
2684	3.60576e-25
2685	3.19077e-25
2686	2.82145e-25
2687	2.49562e-25
2688	2.20807e-25
2689	1.95422e-25
2690	1.73005e-25
2691	1.53285e-25
2692	1.35851e-25
2693	1.20434e-25
2694	1.06796e-25
2695	9.47289e-26
2696	8.40029e-26
2697	7.45114e-26
2698	6.61098e-26
2699	5.86709e-26
2700	5.20966e-26
2701	6.09027e-26
2702	7.12544e-26
2703	8.34103e-26
2704	9.76928e-26
2705	1.14483e-25
2706	1.34233e-25
2707	1.57478e-25
2708	1.84851e-25
2709	2.17104e-25
2710	2.55131e-25
2711	3.00153e-25
2712	3.53326e-25
2713	4.16162e-25
2714	4.90463e-25
2715	5.78375e-25
2716	6.82081e-25
2717	8.04871e-25
2718	9.50348e-25
2719	1.12281e-24
2720	1.32741e-24
2721	1.56941e-24
2722	1.8567e-24
2723	2.198e-24
2724	2.60372e-24
2725	3.08721e-24
2726	3.66494e-24
2727	4.35491e-24
2728	5.17827e-24
2729	6.16153e-24
2730	7.33656e-24
2731	8.73207e-24
2732	1.04004e-23
2733	1.23962e-23
2734	1.47857e-23
2735	1.76486e-23
2736	2.10932e-23
2737	2.5229e-23
2738	3.01984e-23
2739	3.61743e-23
2740	4.33662e-23
2741	5.2058e-23
2742	6.25413e-23
2743	7.5196e-23
2744	9.04847e-23
2745	1.08971e-22
2746	1.31269e-22
2747	1.58263e-22
2748	1.90971e-22
2749	2.30637e-22
2750	2.78784e-22
2751	3.3709e-22
2752	4.07954e-22
2753	4.94164e-22
2754	5.99141e-22
2755	7.27096e-22
2756	8.83211e-22
2757	1.07387e-21
2758	1.30696e-21
2759	1.59221e-21
2760	1.94165e-21
2761	2.37155e-21
2762	2.89963e-21
2763	3.54899e-21
2764	4.34839e-21
2765	5.33358e-21
2766	6.55296e-21
2767	8.06006e-21
2768	9.92496e-21
2769	1.22354e-20
2770	1.50968e-20
2771	1.86277e-20
2772	2.30052e-20
2773	2.84461e-20
2774	3.52175e-20
2775	4.36556e-20
2776	5.42169e-20
2777	6.74214e-20
2778	8.39533e-20
2779	1.04681e-19
2780	1.30705e-19
2781	1.63527e-19
2782	2.04883e-19
2783	2.57074e-19
2784	3.2304e-19
2785	4.06548e-19
2786	5.12437e-19
2787	6.46925e-19
2788	8.18026e-19
2789	1.03608e-18
2790	1.31447e-18
2791	1.6695e-18
2792	2.12415e-18
2793	2.70744e-18
2794	3.45722e-18
2795	4.42424e-18
2796	5.67606e-18
2797	7.29857e-18
2798	9.40376e-18
2799	1.21411e-17
2800	1.57083e-17
2801	1.87985e-17
2802	2.25138e-17
2803	2.69845e-17
2804	3.23685e-17
2805	3.88699e-17
2806	4.67439e-17
2807	5.62769e-17
2808	6.78111e-17
2809	8.17789e-17
2810	9.87093e-17
2811	1.19249e-16
2812	1.44192e-16
2813	1.7451e-16
2814	2.11398e-16
2815	2.56321e-16
2816	3.10893e-16
2817	3.77448e-16
2818	4.58698e-16
2819	5.57994e-16
2820	6.79472e-16
2821	8.2773e-16
2822	1.00939e-15
2823	1.23223e-15
2824	1.50589e-15
2825	1.84292e-15
2826	2.25934e-15
2827	2.77389e-15
2828	3.40959e-15
2829	4.19593e-15
2830	5.16987e-15
2831	6.37369e-15
2832	7.86767e-15
2833	9.72424e-15
2834	1.20346e-14
2835	1.49136e-14
2836	1.84947e-14
2837	2.29674e-14
2838	2.85619e-14
2839	3.55705e-14
2840	4.4364e-14
2841	5.54502e-14
2842	6.94135e-14
2843	8.70299e-14
2844	1.09293e-13
2845	1.37477e-13
2846	1.7311e-13
2847	2.18355e-13
2848	2.75911e-13
2849	3.49272e-13
2850	4.4296e-13
2851	5.6285e-13
2852	7.16588e-13
2853	9.14154e-13
2854	1.1686e-12
2855	1.49703e-12
2856	1.92322e-12
2857	2.4763e-12
2858	3.19582e-12
2859	4.13424e-12
2860	5.36136e-12
2861	6.97035e-12
2862	9.08593e-12
2863	1.18756e-11
2864	1.55653e-11
2865	2.04603e-11
2866	2.69392e-11
2867	3.55797e-11
2868	4.71425e-11
2869	6.26717e-11
2870	8.36337e-11
2871	1.12086e-10
2872	1.50835e-10
2873	2.03777e-10
2874	2.76433e-10
2875	3.76732e-10
2876	5.16084e-10
2877	7.10563e-10
2878	9.83183e-10
2879	1.36751e-09
2880	1.91256e-09
2881	2.6868e-09
2882	3.79779e-09
2883	5.40344e-09
2884	7.7418e-09
2885	1.11752e-08
2886	1.62722e-08
2887	2.38995e-08
2888	3.54316e-08
2889	5.30658e-08
2890	8.0368e-08
2891	1.23225e-07
2892	1.91548e-07
2893	3.02393e-07
2894	4.85908e-07
2895	7.97098e-07
2896	1.33953e-06
2897	2.32239e-06
2898	4.20034e-06
2899	8.12702e-06
2900	1.9288e-05
2901	1.97714e-05
2902	2.02684e-05
2903	2.07794e-05
2904	2.13049e-05
2905	2.18453e-05
2906	2.23855e-05
2907	2.29408e-05
2908	2.35117e-05
2909	2.40986e-05
2910	2.47021e-05
2911	2.53049e-05
2912	2.59244e-05
2913	2.65611e-05
2914	2.72156e-05
2915	2.78885e-05
2916	2.86005e-05
2917	2.93332e-05
2918	3.00873e-05
2919	3.08633e-05
2920	3.16621e-05
2921	3.24843e-05
2922	3.33309e-05
2923	3.42026e-05
2924	3.51002e-05
2925	3.60247e-05
2926	3.6977e-05
2927	3.79579e-05
2928	3.89686e-05
2929	4.001e-05
2930	4.10832e-05
2931	4.21586e-05
2932	4.32664e-05
2933	4.44076e-05
2934	4.55835e-05
2935	4.67951e-05
2936	4.8079e-05
2937	4.94034e-05
2938	5.07697e-05
2939	5.21794e-05
2940	5.3634e-05
2941	5.50946e-05
2942	5.66011e-05
2943	5.81553e-05
2944	5.97588e-05
2945	6.14365e-05
2946	6.32158e-05
2947	6.50789e-05
2948	6.70051e-05
2949	6.89969e-05
2950	7.10569e-05
2951	7.31878e-05
2952	7.53925e-05
2953	7.76738e-05
2954	8.00348e-05
2955	8.24789e-05
2956	8.49453e-05
2957	8.74976e-05
2958	9.01393e-05
2959	9.28739e-05
2960	9.57054e-05
2961	9.87126e-05
2962	0.00010183
2963	0.000105061
2964	0.000108413
2965	0.000111889
2966	0.000115407
2967	0.000119055
2968	0.000122839
2969	0.000126764
2970	0.000130837
2971	0.000135169
2972	0.000139669
2973	0.000144345
2974	0.000149206
2975	0.00015426
2976	0.000159393
2977	0.00016473
2978	0.000170279
2979	0.000176051
2980	0.000182057
2981	0.000188454
2982	0.00019512
2983	0.000202066
2984	0.000209308
2985	0.000216862
2986	0.000224567
2987	0.000232604
2988	0.000240989
2989	0.000249743
2990	0.000258883
2991	0.000268644
2992	0.000278853
2993	0.000289536
2994	0.000300722
2995	0.00031244
2996	0.000324723
2997	0.000337608
2998	0.000351132
2999	0.000365341
3000	0.000380282
3001	0.000380113
3002	0.000379944
3003	0.000379774
3004	0.000379604
3005	0.000379434
3006	0.000379565
3007	0.000379697
3008	0.000379829
3009	0.000379961
3010	0.000380093
3011	0.000380225
3012	0.000380358
3013	0.00038049
3014	0.000380623
3015	0.000380757
3016	0.000380584
3017	0.00038041
3018	0.000380237
3019	0.000380062
3020	0.000379888
3021	0.000379712
3022	0.000379537
3023	0.00037936
3024	0.000379184
3025	0.000379007
3026	0.000379139
3027	0.000379271
3028	0.000379404
3029	0.000379537
3030	0.00037967
3031	0.000379492
3032	0.000379314
3033	0.000379135
3034	0.000378956
3035	0.000378776
3036	0.000378283
3037	0.000377788
3038	0.000377292
3039	0.000376795
3040	0.000376455
3041	0.000377059
3042	0.000377823
3043	0.000378589
3044	0.000379357
3045	0.000380126
3046	0.000380581
3047	0.000381037
3048	0.000381493
3049	0.000381952
3050	0.000382411
3051	0.000382553
3052	0.000382695
3053	0.000382838
3054	0.000382981
3055	0.000383125
3056	0.000383269
3057	0.000383414
3058	0.00038356
3059	0.000383707
3060	0.000383854
3061	0.000383356
3062	0.000382857
3063	0.000382357
3064	0.000381856
3065	0.000381517
3066	0.000381503
3067	0.000381652
3068	0.000381801
3069	0.000381952
3070	0.000382103
3071	0.000382583
3072	0.000383064
3073	0.000383547
3074	0.000384033
3075	0.00038452
3076	0.000384351
3077	0.000384183
3078	0.000384015
3079	0.000383847
3080	0.000383681
3081	0.000383514
3082	0.000383349
3083	0.000383185
3084	0.000383021
3085	0.000382858
3086	0.000382696
3087	0.000382536
3088	0.000382377
3089	0.000382219
3090	0.000382062
3091	0.000381907
3092	0.000381754
3093	0.000381602
3094	0.000381453
3095	0.000381306
3096	0.000381161
3097	0.000381018
3098	0.000380879
3099	0.000380743
3100	0.00038061
3101	0.000375796
3102	0.0003748
3103	0.00037493
3104	0.000375674
3105	0.000376824
3106	0.000377935
3107	0.000379279
3108	0.000380814
3109	0.000382512
3110	0.000384352
3111	0.000385969
3112	0.000387695
3113	0.000389521
3114	0.00039144
3115	0.000393626
3116	0.00039626
3117	0.000399164
3118	0.000402155
3119	0.00040523
3120	0.000408387
3121	0.000411625
3122	0.000414943
3123	0.00041834
3124	0.000421814
3125	0.000425367
3126	0.000428997
3127	0.000432705
3128	0.00043649
3129	0.000440353
3130	0.000444293
3131	0.000448312
3132	0.00045241
3133	0.000456588
3134	0.000460845
3135	0.000465183
3136	0.000469164
3137	0.000473218
3138	0.000477347
3139	0.00048155
3140	0.000485829
3141	0.000490648
3142	0.000495555
3143	0.000500552
3144	0.000505638
3145	0.000510817
3146	0.0005156
3147	0.000520466
3148	0.000525418
3149	0.000530457
3150	0.000535583
3151	0.000541318
3152	0.000547156
3153	0.0005531
3154	0.000559151
3155	0.000565311
3156	0.000571583
3157	0.000577968
3158	0.00058447
3159	0.000591091
3160	0.000597832
3161	0.000605282
3162	0.000612872
3163	0.000620607
3164	0.000628489
3165	0.000636521
3166	0.000643461
3167	0.000650527
3168	0.000657721
3169	0.000665046
3170	0.000672833
3171	0.00068143
3172	0.000690531
3173	0.000699811
3174	0.000709276
3175	0.00071893
3176	0.000727355
3177	0.000735939
3178	0.000744686
3179	0.000753601
3180	0.000762686
3181	0.000772709
3182	0.000782934
3183	0.000793365
3184	0.000804009
3185	0.00081487
3186	0.000826774
3187	0.000838932
3188	0.000851351
3189	0.000864037
3190	0.000877
3191	0.000889365
3192	0.000901995
3193	0.000914897
3194	0.00092808
3195	0.000941551
3196	0.000954368
3197	0.000967461
3198	0.000980838
3199	0.000994508
3200	0.00100899
3201	0.00100273
3202	0.000997027
3203	0.00099138
3204	0.000985785
3205	0.00098024
3206	0.000973765
3207	0.000967351
3208	0.000960995
3209	0.000954698
3210	0.000948458
3211	0.000941321
3212	0.000934251
3213	0.000927245
3214	0.000920304
3215	0.000913426
3216	0.000907538
3217	0.000901701
3218	0.000895915
3219	0.00089018
3220	0.000884493
3221	0.000878856
3222	0.000873266
3223	0.000867724
3224	0.000862229
3225	0.000856781
3226	0.000852256
3227	0.000847767
3228	0.000843314
3229	0.000838896
3230	0.000834512
3231	0.000829306
3232	0.000824143
3233	0.000819022
3234	0.000813942
3235	0.000808903
3236	0.000803905
3237	0.000798946
3238	0.000794027
3239	0.000789148
3240	0.000784306
3241	0.000779503
3242	0.000774738
3243	0.00077001
3244	0.000765319
3245	0.000760664
3246	0.000756838
3247	0.000753039
3248	0.000749268
3249	0.000745524
3250	0.000741807
3251	0.00073657
3252	0.000731375
3253	0.000726221
3254	0.000721107
3255	0.000716034
3256	0.000711755
3257	0.000707507
3258	0.000703291
3259	0.000699107
3260	0.000694953
3261	0.00069083
3262	0.000686737
3263	0.000682675
3264	0.000678642
3265	0.000674638
3266	0.000670664
3267	0.000666718
3268	0.000662801
3269	0.000658912
3270	0.000655052
3271	0.000651218
3272	0.000647413
3273	0.000643634
3274	0.000639883
3275	0.000636157
3276	0.000632459
3277	0.000628786
3278	0.00062514
3279	0.000621519
3280	0.000617923
3281	0.000614353
3282	0.000610807
3283	0.000607286
3284	0.00060379
3285	0.000600317
3286	0.000597522
3287	0.000594745
3288	0.000591985
3289	0.000589242
3290	0.000586196
3291	0.000581894
3292	0.000577306
3293	0.000572753
3294	0.000568233
3295	0.00056406
3296	0.000560541
3297	0.000557357
3298	0.000554195
3299	0.000551054
3300	0.000547933
3301	0.00055569
3302	0.000563586
3303	0.000571623
3304	0.000579805
3305	0.000588135
3306	0.000595284
3307	0.000602549
3308	0.000609932
3309	0.000617438
3310	0.000625068
3311	0.000633541
3312	0.000642166
3313	0.000650945
3314	0.000659882
3315	0.000668982
3316	0.000676704
3317	0.000684549
3318	0.00069252
3319	0.000700621
3320	0.000709263
3321	0.000719716
3322	0.000730794
3323	0.000742093
3324	0.000753617
3325	0.000765374
3326	0.000775571
3327	0.000785955
3328	0.000796532
3329	0.000807307
3330	0.000818283
3331	0.00083044
3332	0.000842841
3333	0.000855494
3334	0.000868404
3335	0.000881579
3336	0.000895027
3337	0.000908754
3338	0.00092277
3339	0.000937081
3340	0.000951698
3341	0.000966628
3342	0.00098188
3343	0.000997465
3344	0.00101339
3345	0.00102967
3346	0.00104507
3347	0.00106079
3348	0.00107686
3349	0.00109328
3350	0.00111006
3351	0.00112858
3352	0.00114753
3353	0.00116693
3354	0.00118679
3355	0.00120714
3356	0.00122798
3357	0.00124933
3358	0.00127121
3359	0.00129364
3360	0.00131665
3361	0.00134024
3362	0.00136444
3363	0.00138927
3364	0.00141477
3365	0.00144094
3366	0.00146783
3367	0.00149545
3368	0.00152383
3369	0.00155302
3370	0.00158303
3371	0.00161391
3372	0.00164568
3373	0.0016784
3374	0.00171209
3375	0.00174681
3376	0.0017826
3377	0.00181951
3378	0.00185759
3379	0.00189689
3380	0.00193749
3381	0.00198191
3382	0.00202787
3383	0.00207544
3384	0.00212471
3385	0.00217578
3386	0.00222595
3387	0.00227799
3388	0.002332
3389	0.00238809
3390	0.00244641
3391	0.00250708
3392	0.00257027
3393	0.00263613
3394	0.00270486
3395	0.00277666
3396	0.00284815
3397	0.00292298
3398	0.00300141
3399	0.00308376
3400	0.00317239
3401	0.00319771
3402	0.00322538
3403	0.00325337
3404	0.00328171
3405	0.00330827
3406	0.00332665
3407	0.00334308
3408	0.00335968
3409	0.00337644
3410	0.00339556
3411	0.0034193
3412	0.00344553
3413	0.00347208
3414	0.00349896
3415	0.00352616
3416	0.00354911
3417	0.00357233
3418	0.00359583
3419	0.0036196
3420	0.00364366
3421	0.003668
3422	0.00369265
3423	0.00371759
3424	0.00374285
3425	0.00376841
3426	0.0037943
3427	0.00382052
3428	0.00384707
3429	0.00387396
3430	0.0039012
3431	0.00393398
3432	0.0039672
3433	0.00400089
3434	0.00403505
3435	0.00406969
3436	0.00409942
3437	0.00412957
3438	0.00416013
3439	0.00419113
3440	0.00422257
3441	0.00425445
3442	0.00428681
3443	0.00431963
3444	0.00435294
3445	0.00438675
3446	0.00442107
3447	0.00445591
3448	0.0044913
3449	0.00452723
3450	0.00456374
3451	0.00460701
3452	0.00465099
3453	0.00469572
3454	0.00474121
3455	0.00478747
3456	0.00482805
3457	0.00486933
3458	0.00491133
3459	0.00495406
3460	0.00499757
3461	0.00504868
3462	0.00510076
3463	0.00515382
3464	0.0052079
3465	0.00526303
3466	0.00531207
3467	0.00536208
3468	0.0054131
3469	0.00546517
3470	0.00551832
3471	0.00557261
3472	0.00562806
3473	0.00568474
3474	0.00574269
3475	0.00580197
3476	0.00586264
3477	0.00592475
3478	0.00598837
3479	0.00605358
3480	0.00612045
3481	0.00619762
3482	0.00627685
3483	0.00635824
3484	0.00644191
3485	0.00652799
3486	0.00660749
3487	0.00668945
3488	0.00677402
3489	0.00686139
3490	0.00695174
3491	0.00704532
3492	0.00714238
3493	0.0072432
3494	0.00734815
3495	0.00745761
3496	0.00757208
3497	0.00769213
3498	0.00781849
3499	0.00795207
3500	0.00809409
3501	0.00810087
3502	0.00810766
3503	0.00811449
3504	0.00812133
3505	0.0081282
3506	0.00812364
3507	0.00811908
3508	0.00811453
3509	0.00810999
3510	0.00810545
3511	0.00810091
3512	0.00809639
3513	0.00809187
3514	0.00808736
3515	0.00808285
3516	0.00807836
3517	0.00807387
3518	0.00806938
3519	0.00806491
3520	0.00806045
3521	0.0080676
3522	0.00807478
3523	0.00808199
3524	0.00808924
3525	0.00809651
3526	0.00809216
3527	0.00808781
3528	0.00808348
3529	0.00807916
3530	0.00807485
3531	0.00808226
3532	0.00808971
3533	0.0080972
3534	0.00810472
3535	0.00811228
3536	0.0081081
3537	0.00810394
3538	0.0080998
3539	0.00809567
3540	0.00809156
3541	0.00809929
3542	0.00810706
3543	0.00811487
3544	0.00812272
3545	0.00813061
3546	0.00812667
3547	0.00812275
3548	0.00811884
3549	0.00811497
3550	0.00811111
3551	0.00810728
3552	0.00810347
3553	0.00809969
3554	0.00809593
3555	0.0080922
3556	0.0080885
3557	0.00808483
3558	0.00808118
3559	0.00807757
3560	0.00807399
3561	0.00808251
3562	0.00809109
3563	0.00809973
3564	0.00810843
3565	0.0081172
3566	0.00811391
3567	0.00811066
3568	0.00810745
3569	0.00810429
3570	0.00810117
3571	0.00809811
3572	0.00809509
3573	0.00809213
3574	0.00808923
3575	0.00808638
3576	0.0080836
3577	0.00808088
3578	0.00807823
3579	0.00807564
3580	0.00807313
3581	0.00808304
3582	0.00809306
3583	0.0081032
3584	0.00811346
3585	0.00812384
3586	0.00812194
3587	0.00812015
3588	0.00811847
3589	0.00811692
3590	0.00811549
3591	0.0081142
3592	0.00811305
3593	0.00811207
3594	0.00811125
3595	0.00811061
3596	0.00812277
3597	0.00813517
3598	0.00814785
3599	0.00816083
3600	0.00817412
3601	0.00816613
3602	0.00815814
3603	0.00815015
3604	0.00814215
3605	0.00813415
3606	0.00812615
3607	0.00811814
3608	0.00811012
3609	0.00810211
3610	0.00809409
3611	0.00809881
3612	0.00810356
3613	0.00810831
3614	0.00811307
3615	0.00811785
3616	0.00810984
3617	0.00810184
3618	0.00809382
3619	0.00808581
3620	0.00807779
3621	0.0080826
3622	0.00808742
3623	0.00809226
3624	0.00809711
3625	0.00810196
3626	0.00809397
3627	0.00808597
3628	0.00807797
3629	0.00806997
3630	0.00806196
3631	0.00806686
3632	0.00807177
3633	0.0080767
3634	0.00808164
3635	0.00808659
3636	0.00807862
3637	0.00807064
3638	0.00806266
3639	0.00805467
3640	0.00804669
3641	0.00805169
3642	0.00805671
3643	0.00806174
3644	0.00806679
3645	0.00807185
3646	0.00806391
3647	0.00805596
3648	0.00804801
3649	0.00804006
3650	0.00803211
3651	0.00802417
3652	0.00801622
3653	0.00800827
3654	0.00800033
3655	0.00799238
3656	0.00799755
3657	0.00800273
3658	0.00800794
3659	0.00801316
3660	0.00801841
3661	0.00802367
3662	0.00802895
3663	0.00803425
3664	0.00803958
3665	0.00804492
3666	0.00802389
3667	0.00800285
3668	0.0079818
3669	0.00796073
3670	0.00794626
3671	0.00794504
3672	0.00795045
3673	0.00795589
3674	0.00796135
3675	0.00796684
3676	0.00795907
3677	0.0079513
3678	0.00794355
3679	0.0079358
3680	0.00792806
3681	0.00792033
3682	0.00791262
3683	0.00790491
3684	0.00789722
3685	0.00788953
3686	0.00789525
3687	0.007901
3688	0.00790678
3689	0.0079126
3690	0.00791845
3691	0.00791091
3692	0.0079034
3693	0.0078959
3694	0.00788842
3695	0.00788097
3696	0.00787354
3697	0.00786613
3698	0.00785875
3699	0.00785141
3700	0.00784409
3701	0.00784984
3702	0.00785562
3703	0.00786141
3704	0.00786723
3705	0.00787306
3706	0.00786533
3707	0.0078576
3708	0.00784987
3709	0.00784214
3710	0.00783441
3711	0.00784032
3712	0.00784625
3713	0.00785219
3714	0.00785816
3715	0.00786415
3716	0.00785647
3717	0.00784879
3718	0.00784111
3719	0.00783343
3720	0.00782576
3721	0.00783182
3722	0.0078379
3723	0.007844
3724	0.00785013
3725	0.00785628
3726	0.00784866
3727	0.00784103
3728	0.00783341
3729	0.00782579
3730	0.00781816
3731	0.00782439
3732	0.00783064
3733	0.00783691
3734	0.0078432
3735	0.00784952
3736	0.00782805
3737	0.00780656
3738	0.00778505
3739	0.00776352
3740	0.00774894
3741	0.00774831
3742	0.00775467
3743	0.00776106
3744	0.00776748
3745	0.00777392
3746	0.00776636
3747	0.00775881
3748	0.00775125
3749	0.0077437
3750	0.00773615
3751	0.00774268
3752	0.00774923
3753	0.00775581
3754	0.00776241
3755	0.00776904
3756	0.00776156
3757	0.00775408
3758	0.0077466
3759	0.00773913
3760	0.00773165
3761	0.00773838
3762	0.00774513
3763	0.00775191
3764	0.00775872
3765	0.00776555
3766	0.00777242
3767	0.00777931
3768	0.00778623
3769	0.00779317
3770	0.00780015
3771	0.00779283
3772	0.00778552
3773	0.0077782
3774	0.00777089
3775	0.00776359
3776	0.00775629
3777	0.00774899
3778	0.0077417
3779	0.00773441
3780	0.00772712
3781	0.0077343
3782	0.00774151
3783	0.00774875
3784	0.00775602
3785	0.00776332
3786	0.00775613
3787	0.00774895
3788	0.00774177
3789	0.0077346
3790	0.00772744
3791	0.00773487
3792	0.00774234
3793	0.00774985
3794	0.00775739
3795	0.00776496
3796	0.00775791
3797	0.00775086
3798	0.00774382
3799	0.00773679
3800	0.00772976
3801	0.00767947
3802	0.00764047
3803	0.00760804
3804	0.00758004
3805	0.00755528
3806	0.00751869
3807	0.0074842
3808	0.00745145
3809	0.00742018
3810	0.00739019
3811	0.0073755
3812	0.00736175
3813	0.00734883
3814	0.00733668
3815	0.00732521
3816	0.00730031
3817	0.00727603
3818	0.00725232
3819	0.00722914
3820	0.00720647
3821	0.00719823
3822	0.00719041
3823	0.00718297
3824	0.0071759
3825	0.00716917
3826	0.00716278
3827	0.0071567
3828	0.00715093
3829	0.00714544
3830	0.00714024
3831	0.00712145
3832	0.00710294
3833	0.0070847
3834	0.00706671
3835	0.00704898
3836	0.0070453
3837	0.00704185
3838	0.00703862
3839	0.00703559
3840	0.00703277
3841	0.00701638
3842	0.00700019
3843	0.0069842
3844	0.00696842
3845	0.00695283
3846	0.00695119
3847	0.00694975
3848	0.00694848
3849	0.00694739
3850	0.00694648
3851	0.00693199
3852	0.00691768
3853	0.00690354
3854	0.00688958
3855	0.00687579
3856	0.00686905
3857	0.00686248
3858	0.0068492
3859	0.00684297
3860	0.0068369
3861	0.00683101
3862	0.00683217
3863	0.00682662
3864	0.00682813
3865	0.00682292
3866	0.00681101
3867	0.00680615
3868	0.00679458
3869	0.00679008
3870	0.00677887
3871	0.00678163
3872	0.00678458
3873	0.00678773
3874	0.00679108
3875	0.00679463
3876	0.00678456
3877	0.00678161
3878	0.00677195
3879	0.00676942
3880	0.00676018
3881	0.0067581
3882	0.00675626
3883	0.00675466
3884	0.00675331
3885	0.00675222
3886	0.00675838
3887	0.00676483
3888	0.00677857
3889	0.00678567
3890	0.00679311
3891	0.00678691
3892	0.00678105
3893	0.00678258
3894	0.0067775
3895	0.00677284
3896	0.00678273
3897	0.00678609
3898	0.00679707
3899	0.00680159
3900	0.00681387
3901	0.00682445
3902	0.00683508
3903	0.00683865
3904	0.0068494
3905	0.00686021
3906	0.00686392
3907	0.0068605
3908	0.00686429
3909	0.00686093
3910	0.00686479
3911	0.00687593
3912	0.0068799
3913	0.00689116
3914	0.00689524
3915	0.00690664
3916	0.00690355
3917	0.00690049
3918	0.00690476
3919	0.00690177
3920	0.0068988
3921	0.00691056
3922	0.00692239
3923	0.00692694
3924	0.00693894
3925	0.00695101
3926	0.00694836
3927	0.00695317
3928	0.00695061
3929	0.00695553
3930	0.00695307
3931	0.00696559
3932	0.00697072
3933	0.00698342
3934	0.00698871
3935	0.0070016
3936	0.00700706
3937	0.00700504
3938	0.00701064
3939	0.00700874
3940	0.00701449
3941	0.00702033
3942	0.00703389
3943	0.00703993
3944	0.00705371
3945	0.00705996
3946	0.00705861
3947	0.00705733
3948	0.00706384
3949	0.00706273
3950	0.00706169
3951	0.00706851
3952	0.00708322
3953	0.00709029
3954	0.00710529
3955	0.00711262
3956	0.00712009
3957	0.00712769
3958	0.00712755
3959	0.00713542
3960	0.00714343
3961	0.00715954
3962	0.00717585
3963	0.00718439
3964	0.00720109
3965	0.00721801
3966	0.00721909
3967	0.00722837
3968	0.00722979
3969	0.00723947
3970	0.00724126
3971	0.00725949
3972	0.00726985
3973	0.00728863
3974	0.00729953
3975	0.00731891
3976	0.00733038
3977	0.0073339
3978	0.00734597
3979	0.00735008
3980	0.00736281
3981	0.00737593
3982	0.00738944
3983	0.00741178
3984	0.00742619
3985	0.00744109
3986	0.00746499
3987	0.00748099
3988	0.00750613
3989	0.00752342
3990	0.00755002
3991	0.00756021
3992	0.00757986
3993	0.00759176
3994	0.0076134
3995	0.00762747
3996	0.00766045
3997	0.00768625
3998	0.00772279
3999	0.00775273
4000	0.00779439
