       280	2.80173e-17	
       281	6.21997e-17	
       282	1.26839e-16	
       283	1.82654e-16	
       284	1.97807e-16	
       285	1.50426e-16	
       286	2.2652e-16	
       287	3.80397e-16	
       288	4.0854e-16	
       289	5.8647e-16	
       290	9.46613e-16	
       291	1.20775e-15	
       292	1.29043e-15	
       293	1.41382e-15	
       294	1.60751e-15	
       295	1.8377e-15	
       296	2.18917e-15	
       297	2.24657e-15	
       298	2.61219e-15	
       299	2.7591e-15	
       300	3.01782e-15	
       301	3.84661e-14	
       302	5.05327e-13	
       303	8.15307e-12	
       304	1.09953e-10	
       305	1.40372e-09	
       306	3.84565e-09	
       307	1.19405e-08	
       308	3.76173e-08	
       309	1.00187e-07	
       310	2.85869e-07	
       311	7.8314e-07	
       312	1.57781e-06	
       313	3.22128e-06	
       314	6.77946e-06	
       315	1.32423e-05	
       316	1.72357e-05	
       317	2.91506e-05	
       318	4.12751e-05	
       319	5.62453e-05	
       320	8.73584e-05	
       321	0.000114585	
       322	0.00014316	
       323	0.000175625	
       324	0.000254365	
       325	0.000382008	
       326	0.000536041	
       327	0.00065486	
       328	0.000750033	
       329	0.000942995	
       330	0.00121675	
       331	0.00125467	
       332	0.00138343	
       333	0.00150036	
       334	0.00167094	
       335	0.00193315	
       336	0.00189144	
       337	0.00191627	
       338	0.00229335	
       339	0.00262164	
       340	0.00302552	
       341	0.00310508	
       342	0.00336055	
       343	0.00370773	
       344	0.00340318	
       345	0.00376093	
       346	0.00422666	
       347	0.00452079	
       348	0.00467293	
       349	0.00488079	
       350	0.00570207	
       351	0.00628277	
       352	0.00618353	
       353	0.00663032	
       354	0.00789925	
       355	0.00839943	
       356	0.00806101	
       357	0.00719401	
       358	0.00684213	
       359	0.00791434	
       360	 0.0101356	
       361	  0.009598	
       362	 0.0101864	
       363	 0.0116089	
       364	 0.0121688	
       365	 0.0133776	
       366	 0.0158522	
       367	 0.0164491	
       368	 0.0160343	
       369	  0.017109	
       370	 0.0186434	
       371	 0.0183352	
       372	 0.0184416	
       373	 0.0171744	
       374	 0.0162186	
       375	  0.017997	
       376	 0.0207802	
       377	 0.0232285	
       378	 0.0278415	
       379	 0.0258877	
       380	 0.0251515	
       381	 0.0272982	
       382	 0.0224478	
       383	 0.0181383	
       384	 0.0208467	
       385	  0.026965	
       386	 0.0269815	
       387	  0.028488	
       388	 0.0287627	
       389	 0.0320507	
       390	 0.0376558	
       391	 0.0412749	
       392	 0.0392523	
       393	 0.0259008	
       394	 0.0273237	
       395	 0.0431224	
       396	  0.040789	
       397	 0.0291063	
       398	 0.0490551	
       399	 0.0638247	
       400	  0.068986	
       401	 0.0733147	
       402	 0.0772125	
       403	 0.0774288	
       404	 0.0795606	
       405	 0.0800936	
       406	  0.079916	
       407	 0.0806304	
       408	 0.0857678	
       409	 0.0908937	
       410	 0.0843685	
       411	 0.0926024	
       412	 0.0997046	
       413	 0.0991857	
       414	  0.100083	
       415	  0.105253	
       416	  0.110048	
       417	  0.109995	
       418	  0.108738	
       419	  0.112224	
       420	  0.109459	
       421	  0.121024	
       422	  0.123371	
       423	  0.122451	
       424	  0.124394	
       425	  0.129107	
       426	  0.128271	
       427	  0.126932	
       428	  0.128206	
       429	  0.119939	
       430	  0.100856	
       431	  0.100211	
       432	  0.145405	
       433	   0.14611	
       434	  0.140482	
       435	  0.153515	
       436	  0.169347	
       437	  0.173579	
       438	  0.159294	
       439	   0.15766	
       440	  0.176233	
       441	   0.18128	
       442	  0.193376	
       443	  0.199605	
       444	   0.19954	
       445	  0.205496	
       446	  0.195903	
       447	  0.215246	
       448	  0.223276	
       449	  0.227085	
       450	  0.237369	
       451	  0.246706	
       452	  0.241023	
       453	   0.23074	
       454	  0.243159	
       455	  0.247682	
       456	  0.256775	
       457	  0.262392	
       458	  0.261171	
       459	  0.261782	
       460	   0.26496	
       461	  0.274589	
       462	  0.281168	
       463	  0.284062	
       464	  0.280698	
       465	  0.279625	
       466	  0.285022	
       467	  0.280933	
       468	  0.291601	
       469	  0.296178	
       470	  0.291461	
       471	  0.298628	
       472	  0.312563	
       473	  0.309176	
       474	  0.314806	
       475	  0.325617	
       476	  0.322622	
       477	  0.328359	
       478	  0.338629	
       479	  0.337915	
       480	  0.343981	
       481	  0.346698	
       482	  0.349184	
       483	  0.347791	
       484	  0.345004	
       485	  0.337731	
       486	  0.294567	
       487	  0.317473	
       488	  0.342082	
       489	  0.336971	
       490	  0.364126	
       491	  0.358827	
       492	  0.350133	
       493	  0.366501	
       494	  0.367985	
       495	  0.384402	
       496	  0.376596	
       497	   0.37995	
       498	  0.374792	
       499	  0.376113	
       500	  0.377399	
       501	  0.371109	
       502	  0.374436	
       503	  0.387581	
       504	  0.377274	
       505	  0.397153	
       506	  0.412878	
       507	  0.402123	
       508	  0.395342	
       509	  0.408857	
       510	  0.405098	
       511	  0.412311	
       512	  0.420637	
       513	  0.404024	
       514	  0.396886	
       515	  0.408125	
       516	  0.404391	
       517	  0.355353	
       518	  0.382777	
       519	   0.38566	
       520	  0.413522	
       521	  0.422907	
       522	   0.43007	
       523	  0.416787	
       524	  0.438756	
       525	  0.441091	
       526	  0.425569	
       527	  0.392559	
       528	  0.431753	
       529	  0.453749	
       530	  0.447245	
       531	  0.465026	
       532	  0.456995	
       533	  0.424005	
       534	   0.44181	
       535	  0.454655	
       536	  0.465475	
       537	  0.445071	
       538	  0.457079	
       539	   0.45066	
       540	  0.437771	
       541	   0.42984	
       542	  0.457705	
       543	  0.459276	
       544	  0.471343	
       545	  0.465775	
       546	  0.464807	
       547	  0.468494	
       548	  0.463068	
       549	  0.472076	
       550	  0.471626	
       551	  0.473171	
       552	   0.47978	
       553	  0.471746	
       554	  0.478646	
       555	  0.481713	
       556	  0.475487	
       557	  0.466973	
       558	  0.470927	
       559	  0.456546	
       560	   0.46335	
       561	  0.481438	
       562	  0.470171	
       563	  0.480515	
       564	  0.477915	
       565	  0.476258	
       566	  0.461592	
       567	  0.481969	
       568	  0.483502	
       569	  0.477852	
       570	  0.475104	
       571	   0.46463	
       572	  0.484575	
       573	   0.49057	
       574	  0.488626	
       575	  0.481238	
       576	  0.480489	
       577	   0.48739	
       578	  0.478838	
       579	  0.482545	
       580	  0.486636	
       581	  0.489104	
       582	   0.49495	
       583	  0.498829	
       584	  0.498361	
       585	  0.495869	
       586	  0.488619	
       587	   0.49798	
       588	  0.490348	
       589	  0.453588	
       590	  0.471839	
       591	  0.494675	
       592	  0.495203	
       593	  0.496073	
       594	  0.498656	
       595	  0.500209	
       596	  0.507418	
       597	  0.511874	
       598	  0.506393	
       599	  0.506237	
       600	  0.510065	
       601	  0.506325	
       602	  0.505126	
       603	  0.515362	
       604	  0.526157	
       605	  0.528223	
       606	  0.529306	
       607	  0.532469	
       608	  0.533672	
       609	  0.533098	
       610	  0.535684	
       611	  0.538039	
       612	  0.547496	
       613	  0.543518	
       614	  0.536233	
       615	  0.548176	
       616	  0.541141	
       617	  0.540513	
       618	  0.558805	
       619	  0.567764	
       620	  0.572625	
       621	  0.577511	
       622	  0.571818	
       623	  0.573692	
       624	   0.57383	
       625	  0.569596	
       626	  0.574421	
       627	  0.591569	
       628	  0.597858	
       629	  0.601074	
       630	  0.599361	
       631	   0.59593	
       632	  0.583363	
       633	  0.603897	
       634	  0.603087	
       635	  0.605923	
       636	  0.600883	
       637	  0.616718	
       638	  0.624265	
       639	  0.620561	
       640	  0.611579	
       641	   0.61294	
       642	  0.617156	
       643	  0.625235	
       644	  0.624666	
       645	  0.630865	
       646	  0.624397	
       647	  0.631092	
       648	  0.629929	
       649	  0.616814	
       650	  0.615507	
       651	  0.640729	
       652	  0.642497	
       653	  0.646788	
       654	   0.64142	
       655	  0.614993	
       656	  0.556389	
       657	  0.576054	
       658	  0.632311	
       659	  0.645243	
       660	   0.65566	
       661	  0.663516	
       662	  0.667176	
       663	  0.667102	
       664	   0.66807	
       665	  0.677124	
       666	  0.677552	
       667	  0.673583	
       668	  0.663712	
       669	  0.661022	
       670	  0.647042	
       671	  0.640057	
       672	  0.630921	
       673	  0.629735	
       674	  0.624349	
       675	  0.619857	
       676	  0.622859	
       677	  0.616847	
       678	  0.616681	
       679	  0.610039	
       680	  0.608152	
       681	  0.607414	
       682	   0.60628	
       683	  0.602196	
       684	  0.598207	
       685	   0.59532	
       686	  0.584892	
       687	  0.595347	
       688	  0.600275	
       689	  0.600692	
       690	  0.600147	
       691	  0.600981	
       692	  0.599785	
       693	  0.606914	
       694	   0.61157	
       695	  0.610524	
       696	  0.614839	
       697	  0.619284	
       698	  0.618981	
       699	  0.626429	
       700	  0.629129	
       701	  0.630877	
       702	  0.633933	
       703	  0.644084	
       704	  0.655844	
       705	  0.666434	
       706	  0.667665	
       707	  0.671966	
       708	  0.681092	
       709	  0.690808	
       710	  0.717298	
       711	  0.663663	
       712	   0.62998	
       713	  0.606631	
       714	  0.591779	
       715	  0.570165	
       716	  0.562821	
       717	  0.552457	
       718	  0.536588	
       719	  0.517196	
       720	  0.525539	
       721	  0.525123	
       722	  0.524315	
       723	  0.519277	
       724	  0.518187	
       725	  0.518641	
       726	  0.522946	
       727	  0.530439	
       728	  0.535762	
       729	  0.529129	
       730	  0.552031	
       731	  0.556371	
       732	  0.570256	
       733	  0.577298	
       734	  0.597323	
       735	  0.607305	
       736	  0.613806	
       737	  0.627698	
       738	  0.639756	
       739	  0.647487	
       740	  0.684941	
       741	  0.684415	
       742	  0.684602	
       743	  0.699787	
       744	  0.708342	
       745	  0.708138	
       746	  0.710781	
       747	  0.713569	
       748	  0.713065	
       749	  0.715571	
       750	  0.715609	
       751	  0.719702	
       752	  0.725563	
       753	  0.730894	
       754	  0.736909	
       755	  0.737892	
       756	  0.730914	
       757	  0.731878	
       758	  0.736375	
       759	  0.730583	
       760	  0.734247	
       761	  0.732066	
       762	  0.732799	
       763	  0.682968	
       764	  0.646173	
       765	  0.613153	
       766	    0.5743	
       767	  0.558858	
       768	  0.561293	
       769	  0.563606	
       770	   0.57087	
       771	  0.579756	
       772	  0.589179	
       773	  0.599235	
       774	  0.610059	
       775	  0.621842	
       776	  0.634219	
       777	  0.644944	
       778	   0.66225	
       779	  0.687406	
       780	  0.726563	
       781	  0.724401	
       782	  0.727211	
       783	  0.721935	
       784	  0.716849	
       785	  0.720232	
       786	  0.720686	
       787	  0.719707	
       788	  0.715011	
       789	  0.713396	
       790	  0.708046	
       791	  0.701978	
       792	  0.695943	
       793	  0.689935	
       794	  0.684708	
       795	  0.684799	
       796	  0.690963	
       797	  0.700174	
       798	  0.696534	
       799	  0.689877	
       800	  0.681715	
       801	  0.664815	
       802	     0.649	
       803	  0.628788	
       804	  0.618988	
       805	  0.600271	
       806	  0.601453	
       807	  0.591891	
       808	  0.582954	
       809	  0.569379	
       810	  0.565926	
       811	  0.561499	
       812	  0.559847	
       813	   0.55529	
       814	   0.54973	
       815	  0.541347	
       816	  0.536235	
       817	  0.529762	
       818	  0.516429	
       819	  0.503452	
       820	  0.498363	
       821	  0.496331	
       822	  0.486979	
       823	  0.488055	
       824	   0.48613	
       825	  0.496929	
       826	  0.512111	
       827	  0.524807	
       828	  0.534364	
       829	  0.545246	
       830	  0.561927	
       831	  0.582308	
       832	  0.594389	
       833	  0.587751	
       834	  0.599009	
       835	  0.606291	
       836	  0.615348	
       837	   0.61747	
       838	  0.622158	
       839	  0.625087	
       840	  0.636199	
       841	  0.637464	
       842	  0.630366	
       843	  0.629375	
       844	  0.624566	
       845	  0.639029	
       846	  0.641253	
       847	  0.629562	
       848	  0.629523	
       849	  0.624064	
       850	  0.586282	
       851	  0.621733	
       852	  0.626777	
       853	  0.615672	
       854	  0.568741	
       855	  0.595514	
       856	  0.635439	
       857	  0.653985	
       858	  0.659985	
       859	  0.664612	
       860	  0.668025	
       861	  0.668024	
       862	  0.673877	
       863	  0.673548	
       864	  0.662603	
       865	  0.643612	
       866	  0.590022	
       867	  0.618045	
       868	  0.645347	
       869	  0.645927	
       870	  0.653392	
       871	  0.649361	
       872	  0.654316	
       873	  0.649352	
       874	  0.639245	
       875	  0.633846	
       876	  0.646554	
       877	   0.65042	
       878	  0.648223	
       879	  0.640532	
       880	  0.638655	
       881	  0.566324	
       882	  0.547372	
       883	  0.526766	
       884	  0.512277	
       885	  0.500371	
       886	  0.476659	
       887	  0.463319	
       888	  0.459433	
       889	  0.451648	
       890	  0.441775	
       891	  0.431718	
       892	  0.420648	
       893	   0.40814	
       894	   0.40235	
       895	  0.397028	
       896	  0.392873	
       897	  0.384779	
       898	  0.377111	
       899	  0.368321	
       900	  0.361678	
       901	  0.350827	
       902	  0.341278	
       903	  0.348426	
       904	  0.345472	
       905	  0.339617	
       906	  0.340643	
       907	  0.345196	
       908	  0.344595	
       909	  0.343841	
       910	  0.349731	
       911	  0.354428	
       912	  0.357045	
       913	  0.363835	
       914	  0.367578	
       915	  0.369202	
       916	   0.37082	
       917	  0.369532	
       918	  0.369384	
       919	  0.370483	
       920	  0.367989	
       921	  0.362837	
       922	  0.358564	
       923	  0.350997	
       924	  0.361577	
       925	  0.364075	
       926	  0.287485	
       927	  0.247385	
       928	  0.212796	
       929	  0.185845	
       930	   0.16437	
       931	  0.148344	
       932	  0.134015	
       933	  0.122546	
       934	  0.111804	
       935	   0.10165	
       936	 0.0932503	
       937	 0.0863687	
       938	 0.0883627	
       939	 0.0897048	
       940	 0.0899028	
       941	 0.0903742	
       942	 0.0902756	
       943	    0.0941	
       944	 0.0948221	
       945	 0.0969488	
       946	 0.0995281	
       947	  0.101393	
       948	  0.103701	
       949	  0.109493	
       950	  0.115035	
       951	  0.120609	
       952	   0.12793	
       953	  0.135211	
       954	  0.141499	
       955	  0.145242	
       956	  0.159025	
       957	  0.171909	
       958	  0.185734	
       959	   0.20087	
       960	  0.215684	
       961	  0.233336	
       962	  0.256009	
       963	  0.282036	
       964	  0.313726	
       965	  0.361451	
       966	  0.363105	
       967	  0.369309	
       968	  0.370861	
       969	  0.376005	
       970	  0.381382	
       971	   0.38346	
       972	  0.389671	
       973	  0.391842	
       974	  0.392425	
       975	  0.399239	
       976	  0.407856	
       977	  0.411328	
       978	  0.418821	
       979	  0.422056	
       980	  0.431661	
       981	  0.436522	
       982	  0.443589	
       983	  0.447041	
       984	  0.449691	
       985	  0.455453	
       986	  0.459385	
       987	  0.465252	
       988	  0.470512	
       989	  0.473727	
       990	  0.482491	
       991	  0.493826	
       992	   0.50234	
       993	  0.514769	
       994	  0.524407	
       995	  0.522653	
       996	  0.521506	
       997	  0.516879	
       998	  0.516596	
       999	  0.516831	
      1000	  0.518295	
      1001	  0.521155	
      1002	  0.521412	
      1003	  0.516766	
      1004	  0.508872	
      1005	   0.48719	
      1006	  0.502787	
      1007	  0.513504	
      1008	  0.516058	
      1009	  0.515011	
      1010	  0.516001	
      1011	  0.514161	
      1012	  0.513477	
      1013	  0.511733	
      1014	   0.51257	
      1015	  0.507451	
      1016	  0.508113	
      1017	    0.5062	
      1018	  0.509388	
      1019	  0.500686	
      1020	  0.502547	
      1021	  0.503971	
      1022	  0.500109	
      1023	  0.503454	
      1024	  0.505742	
      1025	  0.505704	
      1026	  0.506139	
      1027	  0.505499	
      1028	  0.506064	
      1029	  0.503473	
      1030	  0.504726	
      1031	  0.504832	
      1032	  0.504611	
      1033	  0.499477	
      1034	  0.501923	
      1035	  0.504634	
      1036	  0.505511	
      1037	  0.502795	
      1038	  0.502563	
      1039	  0.506512	
      1040	  0.506636	
      1041	   0.50693	
      1042	  0.506652	
      1043	  0.503749	
      1044	  0.504694	
      1045	  0.501314	
      1046	  0.492564	
      1047	  0.497931	
      1048	  0.502262	
      1049	  0.500945	
      1050	  0.498684	
      1051	  0.498683	
      1052	  0.496607	
      1053	   0.49566	
      1054	  0.494901	
      1055	  0.496406	
      1056	  0.495646	
      1057	  0.494506	
      1058	  0.489397	
      1059	  0.479934	
      1060	  0.487198	
      1061	  0.482366	
      1062	  0.487652	
      1063	  0.484232	
      1064	  0.488475	
      1065	  0.487613	
      1066	  0.480108	
      1067	  0.481327	
      1068	  0.479124	
      1069	  0.461459	
      1070	  0.470833	
      1071	  0.449123	
      1072	  0.437256	
      1073	  0.422192	
      1074	  0.418435	
      1075	  0.406547	
      1076	  0.402484	
      1077	   0.39685	
      1078	  0.390877	
      1079	  0.380799	
      1080	  0.379033	
      1081	  0.367862	
      1082	  0.360878	
      1083	  0.360148	
      1084	  0.359018	
      1085	  0.355235	
      1086	  0.351606	
      1087	  0.339078	
      1088	  0.341136	
      1089	  0.339723	
      1090	  0.335125	
      1091	  0.332844	
      1092	  0.325532	
      1093	  0.318038	
      1094	    0.3042	
      1095	   0.30875	
      1096	  0.309361	
      1097	  0.308946	
      1098	  0.305112	
      1099	  0.301871	
      1100	  0.306255	
      1101	  0.226038	
      1102	  0.177882	
      1103	  0.149848	
      1104	  0.127428	
      1105	  0.109716	
      1106	 0.0956142	
      1107	 0.0838635	
      1108	 0.0744914	
      1109	 0.0665015	
      1110	 0.0597423	
      1111	 0.0536353	
      1112	 0.0484883	
      1113	 0.0438463	
      1114	 0.0402286	
      1115	 0.0366816	
      1116	 0.0333664	
      1117	 0.0308584	
      1118	 0.0280609	
      1119	 0.0258118	
      1120	 0.0237811	
      1121	 0.0254485	
      1122	 0.0272762	
      1123	 0.0291188	
      1124	 0.0310866	
      1125	 0.0330452	
      1126	 0.0347104	
      1127	 0.0376677	
      1128	 0.0409627	
      1129	 0.0442084	
      1130	  0.047579	
      1131	 0.0475498	
      1132	 0.0473743	
      1133	 0.0466514	
      1134	 0.0463779	
      1135	 0.0461573	
      1136	 0.0458984	
      1137	 0.0447999	
      1138	 0.0440349	
      1139	 0.0442895	
      1140	 0.0441919	
      1141	 0.0433313	
      1142	 0.0436329	
      1143	 0.0431745	
      1144	 0.0426523	
      1145	 0.0427081	
      1146	 0.0461075	
      1147	 0.0495419	
      1148	 0.0530247	
      1149	 0.0569776	
      1150	 0.0614137	
      1151	 0.0664301	
      1152	 0.0719542	
      1153	 0.0786514	
      1154	 0.0866571	
      1155	 0.0952901	
      1156	  0.104486	
      1157	  0.116732	
      1158	  0.130642	
      1159	  0.146128	
      1160	  0.165662	
      1161	  0.191565	
      1162	  0.199869	
      1163	  0.206188	
      1164	  0.209091	
      1165	  0.215871	
      1166	  0.218519	
      1167	  0.226763	
      1168	   0.23417	
      1169	  0.236145	
      1170	  0.247312	
      1171	  0.250289	
      1172	  0.251708	
      1173	  0.251898	
      1174	   0.25305	
      1175	  0.250901	
      1176	  0.249459	
      1177	  0.254922	
      1178	  0.255035	
      1179	  0.256029	
      1180	  0.259974	
      1181	  0.260586	
      1182	  0.259882	
      1183	  0.251981	
      1184	  0.261039	
      1185	  0.266229	
      1186	  0.268057	
      1187	  0.269592	
      1188	  0.267861	
      1189	  0.260596	
      1190	  0.270183	
      1191	  0.276824	
      1192	  0.278622	
      1193	  0.280255	
      1194	  0.282071	
      1195	  0.282264	
      1196	  0.284026	
      1197	  0.284351	
      1198	  0.280571	
      1199	  0.276314	
      1200	  0.289237	
      1201	  0.292613	
      1202	  0.291774	
      1203	  0.283566	
      1204	  0.283083	
      1205	  0.289697	
      1206	  0.290128	
      1207	  0.290573	
      1208	  0.284824	
      1209	  0.276111	
      1210	  0.285586	
      1211	  0.283477	
      1212	  0.288775	
      1213	  0.290821	
      1214	  0.290626	
      1215	  0.291814	
      1216	  0.292455	
      1217	  0.292921	
      1218	  0.292823	
      1219	  0.292241	
      1220	  0.294057	
      1221	  0.294939	
      1222	  0.294955	
      1223	  0.294404	
      1224	  0.298084	
      1225	  0.298818	
      1226	  0.299783	
      1227	  0.296406	
      1228	   0.30036	
      1229	  0.304041	
      1230	  0.305292	
      1231	  0.306419	
      1232	  0.306387	
      1233	  0.309286	
      1234	  0.310925	
      1235	  0.312475	
      1236	  0.316976	
      1237	  0.320457	
      1238	  0.323996	
      1239	  0.327084	
      1240	  0.337718	
      1241	  0.336903	
      1242	  0.333277	
      1243	   0.32794	
      1244	  0.324377	
      1245	  0.322976	
      1246	  0.322635	
      1247	  0.320786	
      1248	  0.320406	
      1249	  0.318349	
      1250	  0.315841	
      1251	  0.312288	
      1252	  0.308629	
      1253	  0.307839	
      1254	  0.306498	
      1255	  0.304517	
      1256	  0.302331	
      1257	  0.299607	
      1258	  0.298831	
      1259	   0.29643	
      1260	  0.295877	
      1261	   0.29387	
      1262	  0.290101	
      1263	  0.290439	
      1264	  0.286902	
      1265	  0.286064	
      1266	  0.285971	
      1267	  0.281567	
      1268	  0.278883	
      1269	  0.279722	
      1270	  0.280095	
      1271	  0.280487	
      1272	  0.280072	
      1273	  0.280429	
      1274	  0.280179	
      1275	  0.282566	
      1276	  0.284541	
      1277	  0.285918	
      1278	  0.286685	
      1279	  0.286507	
      1280	  0.285534	
      1281	   0.27729	
      1282	  0.257713	
      1283	    0.2751	
      1284	  0.288163	
      1285	  0.292993	
      1286	   0.29607	
      1287	  0.299482	
      1288	   0.30168	
      1289	  0.305396	
      1290	   0.30621	
      1291	  0.296748	
      1292	  0.290004	
      1293	  0.283343	
      1294	  0.274844	
      1295	  0.271192	
      1296	  0.267483	
      1297	  0.262002	
      1298	  0.256697	
      1299	  0.254823	
      1300	  0.251086	
      1301	  0.247319	
      1302	  0.242619	
      1303	  0.238765	
      1304	  0.235645	
      1305	  0.234948	
      1306	  0.233049	
      1307	  0.230894	
      1308	   0.22848	
      1309	  0.226365	
      1310	  0.223655	
      1311	  0.221169	
      1312	  0.217425	
      1313	  0.211633	
      1314	  0.213449	
      1315	  0.208607	
      1316	  0.207842	
      1317	  0.209128	
      1318	  0.206528	
      1319	  0.207405	
      1320	  0.206061	
      1321	  0.147833	
      1322	  0.116332	
      1323	 0.0952931	
      1324	 0.0799113	
      1325	 0.0679763	
      1326	 0.0583938	
      1327	 0.0506185	
      1328	 0.0444539	
      1329	 0.0385789	
      1330	 0.0345669	
      1331	 0.0310415	
      1332	 0.0274813	
      1333	 0.0250823	
      1334	 0.0227325	
      1335	 0.0205524	
      1336	 0.0185481	
      1337	 0.0169135	
      1338	 0.0153781	
      1339	 0.0139286	
      1340	 0.0127453	
      1341	 0.0118912	
      1342	 0.0109387	
      1343	 0.0100854	
      1344	0.00931906	
      1345	0.00861195	
      1346	0.00792196	
      1347	0.00736703	
      1348	 0.0068319	
      1349	0.00632828	
      1350	0.00583283	
      1351	0.00483111	
      1352	0.00404788	
      1353	0.00338742	
      1354	0.00284275	
      1355	0.00238301	
      1356	0.00202439	
      1357	 0.0017158	
      1358	0.00148642	
      1359	0.00127744	
      1360	0.00109548	
      1361	0.000956866	
      1362	0.000828869	
      1363	0.000712583	
      1364	0.000626906	
      1365	0.000548524	
      1366	0.000480362	
      1367	0.000419413	
      1368	0.000371131	
      1369	0.000323306	
      1370	0.00028519	
      1371	0.000252981	
      1372	0.000226348	
      1373	0.000201444	
      1374	0.000178939	
      1375	0.000157369	
      1376	0.000139501	
      1377	0.000125582	
      1378	0.000112446	
      1379	0.000101271	
      1380	9.04307e-05	
      1381	8.11847e-05	
      1382	7.23027e-05	
      1383	6.5171e-05	
      1384	5.8928e-05	
      1385	5.2815e-05	
      1386	4.78706e-05	
      1387	4.29869e-05	
      1388	3.9024e-05	
      1389	3.53572e-05	
      1390	3.16438e-05	
      1391	2.89481e-05	
      1392	2.63145e-05	
      1393	2.37958e-05	
      1394	2.15347e-05	
      1395	1.95948e-05	
      1396	2.1348e-05	
      1397	2.32966e-05	
      1398	2.54952e-05	
      1399	2.77405e-05	
      1400	2.97152e-05	
      1401	3.25202e-05	
      1402	3.60337e-05	
      1403	3.93289e-05	
      1404	4.32679e-05	
      1405	4.75812e-05	
      1406	5.26275e-05	
      1407	5.79491e-05	
      1408	6.38536e-05	
      1409	7.06945e-05	
      1410	7.80402e-05	
      1411	8.5768e-05	
      1412	9.33063e-05	
      1413	0.00010437	
      1414	0.000117278	
      1415	0.000130676	
      1416	0.000145148	
      1417	0.000162712	
      1418	0.000182183	
      1419	0.000202169	
      1420	0.000226113	
      1421	0.000254918	
      1422	0.000282627	
      1423	0.000317564	
      1424	0.000358419	
      1425	0.000408404	
      1426	0.000454027	
      1427	0.000519139	
      1428	0.000594424	
      1429	0.000668311	
      1430	0.000762824	
      1431	0.000879439	
      1432	0.00102845	
      1433	0.00118713	
      1434	0.00135658	
      1435	0.00157954	
      1436	  0.001844	
      1437	0.00216236	
      1438	0.00253538	
      1439	0.00299648	
      1440	0.00343925	
      1441	0.00412274	
      1442	0.00496152	
      1443	0.00565542	
      1444	0.00603724	
      1445	0.00643751	
      1446	 0.0068867	
      1447	0.00731065	
      1448	0.00785082	
      1449	0.00837717	
      1450	0.00890603	
      1451	0.00944491	
      1452	 0.0101201	
      1453	 0.0108873	
      1454	 0.0116539	
      1455	  0.012502	
      1456	 0.0134265	
      1457	 0.0145889	
      1458	 0.0159616	
      1459	 0.0173569	
      1460	  0.018727	
      1461	 0.0202981	
      1462	 0.0219755	
      1463	 0.0228572	
      1464	 0.0228992	
      1465	 0.0230998	
      1466	 0.0229382	
      1467	 0.0232048	
      1468	 0.0230438	
      1469	 0.0232277	
      1470	 0.0231234	
      1471	 0.0228136	
      1472	 0.0228969	
      1473	 0.0228595	
      1474	 0.0224376	
      1475	 0.0227294	
      1476	 0.0228625	
      1477	 0.0228372	
      1478	 0.0241445	
      1479	 0.0257888	
      1480	 0.0274321	
      1481	 0.0289196	
      1482	 0.0308716	
      1483	 0.0324379	
      1484	 0.0349419	
      1485	 0.0377515	
      1486	 0.0401012	
      1487	 0.0421707	
      1488	 0.0419966	
      1489	 0.0488882	
      1490	  0.054005	
      1491	 0.0587933	
      1492	 0.0636513	
      1493	 0.0703725	
      1494	 0.0776957	
      1495	 0.0857026	
      1496	 0.0938149	
      1497	  0.107642	
      1498	  0.110512	
      1499	  0.112082	
      1500	  0.115992	
      1501	  0.118393	
      1502	  0.118687	
      1503	  0.113314	
      1504	  0.118323	
      1505	  0.118768	
      1506	  0.125965	
      1507	  0.133151	
      1508	  0.135779	
      1509	  0.138948	
      1510	  0.145066	
      1511	  0.149446	
      1512	  0.151755	
      1513	  0.155887	
      1514	  0.160739	
      1515	  0.167991	
      1516	  0.174632	
      1517	  0.182117	
      1518	  0.193798	
      1519	  0.204614	
      1520	  0.225733	
      1521	  0.221826	
      1522	  0.221057	
      1523	  0.223601	
      1524	  0.224127	
      1525	  0.221153	
      1526	  0.225232	
      1527	  0.224807	
      1528	  0.225905	
      1529	  0.223769	
      1530	  0.216085	
      1531	  0.224595	
      1532	  0.226492	
      1533	  0.224834	
      1534	  0.222536	
      1535	  0.224963	
      1536	  0.228043	
      1537	  0.228671	
      1538	  0.225725	
      1539	  0.229306	
      1540	  0.221222	
      1541	  0.220428	
      1542	  0.219938	
      1543	  0.218501	
      1544	  0.218139	
      1545	  0.217308	
      1546	  0.215127	
      1547	  0.211311	
      1548	  0.206356	
      1549	  0.207711	
      1550	  0.205576	
      1551	  0.205112	
      1552	  0.205627	
      1553	  0.202706	
      1554	   0.19834	
      1555	  0.197658	
      1556	  0.195437	
      1557	  0.197943	
      1558	  0.196685	
      1559	  0.196846	
      1560	  0.196271	
      1561	  0.199224	
      1562	  0.199138	
      1563	  0.198688	
      1564	  0.197399	
      1565	  0.199587	
      1566	   0.19851	
      1567	   0.19904	
      1568	   0.19788	
      1569	  0.199771	
      1570	  0.200256	
      1571	  0.204315	
      1572	  0.205343	
      1573	  0.203794	
      1574	  0.202248	
      1575	  0.195547	
      1576	  0.200382	
      1577	  0.191017	
      1578	  0.202088	
      1579	   0.20694	
      1580	  0.208426	
      1581	  0.207839	
      1582	  0.201554	
      1583	  0.202166	
      1584	  0.200721	
      1585	  0.204383	
      1586	  0.202264	
      1587	  0.199364	
      1588	  0.194137	
      1589	  0.183844	
      1590	  0.187621	
      1591	  0.188954	
      1592	   0.19612	
      1593	  0.199325	
      1594	  0.198175	
      1595	  0.197249	
      1596	  0.189717	
      1597	  0.190855	
      1598	  0.194096	
      1599	  0.191052	
      1600	   0.19088	
      1601	   0.18646	
      1602	  0.187452	
      1603	  0.187416	
      1604	  0.187193	
      1605	  0.185115	
      1606	  0.184167	
      1607	  0.183051	
      1608	  0.185095	
      1609	  0.183068	
      1610	  0.174399	
      1611	  0.178114	
      1612	  0.180111	
      1613	  0.183542	
      1614	  0.183728	
      1615	  0.183279	
      1616	  0.177721	
      1617	  0.180528	
      1618	  0.186269	
      1619	  0.186124	
      1620	  0.182328	
      1621	  0.182924	
      1622	  0.186317	
      1623	  0.190809	
      1624	  0.192149	
      1625	  0.190893	
      1626	  0.193793	
      1627	     0.196	
      1628	  0.198734	
      1629	  0.201118	
      1630	  0.203322	
      1631	  0.203955	
      1632	  0.203646	
      1633	   0.20121	
      1634	  0.199223	
      1635	  0.201283	
      1636	  0.200481	
      1637	  0.193953	
      1638	   0.19222	
      1639	  0.189325	
      1640	  0.190991	
      1641	  0.190017	
      1642	  0.190216	
      1643	  0.192948	
      1644	  0.191351	
      1645	  0.190714	
      1646	  0.193028	
      1647	  0.193362	
      1648	  0.192755	
      1649	  0.189934	
      1650	  0.191439	
      1651	  0.189684	
      1652	  0.191414	
      1653	   0.19009	
      1654	  0.190664	
      1655	  0.189137	
      1656	  0.190029	
      1657	  0.190091	
      1658	  0.189096	
      1659	  0.187271	
      1660	  0.188284	
      1661	  0.188979	
      1662	  0.188315	
      1663	  0.187553	
      1664	  0.187205	
      1665	  0.185709	
      1666	  0.184324	
      1667	  0.184303	
      1668	  0.182076	
      1669	  0.183319	
      1670	  0.185934	
      1671	  0.184763	
      1672	  0.179404	
      1673	  0.181287	
      1674	  0.183272	
      1675	   0.18138	
      1676	   0.17939	
      1677	  0.180442	
      1678	  0.180968	
      1679	  0.176955	
      1680	  0.170217	
      1681	  0.164001	
      1682	  0.165911	
      1683	  0.169491	
      1684	  0.171165	
      1685	   0.17096	
      1686	  0.168592	
      1687	  0.168174	
      1688	  0.167287	
      1689	  0.164847	
      1690	  0.164315	
      1691	  0.166067	
      1692	  0.165772	
      1693	  0.164613	
      1694	  0.163958	
      1695	  0.163327	
      1696	  0.162125	
      1697	  0.160949	
      1698	  0.160265	
      1699	  0.158921	
      1700	  0.156648	
      1701	  0.155908	
      1702	  0.155438	
      1703	  0.154788	
      1704	   0.15411	
      1705	  0.153389	
      1706	  0.152295	
      1707	  0.151152	
      1708	  0.150019	
      1709	  0.148897	
      1710	  0.147934	
      1711	  0.147868	
      1712	  0.147955	
      1713	  0.148045	
      1714	  0.148138	
      1715	  0.148109	
      1716	  0.147308	
      1717	  0.146389	
      1718	  0.145478	
      1719	  0.144574	
      1720	  0.143734	
      1721	   0.14322	
      1722	  0.142768	
      1723	   0.14232	
      1724	  0.141877	
      1725	  0.141388	
      1726	  0.140573	
      1727	  0.139714	
      1728	   0.13886	
      1729	  0.138012	
      1730	  0.137048	
      1731	  0.135338	
      1732	  0.133516	
      1733	  0.131703	
      1734	  0.129899	
      1735	  0.128441	
      1736	  0.128985	
      1737	  0.129865	
      1738	  0.130743	
      1739	   0.13162	
      1740	  0.132285	
      1741	  0.109709	
      1742	 0.0957062	
      1743	 0.0853827	
      1744	 0.0772027	
      1745	 0.0704846	
      1746	 0.0649488	
      1747	 0.0601973	
      1748	 0.0560381	
      1749	 0.0523568	
      1750	 0.0490773	
      1751	 0.0461616	
      1752	 0.0435283	
      1753	 0.0411308	
      1754	 0.0389377	
      1755	 0.0369095	
      1756	  0.034953	
      1757	 0.0331335	
      1758	 0.0314484	
      1759	  0.029884	
      1760	 0.0284358	
      1761	 0.0271299	
      1762	 0.0259155	
      1763	 0.0247775	
      1764	 0.0237091	
      1765	 0.0227045	
      1766	 0.0217586	
      1767	 0.0208666	
      1768	 0.0200245	
      1769	 0.0192284	
      1770	 0.0184678	
      1771	 0.0177019	
      1772	 0.0169701	
      1773	 0.0162767	
      1774	 0.0156191	
      1775	 0.0150034	
      1776	 0.0144677	
      1777	 0.0139651	
      1778	 0.0134858	
      1779	 0.0130281	
      1780	 0.0125874	
      1781	 0.0121454	
      1782	 0.0117198	
      1783	 0.0113131	
      1784	 0.0109242	
      1785	  0.010555	
      1786	 0.0102192	
      1787	0.00989999	
      1788	0.00959361	
      1789	0.00929943	
      1790	0.00901318	
      1791	0.00871502	
      1792	0.00842548	
      1793	0.00814758	
      1794	0.00788074	
      1795	0.00762441	
      1796	 0.0073781	
      1797	0.00714132	
      1798	0.00691363	
      1799	 0.0066946	
      1800	0.00648768	
      1801	0.00538361	
      1802	0.00450726	
      1803	0.00380085	
      1804	0.00322556	
      1805	0.00275252	
      1806	0.00235856	
      1807	0.00203003	
      1808	0.00175458	
      1809	 0.0015223	
      1810	0.00132269	
      1811	 0.0011386	
      1812	0.000980775	
      1813	0.000846958	
      1814	 0.0007331	
      1815	0.000637882	
      1816	0.000566506	
      1817	0.000505757	
      1818	0.000452435	
      1819	0.000405509	
      1820	0.000363995	
      1821	0.000326684	
      1822	0.000293593	
      1823	0.000264272	
      1824	0.000238238	
      1825	0.000214856	
      1826	0.000192777	
      1827	0.000173014	
      1828	0.000155473	
      1829	0.00013988	
      1830	0.00012606	
      1831	0.000114049	
      1832	0.000103348	
      1833	9.37508e-05	
      1834	8.5132e-05	
      1835	7.73724e-05	
      1836	7.03161e-05	
      1837	6.39542e-05	
      1838	5.82198e-05	
      1839	5.30456e-05	
      1840	4.83656e-05	
      1841	4.4089e-05	
      1842	4.02168e-05	
      1843	3.67126e-05	
      1844	3.35385e-05	
      1845	3.06768e-05	
      1846	 2.816e-05	
      1847	2.58811e-05	
      1848	2.38028e-05	
      1849	2.19058e-05	
      1850	2.01663e-05	
      1851	1.85402e-05	
      1852	1.70499e-05	
      1853	1.56887e-05	
      1854	1.44445e-05	
      1855	1.33064e-05	
      1856	1.22648e-05	
      1857	1.13107e-05	
      1858	1.04364e-05	
      1859	9.63464e-06	
      1860	8.89893e-06	
      1861	9.27473e-06	
      1862	9.66795e-06	
      1863	1.00795e-05	
      1864	1.05103e-05	
      1865	1.09635e-05	
      1866	1.14492e-05	
      1867	1.1961e-05	
      1868	1.24978e-05	
      1869	1.30612e-05	
      1870	1.36225e-05	
      1871	1.40185e-05	
      1872	1.43917e-05	
      1873	1.47718e-05	
      1874	1.51587e-05	
      1875	1.5638e-05	
      1876	1.66677e-05	
      1877	1.78582e-05	
      1878	1.91286e-05	
      1879	2.04845e-05	
      1880	2.18719e-05	
      1881	2.29754e-05	
      1882	2.40741e-05	
      1883	2.52309e-05	
      1884	2.64492e-05	
      1885	2.77099e-05	
      1886	2.88856e-05	
      1887	3.00914e-05	
      1888	3.1353e-05	
      1889	3.2673e-05	
      1890	3.40789e-05	
      1891	3.57055e-05	
      1892	3.74457e-05	
      1893	3.92806e-05	
      1894	4.12159e-05	
      1895	4.32891e-05	
      1896	4.56769e-05	
      1897	4.82442e-05	
      1898	5.09698e-05	
      1899	5.38644e-05	
      1900	5.69111e-05	
      1901	5.99504e-05	
      1902	6.31395e-05	
      1903	6.65186e-05	
      1904	7.01004e-05	
      1905	7.3888e-05	
      1906	7.78157e-05	
      1907	8.1967e-05	
      1908	8.63684e-05	
      1909	9.10369e-05	
      1910	9.60119e-05	
      1911	0.000101398	
      1912	0.00010715	
      1913	0.00011327	
      1914	0.000119785	
      1915	0.000126725	
      1916	0.00013412	
      1917	0.000142005	
      1918	0.000150416	
      1919	0.000159394	
      1920	0.000168982	
      1921	0.00015918	
      1922	0.000160397	
      1923	0.000163946	
      1924	0.000168903	
      1925	0.000174887	
      1926	0.00018142	
      1927	0.000188755	
      1928	0.000196943	
      1929	0.000206001	
      1930	0.00021613	
      1931	0.000228276	
      1932	0.00024177	
      1933	0.000256547	
      1934	0.000272728	
      1935	0.000290294	
      1936	0.000308458	
      1937	0.000328157	
      1938	0.000349721	
      1939	0.000373354	
      1940	0.000398676	
      1941	0.000422515	
      1942	0.000447807	
      1943	0.000475392	
      1944	0.00050553	
      1945	0.000540315	
      1946	0.000590292	
      1947	0.000648394	
      1948	0.000713779	
      1949	0.000787579	
      1950	0.000870452	
      1951	0.000960016	
      1952	0.00106099	
      1953	 0.0011762	
      1954	0.00130825	
      1955	0.00145921	
      1956	0.00162632	
      1957	0.00181896	
      1958	0.00204413	
      1959	0.00230942	
      1960	0.00262444	
      1961	0.00282988	
      1962	0.00305527	
      1963	0.00330361	
      1964	0.00357787	
      1965	0.00388472	
      1966	0.00424636	
      1967	 0.0046547	
      1968	0.00511329	
      1969	0.00563013	
      1970	0.00621135	
      1971	0.00684601	
      1972	0.00756403	
      1973	0.00838527	
      1974	0.00933022	
      1975	  0.010425	
      1976	 0.0117034	
      1977	   0.01321	
      1978	  0.015005	
      1979	 0.0171721	
      1980	 0.0198364	
      1981	 0.0232028	
      1982	 0.0275517	
      1983	 0.0333916	
      1984	 0.0417505	
      1985	 0.0553106	
      1986	 0.0397076	
      1987	 0.0323205	
      1988	 0.0274053	
      1989	 0.0237746	
      1990	 0.0209233	
      1991	 0.0185261	
      1992	 0.0165305	
      1993	 0.0148514	
      1994	 0.0134187	
      1995	 0.0121908	
      1996	 0.0111631	
      1997	 0.0102662	
      1998	0.00947175	
      1999	0.00876379	
      2000	0.00812621	
      2001	0.00753327	
      2002	0.00699546	
      2003	0.00650872	
      2004	0.00606674	
      2005	0.00566666	
      2006	0.00595997	
      2007	0.00627598	
      2008	0.00661405	
      2009	0.00697623	
      2010	0.00736353	
      2011	0.00776883	
      2012	0.00820318	
      2013	0.00867096	
      2014	0.00917574	
      2015	0.00971988	
      2016	  0.010295	
      2017	 0.0109173	
      2018	 0.0115944	
      2019	 0.0123333	
      2020	 0.0131481	
      2021	 0.0140815	
      2022	 0.0151201	
      2023	 0.0162737	
      2024	 0.0175617	
      2025	 0.0189998	
      2026	 0.0205707	
      2027	 0.0223495	
      2028	 0.0243955	
      2029	 0.0267789	
      2030	 0.0296089	
      2031	 0.0330767	
      2032	 0.0374197	
      2033	 0.0431241	
      2034	 0.0513688	
      2035	 0.0677295	
      2036	 0.0664505	
      2037	  0.065278	
      2038	 0.0641989	
      2039	 0.0631956	
      2040	 0.0623024	
      2041	 0.0617156	
      2042	 0.0612153	
      2043	 0.0607501	
      2044	 0.0603158	
      2045	 0.0598703	
      2046	 0.0591973	
      2047	 0.0585134	
      2048	  0.057855	
      2049	 0.0572202	
      2050	 0.0566232	
      2051	 0.0561208	
      2052	  0.055652	
      2053	    0.0552	
      2054	 0.0547636	
      2055	 0.0543318	
      2056	  0.053832	
      2057	 0.0533365	
      2058	  0.052855	
      2059	  0.052387	
      2060	 0.0519471	
      2061	 0.0515899	
      2062	 0.0512591	
      2063	 0.0509393	
      2064	 0.0506303	
      2065	  0.050332	
      2066	 0.0506292	
      2067	 0.0509326	
      2068	 0.0512424	
      2069	 0.0515588	
      2070	 0.0518976	
      2071	 0.0523165	
      2072	 0.0527603	
      2073	 0.0532138	
      2074	 0.0536777	
      2075	 0.0541311	
      2076	 0.0544548	
      2077	 0.0547657	
      2078	 0.0550859	
      2079	 0.0554159	
      2080	 0.0557676	
      2081	 0.0561874	
      2082	 0.0566321	
      2083	 0.0570915	
      2084	 0.0575665	
      2085	 0.0580644	
      2086	 0.0585929	
      2087	 0.0591478	
      2088	 0.0597253	
      2089	 0.0603275	
      2090	 0.0609446	
      2091	 0.0615287	
      2092	 0.0621324	
      2093	 0.0627726	
      2094	  0.063455	
      2095	 0.0642136	
      2096	 0.0652084	
      2097	 0.0663095	
      2098	 0.0675096	
      2099	 0.0688384	
      2100	 0.0703377	
      2101	 0.0703753	
      2102	 0.0704065	
      2103	 0.0704387	
      2104	 0.0704717	
      2105	  0.070491	
      2106	 0.0704229	
      2107	 0.0703408	
      2108	 0.0702594	
      2109	 0.0701788	
      2110	 0.0701065	
      2111	 0.0700944	
      2112	 0.0700909	
      2113	 0.0700885	
      2114	 0.0700874	
      2115	 0.0700876	
      2116	 0.0700742	
      2117	 0.0700622	
      2118	 0.0700517	
      2119	 0.0700426	
      2120	 0.0700352	
      2121	 0.0700145	
      2122	 0.0699955	
      2123	 0.0699784	
      2124	 0.0699632	
      2125	  0.069973	
      2126	 0.0701067	
      2127	 0.0702663	
      2128	 0.0704291	
      2129	 0.0705954	
      2130	 0.0707348	
      2131	 0.0707094	
      2132	 0.0706568	
      2133	 0.0706079	
      2134	 0.0705633	
      2135	 0.0705465	
      2136	 0.0706903	
      2137	 0.0708643	
      2138	 0.0710461	
      2139	 0.0712369	
      2140	 0.0714145	
      2141	 0.0714627	
      2142	  0.071501	
      2143	 0.0715561	
      2144	 0.0716331	
      2145	 0.0717636	
      2146	 0.0720497	
      2147	 0.0724321	
      2148	 0.0729625	
      2149	  0.072914	
      2150	 0.0728576	
      2151	   0.07272	
      2152	 0.0725745	
      2153	 0.0724291	
      2154	 0.0722839	
      2155	 0.0721388	
      2156	 0.0719615	
      2157	 0.0717842	
      2158	 0.0716072	
      2159	 0.0714303	
      2160	 0.0711562	
      2161	 0.0702827	
      2162	 0.0693123	
      2163	 0.0683424	
      2164	  0.067373	
      2165	 0.0665903	
      2166	 0.0669415	
      2167	 0.0674788	
      2168	  0.068016	
      2169	  0.068553	
      2170	 0.0690333	
      2171	 0.0691414	
      2172	 0.0691929	
      2173	 0.0692445	
      2174	 0.0692962	
      2175	 0.0693155	
      2176	 0.0691411	
      2177	 0.0689344	
      2178	 0.0687279	
      2179	 0.0685215	
      2180	 0.0683396	
      2181	 0.0683192	
      2182	 0.0683231	
      2183	 0.0683272	
      2184	 0.0683313	
      2185	 0.0683032	
      2186	 0.0680654	
      2187	 0.0677956	
      2188	 0.0675259	
      2189	 0.0672564	
      2190	 0.0670274	
      2191	 0.0670403	
      2192	 0.0670936	
      2193	  0.067147	
      2194	 0.0672004	
      2195	 0.0672297	
      2196	 0.0671302	
      2197	 0.0670067	
      2198	 0.0668834	
      2199	 0.0667395	
      2200	 0.0665717	
      2201	 0.0662595	
      2202	 0.0659236	
      2203	 0.0655881	
      2204	  0.065253	
      2205	 0.0649584	
      2206	 0.0648727	
      2207	 0.0648272	
      2208	 0.0647819	
      2209	 0.0647367	
      2210	 0.0646836	
      2211	 0.0645987	
      2212	 0.0645059	
      2213	 0.0644133	
      2214	 0.0643208	
      2215	 0.0642285	
      2216	 0.0641364	
      2217	 0.0640444	
      2218	 0.0639526	
      2219	  0.063861	
      2220	 0.0637536	
      2221	 0.0635507	
      2222	 0.0633321	
      2223	 0.0631138	
      2224	 0.0628958	
      2225	 0.0626939	
      2226	 0.0625877	
      2227	 0.0624975	
      2228	 0.0624075	
      2229	 0.0623176	
      2230	 0.0622279	
      2231	 0.0621225	
      2232	 0.0620172	
      2233	  0.061912	
      2234	  0.061807	
      2235	 0.0616863	
      2236	  0.061455	
      2237	  0.061208	
      2238	 0.0609614	
      2239	  0.060715	
      2240	 0.0604925	
      2241	 0.0604126	
      2242	 0.0603564	
      2243	 0.0603004	
      2244	 0.0602444	
      2245	 0.0601728	
      2246	 0.0600224	
      2247	 0.0598565	
      2248	 0.0596907	
      2249	 0.0595252	
      2250	 0.0593598	
      2251	 0.0591631	
      2252	 0.0589666	
      2253	 0.0587704	
      2254	 0.0585743	
      2255	 0.0583942	
      2256	 0.0583242	
      2257	   0.05827	
      2258	 0.0582159	
      2259	 0.0581619	
      2260	 0.0581002	
      2261	 0.0579601	
      2262	 0.0578124	
      2263	 0.0576648	
      2264	 0.0575174	
      2265	 0.0573859	
      2266	  0.057317	
      2267	 0.0572639	
      2268	 0.0572109	
      2269	 0.0571579	
      2270	 0.0570973	
      2271	 0.0566796	
      2272	 0.0562685	
      2273	 0.0558703	
      2274	 0.0554839	
      2275	 0.0550932	
      2276	 0.0546371	
      2277	 0.0541762	
      2278	 0.0537249	
      2279	 0.0532826	
      2280	  0.052871	
      2281	 0.0525997	
      2282	 0.0523566	
      2283	 0.0521191	
      2284	 0.0518867	
      2285	 0.0516594	
      2286	 0.0514079	
      2287	 0.0511611	
      2288	 0.0509189	
      2289	 0.0506809	
      2290	 0.0504186	
      2291	  0.049977	
      2292	 0.0495127	
      2293	 0.0490539	
      2294	 0.0486003	
      2295	 0.0481934	
      2296	 0.0480127	
      2297	 0.0478761	
      2298	  0.047742	
      2299	 0.0476101	
      2300	 0.0474737	
      2301	  0.047285	
      2302	 0.0470921	
      2303	 0.0469016	
      2304	 0.0467136	
      2305	 0.0465211	
      2306	 0.0463042	
      2307	  0.046083	
      2308	 0.0458642	
      2309	 0.0456478	
      2310	 0.0454336	
      2311	 0.0451952	
      2312	 0.0449592	
      2313	 0.0447255	
      2314	 0.0444939	
      2315	 0.0442645	
      2316	 0.0440501	
      2317	 0.0438377	
      2318	 0.0436272	
      2319	 0.0434186	
      2320	 0.0431927	
      2321	 0.0428284	
      2322	 0.0424478	
      2323	   0.04207	
      2324	 0.0416948	
      2325	 0.0413664	
      2326	 0.0412791	
      2327	 0.0412366	
      2328	 0.0411947	
      2329	 0.0411535	
      2330	 0.0410944	
      2331	 0.0409369	
      2332	 0.0407621	
      2333	 0.0405887	
      2334	 0.0404166	
      2335	 0.0402458	
      2336	 0.0400763	
      2337	 0.0399081	
      2338	  0.039741	
      2339	 0.0395752	
      2340	 0.0394167	
      2341	 0.0392954	
      2342	 0.0391811	
      2343	 0.0390677	
      2344	 0.0389552	
      2345	 0.0388315	
      2346	 0.0386493	
      2347	 0.0384564	
      2348	 0.0382647	
      2349	 0.0380743	
      2350	 0.0378732	
      2351	 0.0375911	
      2352	  0.037299	
      2353	 0.0370084	
      2354	 0.0367196	
      2355	 0.0364672	
      2356	 0.0364021	
      2357	 0.0363723	
      2358	 0.0363427	
      2359	 0.0363136	
      2360	  0.036279	
      2361	  0.034465	
      2362	 0.0328641	
      2363	 0.0314341	
      2364	 0.0301418	
      2365	 0.0289589	
      2366	  0.027837	
      2367	 0.0267958	
      2368	 0.0258289	
      2369	 0.0249269	
      2370	 0.0240787	
      2371	 0.0232597	
      2372	 0.0224847	
      2373	 0.0217532	
      2374	 0.0210609	
      2375	  0.020418	
      2376	 0.0198719	
      2377	 0.0193645	
      2378	 0.0188806	
      2379	 0.0184184	
      2380	 0.0179531	
      2381	 0.0173771	
      2382	 0.0168039	
      2383	  0.016255	
      2384	 0.0157289	
      2385	 0.0152501	
      2386	 0.0149413	
      2387	 0.0146681	
      2388	 0.0144044	
      2389	 0.0141494	
      2390	 0.0138937	
      2391	 0.0135921	
      2392	 0.0132919	
      2393	 0.0130017	
      2394	  0.012721	
      2395	 0.0124494	
      2396	 0.0121824	
      2397	 0.0119237	
      2398	  0.011673	
      2399	   0.01143	
      2400	 0.0111942	
      2401	 0.0109692	
      2402	 0.0107507	
      2403	 0.0105385	
      2404	 0.0103323	
      2405	 0.0101318	
      2406	 0.0099403	
      2407	0.00975399	
      2408	0.00957268	
      2409	0.00939618	
      2410	0.00921653	
      2411	0.00899569	
      2412	0.00877349	
      2413	0.00855747	
      2414	0.00834742	
      2415	0.00815456	
      2416	0.00802866	
      2417	0.00791673	
      2418	0.00780726	
      2419	0.00770017	
      2420	0.00759144	
      2421	0.00745921	
      2422	0.00732628	
      2423	0.00719649	
      2424	0.00706973	
      2425	0.00694713	
      2426	 0.0068345	
      2427	0.00672554	
      2428	0.00661898	
      2429	0.00651473	
      2430	0.00641162	
      2431	0.00629968	
      2432	0.00618914	
      2433	0.00608105	
      2434	0.00597534	
      2435	0.00587297	
      2436	0.00578101	
      2437	0.00569197	
      2438	0.00560475	
      2439	0.00551931	
      2440	0.00543464	
      2441	0.00534406	
      2442	0.00525443	
      2443	0.00516665	
      2444	0.00508069	
      2445	0.00499558	
      2446	0.00490868	
      2447	0.00482269	
      2448	0.00473848	
      2449	  0.004656	
      2450	0.00457687	
      2451	0.00423964	
      2452	0.00393581	
      2453	0.00365986	
      2454	0.00340855	
      2455	0.00318028	
      2456	0.00297681	
      2457	0.00279094	
      2458	0.00261982	
      2459	0.00246197	
      2460	0.00231568	
      2461	0.00217709	
      2462	0.00204839	
      2463	0.00192907	
      2464	0.00181828	
      2465	0.00171464	
      2466	0.00161522	
      2467	0.00152214	
      2468	0.00143545	
      2469	0.00135463	
      2470	0.00127969	
      2471	0.00121284	
      2472	0.00115063	
      2473	0.00109226	
      2474	0.00103745	
      2475	0.000985391	
      2476	0.000932934	
      2477	0.000883212	
      2478	0.000836541	
      2479	0.000792703	
      2480	0.000751931	
      2481	0.000715494	
      2482	0.000681516	
      2483	0.000649431	
      2484	0.000619115	
      2485	0.000590681	
      2486	0.000564865	
      2487	0.000540593	
      2488	0.000517557	
      2489	0.000495682	
      2490	0.00047408	
      2491	0.000448702	
      2492	0.000424024	
      2493	0.000400768	
      2494	0.000378845	
      2495	0.000359268	
      2496	0.000346809	
      2497	0.000335874	
      2498	0.000325348	
      2499	0.000315211	
      2500	0.00030497	
      2501	9.18678e-05	
      2502	3.25823e-05	
      2503	1.28803e-05	
      2504	5.50824e-06	
      2505	2.50191e-06	
      2506	1.19043e-06	
      2507	5.89383e-07	
      2508	3.01808e-07	
      2509	1.5909e-07	
      2510	8.60212e-08	
      2511	4.76175e-08	
      2512	2.68928e-08	
      2513	1.54616e-08	
      2514	9.03412e-09	
      2515	5.35681e-09	
      2516	3.22077e-09	
      2517	1.96067e-09	
      2518	1.20736e-09	
      2519	7.51449e-10	
      2520	4.72462e-10	
      2521	3.00076e-10	
      2522	1.92297e-10	
      2523	1.24244e-10	
      2524	8.08969e-11	
      2525	5.30703e-11	
      2526	3.51012e-11	
      2527	2.3374e-11	
      2528	1.56623e-11	
      2529	1.05574e-11	
      2530	7.15526e-12	
      2531	4.86557e-12	
      2532	3.32504e-12	
      2533	2.28354e-12	
      2534	1.57574e-12	
      2535	1.09252e-12	
      2536	7.61463e-13	
      2537	5.33079e-13	
      2538	3.74713e-13	
      2539	2.64429e-13	
      2540	1.87309e-13	
      2541	1.33223e-13	
      2542	 9.509e-14	
      2543	6.81039e-14	
      2544	4.89377e-14	
      2545	3.52782e-14	
      2546	2.54993e-14	
      2547	1.84867e-14	
      2548	1.34418e-14	
      2549	9.80136e-15	
      2550	7.1666e-15	
      2551	5.25189e-15	
      2552	3.85877e-15	
      2553	2.8424e-15	
      2554	2.0989e-15	
      2555	1.55362e-15	
      2556	1.15219e-15	
      2557	8.56442e-16	
      2558	6.38026e-16	
      2559	4.76347e-16	
      2560	3.56473e-16	
      2561	2.67556e-16	
      2562	2.0127e-16	
      2563	1.51707e-16	
      2564	1.14571e-16	
      2565	8.66897e-17	
      2566	6.56863e-17	
      2567	4.98622e-17	
      2568	3.79175e-17	
      2569	2.88845e-17	
      2570	2.2041e-17	
      2571	1.68396e-17	
      2572	1.28867e-17	
      2573	9.87754e-18	
      2574	7.58299e-18	
      2575	5.83046e-18	
      2576	4.48976e-18	
      2577	3.4625e-18	
      2578	2.67418e-18	
      2579	2.0683e-18	
      2580	1.60159e-18	
      2581	1.24021e-18	
      2582	9.6145e-19	
      2583	7.46336e-19	
      2584	5.80107e-19	
      2585	4.51688e-19	
      2586	3.53283e-19	
      2587	2.7679e-19	
      2588	2.17127e-19	
      2589	1.70531e-19	
      2590	1.34063e-19	
      2591	1.05324e-19	
      2592	8.28212e-20	
      2593	6.52004e-20	
      2594	5.13859e-20	
      2595	4.05524e-20	
      2596	3.20674e-20	
      2597	2.53909e-20	
      2598	2.01256e-20	
      2599	1.59689e-20	
      2600	1.26836e-20	
      2601	7.13351e-21	
      2602	5.13828e-21	
      2603	3.87753e-21	
      2604	2.99951e-21	
      2605	2.35808e-21	
      2606	1.87381e-21	
      2607	1.50242e-21	
      2608	1.21334e-21	
      2609	9.85738e-22	
      2610	8.04889e-22	
      2611	6.60405e-22	
      2612	5.43934e-22	
      2613	4.49527e-22	
      2614	3.72638e-22	
      2615	3.09752e-22	
      2616	2.57881e-22	
      2617	2.15191e-22	
      2618	1.79949e-22	
      2619	1.50774e-22	
      2620	1.26501e-22	
      2621	1.05962e-22	
      2622	8.88541e-23	
      2623	7.4619e-23	
      2624	6.27519e-23	
      2625	5.29069e-23	
      2626	4.49722e-23	
      2627	3.83213e-23	
      2628	3.26921e-23	
      2629	2.79209e-23	
      2630	2.38598e-23	
      2631	2.03511e-23	
      2632	1.7367e-23	
      2633	1.48347e-23	
      2634	1.26832e-23	
      2635	1.08508e-23	
      2636	9.2683e-24	
      2637	7.92114e-24	
      2638	6.77512e-24	
      2639	5.79933e-24	
      2640	4.97022e-24	
      2641	4.27549e-24	
      2642	3.68231e-24	
      2643	3.17364e-24	
      2644	2.73708e-24	
      2645	2.36212e-24	
      2646	2.03781e-24	
      2647	1.75913e-24	
      2648	1.51948e-24	
      2649	1.31327e-24	
      2650	1.1357e-24	
      2651	9.81712e-25	
      2652	8.49077e-25	
      2653	7.3476e-25	
      2654	6.36172e-25	
      2655	5.51238e-25	
      2656	4.78371e-25	
      2657	4.1545e-25	
      2658	3.60984e-25	
      2659	3.13811e-25	
      2660	2.72863e-25	
      2661	2.37009e-25	
      2662	2.05907e-25	
      2663	1.78966e-25	
      2664	1.55618e-25	
      2665	1.35444e-25	
      2666	1.18178e-25	
      2667	1.0321e-25	
      2668	9.01747e-26	
      2669	7.88184e-26	
      2670	6.89024e-26	
      2671	6.01038e-26	
      2672	5.24357e-26	
      2673	4.57632e-26	
      2674	3.99548e-26	
      2675	3.49056e-26	
      2676	3.05373e-26	
      2677	2.67323e-26	
      2678	2.34099e-26	
      2679	2.05077e-26	
      2680	1.79716e-26	
      2681	1.57546e-26	
      2682	1.38159e-26	
      2683	1.21198e-26	
      2684	1.06354e-26	
      2685	9.33598e-27	
      2686	8.18938e-27	
      2687	7.18588e-27	
      2688	6.30734e-27	
      2689	5.53793e-27	
      2690	4.86388e-27	
      2691	4.27544e-27	
      2692	3.75933e-27	
      2693	3.30651e-27	
      2694	2.9091e-27	
      2695	2.5602e-27	
      2696	2.2526e-27	
      2697	1.98252e-27	
      2698	1.74532e-27	
      2699	1.53693e-27	
      2700	1.35415e-27	
      2701	1.5997e-27	
      2702	1.89135e-27	
      2703	2.23744e-27	
      2704	2.6484e-27	
      2705	3.13666e-27	
      2706	3.71712e-27	
      2707	4.4076e-27	
      2708	5.22946e-27	
      2709	6.20831e-27	
      2710	7.37485e-27	
      2711	8.77073e-27	
      2712	1.04373e-26	
      2713	1.24282e-26	
      2714	1.48083e-26	
      2715	1.76555e-26	
      2716	2.1052e-26	
      2717	2.51182e-26	
      2718	2.99893e-26	
      2719	3.58288e-26	
      2720	4.28338e-26	
      2721	5.12147e-26	
      2722	6.12769e-26	
      2723	7.33662e-26	
      2724	8.79014e-26	
      2725	1.05419e-25	
      2726	1.26587e-25	
      2727	1.52157e-25	
      2728	1.83024e-25	
      2729	2.20313e-25	
      2730	2.65395e-25	
      2731	3.19585e-25	
      2732	3.8513e-25	
      2733	4.6447e-25	
      2734	5.60585e-25	
      2735	6.77116e-25	
      2736	8.18972e-25	
      2737	9.91336e-25	
      2738	1.20094e-24	
      2739	1.45605e-24	
      2740	1.76681e-24	
      2741	2.14689e-24	
      2742	2.61093e-24	
      2743	 3.178e-24	
      2744	3.87157e-24	
      2745	4.72063e-24	
      2746	5.75775e-24	
      2747	7.02902e-24	
      2748	8.58877e-24	
      2749	1.05043e-23	
      2750	1.2859e-23	
      2751	1.57474e-23	
      2752	1.9303e-23	
      2753	2.36844e-23	
      2754	2.90887e-23	
      2755	3.57617e-23	
      2756	4.40098e-23	
      2757	5.42155e-23	
      2758	6.6857e-23	
      2759	8.25328e-23	
      2760	1.01993e-22	
      2761	1.2625e-22	
      2762	1.56448e-22	
      2763	1.94086e-22	
      2764	2.41051e-22	
      2765	2.99724e-22	
      2766	3.7333e-22	
      2767	4.65564e-22	
      2768	5.81284e-22	
      2769	7.26655e-22	
      2770	9.09244e-22	
      2771	1.13782e-21	
      2772	1.42526e-21	
      2773	1.78764e-21	
      2774	2.24512e-21	
      2775	2.82347e-21	
      2776	3.55776e-21	
      2777	4.48927e-21	
      2778	5.67271e-21	
      2779	7.17848e-21	
      2780	9.09731e-21	
      2781	1.15532e-20	
      2782	1.46945e-20	
      2783	1.87191e-20	
      2784	2.38838e-20	
      2785	3.05228e-20	
      2786	3.90716e-20	
      2787	5.0099e-20	
      2788	6.43492e-20	
      2789	8.27977e-20	
      2790	1.06726e-19	
      2791	1.37738e-19	
      2792	1.78094e-19	
      2793	2.30713e-19	
      2794	2.99461e-19	
      2795	3.8959e-19	
      2796	5.0819e-19	
      2797	6.64484e-19	
      2798	8.70709e-19	
      2799	1.14344e-18	
      2800	1.50498e-18	
      2801	1.82286e-18	
      2802	2.2097e-18	
      2803	2.68087e-18	
      2804	3.25524e-18	
      2805	3.95727e-18	
      2806	4.81784e-18	
      2807	5.87256e-18	
      2808	7.1646e-18	
      2809	8.74885e-18	
      2810	1.06933e-17	
      2811	1.30821e-17	
      2812	1.60198e-17	
      2813	1.96362e-17	
      2814	2.40926e-17	
      2815	2.95898e-17	
      2816	3.63555e-17	
      2817	4.47141e-17	
      2818	5.50519e-17	
      2819	6.78518e-17	
      2820	8.37179e-17	
      2821	1.03343e-16	
      2822	1.27711e-16	
      2823	1.58003e-16	
      2824	1.95705e-16	
      2825	2.42765e-16	
      2826	3.01691e-16	
      2827	3.75495e-16	
      2828	4.67934e-16	
      2829	5.83866e-16	
      2830	7.2946e-16	
      2831	9.1198e-16	
      2832	1.14169e-15	
      2833	1.43121e-15	
      2834	1.79664e-15	
      2835	2.25858e-15	
      2836	2.84158e-15	
      2837	3.58033e-15	
      2838	4.51795e-15	
      2839	5.70986e-15	
      2840	7.22756e-15	
      2841	9.16924e-15	
      2842	1.16516e-14	
      2843	1.4831e-14	
      2844	1.89103e-14	
      2845	2.41541e-14	
      2846	3.08875e-14	
      2847	3.95707e-14	
      2848	5.07905e-14	
      2849	6.53177e-14	
      2850	8.41666e-14	
      2851	1.08675e-13	
      2852	1.40614e-13	
      2853	1.82329e-13	
      2854	2.36939e-13	
      2855	3.08604e-13	
      2856	4.03146e-13	
      2857	5.27913e-13	
      2858	6.93001e-13	
      2859	9.12029e-13	
      2860	1.20343e-12	
      2861	1.59223e-12	
      2862	2.11252e-12	
      2863	2.81092e-12	
      2864	3.75135e-12	
      2865	5.02186e-12	
      2866	6.73514e-12	
      2867	9.06279e-12	
      2868	1.22367e-11	
      2869	1.6581e-11	
      2870	2.25583e-11	
      2871	3.08297e-11	
      2872	4.23175e-11	
      2873	5.83294e-11	
      2874	8.07518e-11	
      2875	1.12344e-10	
      2876	1.57153e-10	
      2877	2.21017e-10	
      2878	3.12479e-10	
      2879	4.44253e-10	
      2880	6.35312e-10	
      2881	9.12948e-10	
      2882	1.32056e-09	
      2883	1.92356e-09	
      2884	2.82283e-09	
      2885	4.17562e-09	
      2886	6.23398e-09	
      2887	9.39312e-09	
      2888	1.4295e-08	
      2889	2.19925e-08	
      2890	3.42398e-08	
      2891	5.4012e-08	
      2892	8.64581e-08	
      2893	1.40697e-07	
      2894	2.33325e-07	
      2895	3.95557e-07	
      2896	6.88106e-07	
      2897	1.2375e-06	
      2898	2.32818e-06	
      2899	4.70684e-06	
      2900	1.1831e-05	
      2901	1.2148e-05	
      2902	1.24745e-05	
      2903	1.28108e-05	
      2904	1.31572e-05	
      2905	1.3514e-05	
      2906	1.3872e-05	
      2907	1.42406e-05	
      2908	1.46201e-05	
      2909	1.50111e-05	
      2910	1.54137e-05	
      2911	1.58174e-05	
      2912	1.62329e-05	
      2913	1.66608e-05	
      2914	1.71014e-05	
      2915	1.75551e-05	
      2916	1.80352e-05	
      2917	1.85301e-05	
      2918	1.90403e-05	
      2919	1.95663e-05	
      2920	2.01087e-05	
      2921	2.06681e-05	
      2922	2.1245e-05	
      2923	2.18401e-05	
      2924	2.2454e-05	
      2925	2.30875e-05	
      2926	2.37411e-05	
      2927	2.44157e-05	
      2928	2.5112e-05	
      2929	2.58307e-05	
      2930	2.65728e-05	
      2931	2.73192e-05	
      2932	2.80895e-05	
      2933	2.88845e-05	
      2934	2.97051e-05	
      2935	3.05523e-05	
      2936	3.14502e-05	
      2937	3.2378e-05	
      2938	3.3337e-05	
      2939	3.43284e-05	
      2940	3.53534e-05	
      2941	3.63863e-05	
      2942	3.74539e-05	
      2943	3.85573e-05	
      2944	3.96979e-05	
      2945	4.08926e-05	
      2946	4.21599e-05	
      2947	4.34884e-05	
      2948	4.48646e-05	
      2949	4.62905e-05	
      2950	4.77682e-05	
      2951	4.92998e-05	
      2952	5.08876e-05	
      2953	5.25339e-05	
      2954	5.42412e-05	
      2955	5.60121e-05	
      2956	5.78059e-05	
      2957	5.96658e-05	
      2958	6.15949e-05	
      2959	6.3596e-05	
      2960	6.56723e-05	
      2961	6.78786e-05	
      2962	7.01702e-05	
      2963	7.25512e-05	
      2964	7.50254e-05	
      2965	7.75972e-05	
      2966	8.02099e-05	
      2967	8.29249e-05	
      2968	8.57471e-05	
      2969	8.86812e-05	
      2970	9.17326e-05	
      2971	9.49794e-05	
      2972	9.83601e-05	
      2973	0.000101881	
      2974	0.000105549	
      2975	0.000109371	
      2976	0.000113268	
      2977	0.000117328	
      2978	0.00012156	
      2979	0.000125972	
      2980	0.000130574	
      2981	0.000135479	
      2982	0.000140602	
      2983	0.000145953	
      2984	0.000151546	
      2985	0.000157393	
      2986	0.00016338	
      2987	0.00016964	
      2988	0.000176187	
      2989	0.000183038	
      2990	0.00019021	
      2991	0.000197877	
      2992	0.000205916	
      2993	0.00021435	
      2994	0.000223203	
      2995	0.000232501	
      2996	0.000242273	
      2997	0.000252549	
      2998	0.000263365	
      2999	0.000274757	
      3000	0.000286769	
      3001	0.000286664	
      3002	0.000286558	
      3003	0.000286452	
      3004	0.000286345	
      3005	0.000286239	
      3006	0.00028636	
      3007	0.000286481	
      3008	0.000286603	
      3009	0.000286724	
      3010	0.000286846	
      3011	0.000286968	
      3012	0.00028709	
      3013	0.000287213	
      3014	0.000287335	
      3015	0.000287458	
      3016	0.00028735	
      3017	0.000287241	
      3018	0.000287132	
      3019	0.000287023	
      3020	0.000286913	
      3021	0.000286803	
      3022	0.000286692	
      3023	0.000286582	
      3024	0.00028647	
      3025	0.000286359	
      3026	0.000286481	
      3027	0.000286604	
      3028	0.000286726	
      3029	0.000286849	
      3030	0.000286972	
      3031	0.00028686	
      3032	0.000286748	
      3033	0.000286635	
      3034	0.000286522	
      3035	0.000286409	
      3036	0.000286059	
      3037	0.000285707	
      3038	0.000285355	
      3039	0.000285002	
      3040	0.000284767	
      3041	0.000285246	
      3042	0.000285847	
      3043	0.000286449	
      3044	0.000287053	
      3045	0.000287658	
      3046	0.000288025	
      3047	0.000288393	
      3048	0.000288762	
      3049	0.000289132	
      3050	0.000289503	
      3051	0.000289634	
      3052	0.000289765	
      3053	0.000289896	
      3054	0.000290028	
      3055	0.000290161	
      3056	0.000290294	
      3057	0.000290427	
      3058	0.000290561	
      3059	0.000290696	
      3060	0.000290831	
      3061	0.000290478	
      3062	0.000290124	
      3063	0.000289769	
      3064	0.000289413	
      3065	0.00028918	
      3066	0.000289193	
      3067	0.00028933	
      3068	0.000289468	
      3069	0.000289606	
      3070	0.000289745	
      3071	0.000290133	
      3072	0.000290523	
      3073	0.000290914	
      3074	0.000291307	
      3075	0.000291701	
      3076	0.000291598	
      3077	0.000291495	
      3078	0.000291393	
      3079	0.000291291	
      3080	0.00029119	
      3081	0.000291089	
      3082	0.000290989	
      3083	0.00029089	
      3084	0.000290791	
      3085	0.000290694	
      3086	0.000290597	
      3087	0.000290501	
      3088	0.000290407	
      3089	0.000290313	
      3090	0.000290221	
      3091	0.00029013	
      3092	0.000290041	
      3093	0.000289953	
      3094	0.000289867	
      3095	0.000289783	
      3096	0.000289701	
      3097	0.000289622	
      3098	0.000289545	
      3099	0.00028947	
      3100	0.000289399	
      3101	0.000285513	
      3102	0.000284735	
      3103	0.000284864	
      3104	0.000285488	
      3105	0.000286441	
      3106	0.000287379	
      3107	0.000288506	
      3108	0.000289788	
      3109	0.000291203	
      3110	0.000292734	
      3111	0.000294102	
      3112	0.000295559	
      3113	0.000297099	
      3114	0.000298716	
      3115	0.000300542	
      3116	0.000302716	
      3117	0.000305102	
      3118	0.00030756	
      3119	0.000310088	
      3120	0.000312685	
      3121	0.00031535	
      3122	0.000318081	
      3123	0.000320879	
      3124	0.000323743	
      3125	0.000326672	
      3126	0.000329667	
      3127	0.000332728	
      3128	0.000335854	
      3129	0.000339046	
      3130	0.000342304	
      3131	0.000345629	
      3132	0.000349021	
      3133	0.000352481	
      3134	0.00035601	
      3135	0.000359608	
      3136	0.000362936	
      3137	0.000366328	
      3138	0.000369784	
      3139	0.000373304	
      3140	0.000376891	
      3141	0.000380903	
      3142	0.000384992	
      3143	0.000389157	
      3144	0.000393401	
      3145	0.000397725	
      3146	0.000401749	
      3147	0.000405845	
      3148	0.000410017	
      3149	0.000414264	
      3150	0.000418589	
      3151	0.000423398	
      3152	0.000428297	
      3153	0.000433288	
      3154	0.000438373	
      3155	0.000443554	
      3156	0.000448833	
      3157	0.000454212	
      3158	0.000459693	
      3159	0.000465279	
      3160	0.00047097	
      3161	0.000477232	
      3162	0.000483617	
      3163	0.000490129	
      3164	0.000496771	
      3165	0.000503545	
      3166	0.000509468	
      3167	0.000515503	
      3168	0.000521653	
      3169	0.000527919	
      3170	0.000534566	
      3171	0.000541871	
      3172	0.000549592	
      3173	0.000557473	
      3174	0.000565518	
      3175	0.00057373	
      3176	0.000580979	
      3177	0.000588371	
      3178	0.00059591	
      3179	0.000603599	
      3180	0.000611443	
      3181	0.000620057	
      3182	0.000628852	
      3183	0.000637833	
      3184	0.000647006	
      3185	0.000656375	
      3186	0.000666606	
      3187	0.000677065	
      3188	0.000687759	
      3189	0.000698694	
      3190	0.000709879	
      3191	0.000720605	
      3192	0.000731572	
      3193	0.000742786	
      3194	0.000754256	
      3195	0.000765988	
      3196	0.000777216	
      3197	0.000788697	
      3198	0.000800439	
      3199	0.000812449	
      3200	0.000825151	
      3201	0.000819722	
      3202	0.000814756	
      3203	0.000809837	
      3204	0.000804965	
      3205	0.000800138	
      3206	0.000794558	
      3207	0.000789031	
      3208	0.000783557	
      3209	0.000778136	
      3210	0.000772766	
      3211	0.000766671	
      3212	0.000760635	
      3213	0.000754657	
      3214	0.000748736	
      3215	0.000742872	
      3216	0.000737818	
      3217	0.000732809	
      3218	0.000727846	
      3219	0.000722928	
      3220	0.000718054	
      3221	0.000713224	
      3222	0.000708437	
      3223	0.000703693	
      3224	0.00069899	
      3225	0.000694329	
      3226	0.000690421	
      3227	0.000686545	
      3228	 0.0006827	
      3229	0.000678887	
      3230	0.000675105	
      3231	0.000670662	
      3232	0.000666257	
      3233	0.000661889	
      3234	0.000657558	
      3235	0.000653264	
      3236	0.000649005	
      3237	0.000644783	
      3238	0.000640595	
      3239	0.000636443	
      3240	0.000632324	
      3241	0.00062824	
      3242	0.000624189	
      3243	0.000620171	
      3244	0.000616187	
      3245	0.000612234	
      3246	0.000608951	
      3247	0.000605693	
      3248	0.00060246	
      3249	0.000599251	
      3250	0.000596066	
      3251	0.000591662	
      3252	0.000587296	
      3253	0.000582966	
      3254	0.000578671	
      3255	0.000574412	
      3256	0.000570792	
      3257	0.000567201	
      3258	0.000563638	
      3259	0.000560103	
      3260	0.000556595	
      3261	0.000553114	
      3262	0.000549659	
      3263	0.000546232	
      3264	0.00054283	
      3265	0.000539455	
      3266	0.000536105	
      3267	0.000532781	
      3268	0.000529482	
      3269	0.000526208	
      3270	0.000522959	
      3271	0.000519734	
      3272	0.000516533	
      3273	0.000513356	
      3274	0.000510203	
      3275	0.000507073	
      3276	0.000503966	
      3277	0.000500883	
      3278	0.000497822	
      3279	0.000494784	
      3280	0.000491768	
      3281	0.000488774	
      3282	0.000485802	
      3283	0.000482852	
      3284	0.000479923	
      3285	0.000477016	
      3286	0.000474648	
      3287	0.000472296	
      3288	0.00046996	
      3289	0.000467639	
      3290	0.000465079	
      3291	0.000461525	
      3292	0.000457746	
      3293	0.000453997	
      3294	0.000450277	
      3295	0.000446834	
      3296	0.000443912	
      3297	0.000441257	
      3298	0.00043862	
      3299	0.000436002	
      3300	0.000433402	
      3301	0.000439949	
      3302	0.000446618	
      3303	0.000453414	
      3304	0.000460338	
      3305	0.000467395	
      3306	0.000473526	
      3307	0.000479763	
      3308	0.000486108	
      3309	0.000492564	
      3310	0.000499132	
      3311	0.000506389	
      3312	0.000513783	
      3313	0.000521316	
      3314	0.000528993	
      3315	0.000536816	
      3316	0.00054355	
      3317	0.000550398	
      3318	0.000557364	
      3319	0.000564448	
      3320	0.000571986	
      3321	0.000581003	
      3322	0.000590545	
      3323	0.000600287	
      3324	0.000610233	
      3325	0.000620391	
      3326	0.000629306	
      3327	0.000638394	
      3328	0.000647661	
      3329	0.000657109	
      3330	0.000666745	
      3331	0.000677367	
      3332	0.000688213	
      3333	0.00069929	
      3334	0.000710605	
      3335	0.000722165	
      3336	0.000733976	
      3337	0.000746046	
      3338	0.000758382	
      3339	0.000770993	
      3340	0.000783886	
      3341	0.000797069	
      3342	0.000810553	
      3343	0.000824345	
      3344	0.000838456	
      3345	0.000852895	
      3346	0.000866638	
      3347	0.000880693	
      3348	0.000895068	
      3349	0.000909774	
      3350	0.000924822	
      3351	0.000941358	
      3352	0.000958301	
      3353	0.000975667	
      3354	0.000993468	
      3355	0.00101172	
      3356	0.00103044	
      3357	0.00104964	
      3358	0.00106935	
      3359	0.00108957	
      3360	0.00111034	
      3361	0.00113166	
      3362	0.00115355	
      3363	0.00117606	
      3364	0.00119918	
      3365	0.00122296	
      3366	0.00124741	
      3367	0.00127256	
      3368	0.00129844	
      3369	0.00132508	
      3370	0.00135252	
      3371	0.00138078	
      3372	0.00140991	
      3373	0.00143994	
      3374	0.00147091	
      3375	0.00150286	
      3376	0.00153585	
      3377	0.00156991	
      3378	 0.0016051	
      3379	0.00164149	
      3380	0.00167911	
      3381	 0.0017202	
      3382	0.00176277	
      3383	0.00180691	
      3384	0.00185269	
      3385	0.00190021	
      3386	0.00194714	
      3387	0.00199588	
      3388	0.00204655	
      3389	0.00209927	
      3390	0.00215416	
      3391	0.00221136	
      3392	0.00227104	
      3393	0.00233335	
      3394	0.00239848	
      3395	0.00246664	
      3396	0.00253485	
      3397	0.00260637	
      3398	0.00268147	
      3399	0.00276047	
      3400	0.00284551	
      3401	0.00286961	
      3402	0.00289586	
      3403	0.00292243	
      3404	0.00294933	
      3405	0.00297467	
      3406	0.00299268	
      3407	0.00300896	
      3408	 0.0030254	
      3409	0.00304202	
      3410	0.00306079	
      3411	0.00308375	
      3412	0.00310899	
      3413	0.00313455	
      3414	0.00316043	
      3415	0.00318664	
      3416	0.00320904	
      3417	0.00323171	
      3418	0.00325466	
      3419	 0.0032779	
      3420	0.00330142	
      3421	0.00332524	
      3422	0.00334936	
      3423	0.00337379	
      3424	0.00339853	
      3425	0.00342359	
      3426	0.00344898	
      3427	 0.0034747	
      3428	0.00350076	
      3429	0.00352718	
      3430	0.00355394	
      3431	0.00358579	
      3432	 0.0036181	
      3433	0.00365087	
      3434	0.00368412	
      3435	0.00371787	
      3436	0.00374717	
      3437	0.00377689	
      3438	0.00380705	
      3439	0.00383764	
      3440	0.00386868	
      3441	0.00390019	
      3442	0.00393217	
      3443	0.00396464	
      3444	0.00399761	
      3445	0.00403109	
      3446	0.00406509	
      3447	0.00409963	
      3448	0.00413472	
      3449	0.00417038	
      3450	0.00420662	
      3451	0.00424917	
      3452	0.00429245	
      3453	0.00433649	
      3454	 0.0043813	
      3455	0.00442691	
      3456	0.00446733	
      3457	0.00450848	
      3458	0.00455036	
      3459	0.00459301	
      3460	0.00463645	
      3461	0.00468704	
      3462	0.00473861	
      3463	 0.0047912	
      3464	0.00484483	
      3465	0.00489954	
      3466	0.00494869	
      3467	0.00499883	
      3468	0.00505003	
      3469	 0.0051023	
      3470	 0.0051557	
      3471	0.00521028	
      3472	0.00526607	
      3473	0.00532312	
      3474	 0.0053815	
      3475	0.00544125	
      3476	0.00550244	
      3477	0.00556513	
      3478	0.00562939	
      3479	0.00569531	
      3480	0.00576295	
      3481	0.00584046	
      3482	0.00592011	
      3483	  0.006002	
      3484	0.00608626	
      3485	0.00617302	
      3486	0.00625379	
      3487	0.00633712	
      3488	0.00642318	
      3489	0.00651215	
      3490	0.00660424	
      3491	0.00669969	
      3492	0.00679877	
      3493	0.00690179	
      3494	0.00700911	
      3495	0.00712115	
      3496	0.00723842	
      3497	0.00736152	
      3498	0.00749122	
      3499	0.00762846	
      3500	0.00777451	
      3501	0.00778145	
      3502	0.00778841	
      3503	 0.0077954	
      3504	0.00780242	
      3505	0.00780946	
      3506	0.00780552	
      3507	0.00780159	
      3508	0.00779766	
      3509	0.00779373	
      3510	0.00778982	
      3511	0.00778591	
      3512	0.00778201	
      3513	0.00777811	
      3514	0.00777423	
      3515	0.00777035	
      3516	0.00776648	
      3517	0.00776261	
      3518	0.00775876	
      3519	0.00775491	
      3520	0.00775108	
      3521	0.00775842	
      3522	0.00776578	
      3523	0.00777318	
      3524	0.00778061	
      3525	0.00778807	
      3526	0.00778435	
      3527	0.00778064	
      3528	0.00777695	
      3529	0.00777326	
      3530	0.00776959	
      3531	 0.0077772	
      3532	0.00778485	
      3533	0.00779253	
      3534	0.00780025	
      3535	  0.007808	
      3536	0.00780447	
      3537	0.00780096	
      3538	0.00779746	
      3539	0.00779397	
      3540	0.00779051	
      3541	0.00779844	
      3542	0.00780642	
      3543	0.00781444	
      3544	 0.0078225	
      3545	0.00783061	
      3546	0.00782732	
      3547	0.00782405	
      3548	 0.0078208	
      3549	0.00781758	
      3550	0.00781438	
      3551	 0.0078112	
      3552	0.00780806	
      3553	0.00780493	
      3554	0.00780184	
      3555	0.00779877	
      3556	0.00779573	
      3557	0.00779272	
      3558	0.00778975	
      3559	 0.0077868	
      3560	0.00778389	
      3561	0.00779265	
      3562	0.00780146	
      3563	0.00781035	
      3564	0.00781929	
      3565	0.00782831	
      3566	0.00782569	
      3567	0.00782312	
      3568	 0.0078206	
      3569	0.00781812	
      3570	0.00781569	
      3571	0.00781331	
      3572	0.00781099	
      3573	0.00780872	
      3574	0.00780651	
      3575	0.00780436	
      3576	0.00780227	
      3577	0.00780026	
      3578	 0.0077983	
      3579	0.00779643	
      3580	0.00779462	
      3581	0.00780482	
      3582	0.00781513	
      3583	0.00782556	
      3584	0.00783611	
      3585	 0.0078468	
      3586	0.00784563	
      3587	0.00784457	
      3588	0.00784363	
      3589	0.00784281	
      3590	0.00784212	
      3591	0.00784158	
      3592	0.00784119	
      3593	0.00784096	
      3594	 0.0078409	
      3595	0.00784103	
      3596	0.00785355	
      3597	0.00786632	
      3598	0.00787937	
      3599	0.00789272	
      3600	0.00790641	
      3601	0.00789899	
      3602	0.00789156	
      3603	0.00788413	
      3604	 0.0078767	
      3605	0.00786926	
      3606	0.00786182	
      3607	0.00785438	
      3608	0.00784693	
      3609	0.00783947	
      3610	0.00783202	
      3611	 0.0078369	
      3612	0.00784179	
      3613	 0.0078467	
      3614	0.00785162	
      3615	0.00785655	
      3616	0.00784911	
      3617	0.00784167	
      3618	0.00783422	
      3619	0.00782677	
      3620	0.00781932	
      3621	0.00782429	
      3622	0.00782927	
      3623	0.00783426	
      3624	0.00783926	
      3625	0.00784428	
      3626	0.00783685	
      3627	0.00782942	
      3628	0.00782199	
      3629	0.00781455	
      3630	0.00780712	
      3631	0.00781218	
      3632	0.00781725	
      3633	0.00782234	
      3634	0.00782744	
      3635	0.00783256	
      3636	0.00782515	
      3637	0.00781774	
      3638	0.00781033	
      3639	0.00780292	
      3640	0.00779551	
      3641	0.00780067	
      3642	0.00780586	
      3643	0.00781106	
      3644	0.00781627	
      3645	0.00782151	
      3646	0.00781413	
      3647	0.00780676	
      3648	0.00779938	
      3649	0.00779201	
      3650	0.00778463	
      3651	0.00777726	
      3652	0.00776989	
      3653	0.00776252	
      3654	0.00775514	
      3655	0.00774778	
      3656	0.00775312	
      3657	0.00775848	
      3658	0.00776386	
      3659	0.00776926	
      3660	0.00777468	
      3661	0.00778012	
      3662	0.00778559	
      3663	0.00779107	
      3664	0.00779657	
      3665	 0.0078021	
      3666	0.00778205	
      3667	0.00776199	
      3668	0.00774192	
      3669	0.00772183	
      3670	0.00770814	
      3671	 0.0077073	
      3672	 0.0077129	
      3673	0.00771853	
      3674	0.00772418	
      3675	0.00772986	
      3676	0.00772268	
      3677	 0.0077155	
      3678	0.00770833	
      3679	0.00770117	
      3680	0.00769402	
      3681	0.00768689	
      3682	0.00767976	
      3683	0.00767265	
      3684	0.00766555	
      3685	0.00765846	
      3686	0.00766438	
      3687	0.00767034	
      3688	0.00767633	
      3689	0.00768236	
      3690	0.00768842	
      3691	0.00768149	
      3692	0.00767458	
      3693	0.00766769	
      3694	0.00766082	
      3695	0.00765398	
      3696	0.00764716	
      3697	0.00764037	
      3698	0.00763361	
      3699	0.00762688	
      3700	0.00762019	
      3701	0.00762615	
      3702	0.00763214	
      3703	0.00763814	
      3704	0.00764417	
      3705	0.00765022	
      3706	0.00764309	
      3707	0.00763596	
      3708	0.00762882	
      3709	0.00762169	
      3710	0.00761456	
      3711	0.00762069	
      3712	0.00762683	
      3713	  0.007633	
      3714	0.00763919	
      3715	 0.0076454	
      3716	0.00763832	
      3717	0.00763125	
      3718	0.00762417	
      3719	 0.0076171	
      3720	0.00761003	
      3721	0.00761632	
      3722	0.00762263	
      3723	0.00762896	
      3724	0.00763532	
      3725	 0.0076417	
      3726	0.00763468	
      3727	0.00762767	
      3728	0.00762066	
      3729	0.00761365	
      3730	0.00760663	
      3731	 0.0076131	
      3732	0.00761958	
      3733	 0.0076261	
      3734	0.00763263	
      3735	0.00763919	
      3736	0.00761871	
      3737	0.00759821	
      3738	0.00757768	
      3739	0.00755713	
      3740	0.00754335	
      3741	0.00754315	
      3742	0.00754976	
      3743	 0.0075564	
      3744	0.00756307	
      3745	0.00756976	
      3746	0.00756282	
      3747	0.00755589	
      3748	0.00754895	
      3749	0.00754202	
      3750	0.00753509	
      3751	0.00754188	
      3752	0.00754869	
      3753	0.00755553	
      3754	0.00756239	
      3755	0.00756928	
      3756	0.00756243	
      3757	0.00755557	
      3758	0.00754872	
      3759	0.00754187	
      3760	0.00753502	
      3761	0.00754202	
      3762	0.00754904	
      3763	0.00755609	
      3764	0.00756317	
      3765	0.00757028	
      3766	0.00757742	
      3767	0.00758459	
      3768	0.00759179	
      3769	0.00759902	
      3770	0.00760628	
      3771	0.00759959	
      3772	0.00759292	
      3773	0.00758625	
      3774	0.00757958	
      3775	0.00757291	
      3776	0.00756625	
      3777	 0.0075596	
      3778	0.00755295	
      3779	 0.0075463	
      3780	0.00753966	
      3781	0.00754713	
      3782	0.00755464	
      3783	0.00756218	
      3784	0.00756975	
      3785	0.00757735	
      3786	0.00757082	
      3787	0.00756429	
      3788	0.00755776	
      3789	0.00755124	
      3790	0.00754473	
      3791	0.00755248	
      3792	0.00756026	
      3793	0.00756808	
      3794	0.00757593	
      3795	0.00758383	
      3796	0.00757743	
      3797	0.00757105	
      3798	0.00756467	
      3799	 0.0075583	
      3800	0.00755194	
      3801	0.00749972	
      3802	0.00745926	
      3803	0.00742562	
      3804	0.00739658	
      3805	 0.0073709	
      3806	0.00733384	
      3807	0.00729895	
      3808	0.00726587	
      3809	0.00723433	
      3810	0.00720411	
      3811	0.00718888	
      3812	0.00717462	
      3813	0.00716123	
      3814	0.00714862	
      3815	0.00713674	
      3816	 0.0071118	
      3817	 0.0070875	
      3818	0.00706381	
      3819	0.00704066	
      3820	0.00701803	
      3821	 0.0070095	
      3822	0.00700139	
      3823	0.00699368	
      3824	0.00698635	
      3825	0.00697939	
      3826	0.00697276	
      3827	0.00696646	
      3828	0.00696048	
      3829	 0.0069548	
      3830	0.00694941	
      3831	0.00693082	
      3832	0.00691251	
      3833	0.00689448	
      3834	0.00687672	
      3835	0.00685922	
      3836	0.00685542	
      3837	0.00685184	
      3838	0.00684849	
      3839	0.00684536	
      3840	0.00684245	
      3841	0.00682633	
      3842	0.00681043	
      3843	0.00679474	
      3844	0.00677926	
      3845	0.00676399	
      3846	 0.0067623	
      3847	 0.0067608	
      3848	0.00675949	
      3849	0.00675837	
      3850	0.00675743	
      3851	0.00674329	
      3852	0.00672934	
      3853	0.00671557	
      3854	0.00670198	
      3855	0.00668856	
      3856	0.00668202	
      3857	0.00667565	
      3858	0.00666277	
      3859	0.00665675	
      3860	0.00665091	
      3861	0.00664524	
      3862	0.00664644	
      3863	0.00664113	
      3864	 0.0066427	
      3865	0.00663775	
      3866	0.00662627	
      3867	0.00662168	
      3868	0.00661057	
      3869	0.00660635	
      3870	 0.0065956	
      3871	0.00659847	
      3872	0.00660153	
      3873	 0.0066048	
      3874	0.00660828	
      3875	0.00661196	
      3876	0.00660241	
      3877	0.00659979	
      3878	0.00659066	
      3879	0.00658848	
      3880	0.00657979	
      3881	0.00657807	
      3882	0.00657661	
      3883	0.00657539	
      3884	0.00657444	
      3885	0.00657376	
      3886	0.00658014	
      3887	0.00658684	
      3888	0.00660065	
      3889	0.00660802	
      3890	0.00661574	
      3891	0.00661019	
      3892	  0.006605	
      3893	0.00660704	
      3894	0.00660266	
      3895	0.00659871	
      3896	0.00660898	
      3897	0.00661291	
      3898	0.00662431	
      3899	0.00662945	
      3900	 0.0066422	
      3901	0.00665319	
      3902	0.00666425	
      3903	0.00666841	
      3904	0.00667959	
      3905	0.00669083	
      3906	0.00669516	
      3907	0.00669253	
      3908	0.00669693	
      3909	0.00669436	
      3910	0.00669884	
      3911	0.00671043	
      3912	0.00671503	
      3913	0.00672675	
      3914	0.00673147	
      3915	0.00674333	
      3916	0.00674105	
      3917	0.00673881	
      3918	0.00674373	
      3919	0.00674155	
      3920	0.00673941	
      3921	0.00675166	
      3922	0.00676399	
      3923	 0.0067692	
      3924	0.00678169	
      3925	0.00679428	
      3926	0.00679247	
      3927	0.00679796	
      3928	0.00679625	
      3929	0.00680187	
      3930	0.00680025	
      3931	0.00681331	
      3932	0.00681914	
      3933	0.00683239	
      3934	0.00683839	
      3935	0.00685184	
      3936	0.00685802	
      3937	0.00685688	
      3938	0.00686322	
      3939	0.00686221	
      3940	0.00686871	
      3941	 0.0068753	
      3942	0.00688945	
      3943	0.00689624	
      3944	0.00691064	
      3945	0.00691765	
      3946	0.00691724	
      3947	0.00691689	
      3948	 0.0069242	
      3949	0.00692403	
      3950	0.00692395	
      3951	0.00693157	
      3952	0.00694695	
      3953	0.00695484	
      3954	0.00697052	
      3955	 0.0069787	
      3956	0.00698701	
      3957	0.00699546	
      3958	0.00699633	
      3959	0.00700507	
      3960	0.00701397	
      3961	0.00703083	
      3962	0.00704789	
      3963	0.00705734	
      3964	0.00707482	
      3965	0.00709253	
      3966	 0.0070947	
      3967	0.00710494	
      3968	0.00710746	
      3969	0.00711812	
      3970	0.00712104	
      3971	0.00714014	
      3972	0.00715152	
      3973	0.00717121	
      3974	0.00718315	
      3975	0.00720347	
      3976	0.00721603	
      3977	0.00722078	
      3978	0.00723398	
      3979	0.00723934	
      3980	0.00725324	
      3981	0.00726754	
      3982	0.00728226	
      3983	0.00730571	
      3984	0.00732138	
      3985	0.00733757	
      3986	0.00736267	
      3987	0.00738002	
      3988	0.00740644	
      3989	0.00742516	
      3990	0.00745312	
      3991	0.00746494	
      3992	0.00748616	
      3993	 0.0074998	
      3994	0.00752313	
      3995	0.00753908	
      3996	0.00757382	
      3997	0.00760159	
      3998	0.00764015	
      3999	0.00767237	
      4000	0.00771647	
