       280	0.000353481	
       281	0.000676374	
       282	 0.0011922	
       283	0.00148812	
       284	0.00140068	
       285	0.000928257	
       286	 0.0012213	
       287	0.00179651	
       288	0.00169425	
       289	0.00214087	
       290	0.00304891	
       291	0.00344019	
       292	  0.003258	
       293	 0.0031709	
       294	 0.0032096	
       295	0.00327337	
       296	0.00348593	
       297	0.00320447	
       298	0.00334419	
       299	0.00317645	
       300	0.00313024	
       301	0.00459242	
       302	0.00695664	
       303	 0.0129652	
       304	 0.0202322	
       305	 0.0299385	
       306	 0.0325065	
       307	  0.040066	
       308	 0.0501859	
       309	 0.0532256	
       310	 0.0605687	
       311	 0.0891955	
       312	 0.0967415	
       313	  0.106478	
       314	  0.120978	
       315	  0.127746	
       316	  0.123558	
       317	  0.155495	
       318	  0.164037	
       319	  0.166752	
       320	  0.193445	
       321	  0.199771	
       322	   0.19674	
       323	  0.190469	
       324	   0.21795	
       325	  0.258892	
       326	  0.311361	
       327	  0.326363	
       328	  0.321051	
       329	   0.34705	
       330	  0.385398	
       331	  0.361172	
       332	  0.362274	
       333	  0.357755	
       334	  0.363135	
       335	  0.383252	
       336	   0.34923	
       337	  0.329807	
       338	  0.368242	
       339	  0.393063	
       340	  0.423913	
       341	  0.409167	
       342	  0.416807	
       343	  0.433183	
       344	  0.374819	
       345	  0.390781	
       346	   0.41611	
       347	  0.422001	
       348	  0.413892	
       349	  0.410481	
       350	  0.455659	
       351	  0.478981	
       352	  0.450041	
       353	  0.460981	
       354	  0.524983	
       355	  0.533941	
       356	  0.490439	
       357	  0.419164	
       358	  0.382014	
       359	  0.423675	
       360	  0.520532	
       361	  0.473814	
       362	  0.483636	
       363	  0.530388	
       364	  0.535292	
       365	   0.56688	
       366	  0.647435	
       367	  0.647834	
       368	  0.609263	
       369	  0.627515	
       370	  0.660361	
       371	  0.627486	
       372	  0.610075	
       373	  0.549454	
       374	  0.502025	
       375	   0.53922	
       376	  0.602922	
       377	  0.652923	
       378	  0.758487	
       379	  0.683823	
       380	  0.644446	
       381	  0.678741	
       382	  0.541828	
       383	   0.42518	
       384	   0.47475	
       385	  0.596823	
       386	  0.580615	
       387	  0.596238	
       388	  0.585705	
       389	  0.635229	
       390	  0.726641	
       391	  0.775742	
       392	  0.718762	
       393	  0.462238	
       394	  0.475407	
       395	  0.731714	
       396	  0.675199	
       397	  0.470176	
       398	  0.773527	
       399	  0.982714	
       400	   1.03747	
       401	   1.07723	
       402	   1.10875	
       403	   1.08692	
       404	    1.0921	
       405	   1.07536	
       406	   1.04978	
       407	   1.03654	
       408	   1.07931	
       409	   1.11996	
       410	   1.01814	
       411	   1.09475	
       412	     1.155	
       413	   1.12614	
       414	   1.11401	
       415	   1.14881	
       416	   1.17809	
       417	   1.15519	
       418	   1.12059	
       419	   1.13508	
       420	   1.08684	
       421	   1.17992	
       422	   1.18128	
       423	   1.15174	
       424	   1.14955	
       425	   1.17248	
       426	   1.14499	
       427	   1.11389	
       428	   1.10627	
       429	   1.01784	
       430	  0.841923	
       431	  0.823034	
       432	   1.17514	
       433	   1.16219	
       434	   1.09998	
       435	   1.18348	
       436	   1.28559	
       437	   1.29782	
       438	   1.17322	
       439	   1.14404	
       440	   1.26013	
       441	   1.27825	
       442	   1.34485	
       443	   1.36935	
       444	   1.35057	
       445	   1.37245	
       446	   1.29124	
       447	   1.40036	
       448	     1.434	
       449	   1.43999	
       450	   1.48635	
       451	   1.52569	
       452	   1.47228	
       453	    1.3924	
       454	   1.44976	
       455	   1.45924	
       456	   1.49509	
       457	   1.51008	
       458	   1.48583	
       459	   1.47242	
       460	   1.47359	
       461	    1.5105	
       462	   1.53003	
       463	    1.5293	
       464	   1.49527	
       465	   1.47402	
       466	   1.48699	
       467	   1.45071	
       468	   1.49061	
       469	   1.49891	
       470	   1.46048	
       471	   1.48179	
       472	   1.53596	
       473	   1.50481	
       474	   1.51774	
       475	   1.55519	
       476	   1.52664	
       477	   1.53958	
       478	   1.57337	
       479	     1.556	
       480	    1.5699	
       481	   1.56938	
       482	   1.56786	
       483	   1.54914	
       484	   1.52459	
       485	    1.4808	
       486	   1.28158	
       487	    1.3707	
       488	   1.46581	
       489	   1.43314	
       490	   1.53722	
       491	    1.5044	
       492	   1.45795	
       493	   1.51584	
       494	   1.51185	
       495	   1.56893	
       496	   1.52709	
       497	    1.5308	
       498	   1.50045	
       499	   1.49631	
       500	   1.49214	
       501	   1.45859	
       502	   1.46306	
       503	   1.50569	
       504	   1.45729	
       505	   1.52544	
       506	   1.57703	
       507	   1.52752	
       508	   1.49362	
       509	    1.5364	
       510	   1.51423	
       511	   1.53254	
       512	   1.55481	
       513	   1.48521	
       514	   1.45106	
       515	   1.48415	
       516	   1.46278	
       517	   1.27866	
       518	   1.37022	
       519	   1.37347	
       520	   1.46525	
       521	   1.49309	
       522	   1.51297	
       523	   1.46111	
       524	   1.53283	
       525	   1.53576	
       526	   1.47678	
       527	   1.35776	
       528	   1.48851	
       529	   1.55939	
       530	   1.53224	
       531	   1.58734	
       532	    1.5543	
       533	   1.43697	
       534	   1.49207	
       535	   1.53015	
       536	   1.56123	
       537	   1.48779	
       538	   1.52288	
       539	    1.4966	
       540	   1.44913	
       541	   1.41782	
       542	   1.50442	
       543	   1.50436	
       544	   1.53861	
       545	    1.5153	
       546	   1.50712	
       547	   1.51408	
       548	   1.49169	
       549	   1.51584	
       550	   1.50962	
       551	   1.51209	
       552	   1.53077	
       553	   1.50281	
       554	   1.52249	
       555	      1.53	
       556	   1.50806	
       557	     1.479	
       558	   1.48952	
       559	   1.44214	
       560	   1.46177	
       561	   1.51696	
       562	   1.47969	
       563	   1.51049	
       564	   1.50063	
       565	   1.49381	
       566	   1.44629	
       567	   1.50861	
       568	   1.51192	
       569	   1.49285	
       570	   1.48291	
       571	   1.45093	
       572	   1.51164	
       573	   1.52767	
       574	   1.51834	
       575	    1.4918	
       576	   1.48566	
       577	   1.50295	
       578	   1.47248	
       579	   1.47968	
       580	   1.48793	
       581	   1.49112	
       582	   1.50451	
       583	   1.51182	
       584	   1.50592	
       585	   1.49393	
       586	    1.4677	
       587	   1.49136	
       588	   1.46413	
       589	   1.35034	
       590	   1.40051	
       591	   1.46395	
       592	   1.46118	
       593	   1.45945	
       594	   1.46029	
       595	   1.45809	
       596	   1.47227	
       597	   1.47831	
       598	   1.45567	
       599	   1.44841	
       600	   1.45248	
       601	   1.43496	
       602	   1.42465	
       603	   1.44639	
       604	   1.46929	
       605	   1.46745	
       606	   1.46258	
       607	   1.46299	
       608	   1.45727	
       609	   1.44542	
       610	   1.43895	
       611	   1.43637	
       612	   1.45264	
       613	   1.43327	
       614	   1.40544	
       615	   1.42801	
       616	   1.40116	
       617	   1.39109	
       618	   1.42953	
       619	   1.44376	
       620	   1.44743	
       621	   1.45111	
       622	    1.4283	
       623	   1.42452	
       624	   1.41648	
       625	   1.39779	
       626	    1.4014	
       627	   1.43483	
       628	   1.44167	
       629	   1.44105	
       630	   1.42866	
       631	   1.41383	
       632	   1.37756	
       633	   1.41943	
       634	   1.41097	
       635	   1.41107	
       636	   1.39291	
       637	   1.42308	
       638	   1.43394	
       639	   1.41897	
       640	   1.39211	
       641	   1.38893	
       642	   1.39222	
       643	   1.40414	
       644	   1.39663	
       645	   1.40424	
       646	   1.38371	
       647	   1.39239	
       648	   1.38374	
       649	   1.34902	
       650	    1.3403	
       651	   1.38918	
       652	     1.387	
       653	   1.39026	
       654	   1.37282	
       655	   1.31064	
       656	    1.1807	
       657	   1.21666	
       658	   1.32919	
       659	   1.35001	
       660	   1.36539	
       661	   1.37531	
       662	   1.37646	
       663	   1.36993	
       664	   1.36559	
       665	   1.37772	
       666	   1.37226	
       667	   1.35798	
       668	   1.34875	
       669	    1.3563	
       670	   1.33435	
       671	   1.32446	
       672	   1.30879	
       673	   1.30875	
       674	   1.29935	
       675	   1.29132	
       676	   1.29852	
       677	   1.28662	
       678	   1.28664	
       679	   1.27293	
       680	   1.26894	
       681	   1.26719	
       682	   1.26446	
       683	   1.25544	
       684	   1.24652	
       685	   1.23979	
       686	   1.21728	
       687	   1.23814	
       688	   1.24741	
       689	   1.24723	
       690	   1.24497	
       691	   1.23932	
       692	   1.22946	
       693	   1.23656	
       694	   1.23843	
       695	   1.22865	
       696	   1.22956	
       697	   1.23055	
       698	   1.22197	
       699	   1.22849	
       700	   1.22544	
       701	   1.22034	
       702	   1.21751	
       703	   1.22791	
       704	   1.24077	
       705	    1.2507	
       706	   1.24236	
       707	   1.23888	
       708	   1.24281	
       709	   1.24478	
       710	   1.26131	
       711	   1.22501	
       712	   1.19235	
       713	   1.17071	
       714	   1.16098	
       715	   1.13486	
       716	   1.13494	
       717	   1.12742	
       718	   1.10722	
       719	   1.07123	
       720	   1.09245	
       721	   1.09538	
       722	   1.09736	
       723	   1.09034	
       724	   1.09145	
       725	   1.08737	
       726	   1.08557	
       727	   1.08998	
       728	   1.08948	
       729	   1.06448	
       730	   1.09828	
       731	   1.09424	
       732	   1.10819	
       733	    1.1079	
       734	   1.13129	
       735	   1.13416	
       736	   1.12913	
       737	   1.13574	
       738	   1.13616	
       739	   1.12456	
       740	   1.15266	
       741	   1.14826	
       742	   1.14501	
       743	    1.1667	
       744	   1.17715	
       745	    1.1729	
       746	   1.17324	
       747	   1.17364	
       748	   1.16841	
       749	   1.16782	
       750	   1.16275	
       751	   1.16351	
       752	   1.16558	
       753	   1.16805	
       754	   1.17536	
       755	   1.17463	
       756	   1.16125	
       757	   1.16052	
       758	    1.1655	
       759	   1.15436	
       760	   1.15817	
       761	   1.15276	
       762	   1.15196	
       763	   1.12592	
       764	   1.10636	
       765	   1.07823	
       766	    1.0323	
       767	   1.02388	
       768	   1.03248	
       769	   1.02675	
       770	   1.02963	
       771	   1.03488	
       772	   1.04041	
       773	   1.04628	
       774	   1.05257	
       775	   1.05937	
       776	   1.06576	
       777	   1.06753	
       778	   1.07741	
       779	   1.09467	
       780	   1.10546	
       781	   1.10387	
       782	   1.10925	
       783	   1.10193	
       784	   1.09462	
       785	   1.10007	
       786	   1.10091	
       787	   1.09944	
       788	   1.09222	
       789	   1.08963	
       790	   1.08129	
       791	    1.0718	
       792	   1.06233	
       793	   1.05287	
       794	   1.04458	
       795	   1.04438	
       796	   1.05341	
       797	   1.06707	
       798	   1.06112	
       799	   1.05056	
       800	   1.03771	
       801	   1.03511	
       802	    1.0257	
       803	   1.00585	
       804	   1.00057	
       805	  0.979411	
       806	  0.989721	
       807	  0.981673	
       808	  0.973977	
       809	  0.957897	
       810	  0.958343	
       811	  0.956793	
       812	  0.959682	
       813	  0.957331	
       814	  0.952974	
       815	  0.943437	
       816	  0.939337	
       817	  0.933691	
       818	  0.915585	
       819	  0.897697	
       820	  0.893567	
       821	  0.894731	
       822	  0.882487	
       823	  0.888966	
       824	  0.884861	
       825	  0.891643	
       826	  0.905142	
       827	  0.912912	
       828	  0.913844	
       829	  0.915443	
       830	  0.924512	
       831	  0.936256	
       832	    0.9409	
       833	  0.925525	
       834	   0.93815	
       835	  0.944221	
       836	  0.952713	
       837	  0.950122	
       838	  0.951113	
       839	  0.948953	
       840	  0.958538	
       841	  0.958311	
       842	   0.94551	
       843	   0.94187	
       844	  0.932508	
       845	  0.951854	
       846	  0.952875	
       847	  0.933215	
       848	   0.93082	
       849	  0.920382	
       850	  0.862379	
       851	  0.912035	
       852	  0.916836	
       853	  0.897937	
       854	  0.826915	
       855	   0.86298	
       856	   0.91754	
       857	  0.940558	
       858	  0.944782	
       859	  0.945743	
       860	  0.941064	
       861	  0.940561	
       862	  0.948295	
       863	  0.947322	
       864	  0.931425	
       865	  0.904239	
       866	  0.828498	
       867	  0.867375	
       868	  0.905197	
       869	  0.905515	
       870	  0.915477	
       871	  0.909331	
       872	  0.915766	
       873	  0.908319	
       874	  0.893689	
       875	  0.885655	
       876	  0.902914	
       877	  0.907814	
       878	   0.90425	
       879	   0.89303	
       880	  0.889924	
       881	  0.842376	
       882	  0.839709	
       883	  0.827947	
       884	  0.822054	
       885	  0.817909	
       886	  0.792359	
       887	  0.782253	
       888	  0.787053	
       889	    0.7844	
       890	  0.777304	
       891	  0.769097	
       892	  0.758342	
       893	  0.744255	
       894	  0.741831	
       895	  0.739863	
       896	   0.73972	
       897	  0.731779	
       898	  0.724223	
       899	  0.714092	
       900	  0.707737	
       901	  0.692739	
       902	  0.679867	
       903	  0.700138	
       904	   0.70011	
       905	  0.693987	
       906	   0.69121	
       907	  0.695487	
       908	    0.6893	
       909	    0.6828	
       910	  0.689391	
       911	  0.693446	
       912	  0.693289	
       913	   0.70106	
       914	  0.702763	
       915	  0.700292	
       916	  0.702927	
       917	  0.700055	
       918	  0.699345	
       919	  0.700997	
       920	  0.695855	
       921	  0.685697	
       922	  0.677213	
       923	  0.662522	
       924	  0.682085	
       925	  0.686387	
       926	  0.622561	
       927	  0.598611	
       928	   0.56668	
       929	  0.539219	
       930	  0.515834	
       931	  0.497486	
       932	  0.478457	
       933	   0.46429	
       934	  0.448306	
       935	  0.430357	
       936	  0.415986	
       937	  0.405227	
       938	  0.409631	
       939	  0.410853	
       940	  0.406774	
       941	  0.403919	
       942	   0.39852	
       943	   0.41026	
       944	   0.40825	
       945	  0.412158	
       946	   0.41776	
       947	   0.42015	
       948	  0.424176	
       949	  0.432868	
       950	   0.43917	
       951	   0.44423	
       952	  0.454125	
       953	  0.462064	
       954	  0.464925	
       955	  0.458197	
       956	  0.480919	
       957	  0.497473	
       958	  0.513243	
       959	  0.528749	
       960	  0.539246	
       961	   0.55212	
       962	  0.570713	
       963	  0.588778	
       964	  0.608025	
       965	  0.641273	
       966	  0.639443	
       967	  0.645471	
       968	  0.643209	
       969	  0.647026	
       970	  0.651032	
       971	  0.649231	
       972	  0.654228	
       973	  0.652231	
       974	   0.64745	
       975	  0.652726	
       976	  0.660586	
       977	   0.65978	
       978	   0.66508	
       979	  0.663245	
       980	   0.67097	
       981	   0.67373	
       982	  0.679646	
       983	  0.679774	
       984	   0.67846	
       985	  0.681567	
       986	  0.681608	
       987	  0.684148	
       988	  0.685345	
       989	  0.683068	
       990	  0.688118	
       991	  0.695834	
       992	   0.69821	
       993	  0.703845	
       994	  0.709496	
       995	  0.706471	
       996	   0.70427	
       997	  0.697375	
       998	  0.696344	
       999	  0.696008	
      1000	  0.697325	
      1001	  0.700512	
      1002	  0.700193	
      1003	  0.693293	
      1004	  0.682049	
      1005	   0.65236	
      1006	  0.672593	
      1007	   0.68626	
      1008	  0.688998	
      1009	  0.686921	
      1010	  0.687558	
      1011	   0.68442	
      1012	  0.682819	
      1013	  0.679805	
      1014	  0.680217	
      1015	  0.672725	
      1016	  0.672895	
      1017	  0.669651	
      1018	  0.673146	
      1019	  0.660926	
      1020	  0.662651	
      1021	  0.663786	
      1022	   0.65795	
      1023	  0.661585	
      1024	  0.663808	
      1025	  0.662959	
      1026	  0.662713	
      1027	   0.66104	
      1028	  0.660922	
      1029	  0.656659	
      1030	  0.657382	
      1031	  0.656575	
      1032	  0.655301	
      1033	  0.647609	
      1034	  0.649687	
      1035	   0.65202	
      1036	  0.651871	
      1037	  0.646955	
      1038	  0.645041	
      1039	  0.648167	
      1040	  0.645818	
      1041	   0.64598	
      1042	  0.645415	
      1043	  0.641509	
      1044	  0.642504	
      1045	  0.637993	
      1046	  0.626656	
      1047	   0.63328	
      1048	  0.638583	
      1049	  0.636704	
      1050	  0.633628	
      1051	  0.633425	
      1052	  0.630587	
      1053	  0.629186	
      1054	  0.628024	
      1055	  0.629736	
      1056	  0.628573	
      1057	  0.626932	
      1058	   0.62026	
      1059	  0.608077	
      1060	  0.617089	
      1061	  0.610779	
      1062	  0.617281	
      1063	  0.612763	
      1064	  0.617942	
      1065	  0.616663	
      1066	  0.606986	
      1067	  0.608341	
      1068	  0.605373	
      1069	  0.582877	
      1070	  0.594537	
      1071	  0.590136	
      1072	  0.585082	
      1073	  0.573049	
      1074	  0.574932	
      1075	  0.564709	
      1076	  0.564638	
      1077	   0.56187	
      1078	  0.558188	
      1079	  0.548224	
      1080	  0.549898	
      1081	  0.537626	
      1082	  0.531146	
      1083	  0.533673	
      1084	  0.535485	
      1085	  0.533201	
      1086	  0.530993	
      1087	  0.515126	
      1088	  0.521258	
      1089	  0.522031	
      1090	  0.517803	
      1091	  0.517046	
      1092	  0.508347	
      1093	  0.499202	
      1094	   0.47989	
      1095	  0.489475	
      1096	  0.492823	
      1097	  0.494506	
      1098	  0.490655	
      1099	  0.487677	
      1100	  0.496999	
      1101	   0.44563	
      1102	  0.404151	
      1103	  0.383245	
      1104	  0.361668	
      1105	  0.342172	
      1106	  0.325254	
      1107	  0.309373	
      1108	  0.296605	
      1109	  0.284682	
      1110	  0.274039	
      1111	  0.262862	
      1112	  0.253254	
      1113	   0.24351	
      1114	  0.237088	
      1115	  0.228995	
      1116	  0.220278	
      1117	  0.215113	
      1118	  0.206265	
      1119	  0.199811	
      1120	   0.19364	
      1121	  0.198859	
      1122	  0.204389	
      1123	   0.20907	
      1124	  0.213679	
      1125	  0.217257	
      1126	   0.21806	
      1127	  0.225882	
      1128	  0.234209	
      1129	  0.240706	
      1130	  0.246368	
      1131	  0.247068	
      1132	  0.247005	
      1133	  0.244073	
      1134	  0.243476	
      1135	  0.243149	
      1136	  0.242612	
      1137	  0.237614	
      1138	  0.234352	
      1139	  0.236509	
      1140	  0.236788	
      1141	  0.232964	
      1142	  0.235378	
      1143	  0.233691	
      1144	  0.231642	
      1145	  0.232724	
      1146	  0.240155	
      1147	  0.246361	
      1148	  0.251421	
      1149	  0.257245	
      1150	  0.263607	
      1151	  0.270622	
      1152	  0.277671	
      1153	  0.286892	
      1154	  0.298045	
      1155	  0.308143	
      1156	  0.316614	
      1157	  0.330123	
      1158	  0.343098	
      1159	  0.354119	
      1160	  0.367269	
      1161	   0.38369	
      1162	  0.394179	
      1163	  0.400236	
      1164	  0.399303	
      1165	   0.40538	
      1166	  0.403296	
      1167	  0.411067	
      1168	  0.416662	
      1169	   0.41211	
      1170	  0.422938	
      1171	  0.426335	
      1172	  0.427039	
      1173	  0.425639	
      1174	  0.425848	
      1175	  0.420499	
      1176	  0.416352	
      1177	  0.423692	
      1178	  0.422093	
      1179	  0.421933	
      1180	  0.426591	
      1181	  0.425735	
      1182	  0.422719	
      1183	  0.408046	
      1184	  0.420815	
      1185	  0.427231	
      1186	  0.428186	
      1187	  0.428632	
      1188	   0.42387	
      1189	  0.410403	
      1190	   0.42344	
      1191	  0.431717	
      1192	  0.432354	
      1193	  0.432688	
      1194	  0.433253	
      1195	  0.431284	
      1196	  0.431671	
      1197	  0.429827	
      1198	  0.421776	
      1199	  0.413044	
      1200	  0.429884	
      1201	  0.436642	
      1202	  0.435921	
      1203	  0.423716	
      1204	  0.422799	
      1205	   0.43231	
      1206	  0.432464	
      1207	  0.432544	
      1208	  0.423338	
      1209	  0.409698	
      1210	  0.422988	
      1211	  0.419051	
      1212	  0.426007	
      1213	  0.428098	
      1214	  0.426844	
      1215	  0.427575	
      1216	  0.427458	
      1217	   0.42704	
      1218	   0.42576	
      1219	  0.423737	
      1220	  0.425145	
      1221	  0.425148	
      1222	  0.423855	
      1223	  0.421703	
      1224	  0.425547	
      1225	  0.425112	
      1226	   0.42494	
      1227	  0.418566	
      1228	  0.422474	
      1229	  0.425881	
      1230	  0.425772	
      1231	   0.42538	
      1232	  0.423263	
      1233	  0.425045	
      1234	  0.424907	
      1235	  0.424427	
      1236	  0.427648	
      1237	  0.429059	
      1238	  0.429914	
      1239	   0.42899	
      1240	  0.432162	
      1241	  0.433235	
      1242	  0.430542	
      1243	  0.425481	
      1244	  0.422588	
      1245	  0.422412	
      1246	  0.423551	
      1247	  0.422646	
      1248	  0.423615	
      1249	  0.422313	
      1250	  0.420352	
      1251	   0.41694	
      1252	  0.413324	
      1253	  0.413502	
      1254	  0.412905	
      1255	  0.411408	
      1256	  0.409595	
      1257	  0.407013	
      1258	  0.407047	
      1259	  0.404835	
      1260	  0.405119	
      1261	  0.403388	
      1262	  0.399201	
      1263	  0.400642	
      1264	  0.396713	
      1265	  0.396488	
      1266	  0.397281	
      1267	  0.392058	
      1268	  0.389198	
      1269	  0.391237	
      1270	  0.392619	
      1271	  0.393584	
      1272	  0.392734	
      1273	  0.392628	
      1274	  0.391458	
      1275	  0.393807	
      1276	  0.395438	
      1277	  0.396114	
      1278	  0.395829	
      1279	   0.39414	
      1280	  0.391263	
      1281	  0.378373	
      1282	  0.350082	
      1283	  0.371902	
      1284	  0.387543	
      1285	  0.391831	
      1286	  0.393522	
      1287	  0.395367	
      1288	  0.395238	
      1289	  0.396565	
      1290	  0.393266	
      1291	  0.389446	
      1292	  0.386827	
      1293	  0.383127	
      1294	  0.376112	
      1295	  0.375146	
      1296	  0.373704	
      1297	  0.369432	
      1298	  0.365089	
      1299	  0.365384	
      1300	  0.362812	
      1301	      0.36	
      1302	  0.355644	
      1303	   0.35235	
      1304	  0.349991	
      1305	  0.351122	
      1306	  0.350363	
      1307	  0.349119	
      1308	  0.347383	
      1309	  0.346005	
      1310	  0.343619	
      1311	   0.34148	
      1312	  0.337292	
      1313	  0.329798	
      1314	  0.334068	
      1315	  0.327825	
      1316	   0.32787	
      1317	  0.331052	
      1318	  0.327938	
      1319	  0.330133	
      1320	  0.328438	
      1321	  0.290212	
      1322	  0.266231	
      1323	  0.247957	
      1324	   0.23283	
      1325	  0.219427	
      1326	  0.207178	
      1327	  0.196161	
      1328	   0.18721	
      1329	  0.175807	
      1330	   0.16984	
      1331	  0.163928	
      1332	  0.155553	
      1333	  0.151804	
      1334	  0.146788	
      1335	   0.14131	
      1336	   0.13555	
      1337	  0.131164	
      1338	   0.12636	
      1339	  0.121099	
      1340	  0.117099	
      1341	  0.115312	
      1342	  0.111834	
      1343	  0.108596	
      1344	  0.105577	
      1345	   0.10256	
      1346	 0.0990859	
      1347	 0.0966972	
      1348	 0.0940299	
      1349	  0.091262	
      1350	 0.0880757	
      1351	 0.0824282	
      1352	 0.0776945	
      1353	 0.0728541	
      1354	  0.068266	
      1355	 0.0636909	
      1356	 0.0600426	
      1357	  0.056322	
      1358	 0.0538671	
      1359	 0.0509914	
      1360	 0.0480634	
      1361	 0.0460521	
      1362	 0.0436784	
      1363	 0.0410433	
      1364	 0.0394024	
      1365	 0.0375629	
      1366	 0.0357883	
      1367	 0.0339486	
      1368	 0.0325946	
      1369	   0.03077	
      1370	 0.0293784	
      1371	 0.0281752	
      1372	 0.0272252	
      1373	 0.0261405	
      1374	 0.0250264	
      1375	 0.0236991	
      1376	 0.0226004	
      1377	 0.0218679	
      1378	  0.021028	
      1379	 0.0203217	
      1380	 0.0194567	
      1381	 0.0187145	
      1382	 0.0178439	
      1383	 0.0172074	
      1384	 0.0166344	
      1385	 0.0159288	
      1386	 0.0154154	
      1387	 0.0147711	
      1388	    0.0143	
      1389	 0.0138087	
      1390	 0.0131641	
      1391	 0.0128205	
      1392	 0.0124003	
      1393	 0.0119251	
      1394	 0.0114711	
      1395	  0.011089	
      1396	 0.0114623	
      1397	 0.0118358	
      1398	 0.0122391	
      1399	 0.0125705	
      1400	 0.0127001	
      1401	 0.0130994	
      1402	 0.0136701	
      1403	 0.0140427	
      1404	 0.0145308	
      1405	 0.0150197	
      1406	 0.0156045	
      1407	 0.0161289	
      1408	 0.0166712	
      1409	 0.0173017	
      1410	  0.017891	
      1411	  0.018405	
      1412	  0.018728	
      1413	 0.0195789	
      1414	 0.0205455	
      1415	 0.0213612	
      1416	 0.0221208	
      1417	 0.0230986	
      1418	 0.0240687	
      1419	 0.0248328	
      1420	 0.0257971	
      1421	 0.0269856	
      1422	  0.027731	
      1423	 0.0288479	
      1424	 0.0301087	
      1425	 0.0316864	
      1426	 0.0324925	
      1427	 0.0342224	
      1428	 0.0360432	
      1429	 0.0372171	
      1430	 0.0389516	
      1431	 0.0411053	
      1432	 0.0439212	
      1433	 0.0462318	
      1434	 0.0480759	
      1435	  0.050825	
      1436	 0.0537426	
      1437	 0.0569313	
      1438	 0.0601289	
      1439	 0.0638116	
      1440	  0.065538	
      1441	 0.0700295	
      1442	 0.0747992	
      1443	 0.0786047	
      1444	 0.0806166	
      1445	 0.0825412	
      1446	 0.0847394	
      1447	 0.0862767	
      1448	 0.0888065	
      1449	 0.0907686	
      1450	 0.0923702	
      1451	 0.0937001	
      1452	 0.0959593	
      1453	 0.0985898	
      1454	  0.100698	
      1455	  0.102983	
      1456	  0.105332	
      1457	  0.108886	
      1458	  0.113212	
      1459	   0.11685	
      1460	  0.119505	
      1461	  0.122605	
      1462	   0.12544	
      1463	   0.12671	
      1464	  0.126855	
      1465	  0.127878	
      1466	  0.126893	
      1467	  0.128275	
      1468	  0.127292	
      1469	  0.128211	
      1470	  0.127537	
      1471	   0.12573	
      1472	  0.126087	
      1473	  0.125778	
      1474	  0.123351	
      1475	  0.124847	
      1476	  0.125464	
      1477	  0.125208	
      1478	  0.127572	
      1479	  0.131218	
      1480	  0.134307	
      1481	  0.136127	
      1482	  0.139579	
      1483	  0.140732	
      1484	  0.145312	
      1485	  0.150312	
      1486	  0.152674	
      1487	  0.153305	
      1488	  0.145551	
      1489	  0.161251	
      1490	  0.169189	
      1491	  0.174552	
      1492	  0.178621	
      1493	  0.186091	
      1494	  0.192895	
      1495	  0.198864	
      1496	  0.202288	
      1497	  0.214022	
      1498	  0.216845	
      1499	  0.216983	
      1500	  0.221485	
      1501	  0.222912	
      1502	  0.220274	
      1503	  0.207225	
      1504	  0.213138	
      1505	  0.210641	
      1506	  0.219859	
      1507	  0.228598	
      1508	  0.229167	
      1509	  0.230404	
      1510	  0.236164	
      1511	  0.238668	
      1512	  0.237522	
      1513	  0.238857	
      1514	  0.240791	
      1515	  0.245627	
      1516	  0.248692	
      1517	   0.25187	
      1518	  0.259182	
      1519	  0.262661	
      1520	  0.272659	
      1521	  0.268036	
      1522	   0.26711	
      1523	  0.270116	
      1524	  0.270629	
      1525	  0.266871	
      1526	  0.271582	
      1527	  0.270821	
      1528	  0.271858	
      1529	  0.268971	
      1530	  0.259393	
      1531	  0.269216	
      1532	  0.271049	
      1533	   0.26858	
      1534	  0.265294	
      1535	  0.267567	
      1536	  0.270493	
      1537	  0.270333	
      1538	  0.265657	
      1539	  0.267837	
      1540	  0.260967	
      1541	  0.261898	
      1542	  0.262874	
      1543	  0.262522	
      1544	  0.263324	
      1545	   0.26346	
      1546	  0.261871	
      1547	  0.258204	
      1548	  0.253057	
      1549	  0.255591	
      1550	  0.253793	
      1551	  0.254015	
      1552	  0.255423	
      1553	  0.252529	
      1554	  0.247787	
      1555	  0.247611	
      1556	  0.245478	
      1557	  0.249267	
      1558	  0.248305	
      1559	  0.248003	
      1560	  0.246768	
      1561	  0.249955	
      1562	  0.249314	
      1563	  0.248211	
      1564	  0.246057	
      1565	  0.248225	
      1566	  0.246321	
      1567	  0.246402	
      1568	  0.244382	
      1569	  0.246116	
      1570	  0.246098	
      1571	  0.250443	
      1572	  0.251043	
      1573	  0.248477	
      1574	  0.245905	
      1575	  0.237074	
      1576	   0.24221	
      1577	  0.230175	
      1578	  0.242727	
      1579	  0.248771	
      1580	  0.250773	
      1581	  0.250276	
      1582	  0.242909	
      1583	  0.243844	
      1584	  0.242296	
      1585	  0.246912	
      1586	  0.244542	
      1587	  0.241221	
      1588	  0.235074	
      1589	  0.222777	
      1590	  0.227521	
      1591	  0.229304	
      1592	  0.238172	
      1593	  0.242584	
      1594	  0.241689	
      1595	  0.241048	
      1596	  0.232304	
      1597	   0.23415	
      1598	  0.238576	
      1599	  0.235269	
      1600	  0.235484	
      1601	   0.23044	
      1602	   0.23207	
      1603	  0.232423	
      1604	  0.232536	
      1605	  0.230335	
      1606	  0.229527	
      1607	  0.228501	
      1608	  0.231417	
      1609	  0.229238	
      1610	  0.218716	
      1611	  0.222766	
      1612	  0.224634	
      1613	  0.228257	
      1614	  0.227817	
      1615	  0.226573	
      1616	  0.219018	
      1617	  0.221764	
      1618	  0.228056	
      1619	  0.227094	
      1620	  0.221666	
      1621	  0.221558	
      1622	   0.22478	
      1623	  0.229244	
      1624	  0.229834	
      1625	  0.227246	
      1626	    0.2295	
      1627	  0.230765	
      1628	  0.232403	
      1629	  0.233166	
      1630	  0.232062	
      1631	   0.23299	
      1632	  0.232826	
      1633	  0.230214	
      1634	  0.228101	
      1635	  0.230611	
      1636	  0.229836	
      1637	  0.222482	
      1638	  0.220618	
      1639	   0.21741	
      1640	  0.219435	
      1641	  0.218421	
      1642	  0.218752	
      1643	  0.221995	
      1644	  0.220252	
      1645	   0.21961	
      1646	  0.222366	
      1647	  0.222817	
      1648	   0.22218	
      1649	  0.218986	
      1650	  0.220773	
      1651	  0.218797	
      1652	  0.220837	
      1653	  0.219349	
      1654	  0.220049	
      1655	  0.218319	
      1656	   0.21938	
      1657	  0.219479	
      1658	  0.218354	
      1659	  0.216268	
      1660	  0.217457	
      1661	  0.218277	
      1662	  0.217524	
      1663	  0.216655	
      1664	  0.216263	
      1665	  0.214541	
      1666	  0.212946	
      1667	  0.212924	
      1668	  0.210351	
      1669	  0.211786	
      1670	  0.214802	
      1671	  0.213443	
      1672	  0.207244	
      1673	  0.209407	
      1674	  0.211688	
      1675	  0.209487	
      1676	  0.207171	
      1677	  0.208365	
      1678	  0.208949	
      1679	  0.205411	
      1680	  0.198482	
      1681	  0.191998	
      1682	  0.194939	
      1683	  0.199814	
      1684	   0.20242	
      1685	  0.202777	
      1686	   0.20053	
      1687	   0.20057	
      1688	  0.200024	
      1689	  0.197595	
      1690	  0.197428	
      1691	  0.199993	
      1692	  0.200085	
      1693	  0.199119	
      1694	  0.198746	
      1695	   0.19839	
      1696	  0.197326	
      1697	  0.196279	
      1698	  0.195821	
      1699	  0.194545	
      1700	  0.192115	
      1701	  0.191554	
      1702	  0.191316	
      1703	  0.190848	
      1704	  0.190337	
      1705	  0.189766	
      1706	  0.188725	
      1707	  0.187614	
      1708	  0.186507	
      1709	  0.185406	
      1710	  0.184494	
      1711	  0.184696	
      1712	  0.185084	
      1713	  0.185474	
      1714	  0.185866	
      1715	  0.186101	
      1716	  0.185362	
      1717	  0.184469	
      1718	  0.183579	
      1719	  0.182693	
      1720	  0.181882	
      1721	  0.181479	
      1722	   0.18115	
      1723	  0.180824	
      1724	  0.180499	
      1725	  0.180112	
      1726	  0.179307	
      1727	   0.17844	
      1728	  0.177575	
      1729	  0.176713	
      1730	  0.175698	
      1731	  0.173721	
      1732	  0.171593	
      1733	  0.169469	
      1734	  0.167349	
      1735	  0.165668	
      1736	  0.166568	
      1737	  0.167902	
      1738	  0.169235	
      1739	  0.170567	
      1740	  0.171627	
      1741	  0.160233	
      1742	  0.152193	
      1743	   0.14572	
      1744	  0.140192	
      1745	  0.135377	
      1746	  0.131358	
      1747	  0.127759	
      1748	  0.124453	
      1749	  0.121389	
      1750	  0.118552	
      1751	  0.115979	
      1752	  0.113575	
      1753	  0.111304	
      1754	  0.109151	
      1755	  0.107063	
      1756	   0.10481	
      1757	  0.102616	
      1758	  0.100512	
      1759	 0.0984915	
      1760	 0.0965748	
      1761	 0.0948854	
      1762	 0.0932825	
      1763	 0.0917355	
      1764	 0.0902409	
      1765	 0.0887953	
      1766	 0.0873958	
      1767	 0.0860396	
      1768	 0.0847245	
      1769	  0.083448	
      1770	 0.0821762	
      1771	 0.0807328	
      1772	 0.0792978	
      1773	 0.0779011	
      1774	  0.076541	
      1775	 0.0752587	
      1776	 0.0742619	
      1777	 0.0733314	
      1778	 0.0724235	
      1779	 0.0715372	
      1780	 0.0706516	
      1781	 0.0696672	
      1782	 0.0686857	
      1783	 0.0677261	
      1784	 0.0667877	
      1785	 0.0658886	
      1786	  0.065121	
      1787	  0.064388	
      1788	   0.06367	
      1789	 0.0629665	
      1790	 0.0622521	
      1791	 0.0613889	
      1792	 0.0605183	
      1793	 0.0596649	
      1794	 0.0588281	
      1795	 0.0580074	
      1796	 0.0572023	
      1797	 0.0564124	
      1798	 0.0556372	
      1799	 0.0548763	
      1800	 0.0541615	
      1801	 0.0506995	
      1802	 0.0476272	
      1803	 0.0448559	
      1804	 0.0423415	
      1805	 0.0400437	
      1806	 0.0379031	
      1807	 0.0359313	
      1808	 0.0341128	
      1809	 0.0324304	
      1810	 0.0308057	
      1811	 0.0289306	
      1812	 0.0271348	
      1813	 0.0254684	
      1814	 0.0239195	
      1815	 0.0225471	
      1816	 0.0216605	
      1817	 0.0208885	
      1818	 0.0201581	
      1819	 0.0194659	
      1820	 0.0188033	
      1821	   0.01814	
      1822	 0.0175049	
      1823	 0.0169014	
      1824	 0.0163273	
      1825	 0.0157643	
      1826	 0.0151292	
      1827	 0.0145111	
      1828	 0.0139244	
      1829	 0.0133668	
      1830	 0.0128432	
      1831	 0.0123792	
      1832	 0.0119426	
      1833	 0.0115257	
      1834	 0.0111274	
      1835	 0.0107454	
      1836	 0.0103694	
      1837	 0.0100086	
      1838	0.00966335	
      1839	0.00933286	
      1840	0.00901517	
      1841	0.00870182	
      1842	0.00840054	
      1843	0.00811181	
      1844	0.00783499	
      1845	0.00757343	
      1846	0.00734349	
      1847	0.00712603	
      1848	0.00691666	
      1849	0.00671503	
      1850	0.00651863	
      1851	0.00631697	
      1852	0.00612084	
      1853	0.00593202	
      1854	0.00575018	
      1855	0.00557501	
      1856	0.00540621	
      1857	 0.0052435	
      1858	0.00508661	
      1859	 0.0049353	
      1860	0.00478933	
      1861	0.00485201	
      1862	0.00491577	
      1863	0.00498063	
      1864	0.00504661	
      1865	 0.0051148	
      1866	0.00518914	
      1867	0.00526596	
      1868	0.00534425	
      1869	0.00542405	
      1870	0.00549332	
      1871	0.00548866	
      1872	0.00547026	
      1873	0.00545012	
      1874	0.00542819	
      1875	0.00543428	
      1876	0.00562012	
      1877	0.00584199	
      1878	 0.0060702	
      1879	0.00630494	
      1880	0.00652859	
      1881	0.00664985	
      1882	0.00675544	
      1883	0.00686324	
      1884	 0.0069733	
      1885	0.00707987	
      1886	0.00715109	
      1887	 0.0072172	
      1888	0.00728403	
      1889	 0.0073516	
      1890	 0.0074252	
      1891	0.00753212	
      1892	0.00764667	
      1893	0.00776361	
      1894	0.00788302	
      1895	0.00801076	
      1896	0.00817676	
      1897	0.00835301	
      1898	0.00853384	
      1899	 0.0087194	
      1900	 0.0089054	
      1901	0.00906645	
      1902	0.00922676	
      1903	0.00939092	
      1904	0.00955906	
      1905	0.00972989	
      1906	0.00989348	
      1907	 0.0100595	
      1908	 0.0102294	
      1909	 0.0104034	
      1910	 0.0105839	
      1911	 0.0107799	
      1912	 0.0109834	
      1913	 0.0111921	
      1914	 0.0114064	
      1915	 0.0116263	
      1916	 0.0118522	
      1917	 0.0120842	
      1918	 0.0123226	
      1919	 0.0125675	
      1920	 0.0128193	
      1921	 0.0125385	
      1922	 0.0125563	
      1923	 0.0126402	
      1924	 0.0127613	
      1925	 0.0129038	
      1926	 0.0130379	
      1927	 0.0131841	
      1928	 0.0133453	
      1929	 0.0135205	
      1930	 0.0137193	
      1931	 0.0139953	
      1932	 0.0142979	
      1933	  0.014617	
      1934	  0.014953	
      1935	 0.0152982	
      1936	 0.0156068	
      1937	 0.0159229	
      1938	 0.0162554	
      1939	 0.0166051	
      1940	 0.0169469	
      1941	 0.0171456	
      1942	 0.0173272	
      1943	 0.0175181	
      1944	 0.0177188	
      1945	 0.0179896	
      1946	 0.0186442	
      1947	 0.0194002	
      1948	 0.0202014	
      1949	 0.0210518	
      1950	 0.0219384	
      1951	 0.0227745	
      1952	 0.0236477	
      1953	 0.0245811	
      1954	 0.0255813	
      1955	 0.0266353	
      1956	 0.0276413	
      1957	 0.0287067	
      1958	 0.0298635	
      1959	 0.0311256	
      1960	 0.0325052	
      1961	 0.0332899	
      1962	 0.0341049	
      1963	 0.0349581	
      1964	 0.0358527	
      1965	 0.0368221	
      1966	 0.0380273	
      1967	 0.0393317	
      1968	 0.0407121	
      1969	 0.0421756	
      1970	 0.0437064	
      1971	 0.0451691	
      1972	 0.0467043	
      1973	 0.0483487	
      1974	  0.050117	
      1975	 0.0520268	
      1976	 0.0541001	
      1977	 0.0563645	
      1978	 0.0588558	
      1979	 0.0616213	
      1980	 0.0647419	
      1981	 0.0683765	
      1982	 0.0726157	
      1983	 0.0776838	
      1984	 0.0840385	
      1985	 0.0928468	
      1986	 0.0825321	
      1987	 0.0767734	
      1988	 0.0724673	
      1989	 0.0689627	
      1990	 0.0659293	
      1991	 0.0629625	
      1992	 0.0602613	
      1993	 0.0578162	
      1994	 0.0555816	
      1995	 0.0535605	
      1996	 0.0518834	
      1997	 0.0503582	
      1998	 0.0489337	
      1999	 0.0475981	
      2000	 0.0463216	
      2001	 0.0450012	
      2002	 0.0437325	
      2003	 0.0425287	
      2004	 0.0413843	
      2005	 0.0403117	
      2006	 0.0410308	
      2007	 0.0417922	
      2008	 0.0425799	
      2009	 0.0433956	
      2010	 0.0442332	
      2011	 0.0450394	
      2012	 0.0458685	
      2013	 0.0467303	
      2014	 0.0476274	
      2015	 0.0485538	
      2016	 0.0494513	
      2017	 0.0503807	
      2018	 0.0513544	
      2019	 0.0523765	
      2020	 0.0534757	
      2021	 0.0547819	
      2022	 0.0561876	
      2023	 0.0576781	
      2024	 0.0592639	
      2025	  0.060931	
      2026	 0.0625532	
      2027	 0.0642798	
      2028	 0.0661633	
      2029	  0.068238	
      2030	 0.0705719	
      2031	 0.0733137	
      2032	 0.0765193	
      2033	 0.0803952	
      2034	 0.0854733	
      2035	 0.0942572	
      2036	 0.0933996	
      2037	 0.0925816	
      2038	 0.0918083	
      2039	 0.0910715	
      2040	 0.0904326	
      2041	 0.0901896	
      2042	 0.0900332	
      2043	 0.0898936	
      2044	 0.0897688	
      2045	 0.0895993	
      2046	 0.0890614	
      2047	 0.0884792	
      2048	 0.0879097	
      2049	 0.0873521	
      2050	 0.0868301	
      2051	 0.0864326	
      2052	 0.0860688	
      2053	 0.0857134	
      2054	 0.0853662	
      2055	 0.0850104	
      2056	 0.0845328	
      2057	 0.0840467	
      2058	  0.083568	
      2059	 0.0830966	
      2060	 0.0826562	
      2061	 0.0823347	
      2062	 0.0820434	
      2063	 0.0817581	
      2064	 0.0814788	
      2065	 0.0812054	
      2066	  0.081273	
      2067	 0.0813429	
      2068	 0.0814153	
      2069	 0.0814902	
      2070	 0.0815921	
      2071	 0.0818104	
      2072	 0.0820569	
      2073	 0.0823075	
      2074	 0.0825625	
      2075	 0.0827892	
      2076	 0.0828065	
      2077	 0.0827943	
      2078	 0.0827856	
      2079	 0.0827805	
      2080	  0.082796	
      2081	 0.0828996	
      2082	 0.0830252	
      2083	 0.0831567	
      2084	 0.0832944	
      2085	 0.0834474	
      2086	 0.0836249	
      2087	 0.0838192	
      2088	 0.0840227	
      2089	 0.0842362	
      2090	 0.0844435	
      2091	 0.0845761	
      2092	 0.0847044	
      2093	 0.0848474	
      2094	 0.0850076	
      2095	 0.0852235	
      2096	  0.085696	
      2097	 0.0862374	
      2098	 0.0868206	
      2099	 0.0874583	
      2100	 0.0881629	
      2101	 0.0881381	
      2102	 0.0881044	
      2103	 0.0880712	
      2104	 0.0880383	
      2105	 0.0879875	
      2106	 0.0878269	
      2107	 0.0876482	
      2108	 0.0874699	
      2109	 0.0872919	
      2110	 0.0871234	
      2111	 0.0870291	
      2112	 0.0869445	
      2113	 0.0868604	
      2114	 0.0867769	
      2115	 0.0866939	
      2116	 0.0865931	
      2117	 0.0864929	
      2118	 0.0863933	
      2119	 0.0862944	
      2120	 0.0861962	
      2121	 0.0860802	
      2122	 0.0859651	
      2123	 0.0858507	
      2124	 0.0857373	
      2125	 0.0856526	
      2126	 0.0857177	
      2127	  0.085812	
      2128	 0.0859077	
      2129	  0.086005	
      2130	 0.0860666	
      2131	 0.0859248	
      2132	 0.0857473	
      2133	 0.0855714	
      2134	 0.0853973	
      2135	 0.0852533	
      2136	 0.0852988	
      2137	 0.0853753	
      2138	  0.085455	
      2139	 0.0855385	
      2140	 0.0855979	
      2141	 0.0854928	
      2142	 0.0853645	
      2143	 0.0852422	
      2144	 0.0851272	
      2145	 0.0850495	
      2146	 0.0851159	
      2147	 0.0852261	
      2148	 0.0853572	
      2149	 0.0853103	
      2150	  0.085254	
      2151	 0.0851026	
      2152	 0.0849418	
      2153	 0.0847811	
      2154	 0.0846204	
      2155	 0.0844598	
      2156	 0.0842613	
      2157	 0.0840628	
      2158	 0.0838644	
      2159	 0.0836661	
      2160	 0.0833539	
      2161	 0.0823392	
      2162	 0.0812107	
      2163	 0.0800825	
      2164	 0.0789546	
      2165	 0.0780452	
      2166	 0.0784647	
      2167	 0.0791023	
      2168	 0.0797399	
      2169	 0.0803773	
      2170	 0.0809482	
      2171	 0.0810828	
      2172	 0.0811509	
      2173	  0.081219	
      2174	 0.0812872	
      2175	 0.0813174	
      2176	 0.0811202	
      2177	  0.080885	
      2178	 0.0806499	
      2179	 0.0804149	
      2180	 0.0802084	
      2181	 0.0801915	
      2182	 0.0802031	
      2183	 0.0802146	
      2184	 0.0802262	
      2185	 0.0801999	
      2186	 0.0799274	
      2187	 0.0796171	
      2188	 0.0793068	
      2189	 0.0789966	
      2190	 0.0787338	
      2191	 0.0787552	
      2192	 0.0788239	
      2193	 0.0788926	
      2194	 0.0789613	
      2195	 0.0790016	
      2196	 0.0788906	
      2197	 0.0787511	
      2198	 0.0786118	
      2199	 0.0784659	
      2200	 0.0782917	
      2201	 0.0779473	
      2202	 0.0775748	
      2203	 0.0772025	
      2204	 0.0768303	
      2205	 0.0765055	
      2206	 0.0764265	
      2207	 0.0763949	
      2208	 0.0763633	
      2209	 0.0763317	
      2210	 0.0762908	
      2211	 0.0762121	
      2212	 0.0761241	
      2213	 0.0760361	
      2214	 0.0759482	
      2215	 0.0758604	
      2216	 0.0757726	
      2217	 0.0756848	
      2218	 0.0755972	
      2219	 0.0755096	
      2220	 0.0754032	
      2221	 0.0751837	
      2222	 0.0749456	
      2223	 0.0747075	
      2224	 0.0744695	
      2225	 0.0742505	
      2226	 0.0741446	
      2227	 0.0740576	
      2228	 0.0739706	
      2229	 0.0738837	
      2230	 0.0737969	
      2231	 0.0736913	
      2232	 0.0735858	
      2233	 0.0734803	
      2234	 0.0733749	
      2235	 0.0732507	
      2236	 0.0729949	
      2237	 0.0727205	
      2238	 0.0724461	
      2239	 0.0721719	
      2240	  0.071926	
      2241	 0.0718493	
      2242	 0.0718008	
      2243	 0.0717524	
      2244	 0.0717041	
      2245	 0.0716369	
      2246	  0.071476	
      2247	 0.0712963	
      2248	 0.0711167	
      2249	 0.0709372	
      2250	 0.0707578	
      2251	 0.0705409	
      2252	 0.0703241	
      2253	 0.0701073	
      2254	 0.0698907	
      2255	 0.0696929	
      2256	 0.0696265	
      2257	 0.0695788	
      2258	 0.0695312	
      2259	 0.0694836	
      2260	 0.0694267	
      2261	 0.0692761	
      2262	 0.0691162	
      2263	 0.0689564	
      2264	 0.0687967	
      2265	 0.0686557	
      2266	 0.0685897	
      2267	 0.0685425	
      2268	 0.0684953	
      2269	 0.0684482	
      2270	 0.0683917	
      2271	 0.0681554	
      2272	 0.0679156	
      2273	 0.0676811	
      2274	 0.0674514	
      2275	 0.0672075	
      2276	 0.0668753	
      2277	 0.0665288	
      2278	 0.0661863	
      2279	 0.0658474	
      2280	 0.0655396	
      2281	 0.0653998	
      2282	 0.0652899	
      2283	 0.0651822	
      2284	 0.0650766	
      2285	  0.064973	
      2286	 0.0648349	
      2287	 0.0646987	
      2288	 0.0645643	
      2289	 0.0644316	
      2290	 0.0642644	
      2291	 0.0638645	
      2292	 0.0634308	
      2293	 0.0629994	
      2294	 0.0625702	
      2295	  0.062197	
      2296	 0.0621123	
      2297	 0.0620824	
      2298	 0.0620534	
      2299	 0.0620253	
      2300	 0.0619892	
      2301	 0.0618828	
      2302	 0.0617684	
      2303	 0.0616551	
      2304	 0.0615427	
      2305	 0.0614225	
      2306	 0.0612677	
      2307	 0.0611052	
      2308	 0.0609436	
      2309	  0.060783	
      2310	 0.0606233	
      2311	 0.0604294	
      2312	 0.0602365	
      2313	 0.0600445	
      2314	 0.0598534	
      2315	 0.0596632	
      2316	 0.0594914	
      2317	 0.0593205	
      2318	 0.0591503	
      2319	  0.058981	
      2320	 0.0587863	
      2321	 0.0584012	
      2322	 0.0579913	
      2323	 0.0575827	
      2324	 0.0571753	
      2325	 0.0568297	
      2326	 0.0568136	
      2327	 0.0568584	
      2328	 0.0569034	
      2329	 0.0569486	
      2330	 0.0569683	
      2331	 0.0568505	
      2332	 0.0567076	
      2333	 0.0565652	
      2334	 0.0564234	
      2335	 0.0562821	
      2336	 0.0561414	
      2337	 0.0560012	
      2338	 0.0558616	
      2339	 0.0557225	
      2340	 0.0555924	
      2341	  0.055514	
      2342	 0.0554444	
      2343	 0.0553752	
      2344	 0.0553063	
      2345	 0.0552209	
      2346	  0.055051	
      2347	 0.0548647	
      2348	  0.054679	
      2349	 0.0544939	
      2350	 0.0542923	
      2351	 0.0539733	
      2352	 0.0536381	
      2353	 0.0533037	
      2354	 0.0529701	
      2355	 0.0526877	
      2356	 0.0526748	
      2357	 0.0527125	
      2358	 0.0527503	
      2359	 0.0527882	
      2360	 0.0528178	
      2361	 0.0518537	
      2362	 0.0509702	
      2363	 0.0501569	
      2364	 0.0494009	
      2365	 0.0486851	
      2366	 0.0479495	
      2367	 0.0472437	
      2368	 0.0465708	
      2369	 0.0459272	
      2370	 0.0453027	
      2371	 0.0446591	
      2372	 0.0440311	
      2373	 0.0434242	
      2374	 0.0428366	
      2375	 0.0422946	
      2376	  0.041905	
      2377	 0.0415548	
      2378	 0.0412157	
      2379	  0.040887	
      2380	 0.0405153	
      2381	 0.0398545	
      2382	 0.0391567	
      2383	 0.0384737	
      2384	 0.0378049	
      2385	 0.0372125	
      2386	 0.0370061	
      2387	 0.0368667	
      2388	 0.0367314	
      2389	    0.0366	
      2390	  0.036448	
      2391	  0.036156	
      2392	 0.0358461	
      2393	  0.035542	
      2394	 0.0352437	
      2395	 0.0349508	
      2396	 0.0346517	
      2397	 0.0343578	
      2398	  0.034069	
      2399	  0.033785	
      2400	 0.0335058	
      2401	 0.0332423	
      2402	 0.0329831	
      2403	  0.032728	
      2404	 0.0324769	
      2405	 0.0322297	
      2406	  0.031997	
      2407	 0.0317679	
      2408	 0.0315421	
      2409	 0.0313197	
      2410	 0.0310742	
      2411	 0.0306756	
      2412	 0.0302563	
      2413	 0.0298426	
      2414	 0.0294342	
      2415	 0.0290719	
      2416	 0.0289369	
      2417	  0.028844	
      2418	 0.0287524	
      2419	 0.0286622	
      2420	 0.0285584	
      2421	 0.0283577	
      2422	 0.0281448	
      2423	 0.0279345	
      2424	 0.0277268	
      2425	 0.0275263	
      2426	 0.0273569	
      2427	 0.0271943	
      2428	 0.0270336	
      2429	 0.0268747	
      2430	  0.026713	
      2431	 0.0265068	
      2432	 0.0262982	
      2433	 0.0260919	
      2434	 0.0258879	
      2435	 0.0256906	
      2436	 0.0255317	
      2437	  0.025379	
      2438	 0.0252279	
      2439	 0.0250784	
      2440	 0.0249261	
      2441	 0.0247401	
      2442	 0.0245517	
      2443	 0.0243652	
      2444	 0.0241806	
      2445	 0.0239935	
      2446	 0.0237912	
      2447	 0.0235866	
      2448	  0.023384	
      2449	 0.0231834	
      2450	 0.0229932	
      2451	 0.0223485	
      2452	 0.0217437	
      2453	 0.0211679	
      2454	 0.0206187	
      2455	 0.0201015	
      2456	 0.0196429	
      2457	 0.0192106	
      2458	 0.0187958	
      2459	 0.0183973	
      2460	 0.0180109	
      2461	  0.017613	
      2462	 0.0172267	
      2463	 0.0168543	
      2464	 0.0164951	
      2465	 0.0161424	
      2466	 0.0157725	
      2467	 0.0154094	
      2468	 0.0150585	
      2469	  0.014719	
      2470	 0.0143958	
      2471	 0.0141199	
      2472	 0.0138575	
      2473	 0.0136029	
      2474	 0.0133557	
      2475	 0.0131082	
      2476	 0.0128196	
      2477	 0.0125322	
      2478	 0.0122533	
      2479	 0.0119823	
      2480	 0.0117257	
      2481	 0.0115072	
      2482	 0.0113011	
      2483	 0.0111004	
      2484	 0.0109048	
      2485	 0.0107183	
      2486	 0.0105569	
      2487	 0.0104033	
      2488	 0.0102533	
      2489	 0.0101068	
      2490	0.00994639	
      2491	0.00968452	
      2492	0.00941288	
      2493	 0.0091484	
      2494	0.00889083	
      2495	0.00866645	
      2496	0.00859742	
      2497	0.00855513	
      2498	0.00851309	
      2499	0.00847129	
      2500	0.00841661	
      2501	0.00548767	
      2502	0.00378835	
      2503	0.00271826	
      2504	0.00200579	
      2505	0.00151197	
      2506	0.00115725	
      2507	0.000898251	
      2508	0.000705624	
      2509	0.000560042	
      2510	0.000448593	
      2511	0.000362618	
      2512	0.000295257	
      2513	0.000241939	
      2514	0.000199391	
      2515	0.000165188	
      2516	0.000137566	
      2517	0.000115069	
      2518	9.66455e-05	
      2519	8.14799e-05	
      2520	6.89514e-05	
      2521	5.85912e-05	
      2522	4.99527e-05	
      2523	4.27123e-05	
      2524	3.66219e-05	
      2525	3.14882e-05	
      2526	2.7175e-05	
      2527	2.35125e-05	
      2528	2.03888e-05	
      2529	1.77175e-05	
      2530	1.54241e-05	
      2531	1.34252e-05	
      2532	1.17044e-05	
      2533	1.02221e-05	
      2534	8.9426e-06	
      2535	7.83759e-06	
      2536	6.88568e-06	
      2537	6.05976e-06	
      2538	5.34062e-06	
      2539	4.71339e-06	
      2540	4.16542e-06	
      2541	3.68751e-06	
      2542	3.26854e-06	
      2543	2.9007e-06	
      2544	2.57728e-06	
      2545	2.29253e-06	
      2546	2.04062e-06	
      2547	1.81833e-06	
      2548	1.62194e-06	
      2549	1.44823e-06	
      2550	1.29438e-06	
      2551	1.15748e-06	
      2552	1.03602e-06	
      2553	9.28141e-07	
      2554	8.32224e-07	
      2555	7.46858e-07	
      2556	6.70513e-07	
      2557	6.02461e-07	
      2558	5.41743e-07	
      2559	4.8752e-07	
      2560	4.39152e-07	
      2561	3.96223e-07	
      2562	3.57828e-07	
      2563	3.23381e-07	
      2564	2.92453e-07	
      2565	2.64661e-07	
      2566	2.39562e-07	
      2567	2.16983e-07	
      2568	1.96657e-07	
      2569	1.78345e-07	
      2570	1.61837e-07	
      2571	1.46878e-07	
      2572	1.3338e-07	
      2573	1.21191e-07	
      2574	1.10177e-07	
      2575	1.00219e-07	
      2576	9.12105e-08	
      2577	8.30553e-08	
      2578	7.56685e-08	
      2579	6.89736e-08	
      2580	6.28883e-08	
      2581	5.72897e-08	
      2582	5.22022e-08	
      2583	4.75887e-08	
      2584	4.34026e-08	
      2585	3.96207e-08	
      2586	3.63017e-08	
      2587	3.32909e-08	
      2588	3.05432e-08	
      2589	2.80344e-08	
      2590	2.57366e-08	
      2591	2.35935e-08	
      2592	2.16327e-08	
      2593	1.98428e-08	
      2594	1.82082e-08	
      2595	1.67186e-08	
      2596	1.53711e-08	
      2597	1.41409e-08	
      2598	1.30141e-08	
      2599	1.19814e-08	
      2600	1.10348e-08	
      2601	8.9839e-09	
      2602	7.98992e-09	
      2603	7.22524e-09	
      2604	6.59177e-09	
      2605	6.04859e-09	
      2606	5.56809e-09	
      2607	5.14218e-09	
      2608	4.76104e-09	
      2609	4.41752e-09	
      2610	4.10617e-09	
      2611	3.8245e-09	
      2612	3.56701e-09	
      2613	3.33088e-09	
      2614	3.11375e-09	
      2615	2.91363e-09	
      2616	2.72622e-09	
      2617	2.55295e-09	
      2618	2.3925e-09	
      2619	2.24369e-09	
      2620	2.10451e-09	
      2621	1.96854e-09	
      2622	1.84145e-09	
      2623	1.72344e-09	
      2624	1.61375e-09	
      2625	1.51358e-09	
      2626	1.43007e-09	
      2627	1.35341e-09	
      2628	1.28139e-09	
      2629	1.21367e-09	
      2630	1.14941e-09	
      2631	1.08577e-09	
      2632	1.02553e-09	
      2633	9.6895e-10	
      2634	9.15793e-10	
      2635	8.65614e-10	
      2636	8.16434e-10	
      2637	7.70076e-10	
      2638	7.26547e-10	
      2639	6.85658e-10	
      2640	6.47555e-10	
      2641	6.13554e-10	
      2642	5.81775e-10	
      2643	5.51779e-10	
      2644	5.23455e-10	
      2645	4.96701e-10	
      2646	4.70953e-10	
      2647	4.46639e-10	
      2648	4.23672e-10	
      2649	4.01971e-10	
      2650	3.8146e-10	
      2651	3.61707e-10	
      2652	3.43043e-10	
      2653	3.25405e-10	
      2654	3.08731e-10	
      2655	2.93039e-10	
      2656	2.78476e-10	
      2657	2.6475e-10	
      2658	2.51746e-10	
      2659	2.39422e-10	
      2660	2.27682e-10	
      2661	2.16224e-10	
      2662	2.05324e-10	
      2663	1.95003e-10	
      2664	1.85229e-10	
      2665	1.76061e-10	
      2666	1.67716e-10	
      2667	1.59873e-10	
      2668	1.52419e-10	
      2669	1.45333e-10	
      2670	1.38562e-10	
      2671	1.31787e-10	
      2672	1.25327e-10	
      2673	 1.192e-10	
      2674	1.13387e-10	
      2675	 1.079e-10	
      2676	1.02797e-10	
      2677	9.79743e-11	
      2678	9.33894e-11	
      2679	8.90303e-11	
      2680	8.48852e-11	
      2681	8.09431e-11	
      2682	7.71933e-11	
      2683	7.36261e-11	
      2684	7.02321e-11	
      2685	6.70023e-11	
      2686	6.38614e-11	
      2687	6.08745e-11	
      2688	5.80337e-11	
      2689	5.53314e-11	
      2690	5.27606e-11	
      2691	5.03412e-11	
      2692	4.80378e-11	
      2693	4.58447e-11	
      2694	4.37563e-11	
      2695	4.17672e-11	
      2696	3.98514e-11	
      2697	3.80272e-11	
      2698	 3.629e-11	
      2699	3.46355e-11	
      2700	3.30685e-11	
      2701	3.50591e-11	
      2702	3.7187e-11	
      2703	3.9452e-11	
      2704	4.18635e-11	
      2705	4.44317e-11	
      2706	4.71671e-11	
      2707	5.00815e-11	
      2708	5.31872e-11	
      2709	5.64976e-11	
      2710	6.00269e-11	
      2711	6.38254e-11	
      2712	6.78792e-11	
      2713	7.22065e-11	
      2714	7.68269e-11	
      2715	8.17614e-11	
      2716	8.69852e-11	
      2717	9.2564e-11	
      2718	9.85234e-11	
      2719	1.04891e-10	
      2720	1.11697e-10	
      2721	1.18907e-10	
      2722	1.26613e-10	
      2723	1.3485e-10	
      2724	1.43659e-10	
      2725	1.53124e-10	
      2726	1.63343e-10	
      2727	1.74338e-10	
      2728	1.8612e-10	
      2729	1.98749e-10	
      2730	2.12292e-10	
      2731	2.26566e-10	
      2732	2.41863e-10	
      2733	2.58263e-10	
      2734	2.75849e-10	
      2735	2.94714e-10	
      2736	3.15134e-10	
      2737	3.37064e-10	
      2738	3.60622e-10	
      2739	3.85939e-10	
      2740	4.13154e-10	
      2741	4.42668e-10	
      2742	4.74434e-10	
      2743	5.08633e-10	
      2744	5.45466e-10	
      2745	5.85148e-10	
      2746	6.2756e-10	
      2747	6.73261e-10	
      2748	7.22522e-10	
      2749	7.75641e-10	
      2750	8.3294e-10	
      2751	8.94263e-10	
      2752	9.60425e-10	
      2753	1.03184e-09	
      2754	1.10894e-09	
      2755	1.19223e-09	
      2756	1.28222e-09	
      2757	1.37951e-09	
      2758	1.48473e-09	
      2759	1.59857e-09	
      2760	1.72178e-09	
      2761	1.85627e-09	
      2762	2.00205e-09	
      2763	2.16014e-09	
      2764	2.33164e-09	
      2765	2.51779e-09	
      2766	2.7215e-09	
      2767	2.94294e-09	
      2768	3.18376e-09	
      2769	3.44579e-09	
      2770	3.72994e-09	
      2771	4.03461e-09	
      2772	4.36488e-09	
      2773	4.72434e-09	
      2774	5.1158e-09	
      2775	5.54232e-09	
      2776	6.01086e-09	
      2777	6.52223e-09	
      2778	7.08067e-09	
      2779	7.69086e-09	
      2780	8.35799e-09	
      2781	9.09323e-09	
      2782	9.89852e-09	
      2783	1.07811e-08	
      2784	1.1749e-08	
      2785	1.28111e-08	
      2786	1.39775e-08	
      2787	1.52592e-08	
      2788	1.66686e-08	
      2789	1.82195e-08	
      2790	1.99273e-08	
      2791	2.17963e-08	
      2792	2.38564e-08	
      2793	2.61288e-08	
      2794	2.86376e-08	
      2795	3.14189e-08	
      2796	3.45165e-08	
      2797	3.79591e-08	
      2798	4.1777e-08	
      2799	4.60147e-08	
      2800	5.07229e-08	
      2801	 5.424e-08	
      2802	5.80178e-08	
      2803	6.20769e-08	
      2804	6.64399e-08	
      2805	7.11528e-08	
      2806	7.62706e-08	
      2807	8.18073e-08	
      2808	8.77739e-08	
      2809	9.42061e-08	
      2810	1.01143e-07	
      2811	1.08627e-07	
      2812	1.16704e-07	
      2813	1.25425e-07	
      2814	1.34844e-07	
      2815	1.45022e-07	
      2816	1.55928e-07	
      2817	1.67716e-07	
      2818	1.80461e-07	
      2819	1.94248e-07	
      2820	2.09169e-07	
      2821	2.25182e-07	
      2822	2.42517e-07	
      2823	2.61292e-07	
      2824	2.81635e-07	
      2825	3.03783e-07	
      2826	3.28018e-07	
      2827	3.54452e-07	
      2828	3.83185e-07	
      2829	4.14433e-07	
      2830	4.48435e-07	
      2831	4.85147e-07	
      2832	5.25113e-07	
      2833	5.68647e-07	
      2834	6.16093e-07	
      2835	6.67835e-07	
      2836	7.23833e-07	
      2837	7.84937e-07	
      2838	8.51653e-07	
      2839	9.24542e-07	
      2840	1.00423e-06	
      2841	1.0921e-06	
      2842	1.18836e-06	
      2843	1.29388e-06	
      2844	1.40962e-06	
      2845	1.53668e-06	
      2846	1.67517e-06	
      2847	1.82734e-06	
      2848	1.99467e-06	
      2849	2.17881e-06	
      2850	2.38162e-06	
      2851	2.60519e-06	
      2852	2.85186e-06	
      2853	3.12426e-06	
      2854	3.42535e-06	
      2855	3.75847e-06	
      2856	4.13011e-06	
      2857	4.54236e-06	
      2858	5.00015e-06	
      2859	5.50905e-06	
      2860	6.0754e-06	
      2861	6.70642e-06	
      2862	7.41031e-06	
      2863	8.19647e-06	
      2864	9.07565e-06	
      2865	1.00601e-05	
      2866	1.11492e-05	
      2867	1.23706e-05	
      2868	1.37425e-05	
      2869	1.52858e-05	
      2870	1.70304e-05	
      2871	1.9013e-05	
      2872	2.12639e-05	
      2873	2.38166e-05	
      2874	2.67174e-05	
      2875	3.00304e-05	
      2876	3.38349e-05	
      2877	3.82025e-05	
      2878	4.32151e-05	
      2879	4.89823e-05	
      2880	5.56353e-05	
      2881	6.32454e-05	
      2882	7.20647e-05	
      2883	8.23183e-05	
      2884	9.42802e-05	
      2885	0.000108287	
      2886	0.000124839	
      2887	0.000144393	
      2888	0.000167604	
      2889	0.000195301	
      2890	0.000228539	
      2891	0.000268689	
      2892	0.000317542	
      2893	0.000377489	
      2894	0.00045178	
      2895	0.000544953	
      2896	0.000663112	
      2897	0.000816507	
      2898	0.00102168	
      2899	0.00131164	
      2900	0.00182094	
      2901	0.00183734	
      2902	0.00185394	
      2903	0.00187074	
      2904	0.00188775	
      2905	0.00190496	
      2906	0.00192105	
      2907	0.00193732	
      2908	0.00195379	
      2909	0.00197045	
      2910	0.00198732	
      2911	0.00200297	
      2912	 0.0020188	
      2913	0.00203481	
      2914	0.00205101	
      2915	0.00206738	
      2916	0.00208543	
      2917	 0.0021037	
      2918	 0.0021222	
      2919	0.00214092	
      2920	0.00215988	
      2921	0.00217908	
      2922	0.00219852	
      2923	 0.0022182	
      2924	0.00223813	
      2925	0.00225832	
      2926	0.00227877	
      2927	0.00229948	
      2928	0.00232046	
      2929	0.00234171	
      2930	0.00236325	
      2931	0.00238333	
      2932	0.00240367	
      2933	0.00242426	
      2934	0.00244511	
      2935	0.00246623	
      2936	0.00248945	
      2937	0.00251298	
      2938	0.00253684	
      2939	0.00256102	
      2940	0.00258554	
      2941	0.00260847	
      2942	 0.0026317	
      2943	0.00265524	
      2944	 0.0026791	
      2945	 0.0027043	
      2946	0.00273188	
      2947	0.00276091	
      2948	0.00279037	
      2949	0.00282028	
      2950	0.00285065	
      2951	0.00288148	
      2952	0.00291279	
      2953	0.00294459	
      2954	0.00297689	
      2955	0.00300969	
      2956	0.00304073	
      2957	0.00307225	
      2958	0.00310425	
      2959	0.00313675	
      2960	0.00316977	
      2961	0.00320573	
      2962	 0.0032423	
      2963	0.00327947	
      2964	0.00331726	
      2965	0.00335569	
      2966	0.00339219	
      2967	 0.0034293	
      2968	0.00346702	
      2969	0.00350538	
      2970	 0.0035444	
      2971	0.00358683	
      2972	0.00363002	
      2973	0.00367398	
      2974	0.00371875	
      2975	0.00376432	
      2976	0.00380781	
      2977	0.00385208	
      2978	0.00389716	
      2979	0.00394307	
      2980	0.00398983	
      2981	0.00404061	
      2982	0.00409238	
      2983	0.00414516	
      2984	  0.004199	
      2985	0.00425392	
      2986	 0.0043066	
      2987	0.00436034	
      2988	0.00441517	
      2989	0.00447112	
      2990	0.00452825	
      2991	0.00459019	
      2992	0.00465348	
      2993	0.00471818	
      2994	0.00478433	
      2995	0.00485201	
      2996	0.00492125	
      2997	0.00499214	
      2998	0.00506474	
      2999	0.00513913	
      3000	 0.0052154	
      3001	0.00520939	
      3002	0.00520336	
      3003	0.00519734	
      3004	0.00519131	
      3005	0.00518527	
      3006	0.00518337	
      3007	0.00518146	
      3008	0.00517955	
      3009	0.00517764	
      3010	0.00517573	
      3011	0.00517382	
      3012	0.00517191	
      3013	   0.00517	
      3014	0.00516808	
      3015	0.00516617	
      3016	 0.0051601	
      3017	0.00515403	
      3018	0.00514796	
      3019	0.00514188	
      3020	0.00513579	
      3021	 0.0051297	
      3022	0.00512361	
      3023	0.00511751	
      3024	0.00511141	
      3025	 0.0051053	
      3026	0.00510336	
      3027	0.00510142	
      3028	0.00509947	
      3029	0.00509753	
      3030	0.00509558	
      3031	0.00508946	
      3032	0.00508333	
      3033	 0.0050772	
      3034	0.00507106	
      3035	0.00506492	
      3036	0.00505459	
      3037	0.00504424	
      3038	0.00503389	
      3039	0.00502354	
      3040	0.00501527	
      3041	0.00501958	
      3042	  0.005026	
      3043	0.00503243	
      3044	0.00503887	
      3045	0.00504531	
      3046	0.00504755	
      3047	 0.0050498	
      3048	0.00505205	
      3049	 0.0050543	
      3050	0.00505655	
      3051	 0.0050546	
      3052	0.00505264	
      3053	0.00505068	
      3054	0.00504872	
      3055	0.00504677	
      3056	0.00504481	
      3057	0.00504285	
      3058	0.00504089	
      3059	0.00503893	
      3060	0.00503697	
      3061	0.00502655	
      3062	0.00501611	
      3063	0.00500567	
      3064	0.00499521	
      3065	0.00498688	
      3066	0.00498278	
      3067	 0.0049808	
      3068	0.00497882	
      3069	0.00497684	
      3070	0.00497486	
      3071	0.00497714	
      3072	0.00497942	
      3073	0.00498171	
      3074	0.00498399	
      3075	0.00498629	
      3076	0.00498006	
      3077	0.00497382	
      3078	0.00496759	
      3079	0.00496135	
      3080	 0.0049551	
      3081	0.00494885	
      3082	 0.0049426	
      3083	0.00493635	
      3084	0.00493009	
      3085	0.00492383	
      3086	0.00491757	
      3087	 0.0049113	
      3088	0.00490503	
      3089	0.00489876	
      3090	0.00489248	
      3091	 0.0048862	
      3092	0.00487992	
      3093	0.00487363	
      3094	0.00486735	
      3095	0.00486106	
      3096	0.00485476	
      3097	0.00484847	
      3098	0.00484217	
      3099	0.00483587	
      3100	0.00482956	
      3101	0.00480945	
      3102	0.00480136	
      3103	0.00479853	
      3104	0.00479877	
      3105	0.00480108	
      3106	 0.0048006	
      3107	0.00480129	
      3108	0.00480292	
      3109	0.00480532	
      3110	 0.0048084	
      3111	0.00480769	
      3112	0.00480747	
      3113	0.00480768	
      3114	0.00480828	
      3115	0.00481144	
      3116	0.00481935	
      3117	0.00482982	
      3118	0.00484061	
      3119	0.00485172	
      3120	0.00486313	
      3121	0.00487482	
      3122	0.00488678	
      3123	0.00489901	
      3124	0.00491149	
      3125	0.00492423	
      3126	 0.0049372	
      3127	0.00495042	
      3128	0.00496386	
      3129	0.00497754	
      3130	0.00499143	
      3131	0.00500555	
      3132	0.00501989	
      3133	0.00503445	
      3134	0.00504922	
      3135	0.00506421	
      3136	0.00507465	
      3137	0.00508527	
      3138	0.00509606	
      3139	0.00510702	
      3140	0.00511815	
      3141	0.00513429	
      3142	0.00515065	
      3143	0.00516721	
      3144	0.00518398	
      3145	0.00520095	
      3146	0.00521319	
      3147	0.00522559	
      3148	0.00523816	
      3149	 0.0052509	
      3150	0.00526381	
      3151	0.00528195	
      3152	 0.0053003	
      3153	0.00531887	
      3154	0.00533766	
      3155	0.00535666	
      3156	0.00537589	
      3157	0.00539534	
      3158	0.00541502	
      3159	0.00543492	
      3160	0.00545505	
      3161	0.00548072	
      3162	0.00550666	
      3163	 0.0055329	
      3164	0.00555943	
      3165	0.00558625	
      3166	0.00560253	
      3167	0.00561901	
      3168	0.00563568	
      3169	0.00565256	
      3170	0.00567241	
      3171	0.00569805	
      3172	0.00572678	
      3173	0.00575584	
      3174	0.00578523	
      3175	0.00581496	
      3176	0.00583362	
      3177	0.00585252	
      3178	0.00587164	
      3179	  0.005891	
      3180	0.00591061	
      3181	0.00593631	
      3182	0.00596232	
      3183	0.00598864	
      3184	0.00601529	
      3185	0.00604227	
      3186	0.00607559	
      3187	0.00610932	
      3188	0.00614346	
      3189	0.00617802	
      3190	0.00621301	
      3191	0.00624225	
      3192	0.00627186	
      3193	0.00630185	
      3194	0.00633223	
      3195	0.00636301	
      3196	0.00638782	
      3197	0.00641297	
      3198	0.00643846	
      3199	 0.0064643	
      3200	0.00649377	
      3201	0.00647638	
      3202	0.00646233	
      3203	0.00644836	
      3204	0.00643448	
      3205	0.00642067	
      3206	0.00640049	
      3207	0.00638042	
      3208	0.00636045	
      3209	0.00634059	
      3210	0.00632082	
      3211	0.00629477	
      3212	0.00626885	
      3213	0.00624306	
      3214	0.00621738	
      3215	0.00619182	
      3216	0.00617268	
      3217	0.00615364	
      3218	0.00613469	
      3219	0.00611582	
      3220	0.00609704	
      3221	0.00607835	
      3222	0.00605974	
      3223	0.00604122	
      3224	0.00602278	
      3225	0.00600443	
      3226	0.00599233	
      3227	 0.0059803	
      3228	0.00596831	
      3229	0.00595639	
      3230	0.00594451	
      3231	0.00592658	
      3232	0.00590872	
      3233	0.00589094	
      3234	0.00587324	
      3235	0.00585561	
      3236	0.00583806	
      3237	0.00582058	
      3238	0.00580317	
      3239	0.00578584	
      3240	0.00576858	
      3241	0.00575139	
      3242	0.00573427	
      3243	0.00571722	
      3244	0.00570024	
      3245	0.00568333	
      3246	0.00567243	
      3247	0.00566157	
      3248	0.00565076	
      3249	0.00563999	
      3250	0.00562927	
      3251	0.00560682	
      3252	0.00558446	
      3253	0.00556219	
      3254	0.00554001	
      3255	 0.0055179	
      3256	0.00550172	
      3257	0.00548559	
      3258	0.00546953	
      3259	0.00545353	
      3260	0.00543759	
      3261	0.00542171	
      3262	0.00540589	
      3263	0.00539013	
      3264	0.00537443	
      3265	0.00535879	
      3266	 0.0053432	
      3267	0.00532768	
      3268	0.00531221	
      3269	 0.0052968	
      3270	0.00528145	
      3271	0.00526615	
      3272	0.00525091	
      3273	0.00523573	
      3274	 0.0052206	
      3275	0.00520552	
      3276	 0.0051905	
      3277	0.00517553	
      3278	0.00516062	
      3279	0.00514576	
      3280	0.00513095	
      3281	 0.0051162	
      3282	 0.0051015	
      3283	0.00508685	
      3284	0.00507225	
      3285	 0.0050577	
      3286	0.00504873	
      3287	0.00503978	
      3288	0.00503086	
      3289	0.00502198	
      3290	0.00501038	
      3291	0.00498789	
      3292	0.00496275	
      3293	0.00493769	
      3294	0.00491272	
      3295	0.00489055	
      3296	0.00487388	
      3297	0.00485997	
      3298	0.00484611	
      3299	0.00483229	
      3300	0.00481853	
      3301	 0.0048443	
      3302	0.00487031	
      3303	0.00489655	
      3304	0.00492303	
      3305	0.00494975	
      3306	 0.0049656	
      3307	0.00498157	
      3308	0.00499768	
      3309	0.00501392	
      3310	0.00503029	
      3311	0.00505252	
      3312	0.00507494	
      3313	0.00509758	
      3314	0.00512042	
      3315	0.00514348	
      3316	0.00515499	
      3317	 0.0051666	
      3318	0.00517829	
      3319	0.00519007	
      3320	0.00520495	
      3321	0.00523206	
      3322	0.00526247	
      3323	0.00529321	
      3324	0.00532425	
      3325	0.00535563	
      3326	0.00537487	
      3327	 0.0053943	
      3328	0.00541392	
      3329	0.00543373	
      3330	0.00545374	
      3331	0.00548037	
      3332	0.00550729	
      3333	0.00553449	
      3334	0.00556199	
      3335	0.00558978	
      3336	0.00561789	
      3337	0.00564631	
      3338	0.00567505	
      3339	0.00570411	
      3340	0.00573351	
      3341	0.00576325	
      3342	0.00579333	
      3343	0.00582378	
      3344	0.00585458	
      3345	0.00588575	
      3346	0.00591025	
      3347	0.00593505	
      3348	0.00596015	
      3349	0.00598556	
      3350	0.00601128	
      3351	0.00604462	
      3352	 0.0060784	
      3353	0.00611262	
      3354	0.00614729	
      3355	0.00618243	
      3356	0.00621805	
      3357	0.00625416	
      3358	0.00629077	
      3359	 0.0063279	
      3360	0.00636556	
      3361	0.00640377	
      3362	0.00644253	
      3363	0.00648188	
      3364	0.00652182	
      3365	0.00656237	
      3366	0.00660355	
      3367	0.00664537	
      3368	0.00668787	
      3369	0.00673106	
      3370	0.00677496	
      3371	0.00681959	
      3372	0.00686499	
      3373	0.00691117	
      3374	0.00695816	
      3375	  0.007006	
      3376	0.00705471	
      3377	0.00710432	
      3378	0.00715487	
      3379	0.00720639	
      3380	0.00725893	
      3381	0.00732168	
      3382	0.00738568	
      3383	0.00745099	
      3384	0.00751766	
      3385	0.00758576	
      3386	0.00764577	
      3387	0.00770715	
      3388	0.00776998	
      3389	0.00783432	
      3390	0.00790026	
      3391	0.00796787	
      3392	0.00803724	
      3393	0.00810849	
      3394	0.00818171	
      3395	0.00825703	
      3396	0.00832402	
      3397	0.00839316	
      3398	0.00846461	
      3399	0.00853853	
      3400	0.00862063	
      3401	0.00865012	
      3402	0.00868535	
      3403	0.00872081	
      3404	0.00875649	
      3405	0.00878681	
      3406	0.00879487	
      3407	0.00879736	
      3408	0.00879991	
      3409	 0.0088025	
      3410	0.00881083	
      3411	0.00883063	
      3412	0.00885629	
      3413	0.00888215	
      3414	0.00890819	
      3415	0.00893442	
      3416	0.00894929	
      3417	0.00896429	
      3418	0.00897942	
      3419	0.00899468	
      3420	0.00901008	
      3421	0.00902562	
      3422	 0.0090413	
      3423	0.00905712	
      3424	0.00907309	
      3425	0.00908921	
      3426	0.00910549	
      3427	0.00912192	
      3428	0.00913851	
      3429	0.00915526	
      3430	0.00917218	
      3431	0.00920137	
      3432	0.00923081	
      3433	0.00926051	
      3434	0.00929046	
      3435	0.00932068	
      3436	0.00933886	
      3437	0.00935724	
      3438	0.00937581	
      3439	0.00939458	
      3440	0.00941356	
      3441	0.00943275	
      3442	0.00945216	
      3443	0.00947179	
      3444	0.00949164	
      3445	0.00951172	
      3446	0.00953204	
      3447	0.00955261	
      3448	0.00957342	
      3449	0.00959449	
      3450	0.00961581	
      3451	0.00965036	
      3452	0.00968528	
      3453	0.00972058	
      3454	0.00975626	
      3455	0.00979234	
      3456	0.00981563	
      3457	0.00983925	
      3458	0.00986319	
      3459	0.00988746	
      3460	0.00991208	
      3461	0.00995051	
      3462	0.00998941	
      3463	 0.0100288	
      3464	 0.0100687	
      3465	 0.0101091	
      3466	 0.0101363	
      3467	  0.010164	
      3468	 0.0101921	
      3469	 0.0102207	
      3470	 0.0102497	
      3471	 0.0102793	
      3472	 0.0103094	
      3473	 0.0103401	
      3474	 0.0103713	
      3475	 0.0104031	
      3476	 0.0104355	
      3477	 0.0104685	
      3478	 0.0105022	
      3479	 0.0105366	
      3480	 0.0105718	
      3481	 0.0106224	
      3482	 0.0106739	
      3483	 0.0107264	
      3484	   0.01078	
      3485	 0.0108347	
      3486	 0.0108755	
      3487	 0.0109174	
      3488	 0.0109604	
      3489	 0.0110047	
      3490	 0.0110503	
      3491	 0.0110973	
      3492	 0.0111459	
      3493	 0.0111961	
      3494	 0.0112481	
      3495	 0.0113021	
      3496	 0.0113584	
      3497	 0.0114172	
      3498	 0.0114788	
      3499	 0.0115436	
      3500	 0.0116124	
      3501	 0.0116161	
      3502	 0.0116198	
      3503	 0.0116235	
      3504	 0.0116273	
      3505	 0.0116311	
      3506	 0.0116184	
      3507	 0.0116058	
      3508	 0.0115932	
      3509	 0.0115806	
      3510	  0.011568	
      3511	 0.0115554	
      3512	 0.0115428	
      3513	 0.0115302	
      3514	 0.0115176	
      3515	  0.011505	
      3516	 0.0114924	
      3517	 0.0114798	
      3518	 0.0114672	
      3519	 0.0114547	
      3520	 0.0114421	
      3521	  0.011446	
      3522	 0.0114499	
      3523	 0.0114538	
      3524	 0.0114577	
      3525	 0.0114617	
      3526	 0.0114492	
      3527	 0.0114366	
      3528	 0.0114241	
      3529	 0.0114116	
      3530	 0.0113991	
      3531	 0.0114031	
      3532	 0.0114072	
      3533	 0.0114112	
      3534	 0.0114153	
      3535	 0.0114194	
      3536	 0.0114069	
      3537	 0.0113945	
      3538	 0.0113821	
      3539	 0.0113696	
      3540	 0.0113572	
      3541	 0.0113614	
      3542	 0.0113656	
      3543	 0.0113698	
      3544	  0.011374	
      3545	 0.0113783	
      3546	  0.011366	
      3547	 0.0113536	
      3548	 0.0113413	
      3549	  0.011329	
      3550	 0.0113167	
      3551	 0.0113044	
      3552	 0.0112922	
      3553	 0.0112799	
      3554	 0.0112677	
      3555	 0.0112554	
      3556	 0.0112432	
      3557	  0.011231	
      3558	 0.0112188	
      3559	 0.0112066	
      3560	 0.0111945	
      3561	  0.011199	
      3562	 0.0112036	
      3563	 0.0112082	
      3564	 0.0112129	
      3565	 0.0112176	
      3566	 0.0112056	
      3567	 0.0111936	
      3568	 0.0111816	
      3569	 0.0111696	
      3570	 0.0111577	
      3571	 0.0111458	
      3572	 0.0111339	
      3573	 0.0111221	
      3574	 0.0111102	
      3575	 0.0110984	
      3576	 0.0110867	
      3577	 0.0110749	
      3578	 0.0110632	
      3579	 0.0110515	
      3580	 0.0110399	
      3581	 0.0110452	
      3582	 0.0110505	
      3583	 0.0110558	
      3584	 0.0110613	
      3585	 0.0110668	
      3586	 0.0110554	
      3587	 0.0110442	
      3588	 0.0110329	
      3589	 0.0110217	
      3590	 0.0110106	
      3591	 0.0109996	
      3592	 0.0109886	
      3593	 0.0109777	
      3594	 0.0109668	
      3595	 0.0109561	
      3596	 0.0109624	
      3597	 0.0109688	
      3598	 0.0109754	
      3599	 0.0109821	
      3600	 0.0109889	
      3601	 0.0109742	
      3602	 0.0109596	
      3603	 0.0109449	
      3604	 0.0109302	
      3605	 0.0109156	
      3606	 0.0109009	
      3607	 0.0108862	
      3608	 0.0108715	
      3609	 0.0108568	
      3610	 0.0108421	
      3611	 0.0108445	
      3612	 0.0108469	
      3613	 0.0108493	
      3614	 0.0108517	
      3615	 0.0108541	
      3616	 0.0108394	
      3617	 0.0108247	
      3618	   0.01081	
      3619	 0.0107953	
      3620	 0.0107806	
      3621	  0.010783	
      3622	 0.0107854	
      3623	 0.0107879	
      3624	 0.0107903	
      3625	 0.0107927	
      3626	  0.010778	
      3627	 0.0107633	
      3628	 0.0107486	
      3629	 0.0107339	
      3630	 0.0107192	
      3631	 0.0107216	
      3632	  0.010724	
      3633	 0.0107265	
      3634	 0.0107289	
      3635	 0.0107314	
      3636	 0.0107167	
      3637	  0.010702	
      3638	 0.0106873	
      3639	 0.0106725	
      3640	 0.0106578	
      3641	 0.0106603	
      3642	 0.0106628	
      3643	 0.0106652	
      3644	 0.0106677	
      3645	 0.0106702	
      3646	 0.0106555	
      3647	 0.0106408	
      3648	 0.0106261	
      3649	 0.0106113	
      3650	 0.0105966	
      3651	 0.0105819	
      3652	 0.0105671	
      3653	 0.0105524	
      3654	 0.0105377	
      3655	 0.0105229	
      3656	 0.0105254	
      3657	  0.010528	
      3658	 0.0105305	
      3659	  0.010533	
      3660	 0.0105356	
      3661	 0.0105381	
      3662	 0.0105407	
      3663	 0.0105432	
      3664	 0.0105458	
      3665	 0.0105483	
      3666	 0.0105163	
      3667	 0.0104843	
      3668	 0.0104523	
      3669	 0.0104202	
      3670	 0.0103968	
      3671	 0.0103907	
      3672	 0.0103933	
      3673	 0.0103959	
      3674	 0.0103984	
      3675	  0.010401	
      3676	 0.0103863	
      3677	 0.0103716	
      3678	 0.0103568	
      3679	 0.0103421	
      3680	 0.0103273	
      3681	 0.0103126	
      3682	 0.0102978	
      3683	 0.0102831	
      3684	 0.0102683	
      3685	 0.0102536	
      3686	 0.0102562	
      3687	 0.0102589	
      3688	 0.0102615	
      3689	 0.0102642	
      3690	 0.0102668	
      3691	 0.0102521	
      3692	 0.0102374	
      3693	 0.0102226	
      3694	 0.0102079	
      3695	 0.0101931	
      3696	 0.0101784	
      3697	 0.0101637	
      3698	 0.0101489	
      3699	 0.0101342	
      3700	 0.0101195	
      3701	 0.0101223	
      3702	 0.0101252	
      3703	 0.0101281	
      3704	 0.0101311	
      3705	  0.010134	
      3706	 0.0101194	
      3707	 0.0101049	
      3708	 0.0100903	
      3709	 0.0100758	
      3710	 0.0100612	
      3711	 0.0100641	
      3712	 0.0100671	
      3713	   0.01007	
      3714	  0.010073	
      3715	  0.010076	
      3716	 0.0100614	
      3717	 0.0100469	
      3718	 0.0100323	
      3719	 0.0100178	
      3720	 0.0100032	
      3721	 0.0100062	
      3722	 0.0100092	
      3723	 0.0100122	
      3724	 0.0100152	
      3725	 0.0100183	
      3726	 0.0100037	
      3727	0.00998919	
      3728	0.00997464	
      3729	0.00996009	
      3730	0.00994554	
      3731	 0.0099486	
      3732	0.00995166	
      3733	0.00995473	
      3734	0.00995782	
      3735	0.00996091	
      3736	0.00992874	
      3737	0.00989655	
      3738	0.00986436	
      3739	0.00983215	
      3740	0.00980876	
      3741	0.00980302	
      3742	0.00980612	
      3743	0.00980923	
      3744	0.00981235	
      3745	0.00981548	
      3746	0.00980093	
      3747	0.00978637	
      3748	0.00977182	
      3749	0.00975726	
      3750	 0.0097427	
      3751	0.00974586	
      3752	0.00974903	
      3753	0.00975221	
      3754	 0.0097554	
      3755	 0.0097586	
      3756	0.00974407	
      3757	0.00972953	
      3758	0.00971499	
      3759	0.00970045	
      3760	 0.0096859	
      3761	0.00968914	
      3762	0.00969238	
      3763	0.00969564	
      3764	0.00969891	
      3765	0.00970219	
      3766	0.00970548	
      3767	0.00970878	
      3768	0.00971209	
      3769	0.00971542	
      3770	0.00971875	
      3771	0.00970426	
      3772	0.00968977	
      3773	0.00967528	
      3774	0.00966078	
      3775	0.00964629	
      3776	 0.0096318	
      3777	 0.0096173	
      3778	0.00960281	
      3779	0.00958832	
      3780	0.00957382	
      3781	0.00957723	
      3782	0.00958065	
      3783	0.00958408	
      3784	0.00958753	
      3785	0.00959099	
      3786	0.00957653	
      3787	0.00956206	
      3788	 0.0095476	
      3789	0.00953314	
      3790	0.00951869	
      3791	0.00952219	
      3792	0.00952571	
      3793	0.00952925	
      3794	 0.0095328	
      3795	0.00953637	
      3796	0.00952194	
      3797	0.00950753	
      3798	0.00949311	
      3799	0.00947869	
      3800	0.00946428	
      3801	0.00944269	
      3802	0.00942469	
      3803	0.00940918	
      3804	0.00939554	
      3805	0.00938333	
      3806	0.00935444	
      3807	0.00932654	
      3808	0.00929948	
      3809	0.00927314	
      3810	0.00924743	
      3811	0.00924004	
      3812	0.00923311	
      3813	0.00922661	
      3814	0.00922048	
      3815	 0.0092147	
      3816	0.00919152	
      3817	0.00916865	
      3818	0.00914607	
      3819	0.00912376	
      3820	 0.0091017	
      3821	0.00909753	
      3822	0.00909358	
      3823	0.00908981	
      3824	0.00908624	
      3825	0.00908283	
      3826	0.00907959	
      3827	0.00907651	
      3828	0.00907359	
      3829	 0.0090708	
      3830	0.00906816	
      3831	0.00904806	
      3832	0.00902809	
      3833	0.00900826	
      3834	0.00898855	
      3835	0.00896898	
      3836	0.00896711	
      3837	0.00896535	
      3838	 0.0089637	
      3839	0.00896215	
      3840	0.00896071	
      3841	0.00894181	
      3842	0.00892301	
      3843	0.00890431	
      3844	0.00888571	
      3845	0.00886722	
      3846	0.00886637	
      3847	0.00886562	
      3848	0.00886496	
      3849	0.00886439	
      3850	0.00886391	
      3851	0.00884597	
      3852	0.00882811	
      3853	0.00881035	
      3854	0.00879267	
      3855	0.00877508	
      3856	0.00876635	
      3857	 0.0087577	
      3858	0.00874037	
      3859	0.00873189	
      3860	 0.0087235	
      3861	 0.0087152	
      3862	0.00871576	
      3863	0.00870763	
      3864	0.00870836	
      3865	0.00870041	
      3866	0.00868376	
      3867	0.00867598	
      3868	 0.0086595	
      3869	 0.0086519	
      3870	 0.0086356	
      3871	0.00863696	
      3872	0.00863843	
      3873	0.00863999	
      3874	0.00864165	
      3875	0.00864341	
      3876	0.00862769	
      3877	0.00862086	
      3878	0.00860534	
      3879	0.00859873	
      3880	0.00858342	
      3881	0.00857703	
      3882	0.00857076	
      3883	0.00856461	
      3884	0.00855859	
      3885	 0.0085527	
      3886	0.00855576	
      3887	0.00855898	
      3888	0.00857118	
      3889	0.00857471	
      3890	0.00857842	
      3891	0.00856464	
      3892	0.00855102	
      3893	0.00854644	
      3894	0.00853322	
      3895	 0.0085202	
      3896	0.00852514	
      3897	0.00852147	
      3898	0.00852695	
      3899	0.00852386	
      3900	0.00852999	
      3901	0.00853507	
      3902	0.00854018	
      3903	0.00853641	
      3904	0.00854156	
      3905	0.00854674	
      3906	0.00854303	
      3907	0.00853041	
      3908	0.00852673	
      3909	0.00851413	
      3910	0.00851047	
      3911	0.00851578	
      3912	0.00851216	
      3913	0.00851752	
      3914	0.00851394	
      3915	0.00851936	
      3916	0.00850685	
      3917	0.00849436	
      3918	0.00849085	
      3919	0.00847838	
      3920	0.00846592	
      3921	0.00847147	
      3922	0.00847705	
      3923	0.00847366	
      3924	 0.0084793	
      3925	0.00848499	
      3926	0.00847264	
      3927	0.00846934	
      3928	0.00845703	
      3929	0.00845377	
      3930	0.00844149	
      3931	0.00844735	
      3932	0.00844417	
      3933	 0.0084501	
      3934	0.00844699	
      3935	  0.008453	
      3936	0.00844995	
      3937	0.00843784	
      3938	0.00843485	
      3939	0.00842277	
      3940	0.00841984	
      3941	0.00841694	
      3942	0.00842321	
      3943	0.00842039	
      3944	0.00842676	
      3945	0.00842402	
      3946	0.00841215	
      3947	0.00840031	
      3948	0.00839768	
      3949	 0.0083859	
      3950	0.00837415	
      3951	0.00837163	
      3952	0.00837836	
      3953	0.00837594	
      3954	0.00838279	
      3955	0.00838047	
      3956	0.00837821	
      3957	  0.008376	
      3958	0.00836459	
      3959	0.00836248	
      3960	0.00836044	
      3961	0.00836773	
      3962	0.00837509	
      3963	0.00837325	
      3964	0.00838078	
      3965	0.00838839	
      3966	0.00837745	
      3967	 0.0083759	
      3968	 0.0083651	
      3969	 0.0083637	
      3970	0.00835303	
      3971	0.00836116	
      3972	0.00836002	
      3973	0.00836837	
      3974	0.00836744	
      3975	0.00837602	
      3976	0.00837531	
      3977	 0.0083653	
      3978	0.00836483	
      3979	0.00835504	
      3980	0.00835481	
      3981	0.00835472	
      3982	0.00835478	
      3983	0.00836449	
      3984	0.00836488	
      3985	0.00836545	
      3986	0.00837573	
      3987	 0.0083767	
      3988	0.00838743	
      3989	0.00838886	
      3990	0.00840009	
      3991	0.00839246	
      3992	0.00839469	
      3993	0.00838761	
      3994	0.00839047	
      3995	0.00838406	
      3996	0.00839733	
      3997	0.00840141	
      3998	0.00841568	
      3999	0.00842084	
      4000	0.00843636	
