       280	4.21489e-23	
       281	9.99616e-23	
       282	2.17486e-22	
       283	3.33737e-22	
       284	3.84668e-22	
       285	3.10975e-22	
       286	4.97239e-22	
       287	8.85652e-22	
       288	1.00774e-21	
       289	1.53102e-21	
       290	2.61261e-21	
       291	3.52045e-21	
       292	3.96861e-21	
       293	4.58306e-21	
       294	5.48728e-21	
       295	6.59949e-21	
       296	8.26324e-21	
       297	8.90509e-21	
       298	1.08639e-20	
       299	1.20294e-20	
       300	1.37816e-20	
       301	4.59181e-19	
       302	1.57553e-17	
       303	6.63414e-16	
       304	2.33316e-14	
       305	7.76189e-13	
       306	3.2085e-12	
       307	1.50206e-11	
       308	7.12983e-11	
       309	2.85911e-10	
       310	1.2275e-09	
       311	4.43103e-09	
       312	1.17558e-08	
       313	3.1585e-08	
       314	8.74248e-08	
       315	2.24454e-07	
       316	3.33349e-07	
       317	6.42942e-07	
       318	1.03757e-06	
       319	1.61058e-06	
       320	2.84791e-06	
       321	4.15436e-06	
       322	5.76933e-06	
       323	7.86307e-06	
       324	1.26458e-05	
       325	2.1078e-05	
       326	3.16755e-05	
       327	4.14225e-05	
       328	5.07607e-05	
       329	6.82523e-05	
       330	9.41404e-05	
       331	0.000101288	
       332	0.000116481	
       333	0.000131697	
       334	0.000152844	
       335	0.000184196	
       336	0.000186011	
       337	0.000194431	
       338	0.00023998	
       339	0.00028282	
       340	0.000336364	
       341	0.000354754	
       342	0.000394416	
       343	0.000446881	
       344	0.000421073	
       345	0.000477542	
       346	 0.0005497	
       347	0.000602025	
       348	0.000636976	
       349	0.000680805	
       350	0.000813635	
       351	0.000915446	
       352	0.000919759	
       353	0.00100647	
       354	0.00122338	
       355	0.00132681	
       356	0.00129842	
       357	0.00118125	
       358	0.00114498	
       359	 0.0013494	
       360	0.00176028	
       361	0.00169647	
       362	0.00183194	
       363	0.00212373	
       364	0.00226398	
       365	0.00253057	
       366	 0.0030482	
       367	0.00321448	
       368	0.00318375	
       369	0.00345092	
       370	0.00381915	
       371	0.00381386	
       372	0.00389428	
       373	0.00368103	
       374	0.00352756	
       375	0.00397144	
       376	0.00465159	
       377	 0.0052734	
       378	0.00640915	
       379	0.00604171	
       380	0.00594989	
       381	0.00654457	
       382	0.00545313	
       383	0.00446395	
       384	 0.0051968	
       385	0.00680774	
       386	0.00689764	
       387	0.00737325	
       388	0.00753563	
       389	0.00849868	
       390	 0.0101042	
       391	  0.011206	
       392	 0.0107809	
       393	0.00719561	
       394	0.00767705	
       395	 0.0122517	
       396	 0.0117169	
       397	0.00845233	
       398	  0.014399	
       399	 0.0189338	
       400	 0.0206802	
       401	 0.0222061	
       402	 0.0236266	
       403	 0.0239328	
       404	 0.0248378	
       405	 0.0252513	
       406	 0.0254413	
       407	 0.0259163	
       408	 0.0278301	
       409	 0.0297709	
       410	 0.0278906	
       411	 0.0308937	
       412	 0.0335649	
       413	 0.0336896	
       414	 0.0342955	
       415	 0.0363829	
       416	 0.0383692	
       417	 0.0386785	
       418	 0.0385596	
       419	 0.0401276	
       420	 0.0394619	
       421	  0.043987	
       422	 0.0452012	
       423	 0.0452214	
       424	 0.0463006	
       425	 0.0484286	
       426	 0.0484852	
       427	 0.0483437	
       428	 0.0491957	
       429	 0.0463654	
       430	 0.0392748	
       431	 0.0393071	
       432	 0.0574436	
       433	 0.0581316	
       434	 0.0562849	
       435	 0.0619335	
       436	 0.0687895	
       437	 0.0709871	
       438	 0.0655819	
       439	 0.0653402	
       440	 0.0735167	
       441	 0.0760928	
       442	 0.0816695	
       443	  0.084813	
       444	 0.0852954	
       445	 0.0883636	
       446	 0.0847336	
       447	  0.093641	
       448	 0.0976927	
       449	 0.0999237	
       450	  0.105036	
       451	  0.109774	
       452	  0.107834	
       453	  0.103794	
       454	  0.109968	
       455	  0.112608	
       456	  0.117355	
       457	  0.120545	
       458	  0.120601	
       459	  0.121497	
       460	   0.12359	
       461	  0.128706	
       462	  0.132426	
       463	  0.134427	
       464	  0.133462	
       465	  0.133573	
       466	   0.13678	
       467	  0.135433	
       468	   0.14121	
       469	  0.144067	
       470	  0.142399	
       471	  0.146538	
       472	  0.154038	
       473	   0.15302	
       474	  0.156466	
       475	  0.162516	
       476	  0.161687	
       477	  0.165235	
       478	  0.171093	
       479	  0.171416	
       480	  0.175184	
       481	  0.177213	
       482	  0.179128	
       483	  0.179051	
       484	  0.178243	
       485	  0.175094	
       486	  0.153242	
       487	  0.165722	
       488	   0.17917	
       489	  0.177081	
       490	  0.191981	
       491	   0.18977	
       492	  0.185735	
       493	  0.195003	
       494	  0.196374	
       495	  0.205737	
       496	  0.202143	
       497	  0.204528	
       498	  0.202322	
       499	  0.203603	
       500	  0.204863	
       501	  0.201981	
       502	  0.204323	
       503	   0.21204	
       504	  0.206927	
       505	  0.218377	
       506	  0.227587	
       507	  0.222201	
       508	  0.218983	
       509	   0.22701	
       510	  0.225454	
       511	  0.230043	
       512	   0.23527	
       513	  0.226531	
       514	  0.223067	
       515	  0.229932	
       516	  0.228367	
       517	  0.201143	
       518	  0.217167	
       519	  0.219302	
       520	  0.235675	
       521	  0.241413	
       522	  0.245891	
       523	  0.238668	
       524	  0.251634	
       525	  0.253355	
       526	  0.244803	
       527	  0.226144	
       528	   0.24908	
       529	  0.262139	
       530	   0.25874	
       531	  0.269466	
       532	  0.265237	
       533	   0.24648	
       534	  0.257231	
       535	  0.265117	
       536	  0.271837	
       537	   0.26031	
       538	  0.267727	
       539	   0.26435	
       540	  0.257157	
       541	  0.252898	
       542	  0.269714	
       543	  0.271057	
       544	  0.278603	
       545	  0.275726	
       546	  0.275561	
       547	  0.278154	
       548	  0.275329	
       549	  0.281085	
       550	  0.281212	
       551	  0.282338	
       552	  0.286484	
       553	  0.281881	
       554	  0.286196	
       555	  0.288218	
       556	  0.284673	
       557	  0.279749	
       558	  0.282287	
       559	  0.273826	
       560	  0.278064	
       561	  0.289078	
       562	  0.282462	
       563	  0.288826	
       564	  0.287406	
       565	  0.286548	
       566	  0.277853	
       567	   0.29025	
       568	    0.2913	
       569	  0.288016	
       570	  0.286476	
       571	  0.280214	
       572	  0.292533	
       573	  0.296518	
       574	  0.295739	
       575	  0.291676	
       576	   0.29164	
       577	   0.29626	
       578	  0.291491	
       579	  0.294183	
       580	  0.297118	
       581	   0.29907	
       582	  0.303095	
       583	  0.305924	
       584	  0.306091	
       585	  0.305012	
       586	  0.300996	
       587	  0.307213	
       588	  0.302948	
       589	  0.280646	
       590	  0.292362	
       591	  0.306955	
       592	  0.307724	
       593	  0.308706	
       594	  0.310899	
       595	  0.312456	
       596	  0.317557	
       597	  0.320948	
       598	   0.31811	
       599	  0.318612	
       600	  0.321628	
       601	  0.319876	
       602	  0.319727	
       603	  0.326834	
       604	  0.334328	
       605	  0.336304	
       606	  0.337673	
       607	    0.3404	
       608	  0.341924	
       609	  0.342406	
       610	  0.345288	
       611	   0.34776	
       612	  0.354842	
       613	  0.353226	
       614	   0.34944	
       615	  0.358191	
       616	  0.354549	
       617	  0.355091	
       618	  0.368092	
       619	  0.374993	
       620	   0.37921	
       621	   0.38346	
       622	  0.380684	
       623	  0.382938	
       624	  0.384035	
       625	  0.382199	
       626	  0.386441	
       627	  0.399012	
       628	  0.404297	
       629	  0.407521	
       630	  0.407405	
       631	  0.405918	
       632	  0.398185	
       633	  0.413054	
       634	  0.413352	
       635	  0.416149	
       636	  0.413532	
       637	  0.425295	
       638	  0.431372	
       639	   0.42968	
       640	  0.424314	
       641	  0.426112	
       642	    0.4299	
       643	  0.436395	
       644	  0.436862	
       645	  0.442069	
       646	  0.438398	
       647	  0.443967	
       648	  0.444014	
       649	  0.435617	
       650	  0.435536	
       651	  0.454259	
       652	  0.456389	
       653	  0.460317	
       654	   0.45737	
       655	   0.43936	
       656	  0.398246	
       657	   0.41319	
       658	  0.454494	
       659	   0.46476	
       660	  0.473248	
       661	  0.479915	
       662	  0.483561	
       663	  0.484507	
       664	   0.48621	
       665	  0.493811	
       666	  0.495134	
       667	  0.493238	
       668	  0.485059	
       669	  0.482085	
       670	  0.471466	
       671	  0.466178	
       672	  0.459459	
       673	  0.458618	
       674	  0.454784	
       675	  0.451648	
       676	  0.454013	
       677	  0.449838	
       678	  0.449952	
       679	   0.44536	
       680	  0.444256	
       681	  0.444008	
       682	  0.443484	
       683	  0.440812	
       684	  0.438218	
       685	  0.436437	
       686	   0.42913	
       687	  0.437153	
       688	  0.441134	
       689	  0.441811	
       690	  0.441787	
       691	  0.443372	
       692	  0.443468	
       693	  0.449738	
       694	  0.454208	
       695	  0.454461	
       696	  0.458724	
       697	  0.463114	
       698	  0.463978	
       699	  0.470685	
       700	  0.473864	
       701	  0.476361	
       702	  0.479885	
       703	  0.488842	
       704	   0.49911	
       705	  0.508592	
       706	  0.511033	
       707	  0.515943	
       708	  0.524758	
       709	  0.534398	
       710	  0.559117	
       711	  0.510229	
       712	  0.480879	
       713	  0.460526	
       714	  0.447203	
       715	   0.42916	
       716	  0.422132	
       717	  0.413025	
       718	  0.399975	
       719	  0.385229	
       720	  0.391164	
       721	  0.390592	
       722	  0.389744	
       723	  0.385766	
       724	  0.384738	
       725	  0.385724	
       726	  0.390181	
       727	  0.397079	
       728	  0.402421	
       729	  0.398821	
       730	  0.417574	
       731	  0.422415	
       732	   0.43462	
       733	   0.44175	
       734	  0.458997	
       735	  0.468747	
       736	  0.476028	
       737	  0.489338	
       738	  0.501656	
       739	  0.511243	
       740	  0.546056	
       741	  0.546269	
       742	  0.547058	
       743	  0.559854	
       744	  0.567379	
       745	  0.567908	
       746	  0.570738	
       747	  0.573709	
       748	  0.574062	
       749	  0.576876	
       750	  0.577758	
       751	  0.582018	
       752	  0.587966	
       753	  0.593443	
       754	  0.598839	
       755	  0.600153	
       756	   0.59499	
       757	  0.596288	
       758	  0.600441	
       759	  0.596172	
       760	  0.599617	
       761	  0.598288	
       762	  0.599338	
       763	  0.550966	
       764	  0.515528	
       765	  0.485406	
       766	  0.451783	
       767	   0.43724	
       768	  0.438731	
       769	  0.441939	
       770	  0.449101	
       771	  0.457635	
       772	  0.466705	
       773	  0.476409	
       774	  0.486881	
       775	  0.498311	
       776	  0.510458	
       777	  0.521587	
       778	   0.53851	
       779	  0.562708	
       780	  0.602943	
       781	  0.600879	
       782	  0.603122	
       783	  0.598744	
       784	  0.594572	
       785	  0.597454	
       786	  0.597929	
       787	  0.597229	
       788	  0.593455	
       789	  0.592247	
       790	  0.587943	
       791	  0.583046	
       792	  0.578179	
       793	  0.573337	
       794	  0.569143	
       795	  0.569371	
       796	  0.574652	
       797	  0.582473	
       798	  0.579606	
       799	  0.574228	
       800	  0.567594	
       801	  0.549942	
       802	  0.534544	
       803	  0.516099	
       804	  0.506543	
       805	  0.489928	
       806	  0.489717	
       807	  0.480869	
       808	  0.472638	
       809	  0.460745	
       810	   0.45712	
       811	  0.452764	
       812	  0.450693	
       813	  0.446325	
       814	  0.441192	
       815	  0.433836	
       816	  0.429141	
       817	  0.423246	
       818	  0.411923	
       819	  0.400942	
       820	  0.396287	
       821	   0.39409	
       822	  0.386113	
       823	  0.386428	
       824	  0.385033	
       825	  0.395329	
       826	  0.409299	
       827	  0.421505	
       828	  0.431427	
       829	    0.4427	
       830	  0.459078	
       831	  0.479076	
       832	  0.491366	
       833	  0.486705	
       834	  0.496898	
       835	  0.503851	
       836	  0.512344	
       837	  0.515127	
       838	  0.520118	
       839	  0.523725	
       840	   0.53431	
       841	  0.535795	
       842	  0.530253	
       843	  0.529846	
       844	  0.526226	
       845	  0.538856	
       846	  0.541185	
       847	  0.531772	
       848	  0.532199	
       849	  0.528051	
       850	   0.49653	
       851	  0.527042	
       852	  0.531824	
       853	  0.522917	
       854	  0.483552	
       855	   0.50686	
       856	  0.541461	
       857	  0.557957	
       858	  0.563866	
       859	  0.568805	
       860	  0.573651	
       861	  0.573787	
       862	  0.578954	
       863	  0.578814	
       864	   0.56955	
       865	  0.553365	
       866	  0.507418	
       867	  0.531654	
       868	  0.555282	
       869	  0.555926	
       870	  0.562496	
       871	  0.559172	
       872	  0.563586	
       873	  0.559458	
       874	  0.550895	
       875	  0.546387	
       876	  0.557489	
       877	  0.560972	
       878	  0.559225	
       879	  0.552736	
       880	  0.551263	
       881	  0.479683	
       882	  0.459412	
       883	  0.438964	
       884	  0.424293	
       885	  0.412195	
       886	  0.390734	
       887	  0.378077	
       888	  0.373318	
       889	   0.36553	
       890	  0.356189	
       891	  0.346826	
       892	  0.336769	
       893	  0.325674	
       894	   0.32003	
       895	  0.314825	
       896	  0.310601	
       897	  0.303322	
       898	  0.296443	
       899	  0.288742	
       900	  0.282779	
       901	  0.273581	
       902	  0.265459	
       903	  0.270346	
       904	  0.267402	
       905	  0.262244	
       906	  0.263613	
       907	  0.267729	
       908	  0.267862	
       909	  0.267882	
       910	  0.273097	
       911	   0.27741	
       912	  0.280117	
       913	  0.286126	
       914	   0.28977	
       915	  0.291766	
       916	  0.293126	
       917	  0.292188	
       918	   0.29215	
       919	  0.293099	
       920	  0.291205	
       921	  0.287205	
       922	  0.283899	
       923	  0.277981	
       924	  0.286437	
       925	  0.288492	
       926	  0.218592	
       927	  0.181988	
       928	  0.152145	
       929	   0.12953	
       930	  0.111921	
       931	  0.099037	
       932	 0.0878228	
       933	 0.0789026	
       934	 0.0707848	
       935	 0.0633262	
       936	 0.0571987	
       937	 0.0521905	
       938	 0.0535915	
       939	 0.0546067	
       940	  0.054931	
       941	 0.0554262	
       942	 0.0555748	
       943	 0.0581496	
       944	 0.0588205	
       945	 0.0603721	
       946	 0.0622196	
       947	 0.0636342	
       948	 0.0653401	
       949	 0.0696996	
       950	 0.0740007	
       951	 0.0784276	
       952	 0.0841152	
       953	 0.0899242	
       954	 0.0952228	
       955	 0.0989429	
       956	  0.109716	
       957	  0.120184	
       958	  0.131659	
       959	  0.144478	
       960	  0.157547	
       961	  0.173278	
       962	  0.193543	
       963	  0.217455	
       964	  0.247332	
       965	  0.292594	
       966	  0.294607	
       967	   0.30034	
       968	  0.302319	
       969	  0.307255	
       970	  0.312419	
       971	  0.314915	
       972	  0.320843	
       973	  0.323485	
       974	  0.324846	
       975	   0.33141	
       976	  0.339537	
       977	  0.343445	
       978	  0.350779	
       979	  0.354619	
       980	    0.3639	
       981	  0.368805	
       982	  0.375622	
       983	  0.379429	
       984	    0.3826	
       985	  0.388477	
       986	  0.392859	
       987	  0.398973	
       988	  0.404659	
       989	   0.40869	
       990	  0.417647	
       991	  0.429036	
       992	  0.438256	
       993	  0.451341	
       994	  0.461272	
       995	  0.459886	
       996	  0.459034	
       997	  0.455117	
       998	  0.455024	
       999	  0.455387	
      1000	  0.456835	
      1001	  0.459515	
      1002	  0.459901	
      1003	  0.455962	
      1004	  0.449153	
      1005	  0.430167	
      1006	  0.444094	
      1007	   0.45372	
      1008	  0.456139	
      1009	  0.455375	
      1010	  0.456414	
      1011	   0.45495	
      1012	  0.454509	
      1013	  0.453129	
      1014	  0.454036	
      1015	  0.449668	
      1016	  0.450421	
      1017	  0.448893	
      1018	  0.451891	
      1019	  0.444339	
      1020	  0.446161	
      1021	  0.447599	
      1022	  0.444343	
      1023	  0.447493	
      1024	  0.449707	
      1025	  0.449855	
      1026	  0.450428	
      1027	  0.450048	
      1028	  0.450745	
      1029	  0.448633	
      1030	  0.449951	
      1031	  0.450254	
      1032	  0.450271	
      1033	  0.445912	
      1034	  0.448328	
      1035	  0.450999	
      1036	  0.452052	
      1037	  0.449921	
      1038	  0.450058	
      1039	  0.454037	
      1040	  0.454827	
      1041	  0.455156	
      1042	  0.454973	
      1043	  0.452432	
      1044	  0.453347	
      1045	  0.450375	
      1046	  0.442579	
      1047	  0.447465	
      1048	  0.451423	
      1049	  0.450304	
      1050	  0.448336	
      1051	  0.448399	
      1052	  0.446596	
      1053	  0.445809	
      1054	  0.445189	
      1055	  0.446607	
      1056	  0.445986	
      1057	  0.445024	
      1058	  0.440488	
      1059	  0.432032	
      1060	  0.438633	
      1061	  0.434344	
      1062	  0.439165	
      1063	  0.436146	
      1064	   0.44003	
      1065	  0.439314	
      1066	  0.432613	
      1067	  0.433772	
      1068	  0.431847	
      1069	  0.415982	
      1070	  0.424491	
      1071	  0.400325	
      1072	  0.387655	
      1073	  0.372721	
      1074	  0.368073	
      1075	  0.356471	
      1076	   0.35188	
      1077	   0.34602	
      1078	  0.339954	
      1079	  0.330404	
      1080	  0.328132	
      1081	  0.317778	
      1082	  0.311106	
      1083	  0.309864	
      1084	  0.308305	
      1085	  0.304496	
      1086	  0.300849	
      1087	  0.289629	
      1088	  0.290898	
      1089	  0.289221	
      1090	  0.284853	
      1091	  0.282475	
      1092	   0.27585	
      1093	    0.2691	
      1094	  0.257017	
      1095	   0.26049	
      1096	  0.260641	
      1097	  0.259934	
      1098	  0.256363	
      1099	  0.253305	
      1100	  0.256649	
      1101	  0.178744	
      1102	  0.134838	
      1103	  0.109651	
      1104	 0.0903968	
      1105	 0.0756773	
      1106	 0.0642662	
      1107	 0.0550236	
      1108	 0.0477757	
      1109	 0.0417415	
      1110	 0.0367355	
      1111	  0.032337	
      1112	 0.0286852	
      1113	 0.0254693	
      1114	 0.0229586	
      1115	 0.0205787	
      1116	   0.01841	
      1117	 0.0167528	
      1118	 0.0149955	
      1119	 0.0135829	
      1120	 0.0123274	
      1121	 0.0133554	
      1122	 0.0144954	
      1123	 0.0156739	
      1124	 0.0169528	
      1125	 0.0182626	
      1126	 0.0194457	
      1127	 0.0213984	
      1128	 0.0236045	
      1129	 0.0258503	
      1130	 0.0282425	
      1131	 0.0281973	
      1132	 0.0280656	
      1133	 0.0276102	
      1134	 0.0274215	
      1135	 0.0272644	
      1136	  0.027085	
      1137	  0.026411	
      1138	 0.0259348	
      1139	 0.0260594	
      1140	 0.0259768	
      1141	 0.0254463	
      1142	 0.0255987	
      1143	 0.0253054	
      1144	 0.0249753	
      1145	  0.024984	
      1146	 0.0273396	
      1147	 0.0297862	
      1148	 0.0323375	
      1149	 0.0352615	
      1150	 0.0385859	
      1151	 0.0423952	
      1152	 0.0466707	
      1153	 0.0518813	
      1154	 0.0581761	
      1155	 0.0651619	
      1156	 0.0728529	
      1157	 0.0830889	
      1158	 0.0950707	
      1159	  0.108927	
      1160	  0.126816	
      1161	  0.151162	
      1162	  0.158451	
      1163	  0.164243	
      1164	  0.167375	
      1165	  0.173678	
      1166	  0.176728	
      1167	  0.184387	
      1168	  0.191479	
      1169	  0.194222	
      1170	  0.204648	
      1171	  0.207366	
      1172	  0.208799	
      1173	  0.209216	
      1174	  0.210437	
      1175	  0.208914	
      1176	  0.207978	
      1177	  0.212807	
      1178	  0.213179	
      1179	  0.214291	
      1180	  0.217881	
      1181	  0.218686	
      1182	   0.21839	
      1183	   0.21204	
      1184	  0.219967	
      1185	  0.224654	
      1186	  0.226517	
      1187	   0.22814	
      1188	  0.227003	
      1189	  0.221171	
      1190	  0.229648	
      1191	  0.235649	
      1192	  0.237541	
      1193	  0.239305	
      1194	  0.241235	
      1195	  0.241787	
      1196	  0.243693	
      1197	  0.244376	
      1198	  0.241534	
      1199	  0.238278	
      1200	   0.24986	
      1201	  0.252411	
      1202	  0.251633	
      1203	  0.244578	
      1204	  0.244223	
      1205	  0.250015	
      1206	   0.25049	
      1207	  0.250992	
      1208	  0.246153	
      1209	  0.238755	
      1210	  0.247094	
      1211	  0.245423	
      1212	  0.250174	
      1213	   0.25212	
      1214	  0.252132	
      1215	  0.253352	
      1216	  0.254105	
      1217	  0.254714	
      1218	  0.254842	
      1219	  0.254556	
      1220	  0.256367	
      1221	  0.257375	
      1222	  0.257637	
      1223	  0.257412	
      1224	    0.2609	
      1225	  0.261823	
      1226	  0.262963	
      1227	  0.260304	
      1228	  0.264098	
      1229	  0.267676	
      1230	  0.269138	
      1231	  0.270514	
      1232	   0.27089	
      1233	  0.273889	
      1234	  0.275813	
      1235	  0.277704	
      1236	  0.282283	
      1237	  0.286045	
      1238	  0.289991	
      1239	  0.293769	
      1240	   0.30543	
      1241	  0.304256	
      1242	  0.300579	
      1243	  0.295392	
      1244	  0.291833	
      1245	  0.290241	
      1246	  0.289618	
      1247	  0.287658	
      1248	  0.287027	
      1249	  0.284906	
      1250	  0.282395	
      1251	  0.278963	
      1252	  0.275449	
      1253	  0.274506	
      1254	   0.27308	
      1255	  0.271092	
      1256	   0.26893	
      1257	  0.266298	
      1258	  0.265405	
      1259	  0.263074	
      1260	   0.26239	
      1261	  0.260422	
      1262	  0.256898	
      1263	  0.257019	
      1264	  0.253715	
      1265	  0.252803	
      1266	  0.252553	
      1267	  0.248501	
      1268	  0.245974	
      1269	  0.246557	
      1270	  0.246732	
      1271	   0.24701	
      1272	   0.24673	
      1273	  0.247188	
      1274	  0.247147	
      1275	  0.249459	
      1276	  0.251432	
      1277	    0.2529	
      1278	  0.253849	
      1279	  0.253981	
      1280	  0.253428	
      1281	   0.24643	
      1282	   0.22935	
      1283	  0.245186	
      1284	  0.257237	
      1285	  0.261999	
      1286	  0.265246	
      1287	  0.268857	
      1288	  0.271461	
      1289	  0.275545	
      1290	  0.277195	
      1291	  0.266906	
      1292	   0.25958	
      1293	  0.252592	
      1294	  0.244145	
      1295	  0.240129	
      1296	   0.23615	
      1297	   0.23068	
      1298	  0.225433	
      1299	  0.223248	
      1300	  0.219473	
      1301	  0.215711	
      1302	  0.211174	
      1303	  0.207408	
      1304	  0.204308	
      1305	  0.203332	
      1306	  0.201333	
      1307	  0.199133	
      1308	  0.196729	
      1309	  0.194601	
      1310	  0.191978	
      1311	  0.189566	
      1312	  0.186093	
      1313	   0.18089	
      1314	  0.182205	
      1315	  0.177851	
      1316	  0.176993	
      1317	  0.177898	
      1318	  0.175519	
      1319	  0.176135	
      1320	  0.174951	
      1321	   0.11795	
      1322	 0.0886666	
      1323	 0.0699034	
      1324	 0.0566764	
      1325	 0.0467612	
      1326	 0.0390536	
      1327	 0.0329747	
      1328	   0.02825	
      1329	 0.0239468	
      1330	 0.0209805	
      1331	 0.0184401	
      1332	 0.0159911	
      1333	  0.014307	
      1334	 0.0127189	
      1335	  0.011286	
      1336	  0.010002	
      1337	0.00896064	
      1338	0.00800801	
      1339	0.00713223	
      1340	0.00641994	
      1341	0.00589417	
      1342	0.00533732	
      1343	0.00484562	
      1344	0.00441012	
      1345	0.00401535	
      1346	0.00364009	
      1347	0.00333684	
      1348	0.00305105	
      1349	0.00278712	
      1350	0.00253398	
      1351	0.00202374	
      1352	0.00163716	
      1353	0.00132434	
      1354	0.00107546	
      1355	0.000873222	
      1356	0.000719144	
      1357	0.00059137	
      1358	0.000497422	
      1359	0.000415346	
      1360	0.000346291	
      1361	0.000294244	
      1362	0.000248087	
      1363	0.000207703	
      1364	0.000178036	
      1365	0.000151845	
      1366	0.000129677	
      1367	0.00011046	
      1368	9.5396e-05	
      1369	8.11368e-05	
      1370	6.99026e-05	
      1371	6.05826e-05	
      1372	5.2976e-05	
      1373	4.60928e-05	
      1374	4.00394e-05	
      1375	3.44452e-05	
      1376	2.98769e-05	
      1377	2.63236e-05	
      1378	2.30745e-05	
      1379	2.03494e-05	
      1380	1.77975e-05	
      1381	1.56528e-05	
      1382	1.36598e-05	
      1383	1.20672e-05	
      1384	1.06961e-05	
      1385	9.39934e-06	
      1386	8.35467e-06	
      1387	7.35864e-06	
      1388	6.55349e-06	
      1389	5.82605e-06	
      1390	5.11698e-06	
      1391	4.59457e-06	
      1392	4.10006e-06	
      1393	3.64028e-06	
      1394	3.23502e-06	
      1395	2.89099e-06	
      1396	3.19861e-06	
      1397	 3.549e-06	
      1398	3.95063e-06	
      1399	4.3736e-06	
      1400	4.7678e-06	
      1401	5.31128e-06	
      1402	5.99165e-06	
      1403	6.65924e-06	
      1404	7.46169e-06	
      1405	8.3589e-06	
      1406	9.42006e-06	
      1407	1.05706e-05	
      1408	1.18724e-05	
      1409	1.34008e-05	
      1410	1.5085e-05	
      1411	1.69094e-05	
      1412	1.87666e-05	
      1413	2.14201e-05	
      1414	2.45663e-05	
      1415	2.79447e-05	
      1416	3.16962e-05	
      1417	3.6293e-05	
      1418	4.15179e-05	
      1419	4.70859e-05	
      1420	5.38366e-05	
      1421	6.20673e-05	
      1422	7.03922e-05	
      1423	8.09352e-05	
      1424	9.35071e-05	
      1425	0.000109106	
      1426	0.000124256	
      1427	0.000145604	
      1428	0.000170933	
      1429	0.000197126	
      1430	0.000230906	
      1431	0.000273329	
      1432	0.000328374	
      1433	0.000389621	
      1434	0.000457947	
      1435	0.000548809	
      1436	0.000659914	
      1437	0.000797686	
      1438	0.000964929	
      1439	0.00117766	
      1440	0.00139727	
      1441	0.00173344	
      1442	0.00216174	
      1443	0.00252462	
      1444	0.00272752	
      1445	0.00294387	
      1446	0.00318828	
      1447	0.00342706	
      1448	 0.0037272	
      1449	0.00402857	
      1450	0.00433923	
      1451	0.00466333	
      1452	0.00506465	
      1453	0.00552407	
      1454	0.00599647	
      1455	0.00652543	
      1456	0.00711086	
      1457	0.00784233	
      1458	0.00871186	
      1459	0.00962222	
      1460	 0.0105489	
      1461	 0.0116231	
      1462	 0.0127977	
      1463	  0.013428	
      1464	 0.0134556	
      1465	 0.0135765	
      1466	 0.0134846	
      1467	 0.0136444	
      1468	 0.0135529	
      1469	 0.0136643	
      1470	 0.0136061	
      1471	 0.0134271	
      1472	 0.0134795	
      1473	 0.0134609	
      1474	 0.0132158	
      1475	 0.0133913	
      1476	 0.0134734	
      1477	 0.0134622	
      1478	 0.0143908	
      1479	 0.0155448	
      1480	 0.0167265	
      1481	 0.0178419	
      1482	 0.0192765	
      1483	 0.0205055	
      1484	 0.0223693	
      1485	 0.0244838	
      1486	 0.0263576	
      1487	 0.0281025	
      1488	 0.0283882	
      1489	 0.0335385	
      1490	 0.0376222	
      1491	 0.0416199	
      1492	 0.0458228	
      1493	 0.0515675	
      1494	 0.0580157	
      1495	  0.065299	
      1496	 0.0730634	
      1497	 0.0858882	
      1498	 0.0885283	
      1499	 0.0901501	
      1500	  0.093681	
      1501	 0.0960241	
      1502	 0.0966791	
      1503	 0.0927118	
      1504	 0.0972506	
      1505	 0.0980727	
      1506	  0.104516	
      1507	  0.111027	
      1508	  0.113799	
      1509	  0.117075	
      1510	  0.122907	
      1511	   0.12735	
      1512	  0.130102	
      1513	  0.134499	
      1514	   0.13963	
      1515	  0.146995	
      1516	   0.15402	
      1517	  0.162038	
      1518	  0.174176	
      1519	  0.186173	
      1520	  0.209177	
      1521	  0.205496	
      1522	  0.204772	
      1523	  0.207142	
      1524	  0.207662	
      1525	  0.204952	
      1526	  0.208789	
      1527	  0.208461	
      1528	  0.209553	
      1529	  0.207653	
      1530	  0.200609	
      1531	  0.208607	
      1532	  0.210477	
      1533	  0.209053	
      1534	  0.207045	
      1535	  0.209448	
      1536	  0.212484	
      1537	  0.213269	
      1538	  0.210779	
      1539	  0.214593	
      1540	  0.206456	
      1541	  0.205289	
      1542	  0.204477	
      1543	   0.20283	
      1544	  0.202214	
      1545	  0.201187	
      1546	  0.198932	
      1547	  0.195186	
      1548	  0.190409	
      1549	  0.191467	
      1550	  0.189319	
      1551	  0.188719	
      1552	  0.189026	
      1553	  0.186184	
      1554	  0.182025	
      1555	  0.181256	
      1556	  0.179082	
      1557	  0.181244	
      1558	  0.179962	
      1559	  0.180224	
      1560	  0.179813	
      1561	  0.182637	
      1562	  0.182678	
      1563	  0.182388	
      1564	  0.181329	
      1565	  0.183465	
      1566	  0.182605	
      1567	  0.183224	
      1568	  0.182291	
      1569	  0.184172	
      1570	   0.18476	
      1571	  0.188654	
      1572	  0.189757	
      1573	  0.188482	
      1574	  0.187213	
      1575	   0.18117	
      1576	  0.185819	
      1577	  0.177304	
      1578	  0.187766	
      1579	  0.192228	
      1580	  0.193563	
      1581	  0.192972	
      1582	  0.187094	
      1583	  0.187619	
      1584	  0.186237	
      1585	  0.189593	
      1586	  0.187588	
      1587	  0.184859	
      1588	  0.179974	
      1589	  0.170397	
      1590	  0.173863	
      1591	  0.175063	
      1592	  0.181666	
      1593	  0.184519	
      1594	  0.183343	
      1595	  0.182377	
      1596	  0.175312	
      1597	  0.176264	
      1598	  0.179158	
      1599	  0.176253	
      1600	  0.176002	
      1601	  0.171838	
      1602	  0.172664	
      1603	  0.172545	
      1604	  0.172256	
      1605	  0.170262	
      1606	  0.169309	
      1607	  0.168205	
      1608	  0.170006	
      1609	  0.168069	
      1610	  0.160039	
      1611	  0.163583	
      1612	  0.165557	
      1613	  0.168856	
      1614	  0.169177	
      1615	  0.168918	
      1616	  0.163949	
      1617	    0.1667	
      1618	  0.172174	
      1619	  0.172219	
      1620	   0.16889	
      1621	  0.169634	
      1622	  0.172986	
      1623	  0.177378	
      1624	  0.178863	
      1625	  0.177949	
      1626	  0.180935	
      1627	  0.183313	
      1628	  0.186244	
      1629	  0.188948	
      1630	   0.19184	
      1631	  0.192379	
      1632	  0.192038	
      1633	  0.189697	
      1634	  0.187787	
      1635	  0.189694	
      1636	  0.188907	
      1637	  0.182728	
      1638	   0.18107	
      1639	  0.178319	
      1640	  0.179867	
      1641	  0.178928	
      1642	  0.179096	
      1643	   0.18165	
      1644	  0.180128	
      1645	  0.179511	
      1646	  0.181674	
      1647	  0.181976	
      1648	  0.181395	
      1649	  0.178732	
      1650	   0.18014	
      1651	  0.178482	
      1652	  0.180105	
      1653	  0.178853	
      1654	  0.179389	
      1655	  0.177949	
      1656	  0.178786	
      1657	  0.178842	
      1658	  0.177904	
      1659	  0.176186	
      1660	  0.177139	
      1661	  0.177793	
      1662	   0.17717	
      1663	  0.176454	
      1664	  0.176129	
      1665	  0.174724	
      1666	  0.173425	
      1667	  0.173409	
      1668	  0.171318	
      1669	  0.172494	
      1670	   0.17496	
      1671	  0.173866	
      1672	   0.16883	
      1673	   0.17061	
      1674	  0.172489	
      1675	  0.170719	
      1676	  0.168857	
      1677	   0.16986	
      1678	  0.170369	
      1679	  0.166338	
      1680	  0.159796	
      1681	  0.153781	
      1682	  0.155407	
      1683	  0.158605	
      1684	  0.160024	
      1685	  0.159694	
      1686	  0.157352	
      1687	  0.156839	
      1688	  0.155893	
      1689	  0.153509	
      1690	  0.152906	
      1691	  0.154431	
      1692	  0.154057	
      1693	  0.152883	
      1694	   0.15218	
      1695	  0.151503	
      1696	    0.1503	
      1697	  0.149124	
      1698	  0.148407	
      1699	  0.147082	
      1700	    0.1449	
      1701	   0.14414	
      1702	  0.143631	
      1703	  0.142958	
      1704	  0.142261	
      1705	  0.141527	
      1706	  0.140449	
      1707	  0.139329	
      1708	  0.138221	
      1709	  0.137124	
      1710	  0.136175	
      1711	  0.136054	
      1712	  0.136074	
      1713	  0.136098	
      1714	  0.136125	
      1715	  0.136042	
      1716	  0.135249	
      1717	  0.134351	
      1718	   0.13346	
      1719	  0.132577	
      1720	  0.131755	
      1721	  0.131232	
      1722	  0.130767	
      1723	  0.130307	
      1724	  0.129851	
      1725	  0.129355	
      1726	  0.128562	
      1727	  0.127729	
      1728	  0.126902	
      1729	  0.126081	
      1730	  0.125156	
      1731	   0.12355	
      1732	  0.121844	
      1733	  0.120148	
      1734	   0.11846	
      1735	   0.11709	
      1736	  0.117546	
      1737	  0.118309	
      1738	  0.119069	
      1739	  0.119827	
      1740	  0.120393	
      1741	 0.0963772	
      1742	  0.081969	
      1743	 0.0716019	
      1744	 0.0635553	
      1745	 0.0570624	
      1746	 0.0517771	
      1747	 0.0473047	
      1748	 0.0434447	
      1749	 0.0400734	
      1750	 0.0371067	
      1751	 0.0344956	
      1752	 0.0321635	
      1753	 0.0300635	
      1754	 0.0281631	
      1755	 0.0264256	
      1756	 0.0247785	
      1757	 0.0232636	
      1758	 0.0218744	
      1759	 0.0205968	
      1760	 0.0194242	
      1761	 0.0183707	
      1762	 0.0173987	
      1763	 0.0164956	
      1764	 0.0156548	
      1765	 0.0148708	
      1766	 0.0141384	
      1767	 0.0134534	
      1768	 0.0128116	
      1769	 0.0122096	
      1770	 0.0116396	
      1771	 0.0110754	
      1772	  0.010541	
      1773	 0.0100384	
      1774	 0.0095653	
      1775	0.00912465	
      1776	 0.0087387	
      1777	0.00837822	
      1778	0.00803666	
      1779	0.00771276	
      1780	0.00740328	
      1781	0.00709729	
      1782	0.00680494	
      1783	0.00652734	
      1784	0.00626357	
      1785	0.00601453	
      1786	0.00578753	
      1787	0.00557277	
      1788	0.00536789	
      1789	0.00517233	
      1790	0.00498358	
      1791	0.00479057	
      1792	 0.0046046	
      1793	0.00442716	
      1794	0.00425779	
      1795	0.00409605	
      1796	0.00394153	
      1797	0.00379384	
      1798	0.00365263	
      1799	0.00351757	
      1800	0.00339035	
      1801	0.00271406	
      1802	0.00219555	
      1803	0.00179141	
      1804	0.00147277	
      1805	0.00121884	
      1806	0.00101384	
      1807	0.000847846	
      1808	0.000712566	
      1809	0.000601606	
      1810	0.000509002	
      1811	0.000426929	
      1812	0.000358533	
      1813	0.000302017	
      1814	0.00025513	
      1815	0.000216756	
      1816	0.000188046	
      1817	0.000164062	
      1818	0.000143484	
      1819	0.000125774	
      1820	0.000110455	
      1821	9.70203e-05	
      1822	8.5362e-05	
      1823	7.52466e-05	
      1824	6.64496e-05	
      1825	5.8721e-05	
      1826	5.16399e-05	
      1827	4.54366e-05	
      1828	4.00388e-05	
      1829	3.53333e-05	
      1830	3.12399e-05	
      1831	2.77347e-05	
      1832	2.46676e-05	
      1833	2.19674e-05	
      1834	1.95867e-05	
      1835	1.74825e-05	
      1836	1.56063e-05	
      1837	1.3945e-05	
      1838	1.24739e-05	
      1839	1.11695e-05	
      1840	1.00103e-05	
      1841	8.97081e-06	
      1842	8.04579e-06	
      1843	7.22271e-06	
      1844	6.48956e-06	
      1845	5.83888e-06	
      1846	5.27302e-06	
      1847	4.76843e-06	
      1848	4.3156e-06	
      1849	3.90885e-06	
      1850	3.54199e-06	
      1851	3.20565e-06	
      1852	2.90241e-06	
      1853	2.6297e-06	
      1854	2.38426e-06	
      1855	2.16318e-06	
      1856	1.96389e-06	
      1857	1.78411e-06	
      1858	1.6218e-06	
      1859	1.47517e-06	
      1860	1.3426e-06	
      1861	1.41118e-06	
      1862	1.48356e-06	
      1863	1.55995e-06	
      1864	1.64061e-06	
      1865	1.72613e-06	
      1866	1.81822e-06	
      1867	1.91602e-06	
      1868	2.01951e-06	
      1869	2.12905e-06	
      1870	2.24011e-06	
      1871	2.32563e-06	
      1872	2.40876e-06	
      1873	2.49443e-06	
      1874	2.58269e-06	
      1875	2.68834e-06	
      1876	2.89124e-06	
      1877	3.12588e-06	
      1878	3.37879e-06	
      1879	3.65143e-06	
      1880	3.93461e-06	
      1881	4.17133e-06	
      1882	4.41139e-06	
      1883	4.6665e-06	
      1884	4.93768e-06	
      1885	5.22174e-06	
      1886	5.49481e-06	
      1887	5.77863e-06	
      1888	6.07842e-06	
      1889	6.39517e-06	
      1890	6.73473e-06	
      1891	7.12463e-06	
      1892	7.54472e-06	
      1893	7.99199e-06	
      1894	8.46836e-06	
      1895	8.98243e-06	
      1896	9.57225e-06	
      1897	1.02115e-05	
      1898	1.0897e-05	
      1899	1.16324e-05	
      1900	1.24155e-05	
      1901	1.32124e-05	
      1902	1.40585e-05	
      1903	1.49643e-05	
      1904	1.59343e-05	
      1905	1.69713e-05	
      1906	1.80619e-05	
      1907	1.92273e-05	
      1908	2.0476e-05	
      1909	2.18146e-05	
      1910	2.32554e-05	
      1911	2.48273e-05	
      1912	2.65229e-05	
      1913	2.83469e-05	
      1914	3.03101e-05	
      1915	3.24245e-05	
      1916	3.4703e-05	
      1917	3.71596e-05	
      1918	 3.981e-05	
      1919	4.26713e-05	
      1920	4.57622e-05	
      1921	4.26471e-05	
      1922	4.30515e-05	
      1923	4.4204e-05	
      1924	4.58166e-05	
      1925	4.77766e-05	
      1926	4.99526e-05	
      1927	5.24159e-05	
      1928	5.5187e-05	
      1929	5.82782e-05	
      1930	6.17561e-05	
      1931	6.59073e-05	
      1932	7.05582e-05	
      1933	7.57083e-05	
      1934	8.14122e-05	
      1935	8.76862e-05	
      1936	9.43128e-05	
      1937	0.000101597	
      1938	0.000109672	
      1939	0.000118635	
      1940	0.000128404	
      1941	0.000137981	
      1942	0.000148334	
      1943	0.000159783	
      1944	0.000172472	
      1945	0.000187189	
      1946	0.000207747	
      1947	0.000231913	
      1948	0.000259573	
      1949	0.00029134	
      1950	0.000327697	
      1951	0.000368005	
      1952	0.000414358	
      1953	0.000468264	
      1954	0.000531276	
      1955	0.00060488	
      1956	0.000688666	
      1957	0.000787473	
      1958	0.00090558	
      1959	0.00104803	
      1960	 0.0012214	
      1961	0.00133743	
      1962	0.00146674	
      1963	0.00161146	
      1964	0.00177386	
      1965	0.00195824	
      1966	0.00217714	
      1967	0.00242825	
      1968	0.00271527	
      1969	0.00304463	
      1970	 0.0034223	
      1971	0.00384516	
      1972	 0.0043334	
      1973	0.00490307	
      1974	0.00557224	
      1975	0.00636428	
      1976	0.00730997	
      1977	0.00845065	
      1978	0.00984317	
      1979	  0.011568	
      1980	 0.0137464	
      1981	 0.0165771	
      1982	 0.0203512	
      1983	  0.025601	
      1984	 0.0334237	
      1985	  0.046747	
      1986	 0.0314853	
      1987	  0.024627	
      1988	 0.0202243	
      1989	 0.0170672	
      1990	 0.0146541	
      1991	 0.0126858	
      1992	  0.011085	
      1993	0.00976578	
      1994	0.00866197	
      1995	0.00773229	
      1996	0.00696269	
      1997	0.00630116	
      1998	0.00572433	
      1999	0.00521808	
      2000	 0.0047692	
      2001	 0.0043599	
      2002	0.00399412	
      2003	0.00366755	
      2004	0.00337492	
      2005	0.00311317	
      2006	0.00330652	
      2007	0.00351662	
      2008	0.00374364	
      2009	0.00398935	
      2010	0.00425496	
      2011	0.00453703	
      2012	 0.0048427	
      2013	0.00517549	
      2014	0.00553857	
      2015	0.00593458	
      2016	0.00635971	
      2017	 0.0068253	
      2018	0.00733795	
      2019	0.00790427	
      2020	0.00853593	
      2021	0.00926406	
      2022	 0.0100844	
      2023	 0.0110083	
      2024	 0.0120547	
      2025	 0.0132419	
      2026	 0.0145661	
      2027	 0.0160912	
      2028	 0.0178749	
      2029	 0.0199897	
      2030	 0.0225477	
      2031	 0.0257407	
      2032	 0.0298295	
      2033	 0.0353392	
      2034	 0.0435492	
      2035	 0.0605689	
      2036	 0.0592493	
      2037	 0.0580478	
      2038	 0.0569475	
      2039	 0.0559293	
      2040	 0.0550208	
      2041	 0.0543928	
      2042	 0.0538493	
      2043	 0.0533435	
      2044	 0.0528712	
      2045	 0.0523947	
      2046	 0.0517246	
      2047	 0.0510502	
      2048	 0.0504031	
      2049	  0.049781	
      2050	 0.0491961	
      2051	 0.0486971	
      2052	 0.0482307	
      2053	  0.047782	
      2054	   0.04735	
      2055	 0.0469247	
      2056	 0.0464434	
      2057	 0.0459686	
      2058	 0.0455084	
      2059	 0.0450624	
      2060	 0.0446429	
      2061	 0.0442966	
      2062	 0.0439751	
      2063	  0.043665	
      2064	 0.0433662	
      2065	 0.0430783	
      2066	 0.0433986	
      2067	 0.0437258	
      2068	 0.0440602	
      2069	  0.044402	
      2070	  0.044765	
      2071	 0.0451991	
      2072	 0.0456569	
      2073	 0.0461257	
      2074	 0.0466059	
      2075	 0.0470795	
      2076	 0.0474429	
      2077	 0.0477975	
      2078	 0.0481627	
      2079	  0.048539	
      2080	 0.0489372	
      2081	 0.0493982	
      2082	 0.0498844	
      2083	 0.0503871	
      2084	 0.0509076	
      2085	 0.0514525	
      2086	 0.0520289	
      2087	 0.0526337	
      2088	 0.0532639	
      2089	 0.0539221	
      2090	    0.0546	
      2091	 0.0552552	
      2092	 0.0559356	
      2093	 0.0566573	
      2094	 0.0574268	
      2095	 0.0582765	
      2096	 0.0593544	
      2097	  0.060546	
      2098	 0.0618492	
      2099	 0.0632974	
      2100	 0.0649391	
      2101	 0.0649903	
      2102	 0.0650357	
      2103	 0.0650822	
      2104	 0.0651297	
      2105	 0.0651647	
      2106	  0.065119	
      2107	 0.0650606	
      2108	  0.065003	
      2109	 0.0649463	
      2110	 0.0648973	
      2111	 0.0649044	
      2112	 0.0649196	
      2113	 0.0649362	
      2114	 0.0649541	
      2115	 0.0649735	
      2116	 0.0649805	
      2117	 0.0649891	
      2118	 0.0649993	
      2119	 0.0650113	
      2120	 0.0650251	
      2121	 0.0650267	
      2122	 0.0650304	
      2123	 0.0650362	
      2124	 0.0650442	
      2125	 0.0650757	
      2126	  0.065223	
      2127	  0.065395	
      2128	 0.0655705	
      2129	   0.06575	
      2130	 0.0659051	
      2131	 0.0659073	
      2132	 0.0658848	
      2133	 0.0658665	
      2134	 0.0658528	
      2135	 0.0658661	
      2136	 0.0660304	
      2137	  0.066224	
      2138	 0.0664263	
      2139	 0.0666386	
      2140	 0.0668405	
      2141	 0.0669233	
      2142	 0.0669991	
      2143	 0.0670937	
      2144	 0.0672126	
      2145	 0.0673869	
      2146	 0.0677152	
      2147	  0.068148	
      2148	  0.068756	
      2149	 0.0687085	
      2150	 0.0686534	
      2151	  0.068522	
      2152	 0.0683831	
      2153	 0.0682444	
      2154	 0.0681058	
      2155	 0.0679674	
      2156	 0.0677986	
      2157	 0.0676299	
      2158	 0.0674615	
      2159	 0.0672932	
      2160	 0.0670334	
      2161	 0.0662089	
      2162	 0.0652933	
      2163	 0.0643782	
      2164	 0.0634635	
      2165	 0.0627249	
      2166	 0.0630543	
      2167	  0.063559	
      2168	 0.0640636	
      2169	 0.0645681	
      2170	 0.0650191	
      2171	 0.0651196	
      2172	 0.0651668	
      2173	 0.0652141	
      2174	 0.0652615	
      2175	 0.0652785	
      2176	 0.0651129	
      2177	 0.0649171	
      2178	 0.0647214	
      2179	  0.064526	
      2180	 0.0643535	
      2181	 0.0643332	
      2182	 0.0643358	
      2183	 0.0643386	
      2184	 0.0643414	
      2185	 0.0643139	
      2186	 0.0640891	
      2187	  0.063834	
      2188	 0.0635792	
      2189	 0.0633246	
      2190	 0.0631081	
      2191	 0.0631194	
      2192	 0.0631687	
      2193	 0.0632182	
      2194	 0.0632677	
      2195	 0.0632945	
      2196	 0.0632002	
      2197	 0.0630832	
      2198	 0.0629664	
      2199	 0.0628257	
      2200	 0.0626625	
      2201	 0.0623635	
      2202	 0.0620422	
      2203	 0.0617214	
      2204	  0.061401	
      2205	 0.0611188	
      2206	 0.0610333	
      2207	 0.0609856	
      2208	 0.0609381	
      2209	 0.0608907	
      2210	  0.060836	
      2211	 0.0607513	
      2212	 0.0606593	
      2213	 0.0605674	
      2214	 0.0604758	
      2215	 0.0603843	
      2216	  0.060293	
      2217	  0.060202	
      2218	  0.060111	
      2219	 0.0600203	
      2220	 0.0599148	
      2221	 0.0597196	
      2222	 0.0595098	
      2223	 0.0593002	
      2224	 0.0590909	
      2225	 0.0588969	
      2226	 0.0587927	
      2227	 0.0587037	
      2228	 0.0586148	
      2229	 0.0585261	
      2230	 0.0584376	
      2231	 0.0583343	
      2232	 0.0582312	
      2233	 0.0581283	
      2234	 0.0580256	
      2235	 0.0579081	
      2236	 0.0576868	
      2237	  0.057451	
      2238	 0.0572154	
      2239	 0.0569801	
      2240	 0.0567674	
      2241	 0.0566883	
      2242	 0.0566317	
      2243	 0.0565752	
      2244	 0.0565188	
      2245	 0.0564477	
      2246	 0.0563028	
      2247	 0.0561433	
      2248	  0.055984	
      2249	 0.0558249	
      2250	  0.055666	
      2251	 0.0554778	
      2252	 0.0552899	
      2253	 0.0551021	
      2254	 0.0549146	
      2255	 0.0547421	
      2256	 0.0546729	
      2257	 0.0546185	
      2258	 0.0545642	
      2259	   0.05451	
      2260	 0.0544485	
      2261	 0.0543137	
      2262	 0.0541717	
      2263	   0.05403	
      2264	 0.0538884	
      2265	 0.0537616	
      2266	 0.0536936	
      2267	 0.0536404	
      2268	 0.0535873	
      2269	 0.0535343	
      2270	 0.0534741	
      2271	 0.0530217	
      2272	 0.0525783	
      2273	 0.0521497	
      2274	 0.0517346	
      2275	 0.0513177	
      2276	 0.0508421	
      2277	 0.0503641	
      2278	  0.049897	
      2279	 0.0494402	
      2280	 0.0490136	
      2281	 0.0487186	
      2282	  0.048451	
      2283	 0.0481897	
      2284	 0.0479344	
      2285	 0.0476848	
      2286	  0.047414	
      2287	 0.0471485	
      2288	 0.0468882	
      2289	 0.0466327	
      2290	 0.0463558	
      2291	  0.045915	
      2292	 0.0454545	
      2293	 0.0450001	
      2294	 0.0445516	
      2295	  0.044147	
      2296	 0.0439502	
      2297	 0.0437945	
      2298	 0.0436416	
      2299	 0.0434913	
      2300	 0.0433373	
      2301	 0.0431362	
      2302	 0.0429318	
      2303	 0.0427301	
      2304	 0.0425312	
      2305	 0.0423287	
      2306	 0.0421046	
      2307	 0.0418771	
      2308	 0.0416523	
      2309	 0.0414301	
      2310	 0.0412104	
      2311	 0.0409694	
      2312	 0.0407309	
      2313	  0.040495	
      2314	 0.0402615	
      2315	 0.0400304	
      2316	 0.0398133	
      2317	 0.0395985	
      2318	 0.0393858	
      2319	 0.0391752	
      2320	 0.0389493	
      2321	 0.0385993	
      2322	  0.038235	
      2323	 0.0378737	
      2324	 0.0375155	
      2325	 0.0371998	
      2326	 0.0371012	
      2327	 0.0370431	
      2328	 0.0369858	
      2329	 0.0369293	
      2330	 0.0368568	
      2331	 0.0366964	
      2332	 0.0365208	
      2333	 0.0363467	
      2334	  0.036174	
      2335	 0.0360029	
      2336	 0.0358331	
      2337	 0.0356647	
      2338	 0.0354977	
      2339	  0.035332	
      2340	 0.0351731	
      2341	 0.0350477	
      2342	 0.0349287	
      2343	 0.0348107	
      2344	 0.0346936	
      2345	 0.0345669	
      2346	 0.0343883	
      2347	 0.0342004	
      2348	 0.0340139	
      2349	 0.0338287	
      2350	 0.0336343	
      2351	 0.0333683	
      2352	 0.0330936	
      2353	 0.0328207	
      2354	 0.0325496	
      2355	 0.0323112	
      2356	 0.0322389	
      2357	 0.0321979	
      2358	 0.0321574	
      2359	 0.0321172	
      2360	 0.0320723	
      2361	 0.0301714	
      2362	 0.0285105	
      2363	 0.0270398	
      2364	 0.0257219	
      2365	 0.0245257	
      2366	 0.0234054	
      2367	 0.0223741	
      2368	 0.0214231	
      2369	 0.0205422	
      2370	 0.0197198	
      2371	 0.0189341	
      2372	  0.018196	
      2373	 0.0175035	
      2374	 0.0168523	
      2375	 0.0162491	
      2376	 0.0157306	
      2377	 0.0152493	
      2378	 0.0147926	
      2379	 0.0143586	
      2380	 0.0139273	
      2381	 0.0134157	
      2382	  0.012912	
      2383	 0.0124322	
      2384	  0.011975	
      2385	 0.0115582	
      2386	  0.011274	
      2387	 0.0110196	
      2388	 0.0107749	
      2389	 0.0105394	
      2390	 0.0103055	
      2391	 0.0100402	
      2392	 0.0097784	
      2393	0.00952637	
      2394	0.00928361	
      2395	0.00904963	
      2396	0.00882104	
      2397	0.00860052	
      2398	0.00838766	
      2399	0.00818209	
      2400	0.00798348	
      2401	0.00779411	
      2402	0.00761094	
      2403	 0.0074337	
      2404	0.00726213	
      2405	0.00709597	
      2406	0.00693734	
      2407	0.00678357	
      2408	0.00663446	
      2409	0.00648982	
      2410	 0.0063441	
      2411	0.00617122	
      2412	0.00599866	
      2413	0.00583155	
      2414	0.00566969	
      2415	0.00552061	
      2416	0.00541776	
      2417	0.00532505	
      2418	0.00523465	
      2419	0.00514648	
      2420	0.00505783	
      2421	 0.0049542	
      2422	0.00485081	
      2423	0.00475018	
      2424	0.00465222	
      2425	0.00455763	
      2426	0.00447019	
      2427	0.00438571	
      2428	0.00430334	
      2429	  0.004223	
      2430	0.00414391	
      2431	0.00405963	
      2432	0.00397679	
      2433	0.00389602	
      2434	0.00381727	
      2435	0.00374114	
      2436	0.00367208	
      2437	0.00360529	
      2438	0.00354006	
      2439	0.00347634	
      2440	0.00341348	
      2441	 0.0033473	
      2442	 0.0032821	
      2443	0.00321843	
      2444	0.00315626	
      2445	0.00309497	
      2446	0.00303293	
      2447	0.00297181	
      2448	0.00291212	
      2449	0.00285382	
      2450	 0.0027979	
      2451	0.00255484	
      2452	0.00233878	
      2453	0.00214527	
      2454	0.00197142	
      2455	0.00181546	
      2456	0.00167764	
      2457	0.00155321	
      2458	0.00144007	
      2459	0.00133697	
      2460	 0.0012426	
      2461	 0.0011546	
      2462	0.00107386	
      2463	0.000999862	
      2464	0.000931929	
      2465	0.000869153	
      2466	0.000809877	
      2467	0.000755041	
      2468	0.000704523	
      2469	0.000657925	
      2470	0.000615125	
      2471	0.00057706	
      2472	0.000541955	
      2473	0.000509348	
      2474	0.000479033	
      2475	0.000450568	
      2476	0.000422476	
      2477	0.00039615	
      2478	0.000371678	
      2479	0.000348912	
      2480	0.000327905	
      2481	0.000309157	
      2482	0.000291803	
      2483	0.000275565	
      2484	0.000260359	
      2485	0.000246207	
      2486	0.000233384	
      2487	0.000221415	
      2488	0.000210153	
      2489	0.00019955	
      2490	0.000189236	
      2491	0.000177599	
      2492	0.00016643	
      2493	0.000155999	
      2494	0.000146252	
      2495	0.000137562	
      2496	0.000131715	
      2497	0.000126536	
      2498	0.00012159	
      2499	0.000116867	
      2500	0.000112179	
      2501	2.68391e-05	
      2502	7.80354e-06	
      2503	2.58223e-06	
      2504	9.38431e-07	
      2505	3.6646e-07	
      2506	1.51309e-07	
      2507	6.55089e-08	
      2508	2.9525e-08	
      2509	1.37745e-08	
      2510	 6.624e-09	
      2511	3.27509e-09	
      2512	1.65842e-09	
      2513	8.57828e-10	
      2514	4.52344e-10	
      2515	2.42748e-10	
      2516	1.32434e-10	
      2517	7.33287e-11	
      2518	4.11616e-11	
      2519	2.34009e-11	
      2520	1.3465e-11	
      2521	7.84069e-12	
      2522	4.6143e-12	
      2523	2.74222e-12	
      2524	1.64475e-12	
      2525	9.95335e-13	
      2526	6.08087e-13	
      2527	 3.745e-13	
      2528	2.32363e-13	
      2529	1.45197e-13	
      2530	9.13256e-14	
      2531	5.76921e-14	
      2532	3.66628e-14	
      2533	2.34368e-14	
      2534	1.50671e-14	
      2535	9.74125e-15	
      2536	6.33632e-15	
      2537	4.1432e-15	
      2538	2.72232e-15	
      2539	1.79709e-15	
      2540	1.19168e-15	
      2541	7.94006e-16	
      2542	5.3127e-16	
      2543	3.56923e-16	
      2544	2.40738e-16	
      2545	1.62994e-16	
      2546	1.10718e-16	
      2547	7.54785e-17	
      2548	5.16345e-17	
      2549	3.54426e-17	
      2550	2.44083e-17	
      2551	1.68558e-17	
      2552	1.16765e-17	
      2553	8.11308e-18	
      2554	5.65378e-18	
      2555	3.95128e-18	
      2556	2.76796e-18	
      2557	1.94432e-18	
      2558	1.36939e-18	
      2559	9.66972e-19	
      2560	6.84694e-19	
      2561	4.86448e-19	
      2562	3.46516e-19	
      2563	2.47421e-19	
      2564	1.77074e-19	
      2565	1.27016e-19	
      2566	9.12699e-20	
      2567	6.57263e-20	
      2568	4.7432e-20	
      2569	3.43009e-20	
      2570	2.48556e-20	
      2571	1.80391e-20	
      2572	1.31175e-20	
      2573	9.55702e-21	
      2574	6.97602e-21	
      2575	5.10145e-21	
      2576	3.73735e-21	
      2577	2.74287e-21	
      2578	2.01652e-21	
      2579	1.48505e-21	
      2580	1.09525e-21	
      2581	8.07992e-22	
      2582	5.96902e-22	
      2583	4.41658e-22	
      2584	3.27299e-22	
      2585	2.43034e-22	
      2586	1.81322e-22	
      2587	1.35545e-22	
      2588	1.01474e-22	
      2589	7.60765e-23	
      2590	5.71038e-23	
      2591	4.28435e-23	
      2592	3.21812e-23	
      2593	2.42051e-23	
      2594	1.82302e-23	
      2595	1.37514e-23	
      2596	1.0396e-23	
      2597	7.87123e-24	
      2598	5.96713e-24	
      2599	4.52925e-24	
      2600	3.44206e-24	
      2601	1.73426e-24	
      2602	1.17302e-24	
      2603	8.38686e-25	
      2604	6.17613e-25	
      2605	4.63653e-25	
      2606	3.52616e-25	
      2607	2.71054e-25	
      2608	2.10154e-25	
      2609	1.64099e-25	
      2610	1.28911e-25	
      2611	1.01844e-25	
      2612	8.08287e-26	
      2613	6.44098e-26	
      2614	5.15126e-26	
      2615	4.13333e-26	
      2616	3.32334e-26	
      2617	2.67942e-26	
      2618	2.16573e-26	
      2619	1.75463e-26	
      2620	 1.424e-26	
      2621	1.15415e-26	
      2622	9.36753e-27	
      2623	7.61653e-27	
      2624	6.20319e-27	
      2625	5.06634e-27	
      2626	4.1728e-27	
      2627	3.44611e-27	
      2628	2.84992e-27	
      2629	2.36002e-27	
      2630	1.95587e-27	
      2631	1.61819e-27	
      2632	1.33975e-27	
      2633	1.11048e-27	
      2634	9.2145e-28	
      2635	7.65221e-28	
      2636	6.34575e-28	
      2637	5.26618e-28	
      2638	4.37439e-28	
      2639	3.63693e-28	
      2640	3.02798e-28	
      2641	2.53072e-28	
      2642	2.11798e-28	
      2643	1.77401e-28	
      2644	1.4871e-28	
      2645	1.24758e-28	
      2646	1.04639e-28	
      2647	8.78296e-29	
      2648	7.37744e-29	
      2649	6.20125e-29	
      2650	5.2162e-29	
      2651	4.3862e-29	
      2652	3.69072e-29	
      2653	3.10752e-29	
      2654	2.61814e-29	
      2655	2.20776e-29	
      2656	1.86472e-29	
      2657	1.57632e-29	
      2658	1.33332e-29	
      2659	1.12843e-29	
      2660	9.55325e-30	
      2661	8.07996e-30	
      2662	6.83586e-30	
      2663	5.78639e-30	
      2664	4.90061e-30	
      2665	4.1547e-30	
      2666	3.53135e-30	
      2667	3.00458e-30	
      2668	2.55766e-30	
      2669	2.17828e-30	
      2670	1.8556e-30	
      2671	1.57742e-30	
      2672	1.34122e-30	
      2673	1.14091e-30	
      2674	9.70953e-31	
      2675	8.26891e-31	
      2676	7.05244e-31	
      2677	6.0191e-31	
      2678	5.13938e-31	
      2679	4.3901e-31	
      2680	3.75163e-31	
      2681	3.20734e-31	
      2682	2.74313e-31	
      2683	2.34706e-31	
      2684	2.00898e-31	
      2685	1.72027e-31	
      2686	1.47208e-31	
      2687	1.26018e-31	
      2688	1.07918e-31	
      2689	9.2453e-32	
      2690	7.92331e-32	
      2691	6.79642e-32	
      2692	5.83192e-32	
      2693	5.00608e-32	
      2694	4.29871e-32	
      2695	3.69258e-32	
      2696	3.17133e-32	
      2697	2.72458e-32	
      2698	2.34156e-32	
      2699	2.01306e-32	
      2700	1.73168e-32	
      2701	2.11279e-32	
      2702	2.58022e-32	
      2703	3.1532e-32	
      2704	3.85608e-32	
      2705	4.71891e-32	
      2706	5.77885e-32	
      2707	7.08185e-32	
      2708	8.68482e-32	
      2709	1.06583e-31	
      2710	1.30896e-31	
      2711	1.60962e-31	
      2712	1.98078e-31	
      2713	2.43936e-31	
      2714	3.00636e-31	
      2715	3.70796e-31	
      2716	4.57429e-31	
      2717	5.64739e-31	
      2718	6.97767e-31	
      2719	8.62809e-31	
      2720	1.06774e-30	
      2721	1.32167e-30	
      2722	1.63732e-30	
      2723	  2.03e-30	
      2724	2.51895e-30	
      2725	3.12913e-30	
      2726	3.89255e-30	
      2727	4.84771e-30	
      2728	6.04244e-30	
      2729	7.53818e-30	
      2730	9.41245e-30	
      2731	1.17501e-29	
      2732	1.46815e-29	
      2733	1.83609e-29	
      2734	2.29833e-29	
      2735	2.87962e-29	
      2736	3.61334e-29	
      2737	4.5383e-29	
      2738	5.70553e-29	
      2739	7.17992e-29	
      2740	9.04419e-29	
      2741	1.14103e-28	
      2742	1.44099e-28	
      2743	1.82166e-28	
      2744	2.30527e-28	
      2745	2.92031e-28	
      2746	3.70127e-28	
      2747	4.69608e-28	
      2748	5.96474e-28	
      2749	7.58442e-28	
      2750	9.65464e-28	
      2751	1.22968e-27	
      2752	1.56798e-27	
      2753	2.00166e-27	
      2754	2.55828e-27	
      2755	3.27356e-27	
      2756	4.19386e-27	
      2757	5.37942e-27	
      2758	6.90866e-27	
      2759	8.88375e-27	
      2760	1.1438e-26	
      2761	1.47542e-26	
      2762	1.90567e-26	
      2763	2.46466e-26	
      2764	3.19193e-26	
      2765	4.13945e-26	
      2766	5.37885e-26	
      2767	6.99921e-26	
      2768	9.12077e-26	
      2769	1.19027e-25	
      2770	1.55517e-25	
      2771	2.03262e-25	
      2772	2.65993e-25	
      2773	3.48623e-25	
      2774	4.57643e-25	
      2775	6.0172e-25	
      2776	7.92914e-25	
      2777	1.0466e-24	
      2778	1.38379e-24	
      2779	1.83276e-24	
      2780	2.43166e-24	
      2781	3.23397e-24	
      2782	4.30882e-24	
      2783	5.75159e-24	
      2784	7.69199e-24	
      2785	1.03069e-23	
      2786	1.38379e-23	
      2787	1.86159e-23	
      2788	2.5095e-23	
      2789	3.38999e-23	
      2790	4.58919e-23	
      2791	6.2224e-23	
      2792	8.45563e-23	
      2793	1.15165e-22	
      2794	1.5722e-22	
      2795	2.15208e-22	
      2796	2.95481e-22	
      2797	4.06832e-22	
      2798	5.61578e-22	
      2799	7.77214e-22	
      2800	1.07854e-21	
      2801	1.35582e-21	
      2802	1.70607e-21	
      2803	2.14892e-21	
      2804	2.70945e-21	
      2805	3.42073e-21	
      2806	4.32588e-21	
      2807	5.47799e-21	
      2808	6.94436e-21	
      2809	8.8128e-21	
      2810	1.11963e-20	
      2811	1.42403e-20	
      2812	1.81324e-20	
      2813	2.3115e-20	
      2814	2.95011e-20	
      2815	3.76963e-20	
      2816	4.81965e-20	
      2817	6.16968e-20	
      2818	7.90772e-20	
      2819	1.01482e-19	
      2820	1.30402e-19	
      2821	1.67679e-19	
      2822	2.15898e-19	
      2823	2.78358e-19	
      2824	3.59383e-19	
      2825	4.64788e-19	
      2826	6.02343e-19	
      2827	7.81989e-19	
      2828	1.01672e-18	
      2829	1.32389e-18	
      2830	1.72652e-18	
      2831	2.2537e-18	
      2832	2.94654e-18	
      2833	3.85862e-18	
      2834	5.06142e-18	
      2835	6.65037e-18	
      2836	8.74766e-18	
      2837	1.15266e-17	
      2838	1.52156e-17	
      2839	2.0122e-17	
      2840	2.66604e-17	
      2841	3.54138e-17	
      2842	4.71332e-17	
      2843	6.28567e-17	
      2844	8.39971e-17	
      2845	1.12483e-16	
      2846	1.50855e-16	
      2847	2.02762e-16	
      2848	2.73142e-16	
      2849	3.68801e-16	
      2850	4.99138e-16	
      2851	6.77175e-16	
      2852	9.21005e-16	
      2853	1.25583e-15	
      2854	1.71689e-15	
      2855	2.35354e-15	
      2856	3.23737e-15	
      2857	4.46584e-15	
      2858	6.17861e-15	
      2859	8.57421e-15	
      2860	1.19358e-14	
      2861	1.6669e-14	
      2862	2.33567e-14	
      2863	 3.284e-14	
      2864	4.63379e-14	
      2865	6.56244e-14	
      2866	9.31676e-14	
      2867	1.32793e-13	
      2868	1.90045e-13	
      2869	2.73136e-13	
      2870	3.94422e-13	
      2871	5.72573e-13	
      2872	8.35456e-13	
      2873	1.22513e-12	
      2874	1.80594e-12	
      2875	2.67756e-12	
      2876	3.99529e-12	
      2877	5.99939e-12	
      2878	9.06566e-12	
      2879	1.37902e-11	
      2880	2.1124e-11	
      2881	3.25539e-11	
      2882	5.05629e-11	
      2883	7.91913e-11	
      2884	1.25134e-10	
      2885	1.99617e-10	
      2886	3.21914e-10	
      2887	5.24868e-10	
      2888	8.6601e-10	
      2889	1.44749e-09	
      2890	2.45397e-09	
      2891	4.22592e-09	
      2892	7.40541e-09	
      2893	1.32348e-08	
      2894	2.41913e-08	
      2895	4.53951e-08	
      2896	8.78551e-08	
      2897	1.76905e-07	
      2898	3.7589e-07	
      2899	 8.702e-07	
      2900	2.6114e-06	
      2901	2.6954e-06	
      2902	2.78237e-06	
      2903	2.87241e-06	
      2904	2.96564e-06	
      2905	3.0622e-06	
      2906	  3.16e-06	
      2907	3.26124e-06	
      2908	3.36605e-06	
      2909	3.47456e-06	
      2910	3.58694e-06	
      2911	3.70071e-06	
      2912	3.81848e-06	
      2913	3.94038e-06	
      2914	4.06658e-06	
      2915	4.19726e-06	
      2916	4.33566e-06	
      2917	4.4791e-06	
      2918	4.62779e-06	
      2919	4.78193e-06	
      2920	4.94175e-06	
      2921	5.10748e-06	
      2922	5.27937e-06	
      2923	5.45766e-06	
      2924	5.64262e-06	
      2925	5.83453e-06	
      2926	6.03367e-06	
      2927	6.24036e-06	
      2928	6.4549e-06	
      2929	6.67763e-06	
      2930	6.9089e-06	
      2931	7.14388e-06	
      2932	7.38777e-06	
      2933	7.64094e-06	
      2934	7.90379e-06	
      2935	8.17673e-06	
      2936	8.4664e-06	
      2937	8.76751e-06	
      2938	9.08056e-06	
      2939	9.40608e-06	
      2940	9.74463e-06	
      2941	1.00893e-05	
      2942	1.04477e-05	
      2943	1.08203e-05	
      2944	1.12078e-05	
      2945	1.16152e-05	
      2946	1.20483e-05	
      2947	1.2504e-05	
      2948	1.29791e-05	
      2949	1.34743e-05	
      2950	1.39907e-05	
      2951	1.45292e-05	
      2952	1.5091e-05	
      2953	1.56771e-05	
      2954	1.62888e-05	
      2955	1.69272e-05	
      2956	1.75806e-05	
      2957	1.82623e-05	
      2958	1.89739e-05	
      2959	1.97168e-05	
      2960	2.04926e-05	
      2961	2.13191e-05	
      2962	2.21832e-05	
      2963	2.30868e-05	
      2964	2.4032e-05	
      2965	2.5021e-05	
      2966	2.60361e-05	
      2967	2.70981e-05	
      2968	2.82094e-05	
      2969	2.93726e-05	
      2970	3.05904e-05	
      2971	3.18902e-05	
      2972	3.32529e-05	
      2973	3.46819e-05	
      2974	3.61809e-05	
      2975	3.77538e-05	
      2976	3.93745e-05	
      2977	4.1075e-05	
      2978	 4.286e-05	
      2979	4.47341e-05	
      2980	4.67027e-05	
      2981	4.8809e-05	
      2982	5.10246e-05	
      2983	5.33561e-05	
      2984	5.58105e-05	
      2985	5.83954e-05	
      2986	6.10712e-05	
      2987	6.38898e-05	
      2988	 6.686e-05	
      2989	6.99916e-05	
      2990	7.3295e-05	
      2991	7.68416e-05	
      2992	8.05893e-05	
      2993	8.45517e-05	
      2994	8.87438e-05	
      2995	9.31815e-05	
      2996	9.78827e-05	
      2997	0.000102867	
      2998	0.000108155	
      2999	0.00011377	
      3000	0.00011974	
      3001	0.000119725	
      3002	0.000119709	
      3003	0.000119693	
      3004	0.000119677	
      3005	0.000119661	
      3006	0.00011974	
      3007	0.000119819	
      3008	0.000119898	
      3009	0.000119978	
      3010	0.000120057	
      3011	0.000120137	
      3012	0.000120217	
      3013	0.000120297	
      3014	0.000120377	
      3015	0.000120457	
      3016	0.000120441	
      3017	0.000120424	
      3018	0.000120407	
      3019	0.00012039	
      3020	0.000120373	
      3021	0.000120356	
      3022	0.000120338	
      3023	0.000120321	
      3024	0.000120303	
      3025	0.000120285	
      3026	0.000120366	
      3027	0.000120446	
      3028	0.000120527	
      3029	0.000120608	
      3030	0.000120689	
      3031	0.000120671	
      3032	0.000120653	
      3033	0.000120635	
      3034	0.000120617	
      3035	0.000120599	
      3036	0.000120481	
      3037	0.000120362	
      3038	0.000120243	
      3039	0.000120123	
      3040	0.000120054	
      3041	0.000120286	
      3042	0.000120569	
      3043	0.000120852	
      3044	0.000121137	
      3045	0.000121422	
      3046	0.000121607	
      3047	0.000121793	
      3048	0.000121979	
      3049	0.000122165	
      3050	0.000122353	
      3051	0.000122438	
      3052	0.000122524	
      3053	0.00012261	
      3054	0.000122697	
      3055	0.000122784	
      3056	0.000122871	
      3057	0.000122958	
      3058	0.000123046	
      3059	0.000123134	
      3060	0.000123223	
      3061	0.000123104	
      3062	0.000122985	
      3063	0.000122866	
      3064	0.000122747	
      3065	0.000122679	
      3066	0.000122716	
      3067	0.000122806	
      3068	0.000122896	
      3069	0.000122986	
      3070	0.000123077	
      3071	0.000123274	
      3072	0.000123471	
      3073	0.00012367	
      3074	0.000123869	
      3075	0.00012407	
      3076	0.000124058	
      3077	0.000124048	
      3078	0.000124037	
      3079	0.000124027	
      3080	0.000124017	
      3081	0.000124007	
      3082	0.000123998	
      3083	0.000123989	
      3084	0.000123981	
      3085	0.000123973	
      3086	0.000123966	
      3087	0.00012396	
      3088	0.000123954	
      3089	0.000123949	
      3090	0.000123944	
      3091	0.000123941	
      3092	0.000123938	
      3093	0.000123937	
      3094	0.000123936	
      3095	0.000123937	
      3096	0.000123939	
      3097	0.000123942	
      3098	0.000123947	
      3099	0.000123954	
      3100	0.000123962	
      3101	0.00012201	
      3102	0.000121649	
      3103	0.000121744	
      3104	0.000122089	
      3105	0.000122601	
      3106	0.000123126	
      3107	0.000123747	
      3108	0.000124449	
      3109	0.000125219	
      3110	0.00012605	
      3111	0.00012682	
      3112	0.000127639	
      3113	0.000128501	
      3114	0.000129404	
      3115	0.000130407	
      3116	0.000131568	
      3117	0.00013283	
      3118	0.000134132	
      3119	0.000135472	
      3120	0.000136851	
      3121	0.000138268	
      3122	0.000139723	
      3123	0.000141216	
      3124	0.000142746	
      3125	0.000144314	
      3126	0.000145919	
      3127	0.000147563	
      3128	0.000149245	
      3129	0.000150965	
      3130	0.000152725	
      3131	0.000154524	
      3132	0.000156362	
      3133	0.000158241	
      3134	0.000160161	
      3135	0.000162123	
      3136	0.000163973	
      3137	0.000165862	
      3138	0.000167791	
      3139	0.000169759	
      3140	0.000171768	
      3141	0.000173983	
      3142	0.000176245	
      3143	0.000178554	
      3144	0.000180911	
      3145	0.000183319	
      3146	 0.0001856	
      3147	0.000187928	
      3148	0.000190304	
      3149	0.000192728	
      3150	0.000195202	
      3151	0.000197915	
      3152	0.000200686	
      3153	0.000203516	
      3154	0.000206406	
      3155	0.000209357	
      3156	0.000212371	
      3157	0.00021545	
      3158	0.000218594	
      3159	0.000221806	
      3160	0.000225087	
      3161	0.00022866	
      3162	0.000232314	
      3163	0.000236049	
      3164	0.000239868	
      3165	0.000243773	
      3166	0.000247289	
      3167	0.000250879	
      3168	0.000254547	
      3169	0.000258294	
      3170	0.000262251	
      3171	0.000266555	
      3172	0.00027109	
      3173	0.000275732	
      3174	0.000280483	
      3175	0.000285347	
      3176	0.00028976	
      3177	0.000294272	
      3178	0.000298887	
      3179	0.000303606	
      3180	0.000308433	
      3181	0.000313681	
      3182	0.000319054	
      3183	0.000324557	
      3184	0.000330193	
      3185	0.000335966	
      3186	0.00034222	
      3187	0.000348632	
      3188	0.000355208	
      3189	0.000361953	
      3190	0.000368872	
      3191	0.000375599	
      3192	0.000382498	
      3193	0.000389574	
      3194	0.000396833	
      3195	0.000404282	
      3196	0.000411515	
      3197	0.000418935	
      3198	0.000426546	
      3199	0.000434356	
      3200	0.000442594	
      3201	0.000439169	
      3202	0.000436001	
      3203	0.000432866	
      3204	0.000429765	
      3205	0.000426697	
      3206	0.000423235	
      3207	0.000419811	
      3208	0.000416424	
      3209	0.000413074	
      3210	0.000409759	
      3211	0.000406068	
      3212	0.000402418	
      3213	0.000398808	
      3214	0.000395237	
      3215	0.000391705	
      3216	0.000388607	
      3217	0.000385542	
      3218	0.000382508	
      3219	0.000379505	
      3220	0.000376533	
      3221	0.000373591	
      3222	0.000370678	
      3223	0.000367795	
      3224	0.00036494	
      3225	0.000362114	
      3226	0.000359687	
      3227	0.000357282	
      3228	 0.0003549	
      3229	0.00035254	
      3230	0.000350201	
      3231	0.000347526	
      3232	0.000344876	
      3233	0.000342252	
      3234	0.000339653	
      3235	0.000337078	
      3236	0.000334528	
      3237	0.000332003	
      3238	0.000329501	
      3239	0.000327023	
      3240	0.000324568	
      3241	0.000322136	
      3242	0.000319727	
      3243	0.00031734	
      3244	0.000314975	
      3245	0.000312632	
      3246	0.000310636	
      3247	0.000308657	
      3248	0.000306695	
      3249	0.00030475	
      3250	0.000302821	
      3251	0.000300278	
      3252	0.00029776	
      3253	0.000295265	
      3254	0.000292793	
      3255	0.000290345	
      3256	0.000288225	
      3257	0.000286124	
      3258	0.000284042	
      3259	0.000281978	
      3260	0.000279932	
      3261	0.000277904	
      3262	0.000275894	
      3263	0.000273901	
      3264	0.000271926	
      3265	0.000269968	
      3266	0.000268027	
      3267	0.000266103	
      3268	0.000264195	
      3269	0.000262304	
      3270	0.000260429	
      3271	0.00025857	
      3272	0.000256726	
      3273	0.000254899	
      3274	0.000253087	
      3275	0.00025129	
      3276	0.000249509	
      3277	0.000247743	
      3278	0.000245991	
      3279	0.000244254	
      3280	0.000242532	
      3281	0.000240824	
      3282	0.00023913	
      3283	0.000237451	
      3284	0.000235785	
      3285	0.000234133	
      3286	0.000232749	
      3287	0.000231376	
      3288	0.000230013	
      3289	0.00022866	
      3290	0.000227194	
      3291	0.000225244	
      3292	0.00022319	
      3293	0.000221153	
      3294	0.000219135	
      3295	0.000217256	
      3296	0.000215633	
      3297	0.000214143	
      3298	0.000212665	
      3299	0.000211198	
      3300	0.000209744	
      3301	0.000213527	
      3302	0.000217392	
      3303	0.000221342	
      3304	0.000225378	
      3305	0.000229504	
      3306	0.000233198	
      3307	0.000236967	
      3308	0.000240813	
      3309	0.000244737	
      3310	0.000248741	
      3311	0.000253114	
      3312	0.000257583	
      3313	0.00026215	
      3314	0.000266817	
      3315	0.000271588	
      3316	0.000275836	
      3317	0.000280169	
      3318	0.00028459	
      3319	 0.0002891	
      3320	0.000293872	
      3321	0.000299437	
      3322	0.00030531	
      3323	0.000311325	
      3324	0.000317485	
      3325	0.000323796	
      3326	0.000329498	
      3327	0.000335329	
      3328	0.000341293	
      3329	0.000347394	
      3330	0.000353635	
      3331	0.000360444	
      3332	0.000367418	
      3333	0.000374565	
      3334	0.000381889	
      3335	0.000389395	
      3336	0.00039709	
      3337	0.00040498	
      3338	0.000413071	
      3339	0.000421369	
      3340	0.000429881	
      3341	0.000438615	
      3342	0.000447578	
      3343	0.000456778	
      3344	0.000466222	
      3345	0.000475919	
      3346	 0.0004853	
      3347	0.000494925	
      3348	0.000504804	
      3349	0.000514946	
      3350	0.00052536	
      3351	0.000536704	
      3352	0.000548369	
      3353	0.000560367	
      3354	0.000572712	
      3355	0.000585416	
      3356	0.000598493	
      3357	0.000611958	
      3358	0.000625826	
      3359	0.000640112	
      3360	0.000654835	
      3361	0.000670011	
      3362	0.00068566	
      3363	 0.0007018	
      3364	0.000718453	
      3365	0.000735641	
      3366	0.000753387	
      3367	0.000771716	
      3368	0.000790653	
      3369	0.000810225	
      3370	0.000830464	
      3371	0.000851398	
      3372	0.000873061	
      3373	0.000895488	
      3374	0.000918717	
      3375	0.000942787	
      3376	0.00096774	
      3377	0.000993622	
      3378	0.00102048	
      3379	0.00104837	
      3380	0.00107734	
      3381	0.00110884	
      3382	0.00114164	
      3383	 0.0011758	
      3384	 0.0012114	
      3385	0.00124854	
      3386	 0.0012857	
      3387	0.00132448	
      3388	0.00136499	
      3389	0.00140736	
      3390	0.00145169	
      3391	0.00149813	
      3392	0.00154682	
      3393	0.00159794	
      3394	0.00165166	
      3395	0.00170819	
      3396	0.00176551	
      3397	0.00182595	
      3398	0.00188977	
      3399	0.00195729	
      3400	0.00203014	
      3401	0.00205041	
      3402	0.00207228	
      3403	0.00209446	
      3404	0.00211695	
      3405	0.00213839	
      3406	0.00215463	
      3407	0.00216968	
      3408	0.00218491	
      3409	0.00220032	
      3410	0.00221734	
      3411	0.00223746	
      3412	0.00225932	
      3413	0.00228148	
      3414	0.00230396	
      3415	0.00232677	
      3416	0.00234686	
      3417	0.00236724	
      3418	0.00238789	
      3419	0.00240884	
      3420	0.00243007	
      3421	 0.0024516	
      3422	0.00247344	
      3423	0.00249559	
      3424	0.00251806	
      3425	0.00254086	
      3426	0.00256399	
      3427	0.00258746	
      3428	0.00261127	
      3429	0.00263545	
      3430	0.00265999	
      3431	0.00268843	
      3432	0.00271734	
      3433	0.00274672	
      3434	0.00277657	
      3435	0.00280692	
      3436	0.00283403	
      3437	0.00286159	
      3438	0.00288958	
      3439	0.00291803	
      3440	0.00294695	
      3441	0.00297635	
      3442	0.00300624	
      3443	0.00303664	
      3444	0.00306755	
      3445	  0.003099	
      3446	0.00313099	
      3447	0.00316355	
      3448	0.00319669	
      3449	0.00323042	
      3450	0.00326477	
      3451	0.00330418	
      3452	0.00334434	
      3453	0.00338529	
      3454	0.00342704	
      3455	0.00346961	
      3456	0.00350833	
      3457	 0.0035478	
      3458	0.00358807	
      3459	0.00362914	
      3460	0.00367106	
      3461	0.00371886	
      3462	 0.0037677	
      3463	 0.0038176	
      3464	 0.0038686	
      3465	0.00392075	
      3466	0.00396871	
      3467	0.00401775	
      3468	0.00406791	
      3469	0.00411924	
      3470	0.00417178	
      3471	0.00422558	
      3472	 0.0042807	
      3473	0.00433719	
      3474	0.00439511	
      3475	0.00445452	
      3476	0.00451549	
      3477	 0.0045781	
      3478	0.00464242	
      3479	0.00470853	
      3480	0.00477654	
      3481	0.00485323	
      3482	0.00493223	
      3483	0.00501366	
      3484	0.00509768	
      3485	0.00518442	
      3486	0.00526678	
      3487	0.00535196	
      3488	0.00544015	
      3489	0.00553156	
      3490	0.00562642	
      3491	0.00572501	
      3492	0.00582762	
      3493	0.00593461	
      3494	0.00604637	
      3495	0.00616338	
      3496	0.00628621	
      3497	0.00641554	
      3498	0.00655221	
      3499	0.00669728	
      3500	0.00685216	
      3501	0.00685947	
      3502	 0.0068668	
      3503	0.00687416	
      3504	0.00688155	
      3505	0.00688897	
      3506	 0.0068867	
      3507	0.00688444	
      3508	0.00688218	
      3509	0.00687994	
      3510	 0.0068777	
      3511	0.00687547	
      3512	0.00687325	
      3513	0.00687104	
      3514	0.00686884	
      3515	0.00686665	
      3516	0.00686447	
      3517	 0.0068623	
      3518	0.00686013	
      3519	0.00685798	
      3520	0.00685584	
      3521	0.00686359	
      3522	0.00687137	
      3523	0.00687918	
      3524	0.00688703	
      3525	0.00689492	
      3526	0.00689291	
      3527	0.00689091	
      3528	0.00688892	
      3529	0.00688695	
      3530	  0.006885	
      3531	0.00689305	
      3532	0.00690113	
      3533	0.00690926	
      3534	0.00691743	
      3535	0.00692564	
      3536	0.00692384	
      3537	0.00692206	
      3538	 0.0069203	
      3539	0.00691855	
      3540	0.00691683	
      3541	0.00692524	
      3542	0.00693369	
      3543	0.00694219	
      3544	0.00695073	
      3545	0.00695933	
      3546	 0.0069578	
      3547	0.00695629	
      3548	0.00695481	
      3549	0.00695336	
      3550	0.00695193	
      3551	0.00695053	
      3552	0.00694916	
      3553	0.00694782	
      3554	0.00694651	
      3555	0.00694523	
      3556	0.00694399	
      3557	0.00694277	
      3558	 0.0069416	
      3559	0.00694045	
      3560	0.00693935	
      3561	0.00694865	
      3562	0.00695803	
      3563	0.00696747	
      3564	0.00697698	
      3565	0.00698657	
      3566	0.00698579	
      3567	0.00698505	
      3568	0.00698437	
      3569	0.00698374	
      3570	0.00698317	
      3571	0.00698264	
      3572	0.00698218	
      3573	0.00698178	
      3574	0.00698145	
      3575	0.00698117	
      3576	0.00698097	
      3577	0.00698084	
      3578	0.00698079	
      3579	0.00698081	
      3580	0.00698092	
      3581	0.00699179	
      3582	0.00700278	
      3583	0.00701391	
      3584	0.00702517	
      3585	0.00703657	
      3586	0.00703736	
      3587	0.00703827	
      3588	0.00703931	
      3589	0.00704048	
      3590	0.00704179	
      3591	0.00704326	
      3592	0.00704489	
      3593	 0.0070467	
      3594	0.00704869	
      3595	0.00705089	
      3596	0.00706426	
      3597	 0.0070779	
      3598	0.00709185	
      3599	0.00710612	
      3600	0.00712075	
      3601	0.00711491	
      3602	0.00710907	
      3603	0.00710322	
      3604	0.00709737	
      3605	0.00709151	
      3606	0.00708566	
      3607	0.00707979	
      3608	0.00707393	
      3609	0.00706806	
      3610	0.00706219	
      3611	0.00706744	
      3612	0.00707271	
      3613	0.00707799	
      3614	0.00708328	
      3615	0.00708859	
      3616	0.00708274	
      3617	0.00707689	
      3618	0.00707103	
      3619	0.00706517	
      3620	0.00705931	
      3621	0.00706466	
      3622	0.00707002	
      3623	 0.0070754	
      3624	 0.0070808	
      3625	 0.0070862	
      3626	0.00708037	
      3627	0.00707454	
      3628	 0.0070687	
      3629	0.00706286	
      3630	0.00705702	
      3631	0.00706247	
      3632	0.00706795	
      3633	0.00707343	
      3634	0.00707894	
      3635	0.00708446	
      3636	0.00707866	
      3637	0.00707285	
      3638	0.00706704	
      3639	0.00706123	
      3640	0.00705542	
      3641	  0.007061	
      3642	 0.0070666	
      3643	0.00707221	
      3644	0.00707784	
      3645	 0.0070835	
      3646	0.00707773	
      3647	0.00707197	
      3648	 0.0070662	
      3649	0.00706044	
      3650	0.00705468	
      3651	0.00704892	
      3652	0.00704316	
      3653	0.00703741	
      3654	0.00703165	
      3655	 0.0070259	
      3656	0.00703167	
      3657	0.00703747	
      3658	0.00704329	
      3659	0.00704913	
      3660	  0.007055	
      3661	0.00706089	
      3662	 0.0070668	
      3663	0.00707273	
      3664	0.00707869	
      3665	0.00708468	
      3666	0.00706744	
      3667	0.00705018	
      3668	0.00703292	
      3669	0.00701564	
      3670	0.00700417	
      3671	0.00700438	
      3672	0.00701045	
      3673	0.00701655	
      3674	0.00702268	
      3675	0.00702884	
      3676	 0.0070233	
      3677	0.00701777	
      3678	0.00701226	
      3679	0.00700675	
      3680	0.00700126	
      3681	0.00699578	
      3682	0.00699032	
      3683	0.00698487	
      3684	0.00697943	
      3685	0.00697401	
      3686	0.00698045	
      3687	0.00698692	
      3688	0.00699343	
      3689	0.00699998	
      3690	0.00700658	
      3691	0.00700134	
      3692	0.00699612	
      3693	0.00699093	
      3694	0.00698577	
      3695	0.00698064	
      3696	0.00697554	
      3697	0.00697047	
      3698	0.00696543	
      3699	0.00696044	
      3700	0.00695549	
      3701	0.00696199	
      3702	0.00696851	
      3703	0.00697506	
      3704	0.00698164	
      3705	0.00698823	
      3706	 0.0069828	
      3707	0.00697736	
      3708	0.00697192	
      3709	0.00696649	
      3710	0.00696106	
      3711	0.00696774	
      3712	0.00697446	
      3713	0.00698119	
      3714	0.00698795	
      3715	0.00699474	
      3716	0.00698937	
      3717	0.00698401	
      3718	0.00697865	
      3719	0.00697329	
      3720	0.00696793	
      3721	0.00697481	
      3722	0.00698172	
      3723	0.00698865	
      3724	 0.0069956	
      3725	0.00700259	
      3726	 0.0069973	
      3727	0.00699202	
      3728	0.00698673	
      3729	0.00698145	
      3730	0.00697617	
      3731	0.00698325	
      3732	0.00699036	
      3733	 0.0069975	
      3734	0.00700466	
      3735	0.00701186	
      3736	0.00699423	
      3737	0.00697658	
      3738	0.00695891	
      3739	0.00694121	
      3740	0.00692973	
      3741	0.00693072	
      3742	0.00693798	
      3743	0.00694527	
      3744	0.00695259	
      3745	0.00695994	
      3746	0.00695476	
      3747	0.00694959	
      3748	0.00694442	
      3749	0.00693925	
      3750	0.00693408	
      3751	0.00694154	
      3752	0.00694903	
      3753	0.00695655	
      3754	 0.0069641	
      3755	0.00697169	
      3756	0.00696661	
      3757	0.00696154	
      3758	0.00695647	
      3759	 0.0069514	
      3760	0.00694634	
      3761	0.00695405	
      3762	0.00696178	
      3763	0.00696955	
      3764	0.00697735	
      3765	0.00698519	
      3766	0.00699306	
      3767	0.00700096	
      3768	 0.0070089	
      3769	0.00701687	
      3770	0.00702488	
      3771	0.00702002	
      3772	0.00701516	
      3773	0.00701031	
      3774	0.00700546	
      3775	0.00700063	
      3776	0.00699579	
      3777	0.00699097	
      3778	0.00698615	
      3779	0.00698134	
      3780	0.00697653	
      3781	0.00698479	
      3782	0.00699309	
      3783	0.00700142	
      3784	 0.0070098	
      3785	0.00701821	
      3786	0.00701353	
      3787	0.00700885	
      3788	0.00700419	
      3789	0.00699954	
      3790	0.00699489	
      3791	0.00700347	
      3792	0.00701208	
      3793	0.00702075	
      3794	0.00702945	
      3795	 0.0070382	
      3796	0.00703369	
      3797	 0.0070292	
      3798	0.00702471	
      3799	0.00702024	
      3800	0.00701578	
      3801	0.00695852	
      3802	0.00691422	
      3803	 0.0068774	
      3804	0.00684561	
      3805	0.00681751	
      3806	0.00677933	
      3807	0.00674353	
      3808	0.00670971	
      3809	0.00667758	
      3810	 0.0066469	
      3811	0.00663024	
      3812	0.00661465	
      3813	0.00660001	
      3814	0.00658624	
      3815	0.00657325	
      3816	0.00654836	
      3817	0.00652418	
      3818	0.00650065	
      3819	0.00647772	
      3820	0.00645537	
      3821	0.00644606	
      3822	0.00643721	
      3823	 0.0064288	
      3824	0.00642081	
      3825	0.00641321	
      3826	0.00640599	
      3827	0.00639913	
      3828	0.00639261	
      3829	0.00638642	
      3830	0.00638055	
      3831	0.00636261	
      3832	0.00634498	
      3833	0.00632766	
      3834	0.00631063	
      3835	0.00629388	
      3836	0.00628974	
      3837	0.00628586	
      3838	0.00628222	
      3839	0.00627882	
      3840	0.00627565	
      3841	0.00626041	
      3842	0.00624541	
      3843	0.00623064	
      3844	 0.0062161	
      3845	0.00620178	
      3846	0.00619995	
      3847	0.00619833	
      3848	0.00619692	
      3849	0.00619571	
      3850	0.00619469	
      3851	0.00618162	
      3852	0.00616874	
      3853	0.00615606	
      3854	0.00614358	
      3855	0.00613129	
      3856	0.00612533	
      3857	0.00611956	
      3858	0.00610784	
      3859	0.00610246	
      3860	0.00609726	
      3861	0.00609226	
      3862	0.00609358	
      3863	0.00608897	
      3864	0.00609069	
      3865	0.00608646	
      3866	0.00607629	
      3867	0.00607246	
      3868	0.00606268	
      3869	0.00605925	
      3870	0.00604987	
      3871	0.00605301	
      3872	0.00605637	
      3873	0.00605995	
      3874	0.00606375	
      3875	0.00606779	
      3876	0.00605971	
      3877	0.00605803	
      3878	0.00605041	
      3879	0.00604922	
      3880	0.00604208	
      3881	 0.0060414	
      3882	0.00604098	
      3883	0.00604084	
      3884	0.00604098	
      3885	0.00604143	
      3886	0.00604842	
      3887	0.00605574	
      3888	0.00606968	
      3889	0.00607774	
      3890	0.00608619	
      3891	 0.0060825	
      3892	0.00607921	
      3893	0.00608264	
      3894	0.00608023	
      3895	 0.0060783	
      3896	0.00608954	
      3897	0.00609505	
      3898	0.00610754	
      3899	0.00611437	
      3900	0.00612835	
      3901	0.00614044	
      3902	 0.0061526	
      3903	0.00615842	
      3904	0.00617072	
      3905	0.00618311	
      3906	0.00618911	
      3907	0.00618869	
      3908	0.00619479	
      3909	0.00619445	
      3910	0.00620065	
      3911	0.00621343	
      3912	0.00621976	
      3913	 0.0062327	
      3914	0.00623917	
      3915	0.00625228	
      3916	0.00625229	
      3917	0.00625234	
      3918	0.00625904	
      3919	0.00625918	
      3920	0.00625936	
      3921	0.00627291	
      3922	0.00628657	
      3923	0.00629363	
      3924	0.00630747	
      3925	0.00632142	
      3926	  0.006322	
      3927	0.00632938	
      3928	0.00633007	
      3929	 0.0063376	
      3930	0.00633841	
      3931	0.00635291	
      3932	 0.0063607	
      3933	0.00637542	
      3934	0.00638341	
      3935	0.00639837	
      3936	0.00640656	
      3937	0.00640793	
      3938	0.00641631	
      3939	0.00641784	
      3940	0.00642641	
      3941	0.00643509	
      3942	0.00645087	
      3943	0.00645979	
      3944	0.00647585	
      3945	0.00648502	
      3946	0.00648725	
      3947	0.00648957	
      3948	0.00649909	
      3949	0.00650162	
      3950	0.00650425	
      3951	0.00651414	
      3952	0.00653135	
      3953	0.00654155	
      3954	0.00655912	
      3955	0.00656966	
      3956	0.00658036	
      3957	0.00659122	
      3958	0.00659497	
      3959	0.00660617	
      3960	0.00661756	
      3961	0.00663649	
      3962	0.00665567	
      3963	 0.0066677	
      3964	0.00668736	
      3965	0.00670729	
      3966	0.00671256	
      3967	0.00672552	
      3968	0.00673121	
      3969	0.00674465	
      3970	 0.0067508	
      3971	0.00677235	
      3972	0.00678664	
      3973	0.00680886	
      3974	 0.0068238	
      3975	0.00684677	
      3976	0.00686243	
      3977	0.00687072	
      3978	0.00688712	
      3979	0.00689614	
      3980	0.00691336	
      3981	0.00693105	
      3982	0.00694922	
      3983	0.00697583	
      3984	0.00699511	
      3985	0.00701499	
      3986	0.00704352	
      3987	0.00706476	
      3988	0.00709482	
      3989	0.00711765	
      3990	 0.0071495	
      3991	0.00716604	
      3992	0.00719179	
      3993	0.00721046	
      3994	0.00723868	
      3995	0.00726006	
      3996	0.00729986	
      3997	0.00733331	
      3998	0.00737764	
      3999	0.00741644	
      4000	0.00746753	
