       280	9.84689e-17	
       281	2.17256e-16	
       282	4.40351e-16	
       283	6.30359e-16	
       284	6.78676e-16	
       285	5.13162e-16	
       286	7.68412e-16	
       287	1.2833e-15	
       288	1.3708e-15	
       289	1.95739e-15	
       290	3.14296e-15	
       291	3.98951e-15	
       292	4.24125e-15	
       293	4.62392e-15	
       294	 5.232e-15	
       295	5.95281e-15	
       296	7.05826e-15	
       297	7.2102e-15	
       298	8.34592e-15	
       299	8.77639e-15	
       300	9.55774e-15	
       301	1.11332e-13	
       302	1.33667e-12	
       303	1.97113e-11	
       304	2.42982e-10	
       305	2.83565e-09	
       306	7.47471e-09	
       307	2.23321e-08	
       308	6.77024e-08	
       309	1.73527e-07	
       310	4.76527e-07	
       311	1.27212e-06	
       312	2.49768e-06	
       313	4.9697e-06	
       314	1.01939e-05	
       315	1.9408e-05	
       316	2.49501e-05	
       317	4.16813e-05	
       318	5.82984e-05	
       319	7.84788e-05	
       320	0.000120418	
       321	0.000156382	
       322	0.000193453	
       323	0.000234993	
       324	0.000337025	
       325	0.000501225	
       326	0.000698823	
       327	0.000848294	
       328	0.000965441	
       329	0.00120621	
       330	0.00154667	
       331	0.00158853	
       332	0.00174466	
       333	0.00188474	
       334	0.00209094	
       335	0.00240982	
       336	0.00235083	
       337	0.00237473	
       338	0.00283382	
       339	0.00323024	
       340	0.00371738	
       341	0.00380539	
       342	0.00410809	
       343	0.00452123	
       344	0.00413967	
       345	0.00456375	
       346	0.00511738	
       347	0.00546137	
       348	0.00563283	
       349	0.00587071	
       350	0.00684397	
       351	0.00752619	
       352	  0.007393	
       353	0.00791208	
       354	0.00940862	
       355	0.00998585	
       356	0.00956601	
       357	0.00852177	
       358	0.00809055	
       359	0.00934201	
       360	 0.0119433	
       361	 0.0112912	
       362	  0.011964	
       363	 0.0136128	
       364	 0.0142469	
       365	 0.0156378	
       366	 0.0185021	
       367	 0.0191697	
       368	 0.0186584	
       369	 0.0198796	
       370	  0.021631	
       371	 0.0212429	
       372	 0.0213361	
       373	 0.0198423	
       374	 0.0187123	
       375	 0.0207359	
       376	 0.0239107	
       377	 0.0266925	
       378	 0.0319517	
       379	 0.0296713	
       380	  0.028791	
       381	 0.0312092	
       382	 0.0256322	
       383	 0.0206862	
       384	 0.0237463	
       385	 0.0306792	
       386	  0.030662	
       387	 0.0323366	
       388	 0.0326111	
       389	  0.036298	
       390	 0.0425985	
       391	 0.0466413	
       392	 0.0443076	
       393	 0.0292052	
       394	 0.0307771	
       395	 0.0485219	
       396	  0.045849	
       397	 0.0326837	
       398	 0.0550291	
       399	 0.0715262	
       400	 0.0772346	
       401	 0.0820013	
       402	 0.0862784	
       403	 0.0864383	
       404	 0.0887353	
       405	 0.0892475	
       406	 0.0889685	
       407	 0.0896832	
       408	 0.0953126	
       409	   0.10092	
       410	  0.093594	
       411	   0.10264	
       412	  0.110419	
       413	  0.109752	
       414	  0.110654	
       415	  0.116275	
       416	  0.121473	
       417	  0.121318	
       418	  0.119838	
       419	  0.123582	
       420	  0.120445	
       421	   0.13307	
       422	  0.135548	
       423	  0.134437	
       424	   0.13647	
       425	  0.141538	
       426	  0.140521	
       427	  0.138955	
       428	  0.140251	
       429	  0.131116	
       430	  0.110179	
       431	  0.109401	
       432	  0.158633	
       433	  0.159296	
       434	   0.15306	
       435	  0.167151	
       436	  0.184272	
       437	  0.188757	
       438	  0.173113	
       439	  0.171232	
       440	  0.191287	
       441	   0.19665	
       442	  0.209651	
       443	  0.216281	
       444	   0.21609	
       445	  0.222416	
       446	  0.211916	
       447	  0.232714	
       448	  0.241267	
       449	  0.245252	
       450	  0.256224	
       451	  0.266164	
       452	    0.2599	
       453	  0.248685	
       454	  0.261938	
       455	  0.266678	
       456	  0.276333	
       457	   0.28224	
       458	  0.280793	
       459	  0.281315	
       460	  0.284597	
       461	  0.294805	
       462	  0.301733	
       463	  0.304702	
       464	   0.30096	
       465	  0.299679	
       466	  0.305332	
       467	  0.300823	
       468	  0.312113	
       469	  0.316881	
       470	  0.311705	
       471	  0.319239	
       472	  0.334001	
       473	  0.330249	
       474	  0.336131	
       475	  0.347537	
       476	  0.344208	
       477	  0.350195	
       478	  0.361011	
       479	  0.360115	
       480	  0.366443	
       481	  0.369211	
       482	  0.371734	
       483	  0.370127	
       484	   0.36704	
       485	  0.359185	
       486	  0.313178	
       487	  0.337423	
       488	  0.363464	
       489	  0.357922	
       490	  0.386646	
       491	  0.380909	
       492	  0.371574	
       493	  0.388835	
       494	  0.390301	
       495	  0.407602	
       496	  0.399217	
       497	  0.402665	
       498	  0.397093	
       499	  0.398388	
       500	  0.399646	
       501	  0.392889	
       502	  0.396314	
       503	  0.410128	
       504	  0.399126	
       505	  0.420058	
       506	  0.436589	
       507	  0.425118	
       508	  0.417855	
       509	  0.432043	
       510	  0.427976	
       511	  0.435494	
       512	  0.444186	
       513	  0.426545	
       514	  0.418914	
       515	   0.43068	
       516	  0.426645	
       517	  0.374826	
       518	  0.403667	
       519	   0.40662	
       520	  0.435904	
       521	   0.44573	
       522	  0.453212	
       523	   0.43915	
       524	  0.462232	
       525	  0.464626	
       526	  0.448213	
       527	   0.41339	
       528	  0.454603	
       529	  0.477699	
       530	   0.47079	
       531	  0.489434	
       532	  0.480909	
       533	  0.446126	
       534	  0.464791	
       535	  0.478237	
       536	  0.489548	
       537	  0.468023	
       538	  0.480584	
       539	   0.47377	
       540	  0.460159	
       541	  0.451756	
       542	   0.48097	
       543	  0.482551	
       544	  0.495159	
       545	  0.489241	
       546	  0.488157	
       547	  0.491962	
       548	  0.486198	
       549	   0.49559	
       550	  0.495052	
       551	  0.496639	
       552	  0.503543	
       553	  0.495079	
       554	  0.502289	
       555	  0.505477	
       556	  0.498913	
       557	  0.489951	
       558	  0.494073	
       559	  0.478958	
       560	  0.486071	
       561	   0.50502	
       562	  0.493176	
       563	  0.504003	
       564	  0.501251	
       565	  0.499491	
       566	  0.484088	
       567	  0.505438	
       568	  0.507025	
       569	   0.50108	
       570	  0.498179	
       571	  0.487192	
       572	  0.508064	
       573	  0.514295	
       574	  0.512194	
       575	  0.504387	
       576	  0.503536	
       577	  0.510699	
       578	  0.501671	
       579	  0.505487	
       580	  0.509703	
       581	  0.512218	
       582	  0.518269	
       583	  0.522259	
       584	  0.521698	
       585	  0.519019	
       586	  0.511361	
       587	  0.521086	
       588	  0.513031	
       589	  0.474507	
       590	  0.493533	
       591	   0.51735	
       592	  0.517834	
       593	  0.518675	
       594	  0.521281	
       595	  0.522812	
       596	  0.530252	
       597	  0.534812	
       598	  0.528991	
       599	  0.528733	
       600	  0.532634	
       601	  0.528633	
       602	  0.527286	
       603	  0.537872	
       604	  0.549036	
       605	  0.551087	
       606	   0.55211	
       607	  0.555297	
       608	  0.556432	
       609	  0.555697	
       610	    0.5582	
       611	  0.560509	
       612	  0.570214	
       613	  0.565927	
       614	    0.5582	
       615	  0.570487	
       616	  0.563023	
       617	  0.562228	
       618	  0.581109	
       619	  0.590278	
       620	  0.595183	
       621	  0.600113	
       622	   0.59405	
       623	   0.59585	
       624	  0.595847	
       625	  0.591305	
       626	  0.596169	
       627	  0.613817	
       628	  0.620191	
       629	  0.623377	
       630	  0.621451	
       631	  0.617772	
       632	  0.604627	
       633	  0.625788	
       634	  0.624828	
       635	  0.627646	
       636	  0.622306	
       637	  0.638584	
       638	  0.646275	
       639	  0.642319	
       640	  0.632903	
       641	  0.634192	
       642	  0.638435	
       643	  0.646671	
       644	  0.645963	
       645	  0.652253	
       646	  0.645447	
       647	  0.652247	
       648	  0.650926	
       649	  0.637258	
       650	  0.635792	
       651	  0.661725	
       652	  0.663432	
       653	  0.667742	
       654	  0.662083	
       655	  0.634691	
       656	  0.574108	
       657	  0.594282	
       658	  0.652191	
       659	  0.665399	
       660	  0.676009	
       661	  0.683977	
       662	  0.687615	
       663	  0.687406	
       664	  0.688271	
       665	  0.697465	
       666	  0.697772	
       667	  0.693551	
       668	  0.683534	
       669	   0.68092	
       670	  0.666589	
       671	  0.659431	
       672	  0.650038	
       673	  0.648823	
       674	  0.643271	
       675	  0.638632	
       676	   0.64171	
       677	  0.635495	
       678	    0.6353	
       679	  0.628431	
       680	  0.626457	
       681	  0.625665	
       682	  0.624462	
       683	  0.620219	
       684	  0.616073	
       685	   0.61306	
       686	  0.602282	
       687	  0.613007	
       688	  0.618038	
       689	  0.618424	
       690	  0.617817	
       691	  0.618544	
       692	  0.617181	
       693	  0.624381	
       694	  0.629035	
       695	  0.627819	
       696	  0.632116	
       697	  0.636541	
       698	  0.636084	
       699	  0.643588	
       700	  0.646208	
       701	  0.647846	
       702	  0.650823	
       703	  0.661075	
       704	  0.672968	
       705	  0.683646	
       706	   0.68471	
       707	  0.688907	
       708	  0.698025	
       709	  0.707697	
       710	  0.734272	
       711	   0.68033	
       712	  0.646278	
       713	  0.622676	
       714	  0.607719	
       715	  0.585765	
       716	  0.578435	
       717	  0.567974	
       718	  0.551831	
       719	  0.531934	
       720	  0.540558	
       721	  0.540172	
       722	  0.539381	
       723	  0.534235	
       724	  0.533149	
       725	   0.53353	
       726	  0.537785	
       727	  0.545311	
       728	  0.550597	
       729	  0.543592	
       730	  0.566917	
       731	  0.571163	
       732	  0.585191	
       733	   0.59218	
       734	  0.612464	
       735	   0.62242	
       736	  0.628782	
       737	  0.642677	
       738	  0.654638	
       739	  0.662086	
       740	  0.699701	
       741	  0.699086	
       742	  0.699199	
       743	  0.714626	
       744	  0.723278	
       745	  0.722984	
       746	  0.725594	
       747	   0.72835	
       748	  0.727742	
       749	  0.730201	
       750	  0.730134	
       751	   0.73419	
       752	  0.740015	
       753	   0.74531	
       754	  0.751383	
       755	  0.752325	
       756	   0.74515	
       757	  0.746072	
       758	  0.750599	
       759	  0.744642	
       760	  0.748323	
       761	  0.746048	
       762	  0.746742	
       763	  0.696942	
       764	  0.660144	
       765	  0.626909	
       766	  0.587565	
       767	  0.572088	
       768	  0.574639	
       769	  0.576825	
       770	  0.584069	
       771	  0.592961	
       772	  0.602387	
       773	  0.612445	
       774	  0.623268	
       775	  0.635048	
       776	  0.647403	
       777	  0.658034	
       778	  0.675321	
       779	  0.700502	
       780	  0.739379	
       781	  0.737214	
       782	  0.740089	
       783	  0.734724	
       784	  0.729546	
       785	  0.732983	
       786	  0.733436	
       787	  0.732429	
       788	  0.727637	
       789	  0.725981	
       790	  0.720522	
       791	  0.714332	
       792	  0.708175	
       793	  0.702047	
       794	  0.696712	
       795	  0.696788	
       796	  0.703043	
       797	  0.712398	
       798	  0.708677	
       799	  0.701887	
       800	  0.693566	
       801	  0.676821	
       802	  0.661014	
       803	  0.640657	
       804	  0.630865	
       805	  0.611956	
       806	  0.613314	
       807	  0.603701	
       808	  0.594712	
       809	  0.580979	
       810	  0.577564	
       811	  0.573148	
       812	   0.57156	
       813	     0.567	
       814	   0.56141	
       815	  0.552932	
       816	   0.54779	
       817	  0.541273	
       818	   0.52774	
       819	  0.514562	
       820	  0.509442	
       821	  0.507442	
       822	  0.497955	
       823	  0.499128	
       824	  0.497143	
       825	  0.507961	
       826	  0.523234	
       827	  0.535941	
       828	  0.545412	
       829	  0.556202	
       830	  0.572859	
       831	  0.593214	
       832	  0.605228	
       833	  0.598367	
       834	  0.609722	
       835	  0.617021	
       836	  0.626121	
       837	  0.628155	
       838	  0.632793	
       839	  0.635631	
       840	  0.646774	
       841	   0.64801	
       842	  0.640746	
       843	  0.639687	
       844	  0.634749	
       845	  0.649394	
       846	  0.651601	
       847	  0.639669	
       848	  0.639574	
       849	  0.633972	
       850	  0.595538	
       851	  0.631491	
       852	  0.636554	
       853	  0.625215	
       854	  0.577497	
       855	  0.604618	
       856	   0.64508	
       857	  0.663825	
       858	  0.669821	
       859	  0.674398	
       860	  0.677632	
       861	  0.677616	
       862	  0.683537	
       863	  0.683188	
       864	  0.672071	
       865	  0.652793	
       866	  0.598425	
       867	  0.626833	
       868	  0.654507	
       869	   0.65508	
       870	  0.662634	
       871	  0.658531	
       872	  0.663539	
       873	  0.658489	
       874	  0.648224	
       875	  0.642734	
       876	  0.655604	
       877	  0.659509	
       878	  0.657265	
       879	   0.64945	
       880	  0.647532	
       881	  0.575306	
       882	  0.556573	
       883	  0.536012	
       884	  0.521594	
       885	  0.509754	
       886	  0.485842	
       887	  0.472465	
       888	  0.468705	
       889	  0.460952	
       890	  0.451051	
       891	  0.440945	
       892	  0.429791	
       893	  0.417153	
       894	   0.41137	
       895	  0.406057	
       896	  0.401931	
       897	  0.393767	
       898	  0.386031	
       899	   0.37714	
       900	   0.37044	
       901	  0.359421	
       902	   0.34973	
       903	  0.357146	
       904	  0.354207	
       905	  0.348289	
       906	  0.349264	
       907	  0.353853	
       908	  0.353158	
       909	  0.352304	
       910	  0.358256	
       911	  0.362983	
       912	  0.365576	
       913	  0.372439	
       914	  0.376178	
       915	  0.377746	
       916	  0.379393	
       917	  0.378065	
       918	  0.377904	
       919	  0.379018	
       920	  0.376457	
       921	  0.371177	
       922	  0.366797	
       923	  0.359047	
       924	  0.369861	
       925	  0.372407	
       926	  0.295304	
       927	   0.25497	
       928	  0.219959	
       929	    0.1926	
       930	   0.17075	
       931	  0.154412	
       932	  0.139762	
       933	  0.128031	
       934	  0.117009	
       935	  0.106558	
       936	 0.0979069	
       937	 0.0908203	
       938	 0.0928825	
       939	  0.094258	
       940	 0.0944305	
       941	 0.0948897	
       942	   0.09475	
       943	 0.0987259	
       944	 0.0994449	
       945	  0.101636	
       946	  0.104298	
       947	  0.106211	
       948	  0.108585	
       949	   0.11453	
       950	  0.120199	
       951	  0.125885	
       952	  0.133376	
       953	  0.140803	
       954	  0.147175	
       955	   0.15088	
       956	  0.164985	
       957	  0.178113	
       958	  0.192166	
       959	  0.207518	
       960	  0.222472	
       961	  0.240276	
       962	  0.263144	
       963	  0.289317	
       964	  0.321097	
       965	  0.368949	
       966	  0.370551	
       967	  0.376794	
       968	  0.378286	
       969	   0.38344	
       970	  0.388825	
       971	  0.390844	
       972	  0.397071	
       973	  0.399177	
       974	  0.399661	
       975	  0.406486	
       976	  0.415139	
       977	  0.418547	
       978	  0.426039	
       979	  0.429191	
       980	  0.438809	
       981	  0.443653	
       982	  0.450733	
       983	  0.454133	
       984	  0.456713	
       985	  0.462449	
       986	  0.466317	
       987	  0.472141	
       988	  0.477339	
       989	   0.48045	
       990	  0.489171	
       991	  0.500476	
       992	  0.508891	
       993	  0.521218	
       994	  0.530804	
       995	  0.529011	
       996	  0.527833	
       997	  0.523132	
       998	  0.522829	
       999	  0.523048	
      1000	  0.524512	
      1001	  0.527389	
      1002	  0.527631	
      1003	  0.522912	
      1004	  0.514907	
      1005	  0.492951	
      1006	  0.508715	
      1007	   0.51954	
      1008	  0.522107	
      1009	  0.521029	
      1010	  0.522013	
      1011	  0.520133	
      1012	  0.519423	
      1013	   0.51764	
      1014	  0.518468	
      1015	  0.513272	
      1016	  0.513923	
      1017	  0.511969	
      1018	  0.515175	
      1019	  0.506355	
      1020	  0.508218	
      1021	  0.509639	
      1022	  0.505714	
      1023	  0.509077	
      1024	   0.51137	
      1025	  0.511311	
      1026	   0.51173	
      1027	  0.511062	
      1028	  0.511612	
      1029	   0.50897	
      1030	  0.510214	
      1031	  0.510297	
      1032	   0.51005	
      1033	  0.504836	
      1034	  0.507281	
      1035	  0.509994	
      1036	  0.510849	
      1037	   0.50807	
      1038	  0.507795	
      1039	  0.511735	
      1040	  0.511786	
      1041	  0.512076	
      1042	  0.511788	
      1043	  0.508849	
      1044	  0.509797	
      1045	  0.506375	
      1046	   0.49753	
      1047	  0.502945	
      1048	  0.507312	
      1049	  0.505975	
      1050	  0.503685	
      1051	  0.503677	
      1052	  0.501573	
      1053	  0.500611	
      1054	  0.499837	
      1055	  0.501351	
      1056	  0.500576	
      1057	  0.499419	
      1058	  0.494252	
      1059	  0.484689	
      1060	  0.492019	
      1061	  0.487132	
      1062	  0.492464	
      1063	  0.489003	
      1064	  0.493282	
      1065	  0.492405	
      1066	  0.484821	
      1067	  0.486045	
      1068	  0.483815	
      1069	   0.46597	
      1070	   0.47543	
      1071	  0.454039	
      1072	  0.442284	
      1073	  0.427232	
      1074	  0.423586	
      1075	  0.411687	
      1076	  0.407694	
      1077	  0.402098	
      1078	  0.396148	
      1079	  0.386028	
      1080	  0.384326	
      1081	  0.373081	
      1082	  0.366075	
      1083	  0.365408	
      1084	  0.364333	
      1085	  0.360562	
      1086	  0.356943	
      1087	  0.344286	
      1088	  0.346435	
      1089	  0.345058	
      1090	  0.340444	
      1091	  0.338181	
      1092	  0.330803	
      1093	  0.323237	
      1094	  0.309219	
      1095	   0.31389	
      1096	  0.314556	
      1097	  0.314178	
      1098	  0.310322	
      1099	  0.307068	
      1100	  0.311569	
      1101	  0.231324	
      1102	  0.182827	
      1103	  0.154569	
      1104	  0.131859	
      1105	  0.113856	
      1106	 0.0994839	
      1107	 0.0874726	
      1108	 0.0778774	
      1109	 0.0696773	
      1110	 0.0627266	
      1111	 0.0564278	
      1112	 0.0511114	
      1113	 0.0463044	
      1114	 0.0425605	
      1115	 0.0388757	
      1116	 0.0354221	
      1117	 0.0328138	
      1118	  0.029887	
      1119	 0.0275348	
      1120	 0.0254074	
      1121	 0.0271547	
      1122	 0.0290678	
      1123	 0.0309911	
      1124	 0.0330415	
      1125	 0.0350757	
      1126	 0.0367922	
      1127	 0.0398704	
      1128	 0.0432952	
      1129	 0.0466561	
      1130	 0.0501366	
      1131	 0.0501109	
      1132	  0.049931	
      1133	 0.0491741	
      1134	 0.0488907	
      1135	 0.0486631	
      1136	  0.048395	
      1137	 0.0472415	
      1138	 0.0464395	
      1139	 0.0467126	
      1140	 0.0466143	
      1141	 0.0457111	
      1142	 0.0460338	
      1143	 0.0455547	
      1144	 0.0450082	
      1145	 0.0450715	
      1146	 0.0485921	
      1147	  0.052138	
      1148	 0.0557224	
      1149	 0.0597872	
      1150	 0.0643428	
      1151	 0.0694879	
      1152	 0.0751423	
      1153	 0.0819955	
      1154	 0.0901799	
      1155	  0.098978	
      1156	  0.108316	
      1157	  0.120756	
      1158	  0.134842	
      1159	  0.150457	
      1160	  0.170108	
      1161	    0.1961	
      1162	  0.204504	
      1163	  0.210866	
      1164	  0.213729	
      1165	  0.220546	
      1166	  0.223133	
      1167	  0.231423	
      1168	  0.238846	
      1169	  0.240719	
      1170	  0.251946	
      1171	  0.254947	
      1172	  0.256361	
      1173	  0.256522	
      1174	  0.257663	
      1175	  0.255441	
      1176	   0.25394	
      1177	  0.259468	
      1178	  0.259549	
      1179	  0.260526	
      1180	  0.264505	
      1181	  0.265091	
      1182	  0.264339	
      1183	  0.256267	
      1184	  0.265442	
      1185	  0.270682	
      1186	  0.272501	
      1187	  0.274022	
      1188	  0.272223	
      1189	    0.2648	
      1190	    0.2745	
      1191	  0.281205	
      1192	  0.282987	
      1193	  0.284601	
      1194	  0.286399	
      1195	  0.286549	
      1196	   0.28829	
      1197	  0.288572	
      1198	  0.284686	
      1199	  0.280318	
      1200	  0.293377	
      1201	  0.296844	
      1202	     0.296	
      1203	  0.287672	
      1204	  0.287175	
      1205	  0.293875	
      1206	    0.2943	
      1207	  0.294738	
      1208	  0.288891	
      1209	  0.280038	
      1210	  0.289631	
      1211	  0.287474	
      1212	  0.292827	
      1213	  0.294881	
      1214	  0.294663	
      1215	  0.295845	
      1216	  0.296471	
      1217	  0.296919	
      1218	  0.296795	
      1219	   0.29618	
      1220	  0.297993	
      1221	  0.298858	
      1222	  0.298846	
      1223	  0.298258	
      1224	  0.301954	
      1225	  0.302664	
      1226	  0.303607	
      1227	  0.300152	
      1228	  0.304118	
      1229	  0.307806	
      1230	  0.309031	
      1231	  0.310128	
      1232	  0.310048	
      1233	  0.312931	
      1234	  0.314534	
      1235	  0.316043	
      1236	  0.320528	
      1237	  0.323973	
      1238	   0.32746	
      1239	  0.330465	
      1240	  0.340966	
      1241	  0.340192	
      1242	  0.336578	
      1243	  0.331231	
      1244	  0.327672	
      1245	  0.326295	
      1246	  0.325987	
      1247	  0.324154	
      1248	  0.323803	
      1249	  0.321757	
      1250	  0.319253	
      1251	  0.315691	
      1252	   0.31202	
      1253	  0.311249	
      1254	   0.30992	
      1255	  0.307943	
      1256	  0.305758	
      1257	  0.303027	
      1258	  0.302267	
      1259	  0.299862	
      1260	  0.299324	
      1261	  0.297317	
      1262	  0.293524	
      1263	  0.293888	
      1264	  0.290329	
      1265	  0.289501	
      1266	  0.289427	
      1267	  0.284988	
      1268	  0.282291	
      1269	  0.283159	
      1270	  0.283555	
      1271	   0.28396	
      1272	  0.283531	
      1273	  0.283876	
      1274	  0.283602	
      1275	  0.285995	
      1276	  0.287967	
      1277	  0.289332	
      1278	  0.290076	
      1279	  0.289863	
      1280	  0.288843	
      1281	  0.280467	
      1282	  0.260629	
      1283	  0.278171	
      1284	  0.291332	
      1285	  0.296165	
      1286	  0.299217	
      1287	  0.302602	
      1288	  0.304752	
      1289	  0.308421	
      1290	  0.309139	
      1291	  0.299783	
      1292	  0.293115	
      1293	  0.286501	
      1294	  0.278009	
      1295	  0.274404	
      1296	  0.270733	
      1297	  0.265259	
      1298	  0.259956	
      1299	  0.258121	
      1300	  0.254395	
      1301	  0.250634	
      1302	  0.245923	
      1303	  0.242066	
      1304	  0.238949	
      1305	  0.238287	
      1306	  0.236403	
      1307	  0.234258	
      1308	  0.231848	
      1309	  0.229739	
      1310	  0.227024	
      1311	  0.224534	
      1312	  0.220765	
      1313	  0.214913	
      1314	  0.216786	
      1315	  0.211895	
      1316	  0.211143	
      1317	  0.212473	
      1318	  0.209852	
      1319	  0.210758	
      1320	  0.209398	
      1321	  0.151181	
      1322	  0.119522	
      1323	  0.098289	
      1324	 0.0827072	
      1325	 0.0705738	
      1326	 0.0607995	
      1327	 0.0528452	
      1328	 0.0465268	
      1329	 0.0404746	
      1330	 0.0363484	
      1331	  0.032713	
      1332	 0.0290221	
      1333	 0.0265425	
      1334	 0.0241033	
      1335	 0.0218333	
      1336	 0.0197406	
      1337	 0.0180333	
      1338	 0.0164251	
      1339	 0.0149024	
      1340	 0.0136593	
      1341	 0.0127648	
      1342	 0.0117612	
      1343	 0.0108608	
      1344	  0.010051	
      1345	0.00930245	
      1346	0.00856988	
      1347	0.00798123	
      1348	0.00741215	
      1349	 0.0068755	
      1350	0.00634605	
      1351	0.00527573	
      1352	0.00443625	
      1353	0.00372528	
      1354	0.00313676	
      1355	0.00263804	
      1356	0.00224814	
      1357	0.00191132	
      1358	0.00166078	
      1359	0.00143148	
      1360	0.00123111	
      1361	0.00107836	
      1362	0.000936686	
      1363	0.000807451	
      1364	0.000712253	
      1365	0.000624825	
      1366	0.000548583	
      1367	0.000480186	
      1368	0.000425962	
      1369	0.000371978	
      1370	0.000328914	
      1371	0.000292458	
      1372	0.000262281	
      1373	0.000233962	
      1374	0.000208297	
      1375	 0.0001836	
      1376	0.000163115	
      1377	0.000147162	
      1378	0.000132054	
      1379	0.000119186	
      1380	0.000106653	
      1381	9.59492e-05	
      1382	8.56291e-05	
      1383	7.73413e-05	
      1384	7.00744e-05	
      1385	6.29314e-05	
      1386	5.71536e-05	
      1387	5.1424e-05	
      1388	4.67746e-05	
      1389	4.24616e-05	
      1390	3.8075e-05	
      1391	3.48976e-05	
      1392	3.17826e-05	
      1393	2.87943e-05	
      1394	2.61065e-05	
      1395	2.37984e-05	
      1396	2.5887e-05	
      1397	2.82023e-05	
      1398	3.08104e-05	
      1399	3.34648e-05	
      1400	3.5783e-05	
      1401	3.90902e-05	
      1402	4.32345e-05	
      1403	4.71011e-05	
      1404	5.17219e-05	
      1405	5.67709e-05	
      1406	6.26723e-05	
      1407	6.88769e-05	
      1408	7.57472e-05	
      1409	8.36976e-05	
      1410	9.22108e-05	
      1411	0.000101138	
      1412	0.000109804	
      1413	0.000122571	
      1414	0.000137444	
      1415	0.000152824	
      1416	0.000169387	
      1417	0.000189475	
      1418	0.000211685	
      1419	0.000234388	
      1420	0.00026156	
      1421	0.00029421	
      1422	0.000325437	
      1423	0.000364811	
      1424	0.000410765	
      1425	0.00046692	
      1426	0.000517806	
      1427	0.000590588	
      1428	0.000674519	
      1429	0.000756401	
      1430	0.000861098	
      1431	0.000990071	
      1432	0.00115465	
      1433	0.00132908	
      1434	0.00151443	
      1435	0.00175817	
      1436	0.00204637	
      1437	0.00239227	
      1438	0.00279605	
      1439	0.00329375	
      1440	0.00376771	
      1441	0.00450071	
      1442	0.00539678	
      1443	0.00613637	
      1444	0.00654268	
      1445	0.00696784	
      1446	0.00744471	
      1447	0.00789298	
      1448	0.00846525	
      1449	0.00902097	
      1450	0.00957772	
      1451	 0.0101435	
      1452	 0.0108537	
      1453	 0.0116601	
      1454	 0.0124634	
      1455	  0.013351	
      1456	  0.014317	
      1457	 0.0155329	
      1458	 0.0169681	
      1459	 0.0184222	
      1460	  0.019844	
      1461	  0.021473	
      1462	 0.0232076	
      1463	 0.0241173	
      1464	  0.024161	
      1465	 0.0243721	
      1466	 0.0242011	
      1467	 0.0244819	
      1468	 0.0243114	
      1469	 0.0245049	
      1470	 0.0243942	
      1471	 0.0240668	
      1472	 0.0241541	
      1473	  0.024114	
      1474	 0.0236683	
      1475	 0.0239755	
      1476	 0.0241153	
      1477	 0.0240878	
      1478	 0.0254382	
      1479	 0.0271395	
      1480	  0.028835	
      1481	 0.0303623	
      1482	  0.032372	
      1483	 0.0339718	
      1484	 0.0365472	
      1485	 0.0394337	
      1486	 0.0418311	
      1487	 0.0439282	
      1488	 0.0436834	
      1489	 0.0507754	
      1490	  0.056002	
      1491	 0.0608678	
      1492	 0.0657845	
      1493	 0.0725998	
      1494	 0.0800011	
      1495	 0.0880644	
      1496	 0.0961854	
      1497	   0.11009	
      1498	  0.112979	
      1499	  0.114538	
      1500	  0.118484	
      1501	  0.120884	
      1502	  0.121131	
      1503	  0.115595	
      1504	   0.12065	
      1505	  0.121046	
      1506	  0.128318	
      1507	   0.13557	
      1508	  0.138173	
      1509	  0.141322	
      1510	  0.147462	
      1511	  0.151825	
      1512	  0.154077	
      1513	  0.158168	
      1514	   0.16298	
      1515	  0.170207	
      1516	  0.176793	
      1517	  0.184205	
      1518	  0.195819	
      1519	   0.20649	
      1520	  0.227379	
      1521	   0.22345	
      1522	  0.222677	
      1523	  0.225238	
      1524	  0.225764	
      1525	  0.222764	
      1526	  0.226867	
      1527	  0.226432	
      1528	  0.227529	
      1529	  0.225369	
      1530	  0.217621	
      1531	  0.226181	
      1532	   0.22808	
      1533	  0.226397	
      1534	  0.224069	
      1535	  0.226497	
      1536	   0.22958	
      1537	  0.230189	
      1538	  0.227196	
      1539	  0.230747	
      1540	  0.222676	
      1541	  0.221923	
      1542	  0.221469	
      1543	  0.220057	
      1544	  0.219723	
      1545	  0.218914	
      1546	  0.216744	
      1547	  0.212923	
      1548	  0.207953	
      1549	   0.20934	
      1550	  0.207209	
      1551	   0.20676	
      1552	  0.207298	
      1553	  0.204371	
      1554	  0.199985	
      1555	  0.199314	
      1556	   0.19709	
      1557	  0.199632	
      1558	  0.198378	
      1559	  0.198528	
      1560	  0.197936	
      1561	    0.2009	
      1562	    0.2008	
      1563	  0.200332	
      1564	   0.19902	
      1565	  0.201211	
      1566	  0.200111	
      1567	   0.20063	
      1568	  0.199447	
      1569	  0.201338	
      1570	   0.20181	
      1571	  0.205884	
      1572	  0.206904	
      1573	  0.205326	
      1574	   0.20375	
      1575	  0.196982	
      1576	  0.201833	
      1577	  0.192382	
      1578	  0.203511	
      1579	  0.208403	
      1580	  0.209905	
      1581	  0.209318	
      1582	  0.202994	
      1583	  0.203614	
      1584	  0.202164	
      1585	  0.205857	
      1586	  0.203728	
      1587	  0.200811	
      1588	   0.19555	
      1589	  0.185186	
      1590	  0.188995	
      1591	  0.190341	
      1592	  0.197564	
      1593	  0.200805	
      1594	   0.19966	
      1595	  0.198738	
      1596	  0.191161	
      1597	  0.192319	
      1598	  0.195595	
      1599	  0.192539	
      1600	  0.192376	
      1601	  0.187932	
      1602	  0.188941	
      1603	  0.188915	
      1604	  0.188699	
      1605	  0.186614	
      1606	  0.185666	
      1607	   0.18455	
      1608	   0.18662	
      1609	  0.184585	
      1610	  0.175852	
      1611	  0.179583	
      1612	  0.181581	
      1613	  0.185024	
      1614	  0.185195	
      1615	  0.184725	
      1616	  0.179105	
      1617	  0.181916	
      1618	  0.187682	
      1619	  0.187517	
      1620	  0.183673	
      1621	  0.184252	
      1622	  0.187646	
      1623	  0.192146	
      1624	  0.193469	
      1625	  0.192177	
      1626	  0.195065	
      1627	  0.197251	
      1628	  0.199963	
      1629	  0.202309	
      1630	  0.204436	
      1631	  0.205079	
      1632	  0.204774	
      1633	  0.202329	
      1634	  0.200335	
      1635	   0.20241	
      1636	  0.201608	
      1637	  0.195046	
      1638	  0.193306	
      1639	  0.190397	
      1640	  0.192076	
      1641	  0.191098	
      1642	  0.191301	
      1643	  0.194051	
      1644	  0.192447	
      1645	  0.191808	
      1646	  0.194138	
      1647	  0.194474	
      1648	  0.193865	
      1649	  0.191029	
      1650	  0.192543	
      1651	  0.190779	
      1652	   0.19252	
      1653	  0.191189	
      1654	  0.191767	
      1655	  0.190231	
      1656	  0.191129	
      1657	  0.191192	
      1658	  0.190191	
      1659	  0.188356	
      1660	  0.189375	
      1661	  0.190074	
      1662	  0.189406	
      1663	  0.188639	
      1664	   0.18829	
      1665	  0.186784	
      1666	  0.185391	
      1667	   0.18537	
      1668	  0.183129	
      1669	  0.184379	
      1670	  0.187008	
      1671	   0.18583	
      1672	  0.180439	
      1673	  0.182332	
      1674	  0.184328	
      1675	  0.182424	
      1676	  0.180421	
      1677	  0.181478	
      1678	  0.182005	
      1679	  0.177997	
      1680	  0.171242	
      1681	  0.165008	
      1682	  0.166948	
      1683	  0.170568	
      1684	  0.172269	
      1685	  0.172078	
      1686	  0.169709	
      1687	  0.169302	
      1688	  0.168421	
      1689	  0.165977	
      1690	  0.165453	
      1691	  0.167228	
      1692	  0.166943	
      1693	  0.165787	
      1694	  0.165138	
      1695	  0.164513	
      1696	  0.163312	
      1697	  0.162136	
      1698	  0.161457	
      1699	  0.160112	
      1700	   0.15783	
      1701	  0.157093	
      1702	  0.156628	
      1703	  0.155981	
      1704	  0.155306	
      1705	  0.154587	
      1706	  0.153492	
      1707	  0.152347	
      1708	  0.151213	
      1709	  0.150089	
      1710	  0.149124	
      1711	  0.149065	
      1712	  0.149159	
      1713	  0.149256	
      1714	  0.149357	
      1715	  0.149334	
      1716	  0.148533	
      1717	  0.147613	
      1718	    0.1467	
      1719	  0.145794	
      1720	  0.144954	
      1721	  0.144441	
      1722	  0.143991	
      1723	  0.143545	
      1724	  0.143103	
      1725	  0.142615	
      1726	  0.141799	
      1727	  0.140938	
      1728	  0.140082	
      1729	  0.139231	
      1730	  0.138264	
      1731	  0.136544	
      1732	  0.134711	
      1733	  0.132886	
      1734	   0.13107	
      1735	  0.129604	
      1736	  0.130157	
      1737	   0.13105	
      1738	  0.131941	
      1739	   0.13283	
      1740	  0.133506	
      1741	  0.111121	
      1742	 0.0971888	
      1743	 0.0868918	
      1744	 0.0787154	
      1745	 0.0719882	
      1746	 0.0664385	
      1747	 0.0616682	
      1748	 0.0574865	
      1749	 0.0537804	
      1750	 0.0504745	
      1751	 0.0475325	
      1752	 0.0448725	
      1753	 0.0424478	
      1754	 0.0402276	
      1755	 0.0381718	
      1756	 0.0361849	
      1757	 0.0343348	
      1758	 0.0326199	
      1759	  0.031026	
      1760	 0.0295495	
      1761	 0.0282175	
      1762	  0.026978	
      1763	 0.0258154	
      1764	  0.024723	
      1765	  0.023695	
      1766	 0.0227262	
      1767	 0.0218119	
      1768	  0.020948	
      1769	 0.0201307	
      1770	 0.0193491	
      1771	 0.0185605	
      1772	 0.0178063	
      1773	 0.0170912	
      1774	 0.0164124	
      1775	 0.0157766	
      1776	 0.0152239	
      1777	 0.0147053	
      1778	 0.0142102	
      1779	 0.0137372	
      1780	 0.0132813	
      1781	 0.0128234	
      1782	 0.0123822	
      1783	 0.0119602	
      1784	 0.0115563	
      1785	 0.0111729	
      1786	 0.0108242	
      1787	 0.0104926	
      1788	 0.0101741	
      1789	0.00986811	
      1790	0.00957012	
      1791	0.00925906	
      1792	0.00895675	
      1793	0.00866641	
      1794	0.00838745	
      1795	0.00811933	
      1796	0.00786152	
      1797	0.00761355	
      1798	0.00737496	
      1799	 0.0071453	
      1800	 0.0069283	
      1801	0.00577033	
      1802	0.00484796	
      1803	 0.0041019	
      1804	0.00349232	
      1805	0.00298948	
      1806	0.00256936	
      1807	0.00221797	
      1808	0.00192249	
      1809	0.00167262	
      1810	0.00145724	
      1811	0.00125774	
      1812	0.00108621	
      1813	0.000940386	
      1814	0.00081599	
      1815	0.000711734	
      1816	0.000633605	
      1817	0.000566987	
      1818	0.000508379	
      1819	0.000456684	
      1820	0.000410846	
      1821	0.000369542	
      1822	0.000332829	
      1823	0.000300228	
      1824	0.000271222	
      1825	0.000245109	
      1826	0.000220372	
      1827	0.000198179	
      1828	0.000178442	
      1829	0.000160861	
      1830	0.000145251	
      1831	0.000131665	
      1832	0.000119538	
      1833	0.000108642	
      1834	9.88377e-05	
      1835	8.99944e-05	
      1836	8.19362e-05	
      1837	7.46576e-05	
      1838	6.80851e-05	
      1839	6.2144e-05	
      1840	5.67607e-05	
      1841	5.18318e-05	
      1842	4.73611e-05	
      1843	4.33082e-05	
      1844	3.96308e-05	
      1845	3.63102e-05	
      1846	3.33867e-05	
      1847	3.07355e-05	
      1848	2.83137e-05	
      1849	2.60995e-05	
      1850	2.40658e-05	
      1851	2.21606e-05	
      1852	2.04117e-05	
      1853	1.88117e-05	
      1854	1.73469e-05	
      1855	1.6005e-05	
      1856	1.47749e-05	
      1857	1.36465e-05	
      1858	1.26108e-05	
      1859	1.16596e-05	
      1860	1.07854e-05	
      1861	1.12312e-05	
      1862	1.16972e-05	
      1863	1.21845e-05	
      1864	1.26942e-05	
      1865	1.32301e-05	
      1866	1.38041e-05	
      1867	1.44083e-05	
      1868	1.50417e-05	
      1869	1.57057e-05	
      1870	1.63661e-05	
      1871	1.68268e-05	
      1872	1.72592e-05	
      1873	1.7699e-05	
      1874	1.8146e-05	
      1875	1.87028e-05	
      1876	1.9916e-05	
      1877	2.13189e-05	
      1878	2.28144e-05	
      1879	2.44089e-05	
      1880	2.60378e-05	
      1881	2.73259e-05	
      1882	2.86057e-05	
      1883	2.99519e-05	
      1884	3.13683e-05	
      1885	3.28321e-05	
      1886	3.41923e-05	
      1887	3.55854e-05	
      1888	3.70414e-05	
      1889	3.85634e-05	
      1890	4.01834e-05	
      1891	 4.206e-05	
      1892	4.40663e-05	
      1893	4.61797e-05	
      1894	4.84066e-05	
      1895	5.07906e-05	
      1896	5.3538e-05	
      1897	5.64899e-05	
      1898	5.96205e-05	
      1899	6.29418e-05	
      1900	6.64333e-05	
      1901	6.99087e-05	
      1902	7.35507e-05	
      1903	7.74058e-05	
      1904	8.14878e-05	
      1905	8.57996e-05	
      1906	9.0264e-05	
      1907	9.49773e-05	
      1908	9.99692e-05	
      1909	0.000105258	
      1910	0.000110889	
      1911	0.000116981	
      1912	0.000123479	
      1913	0.000130386	
      1914	0.000137731	
      1915	0.000145546	
      1916	0.000153864	
      1917	0.000162723	
      1918	0.000172162	
      1919	0.000182226	
      1920	0.000192961	
      1921	0.000181967	
      1922	0.000183324	
      1923	0.000187294	
      1924	0.000192839	
      1925	0.000199527	
      1926	0.000206815	
      1927	0.00021499	
      1928	0.00022411	
      1929	0.00023419	
      1930	0.000245455	
      1931	0.000258976	
      1932	0.000273984	
      1933	0.000290401	
      1934	0.000308356	
      1935	0.000327822	
      1936	0.000347904	
      1937	0.000369651	
      1938	0.000393427	
      1939	0.000419452	
      1940	0.000447284	
      1941	0.000473361	
      1942	0.000500971	
      1943	0.000531042	
      1944	0.000563849	
      1945	0.000601706	
      1946	0.000656309	
      1947	0.000719723	
      1948	0.000790963	
      1949	0.000871229	
      1950	0.000961184	
      1951	0.00105813	
      1952	0.00116722	
      1953	0.00129143	
      1954	0.00143351	
      1955	0.00159558	
      1956	0.00177446	
      1957	0.00198018	
      1958	0.00222009	
      1959	0.00250208	
      1960	0.00283608	
      1961	0.00305331	
      1962	0.00329124	
      1963	0.00355298	
      1964	0.00384158	
      1965	  0.004164	
      1966	0.00454378	
      1967	0.00497194	
      1968	0.00545191	
      1969	0.00599185	
      1970	0.00659785	
      1971	0.00725779	
      1972	0.00800285	
      1973	0.00885328	
      1974	0.00982977	
      1975	 0.0109586	
      1976	 0.0122739	
      1977	 0.0138202	
      1978	 0.0156581	
      1979	  0.017871	
      1980	 0.0205843	
      1981	  0.024003	
      1982	 0.0284053	
      1983	 0.0342958	
      1984	 0.0426927	
      1985	 0.0562473	
      1986	 0.0406433	
      1987	 0.0332167	
      1988	  0.028257	
      1989	 0.0245825	
      1990	 0.0216888	
      1991	 0.0192482	
      1992	 0.0172114	
      1993	  0.015494	
      1994	 0.0140257	
      1995	 0.0127651	
      1996	  0.011709	
      1997	 0.0107859	
      1998	0.00996688	
      1999	0.00923593	
      2000	0.00857659	
      2001	0.00796211	
      2002	 0.0074039	
      2003	0.00689799	
      2004	0.00643799	
      2005	 0.0060211	
      2006	0.00632644	
      2007	0.00665514	
      2008	0.00700643	
      2009	0.00738239	
      2010	0.00778397	
      2011	0.00820355	
      2012	0.00865267	
      2013	0.00913585	
      2014	0.00965666	
      2015	 0.0102174	
      2016	 0.0108091	
      2017	 0.0114485	
      2018	 0.0121433	
      2019	 0.0129007	
      2020	  0.013735	
      2021	 0.0146902	
      2022	 0.0157517	
      2023	 0.0169291	
      2024	 0.0182417	
      2025	 0.0197049	
      2026	 0.0212997	
      2027	 0.0231024	
      2028	 0.0251724	
      2029	 0.0275793	
      2030	  0.030432	
      2031	 0.0339211	
      2032	 0.0382812	
      2033	  0.043993	
      2034	 0.0522229	
      2035	 0.0684823	
      2036	 0.0672093	
      2037	 0.0660415	
      2038	 0.0649661	
      2039	 0.0639658	
      2040	 0.0630755	
      2041	 0.0624942	
      2042	 0.0619997	
      2043	 0.0615398	
      2044	 0.0611106	
      2045	 0.0606694	
      2046	  0.059997	
      2047	 0.0593129	
      2048	 0.0586542	
      2049	 0.0580188	
      2050	 0.0574213	
      2051	 0.0569192	
      2052	 0.0564509	
      2053	 0.0559991	
      2054	  0.055563	
      2055	 0.0551311	
      2056	 0.0546299	
      2057	 0.0541327	
      2058	 0.0536495	
      2059	 0.0531796	
      2060	 0.0527381	
      2061	 0.0523801	
      2062	 0.0520488	
      2063	 0.0517284	
      2064	 0.0514187	
      2065	 0.0511197	
      2066	 0.0514137	
      2067	 0.0517137	
      2068	   0.05202	
      2069	 0.0523328	
      2070	 0.0526682	
      2071	 0.0530846	
      2072	 0.0535259	
      2073	  0.053977	
      2074	 0.0544383	
      2075	 0.0548885	
      2076	 0.0552071	
      2077	 0.0555124	
      2078	 0.0558268	
      2079	 0.0561509	
      2080	 0.0564967	
      2081	 0.0569112	
      2082	 0.0573505	
      2083	 0.0578041	
      2084	 0.0582733	
      2085	 0.0587652	
      2086	 0.0592875	
      2087	  0.059836	
      2088	 0.0604068	
      2089	 0.0610019	
      2090	 0.0616114	
      2091	 0.0621868	
      2092	 0.0627811	
      2093	 0.0634114	
      2094	 0.0640833	
      2095	 0.0648309	
      2096	 0.0658155	
      2097	 0.0669055	
      2098	 0.0680931	
      2099	 0.0694076	
      2100	   0.07089	
      2101	 0.0709261	
      2102	 0.0709557	
      2103	 0.0709863	
      2104	 0.0710177	
      2105	 0.0710353	
      2106	 0.0709647	
      2107	   0.07088	
      2108	 0.0707961	
      2109	 0.0707129	
      2110	 0.0706381	
      2111	 0.0706239	
      2112	 0.0706183	
      2113	 0.0706139	
      2114	 0.0706107	
      2115	 0.0706088	
      2116	 0.0705931	
      2117	 0.0705789	
      2118	  0.070566	
      2119	 0.0705547	
      2120	  0.070545	
      2121	 0.0705218	
      2122	 0.0705003	
      2123	 0.0704807	
      2124	  0.070463	
      2125	 0.0704704	
      2126	 0.0706026	
      2127	 0.0707607	
      2128	  0.070922	
      2129	 0.0710868	
      2130	 0.0712244	
      2131	  0.071196	
      2132	 0.0711401	
      2133	 0.0710879	
      2134	 0.0710399	
      2135	 0.0710199	
      2136	 0.0711614	
      2137	 0.0713331	
      2138	 0.0715126	
      2139	 0.0717009	
      2140	 0.0718758	
      2141	 0.0719202	
      2142	 0.0719544	
      2143	 0.0720052	
      2144	 0.0720775	
      2145	 0.0722032	
      2146	 0.0724845	
      2147	 0.0728611	
      2148	 0.0733825	
      2149	  0.073334	
      2150	 0.0732774	
      2151	 0.0731393	
      2152	 0.0729931	
      2153	 0.0728471	
      2154	 0.0727012	
      2155	 0.0725555	
      2156	 0.0723773	
      2157	 0.0721992	
      2158	 0.0720213	
      2159	 0.0718436	
      2160	 0.0715682	
      2161	 0.0706897	
      2162	 0.0697139	
      2163	 0.0687386	
      2164	 0.0677637	
      2165	 0.0669766	
      2166	   0.06733	
      2167	 0.0678706	
      2168	  0.068411	
      2169	 0.0689514	
      2170	 0.0694346	
      2171	 0.0695435	
      2172	 0.0695955	
      2173	 0.0696475	
      2174	 0.0696996	
      2175	 0.0697193	
      2176	 0.0695439	
      2177	 0.0693362	
      2178	 0.0691286	
      2179	 0.0689212	
      2180	 0.0687383	
      2181	 0.0687179	
      2182	  0.068722	
      2183	 0.0687262	
      2184	 0.0687305	
      2185	 0.0687023	
      2186	 0.0684633	
      2187	  0.068192	
      2188	 0.0679209	
      2189	 0.0676499	
      2190	 0.0674197	
      2191	 0.0674328	
      2192	 0.0674865	
      2193	 0.0675402	
      2194	 0.0675941	
      2195	 0.0676237	
      2196	 0.0675237	
      2197	 0.0673996	
      2198	 0.0672755	
      2199	 0.0671314	
      2200	 0.0669632	
      2201	 0.0666498	
      2202	 0.0663124	
      2203	 0.0659755	
      2204	  0.065639	
      2205	 0.0653432	
      2206	 0.0652575	
      2207	 0.0652123	
      2208	 0.0651673	
      2209	 0.0651224	
      2210	 0.0650695	
      2211	 0.0649846	
      2212	 0.0648918	
      2213	 0.0647992	
      2214	 0.0647067	
      2215	 0.0646143	
      2216	 0.0645222	
      2217	 0.0644302	
      2218	 0.0643383	
      2219	 0.0642466	
      2220	 0.0641391	
      2221	 0.0639355	
      2222	 0.0637161	
      2223	  0.063497	
      2224	 0.0632781	
      2225	 0.0630755	
      2226	 0.0629691	
      2227	 0.0628789	
      2228	 0.0627888	
      2229	 0.0626988	
      2230	  0.062609	
      2231	 0.0625034	
      2232	 0.0623979	
      2233	 0.0622926	
      2234	 0.0621875	
      2235	 0.0620665	
      2236	 0.0618342	
      2237	 0.0615862	
      2238	 0.0613384	
      2239	 0.0610909	
      2240	 0.0608676	
      2241	 0.0607876	
      2242	 0.0607315	
      2243	 0.0606755	
      2244	 0.0606197	
      2245	 0.0605481	
      2246	 0.0603972	
      2247	 0.0602306	
      2248	 0.0600643	
      2249	 0.0598981	
      2250	 0.0597321	
      2251	 0.0595346	
      2252	 0.0593373	
      2253	 0.0591403	
      2254	 0.0589434	
      2255	 0.0587625	
      2256	 0.0586925	
      2257	 0.0586384	
      2258	 0.0585844	
      2259	 0.0585304	
      2260	 0.0584687	
      2261	 0.0583282	
      2262	 0.0581799	
      2263	 0.0580318	
      2264	 0.0578838	
      2265	 0.0577518	
      2266	 0.0576829	
      2267	 0.0576298	
      2268	 0.0575769	
      2269	  0.057524	
      2270	 0.0574633	
      2271	 0.0570497	
      2272	 0.0566423	
      2273	 0.0562477	
      2274	 0.0558647	
      2275	 0.0554771	
      2276	 0.0550235	
      2277	 0.0545647	
      2278	 0.0541154	
      2279	  0.053675	
      2280	 0.0532653	
      2281	 0.0529969	
      2282	 0.0527566	
      2283	 0.0525218	
      2284	 0.0522922	
      2285	 0.0520675	
      2286	 0.0518183	
      2287	 0.0515738	
      2288	 0.0513338	
      2289	 0.0510979	
      2290	 0.0508375	
      2291	 0.0503961	
      2292	 0.0499317	
      2293	 0.0494727	
      2294	 0.0490188	
      2295	 0.0486121	
      2296	 0.0484332	
      2297	 0.0482989	
      2298	  0.048167	
      2299	 0.0480373	
      2300	  0.047903	
      2301	 0.0477159	
      2302	 0.0475244	
      2303	 0.0473353	
      2304	 0.0471487	
      2305	 0.0469575	
      2306	 0.0467416	
      2307	 0.0465213	
      2308	 0.0463034	
      2309	 0.0460878	
      2310	 0.0458743	
      2311	 0.0456365	
      2312	  0.045401	
      2313	 0.0451677	
      2314	 0.0449366	
      2315	 0.0447076	
      2316	 0.0444937	
      2317	 0.0442817	
      2318	 0.0440717	
      2319	 0.0438635	
      2320	 0.0436377	
      2321	 0.0432722	
      2322	 0.0428901	
      2323	 0.0425107	
      2324	  0.042134	
      2325	 0.0418045	
      2326	 0.0417185	
      2327	 0.0416778	
      2328	 0.0416378	
      2329	 0.0415984	
      2330	 0.0415408	
      2331	 0.0413838	
      2332	 0.0412093	
      2333	 0.0410362	
      2334	 0.0408643	
      2335	 0.0406938	
      2336	 0.0405245	
      2337	 0.0403564	
      2338	 0.0401896	
      2339	 0.0400239	
      2340	 0.0398656	
      2341	 0.0397449	
      2342	 0.0396313	
      2343	 0.0395186	
      2344	 0.0394067	
      2345	 0.0392835	
      2346	 0.0391011	
      2347	 0.0389078	
      2348	 0.0387158	
      2349	 0.0385249	
      2350	 0.0383233	
      2351	 0.0380397	
      2352	 0.0377458	
      2353	 0.0374535	
      2354	 0.0371629	
      2355	 0.0369093	
      2356	 0.0368451	
      2357	 0.0368166	
      2358	 0.0367884	
      2359	 0.0367605	
      2360	 0.0367272	
      2361	 0.0349257	
      2362	 0.0333341	
      2363	 0.0319112	
      2364	 0.0306242	
      2365	 0.0294451	
      2366	 0.0283252	
      2367	 0.0272851	
      2368	 0.0263184	
      2369	  0.025416	
      2370	 0.0245668	
      2371	 0.0237458	
      2372	 0.0229684	
      2373	  0.022234	
      2374	 0.0215388	
      2375	 0.0208928	
      2376	  0.020345	
      2377	 0.0198361	
      2378	 0.0193505	
      2379	 0.0188864	
      2380	 0.0184184	
      2381	 0.0178363	
      2382	 0.0172562	
      2383	 0.0167004	
      2384	 0.0161675	
      2385	 0.0156825	
      2386	 0.0153719	
      2387	 0.0150976	
      2388	 0.0148326	
      2389	 0.0145764	
      2390	 0.0143191	
      2391	 0.0140142	
      2392	 0.0137104	
      2393	 0.0134166	
      2394	 0.0131323	
      2395	  0.012857	
      2396	 0.0125862	
      2397	 0.0123238	
      2398	 0.0120694	
      2399	 0.0118227	
      2400	 0.0115832	
      2401	 0.0113546	
      2402	 0.0111326	
      2403	 0.0109169	
      2404	 0.0107072	
      2405	 0.0105033	
      2406	 0.0103085	
      2407	 0.0101188	
      2408	0.00993425	
      2409	 0.0097545	
      2410	0.00957132	
      2411	 0.0093452	
      2412	0.00911747	
      2413	  0.008896	
      2414	0.00868055	
      2415	0.00848282	
      2416	0.00835461	
      2417	0.00824085	
      2418	0.00812955	
      2419	0.00802063	
      2420	0.00790992	
      2421	0.00777462	
      2422	0.00763849	
      2423	0.00750552	
      2424	0.00737563	
      2425	0.00724997	
      2426	0.00713463	
      2427	0.00702305	
      2428	0.00691387	
      2429	0.00680704	
      2430	0.00670132	
      2431	0.00658629	
      2432	0.00647264	
      2433	0.00636148	
      2434	0.00625273	
      2435	0.00614741	
      2436	0.00605291	
      2437	 0.0059614	
      2438	0.00587174	
      2439	0.00578388	
      2440	0.00569676	
      2441	 0.0056034	
      2442	0.00551097	
      2443	0.00542042	
      2444	0.00533172	
      2445	0.00524386	
      2446	0.00515406	
      2447	0.00506516	
      2448	0.00497807	
      2449	0.00489274	
      2450	0.00481088	
      2451	0.00446294	
      2452	0.00414901	
      2453	0.00386349	
      2454	0.00360311	
      2455	0.00336629	
      2456	0.00315505	
      2457	0.00296184	
      2458	0.00278374	
      2459	0.00261925	
      2460	0.00246662	
      2461	0.00232177	
      2462	0.00218709	
      2463	0.00206208	
      2464	0.00194587	
      2465	0.00183703	
      2466	0.00173243	
      2467	0.00163438	
      2468	0.00154297	
      2469	0.00145766	
      2470	0.00137846	
      2471	0.00130782	
      2472	0.00124201	
      2473	0.00118021	
      2474	0.00112212	
      2475	0.00106687	
      2476	0.00101107	
      2477	0.000958119	
      2478	0.000908366	
      2479	0.000861587	
      2480	0.000818046	
      2481	0.000779135	
      2482	0.000742825	
      2483	0.000708505	
      2484	0.000676048	
      2485	0.000645583	
      2486	0.000617921	
      2487	0.000591895	
      2488	0.000567172	
      2489	0.000543675	
      2490	0.000520434	
      2491	0.000492998	
      2492	0.000466282	
      2493	0.000441082	
      2494	0.000417304	
      2495	0.000396071	
      2496	0.000382652	
      2497	0.000370893	
      2498	0.000359563	
      2499	0.000348643	
      2500	0.000337588	
      2501	0.000104108	
      2502	3.76783e-05	
      2503	1.51671e-05	
      2504	6.5946e-06	
      2505	3.04181e-06	
      2506	1.46838e-06	
      2507	7.36998e-07	
      2508	3.82338e-07	
      2509	2.04061e-07	
      2510	1.11663e-07	
      2511	6.25268e-08	
      2512	3.57079e-08	
      2513	2.07519e-08	
      2514	1.22526e-08	
      2515	7.33944e-09	
      2516	4.45672e-09	
      2517	2.73939e-09	
      2518	1.70287e-09	
      2519	1.06967e-09	
      2520	6.78637e-10	
      2521	4.34855e-10	
      2522	2.81095e-10	
      2523	1.83169e-10	
      2524	1.20266e-10	
      2525	7.95485e-11	
      2526	5.30412e-11	
      2527	3.56025e-11	
      2528	2.40438e-11	
      2529	1.63326e-11	
      2530	1.1154e-11	
      2531	7.64182e-12	
      2532	5.26106e-12	
      2533	3.63963e-12	
      2534	2.52967e-12	
      2535	1.76645e-12	
      2536	1.23987e-12	
      2537	8.74054e-13	
      2538	6.1863e-13	
      2539	4.39533e-13	
      2540	3.13445e-13	
      2541	2.24425e-13	
      2542	1.61244e-13	
      2543	1.16239e-13	
      2544	8.40666e-14	
      2545	6.09901e-14	
      2546	4.4364e-14	
      2547	3.23655e-14	
      2548	2.36798e-14	
      2549	1.73732e-14	
      2550	1.27808e-14	
      2551	9.42292e-15	
      2552	6.96505e-15	
      2553	5.1611e-15	
      2554	3.83365e-15	
      2555	2.85434e-15	
      2556	2.12916e-15	
      2557	1.59178e-15	
      2558	1.19264e-15	
      2559	8.95484e-16	
      2560	6.73918e-16	
      2561	5.08655e-16	
      2562	3.84769e-16	
      2563	2.91623e-16	
      2564	2.21446e-16	
      2565	1.68471e-16	
      2566	1.28345e-16	
      2567	9.79502e-17	
      2568	7.48842e-17	
      2569	5.73478e-17	
      2570	4.39916e-17	
      2571	3.37863e-17	
      2572	2.59902e-17	
      2573	2.00245e-17	
      2574	1.5452e-17	
      2575	1.19417e-17	
      2576	9.24252e-18	
      2577	7.1639e-18	
      2578	5.56071e-18	
      2579	4.32237e-18	
      2580	3.36368e-18	
      2581	2.6176e-18	
      2582	2.03923e-18	
      2583	1.59073e-18	
      2584	1.24245e-18	
      2585	9.72094e-19	
      2586	7.63978e-19	
      2587	6.01432e-19	
      2588	4.74042e-19	
      2589	3.74079e-19	
      2590	2.95472e-19	
      2591	2.33221e-19	
      2592	1.84252e-19	
      2593	1.45726e-19	
      2594	1.15382e-19	
      2595	9.14763e-20	
      2596	7.26683e-20	
      2597	5.78015e-20	
      2598	4.60237e-20	
      2599	3.66833e-20	
      2600	2.92678e-20	
      2601	1.66463e-20	
      2602	1.20674e-20	
      2603	9.15674e-21	
      2604	7.11891e-21	
      2605	5.62292e-21	
      2606	4.48819e-21	
      2607	3.6141e-21	
      2608	2.93086e-21	
      2609	2.39072e-21	
      2610	1.9598e-21	
      2611	1.61421e-21	
      2612	1.33455e-21	
      2613	1.10703e-21	
      2614	9.21033e-22	
      2615	7.68361e-22	
      2616	6.41965e-22	
      2617	5.37573e-22	
      2618	4.51092e-22	
      2619	3.79255e-22	
      2620	3.19279e-22	
      2621	2.68337e-22	
      2622	2.25763e-22	
      2623	1.90219e-22	
      2624	1.6049e-22	
      2625	1.3575e-22	
      2626	1.15762e-22	
      2627	9.89576e-23	
      2628	8.46889e-23	
      2629	7.25568e-23	
      2630	6.21974e-23	
      2631	5.32157e-23	
      2632	4.5553e-23	
      2633	3.90302e-23	
      2634	3.34715e-23	
      2635	2.87224e-23	
      2636	2.46076e-23	
      2637	2.10939e-23	
      2638	1.8096e-23	
      2639	1.55357e-23	
      2640	1.33539e-23	
      2641	1.15211e-23	
      2642	9.95173e-24	
      2643	8.60198e-24	
      2644	7.44022e-24	
      2645	6.43951e-24	
      2646	5.57136e-24	
      2647	4.8232e-24	
      2648	4.17801e-24	
      2649	3.62124e-24	
      2650	3.14045e-24	
      2651	2.7223e-24	
      2652	2.3611e-24	
      2653	2.04892e-24	
      2654	1.77894e-24	
      2655	1.54571e-24	
      2656	1.34509e-24	
      2657	1.17139e-24	
      2658	1.02061e-24	
      2659	8.89661e-25	
      2660	7.7568e-25	
      2661	6.75584e-25	
      2662	5.88518e-25	
      2663	5.12896e-25	
      2664	4.47183e-25	
      2665	3.90255e-25	
      2666	3.41416e-25	
      2667	2.98966e-25	
      2668	2.61901e-25	
      2669	2.29524e-25	
      2670	2.01178e-25	
      2671	1.7595e-25	
      2672	1.53904e-25	
      2673	1.34671e-25	
      2674	1.17885e-25	
      2675	1.03256e-25	
      2676	9.05678e-26	
      2677	7.94881e-26	
      2678	6.97885e-26	
      2679	6.12939e-26	
      2680	5.38518e-26	
      2681	4.73294e-26	
      2682	4.16109e-26	
      2683	3.65955e-26	
      2684	3.21951e-26	
      2685	2.8333e-26	
      2686	2.4916e-26	
      2687	2.1918e-26	
      2688	1.92867e-26	
      2689	1.69764e-26	
      2690	1.49474e-26	
      2691	1.31718e-26	
      2692	1.16106e-26	
      2693	1.02375e-26	
      2694	9.02932e-27	
      2695	7.96605e-27	
      2696	7.02623e-27	
      2697	6.19902e-27	
      2698	5.47072e-27	
      2699	4.8293e-27	
      2700	4.2654e-27	
      2701	5.02228e-27	
      2702	5.91836e-27	
      2703	6.97823e-27	
      2704	8.23255e-27	
      2705	9.71787e-27	
      2706	1.14778e-26	
      2707	1.35642e-26	
      2708	1.60394e-26	
      2709	1.89774e-26	
      2710	2.24669e-26	
      2711	2.66286e-26	
      2712	3.15803e-26	
      2713	3.74757e-26	
      2714	4.44992e-26	
      2715	5.2872e-26	
      2716	6.28253e-26	
      2717	7.46998e-26	
      2718	8.88756e-26	
      2719	1.0581e-25	
      2720	1.26053e-25	
      2721	1.50186e-25	
      2722	1.79057e-25	
      2723	2.13622e-25	
      2724	2.55033e-25	
      2725	3.04763e-25	
      2726	3.64646e-25	
      2727	4.36721e-25	
      2728	5.23414e-25	
      2729	6.27765e-25	
      2730	7.53465e-25	
      2731	9.0399e-25	
      2732	1.08539e-24	
      2733	1.30415e-24	
      2734	1.56819e-24	
      2735	1.88713e-24	
      2736	2.27395e-24	
      2737	2.7422e-24	
      2738	3.30949e-24	
      2739	3.99732e-24	
      2740	4.83201e-24	
      2741	5.84907e-24	
      2742	7.08607e-24	
      2743	8.59186e-24	
      2744	1.04265e-23	
      2745	1.26637e-23	
      2746	1.53857e-23	
      2747	1.87091e-23	
      2748	2.27707e-23	
      2749	2.7739e-23	
      2750	3.38222e-23	
      2751	4.12541e-23	
      2752	5.03662e-23	
      2753	6.15493e-23	
      2754	7.52877e-23	
      2755	9.21823e-23	
      2756	1.1298e-22	
      2757	1.38607e-22	
      2758	1.70221e-22	
      2759	2.09261e-22	
      2760	2.57523e-22	
      2761	3.17436e-22	
      2762	3.91708e-22	
      2763	4.83887e-22	
      2764	5.9842e-22	
      2765	7.40897e-22	
      2766	9.18879e-22	
      2767	1.14094e-21	
      2768	1.41834e-21	
      2769	1.7653e-21	
      2770	2.19916e-21	
      2771	2.73985e-21	
      2772	3.41676e-21	
      2773	4.26633e-21	
      2774	5.33405e-21	
      2775	6.67778e-21	
      2776	8.37617e-21	
      2777	1.05209e-20	
      2778	1.32332e-20	
      2779	1.66682e-20	
      2780	2.10253e-20	
      2781	2.6576e-20	
      2782	3.36425e-20	
      2783	4.26531e-20	
      2784	5.41611e-20	
      2785	6.88832e-20	
      2786	8.77489e-20	
      2787	1.11966e-19	
      2788	1.43108e-19	
      2789	1.83225e-19	
      2790	2.35001e-19	
      2791	3.01766e-19	
      2792	3.88208e-19	
      2793	5.00348e-19	
      2794	6.46114e-19	
      2795	8.36233e-19	
      2796	1.08512e-18	
      2797	1.41141e-18	
      2798	1.83966e-18	
      2799	2.40303e-18	
      2800	3.14583e-18	
      2801	3.79589e-18	
      2802	4.58398e-18	
      2803	5.5402e-18	
      2804	6.70142e-18	
      2805	8.11534e-18	
      2806	9.84201e-18	
      2807	1.19501e-17	
      2808	1.45224e-17	
      2809	1.76643e-17	
      2810	2.15053e-17	
      2811	2.62055e-17	
      2812	3.19629e-17	
      2813	3.9022e-17	
      2814	4.76861e-17	
      2815	5.83308e-17	
      2816	7.13782e-17	
      2817	8.74321e-17	
      2818	1.07206e-16	
      2819	1.3159e-16	
      2820	1.6169e-16	
      2821	1.98764e-16	
      2822	2.44607e-16	
      2823	3.01357e-16	
      2824	3.71694e-16	
      2825	4.59118e-16	
      2826	5.68126e-16	
      2827	7.04079e-16	
      2828	8.73626e-16	
      2829	1.08535e-15	
      2830	1.35008e-15	
      2831	1.68048e-15	
      2832	2.09448e-15	
      2833	2.61397e-15	
      2834	3.26674e-15	
      2835	4.0882e-15	
      2836	5.12022e-15	
      2837	6.42203e-15	
      2838	8.06672e-15	
      2839	1.01479e-14	
      2840	1.27856e-14	
      2841	1.61447e-14	
      2842	2.04191e-14	
      2843	2.58677e-14	
      2844	3.28254e-14	
      2845	4.17264e-14	
      2846	5.31002e-14	
      2847	6.76963e-14	
      2848	8.64642e-14	
      2849	1.10645e-13	
      2850	1.41862e-13	
      2851	1.82251e-13	
      2852	2.34617e-13	
      2853	3.02665e-13	
      2854	3.91292e-13	
      2855	5.06994e-13	
      2856	6.58841e-13	
      2857	8.5818e-13	
      2858	1.12054e-12	
      2859	1.46675e-12	
      2860	1.92486e-12	
      2861	2.53276e-12	
      2862	3.34176e-12	
      2863	4.42163e-12	
      2864	5.86756e-12	
      2865	7.80988e-12	
      2866	1.04138e-11	
      2867	1.39309e-11	
      2868	1.86985e-11	
      2869	2.51853e-11	
      2870	3.40571e-11	
      2871	4.62594e-11	
      2872	6.31026e-11	
      2873	8.64323e-11	
      2874	1.18895e-10	
      2875	1.64342e-10	
      2876	2.28384e-10	
      2877	3.19058e-10	
      2878	4.48045e-10	
      2879	6.32616e-10	
      2880	8.98373e-10	
      2881	1.28181e-09	
      2882	1.84072e-09	
      2883	2.66149e-09	
      2884	3.87644e-09	
      2885	5.69023e-09	
      2886	8.42875e-09	
      2887	1.25985e-08	
      2888	1.90159e-08	
      2889	2.90095e-08	
      2890	4.47743e-08	
      2891	7.00016e-08	
      2892	1.11025e-07	
      2893	1.78959e-07	
      2894	2.9385e-07	
      2895	4.93039e-07	
      2896	8.4842e-07	
      2897	1.50834e-06	
      2898	2.80279e-06	
      2899	5.58868e-06	
      2900	1.37963e-05	
      2901	1.41585e-05	
      2902	1.45313e-05	
      2903	1.4915e-05	
      2904	1.53101e-05	
      2905	1.57169e-05	
      2906	1.61245e-05	
      2907	1.6544e-05	
      2908	1.69757e-05	
      2909	1.74201e-05	
      2910	1.78777e-05	
      2911	1.83358e-05	
      2912	1.88072e-05	
      2913	1.92923e-05	
      2914	1.97915e-05	
      2915	2.03053e-05	
      2916	2.08491e-05	
      2917	2.14092e-05	
      2918	2.19864e-05	
      2919	2.25811e-05	
      2920	2.3194e-05	
      2921	2.38257e-05	
      2922	2.44769e-05	
      2923	2.51482e-05	
      2924	2.58404e-05	
      2925	2.65541e-05	
      2926	2.72902e-05	
      2927	2.80495e-05	
      2928	2.88327e-05	
      2929	2.96407e-05	
      2930	3.04745e-05	
      2931	3.13122e-05	
      2932	3.21762e-05	
      2933	3.30673e-05	
      2934	3.39867e-05	
      2935	3.49353e-05	
      2936	3.59405e-05	
      2937	3.69787e-05	
      2938	3.80511e-05	
      2939	3.91591e-05	
      2940	4.03039e-05	
      2941	4.14563e-05	
      2942	4.26466e-05	
      2943	4.38761e-05	
      2944	4.51464e-05	
      2945	4.64763e-05	
      2946	4.7887e-05	
      2947	4.93652e-05	
      2948	5.08956e-05	
      2949	5.24803e-05	
      2950	5.41215e-05	
      2951	5.58215e-05	
      2952	5.75827e-05	
      2953	5.94077e-05	
      2954	6.12991e-05	
      2955	6.32598e-05	
      2956	6.52434e-05	
      2957	6.7299e-05	
      2958	6.94296e-05	
      2959	7.16383e-05	
      2960	7.39284e-05	
      2961	7.63615e-05	
      2962	7.88871e-05	
      2963	8.15093e-05	
      2964	8.42325e-05	
      2965	8.70612e-05	
      2966	8.99315e-05	
      2967	9.29124e-05	
      2968	9.60086e-05	
      2969	9.92256e-05	
      2970	0.000102569	
      2971	0.000106125	
      2972	0.000109826	
      2973	0.000113677	
      2974	0.000117687	
      2975	0.000121862	
      2976	0.000126113	
      2977	0.00013054	
      2978	0.000135151	
      2979	0.000139954	
      2980	0.00014496	
      2981	0.000150295	
      2982	0.000155863	
      2983	0.000161674	
      2984	0.000167743	
      2985	0.000174083	
      2986	0.000180568	
      2987	0.000187343	
      2988	0.000194424	
      2989	0.000201827	
      2990	0.000209571	
      2991	0.000217847	
      2992	0.000226517	
      2993	0.000235607	
      2994	0.00024514	
      2995	0.000255144	
      2996	0.000265649	
      2997	0.000276688	
      2998	0.000288297	
      2999	0.000300514	
      3000	0.000313385	
      3001	0.000313263	
      3002	0.00031314	
      3003	0.000313017	
      3004	0.000312893	
      3005	0.000312769	
      3006	0.000312893	
      3007	0.000313018	
      3008	0.000313144	
      3009	0.000313269	
      3010	0.000313394	
      3011	0.00031352	
      3012	0.000313646	
      3013	0.000313772	
      3014	0.000313898	
      3015	0.000314025	
      3016	0.000313899	
      3017	0.000313772	
      3018	0.000313646	
      3019	0.000313519	
      3020	0.000313391	
      3021	0.000313263	
      3022	0.000313135	
      3023	0.000313006	
      3024	0.000312877	
      3025	0.000312748	
      3026	0.000312874	
      3027	  0.000313	
      3028	0.000313126	
      3029	0.000313253	
      3030	0.000313379	
      3031	0.000313249	
      3032	0.000313119	
      3033	0.000312988	
      3034	0.000312857	
      3035	0.000312726	
      3036	0.000312335	
      3037	0.000311944	
      3038	0.000311551	
      3039	0.000311158	
      3040	0.000310893	
      3041	0.00031141	
      3042	0.000312057	
      3043	0.000312707	
      3044	0.000313358	
      3045	0.000314011	
      3046	0.000314404	
      3047	0.000314797	
      3048	0.000315192	
      3049	0.000315588	
      3050	0.000315985	
      3051	0.00031612	
      3052	0.000316255	
      3053	0.00031639	
      3054	0.000316526	
      3055	0.000316663	
      3056	 0.0003168	
      3057	0.000316937	
      3058	0.000317076	
      3059	0.000317214	
      3060	0.000317354	
      3061	0.00031696	
      3062	0.000316565	
      3063	0.00031617	
      3064	0.000315774	
      3065	0.000315511	
      3066	0.000315517	
      3067	0.000315658	
      3068	 0.0003158	
      3069	0.000315943	
      3070	0.000316086	
      3071	0.000316501	
      3072	0.000316918	
      3073	0.000317336	
      3074	0.000317756	
      3075	0.000318178	
      3076	0.000318057	
      3077	0.000317936	
      3078	0.000317816	
      3079	0.000317696	
      3080	0.000317577	
      3081	0.000317459	
      3082	0.000317341	
      3083	0.000317224	
      3084	0.000317108	
      3085	0.000316992	
      3086	0.000316878	
      3087	0.000316764	
      3088	0.000316652	
      3089	0.000316541	
      3090	0.000316431	
      3091	0.000316323	
      3092	0.000316216	
      3093	0.000316112	
      3094	0.000316008	
      3095	0.000315907	
      3096	0.000315808	
      3097	0.000315712	
      3098	0.000315618	
      3099	0.000315527	
      3100	0.000315439	
      3101	0.00031128	
      3102	0.000310439	
      3103	0.00031057	
      3104	0.00031123	
      3105	0.000312242	
      3106	0.000313232	
      3107	0.000314424	
      3108	0.000315783	
      3109	0.000317283	
      3110	0.000318906	
      3111	0.000320349	
      3112	0.000321888	
      3113	0.000323515	
      3114	0.000325222	
      3115	0.000327156	
      3116	0.000329467	
      3117	0.000332007	
      3118	0.000334623	
      3119	0.000337313	
      3120	0.000340076	
      3121	0.000342911	
      3122	0.000345816	
      3123	0.000348792	
      3124	0.000351837	
      3125	0.000354951	
      3126	0.000358134	
      3127	0.000361387	
      3128	0.000364709	
      3129	 0.0003681	
      3130	0.000371561	
      3131	0.000375092	
      3132	0.000378694	
      3133	0.000382367	
      3134	0.000386113	
      3135	0.000389931	
      3136	0.000393454	
      3137	0.000397044	
      3138	0.000400701	
      3139	0.000404426	
      3140	0.000408219	
      3141	0.000412472	
      3142	0.000416804	
      3143	0.000421218	
      3144	0.000425713	
      3145	0.000430291	
      3146	0.000434542	
      3147	0.00043887	
      3148	0.000443275	
      3149	0.00044776	
      3150	0.000452325	
      3151	0.000457411	
      3152	0.00046259	
      3153	0.000467866	
      3154	0.00047324	
      3155	0.000478714	
      3156	0.00048429	
      3157	0.00048997	
      3158	0.000495756	
      3159	0.000501652	
      3160	0.000507658	
      3161	0.000514274	
      3162	0.000521019	
      3163	0.000527896	
      3164	0.000534909	
      3165	0.000542059	
      3166	0.000548289	
      3167	0.000554634	
      3168	0.000561099	
      3169	0.000567685	
      3170	0.000574675	
      3171	0.000582367	
      3172	0.000590502	
      3173	0.000598803	
      3174	0.000607273	
      3175	0.000615918	
      3176	0.000623522	
      3177	0.000631275	
      3178	0.000639179	
      3179	0.000647239	
      3180	0.000655459	
      3181	0.000664498	
      3182	0.000673725	
      3183	0.000683144	
      3184	0.000692761	
      3185	0.000702581	
      3186	0.000713316	
      3187	0.000724287	
      3188	 0.0007355	
      3189	0.000746964	
      3190	0.000758685	
      3191	0.000769908	
      3192	0.000781378	
      3193	0.000793105	
      3194	0.000805094	
      3195	0.000817353	
      3196	0.000829066	
      3197	0.000841038	
      3198	0.000853279	
      3199	0.000865795	
      3200	0.000879038	
      3201	0.000873359	
      3202	0.00086817	
      3203	0.000863031	
      3204	0.000857939	
      3205	0.000852895	
      3206	0.000847046	
      3207	0.000841252	
      3208	0.000835513	
      3209	0.000829829	
      3210	0.000824197	
      3211	0.00081779	
      3212	0.000811445	
      3213	0.00080516	
      3214	0.000798934	
      3215	0.000792767	
      3216	0.000787461	
      3217	0.000782204	
      3218	0.000776994	
      3219	0.000771831	
      3220	0.000766713	
      3221	0.000761641	
      3222	0.000756613	
      3223	0.000751629	
      3224	0.000746689	
      3225	0.000741792	
      3226	0.000737697	
      3227	0.000733636	
      3228	0.000729608	
      3229	0.000725613	
      3230	0.000721649	
      3231	0.000716977	
      3232	0.000712345	
      3233	0.000707752	
      3234	0.000703196	
      3235	0.000698679	
      3236	0.000694199	
      3237	0.000689756	
      3238	0.00068535	
      3239	0.00068098	
      3240	0.000676645	
      3241	0.000672346	
      3242	0.000668081	
      3243	0.000663851	
      3244	0.000659655	
      3245	0.000655493	
      3246	0.000652047	
      3247	0.000648626	
      3248	0.000645231	
      3249	0.000641861	
      3250	0.000638515	
      3251	0.000633864	
      3252	0.000629251	
      3253	0.000624676	
      3254	0.000620138	
      3255	0.000615637	
      3256	0.000611821	
      3257	0.000608034	
      3258	0.000604276	
      3259	0.000600547	
      3260	0.000596846	
      3261	0.000593174	
      3262	0.000589529	
      3263	0.000585912	
      3264	0.000582323	
      3265	0.00057876	
      3266	0.000575224	
      3267	0.000571715	
      3268	0.000568232	
      3269	0.000564774	
      3270	0.000561343	
      3271	0.000557937	
      3272	0.000554556	
      3273	 0.0005512	
      3274	0.000547868	
      3275	0.000544562	
      3276	0.000541279	
      3277	0.00053802	
      3278	0.000534785	
      3279	0.000531573	
      3280	0.000528385	
      3281	0.00052522	
      3282	0.000522077	
      3283	0.000518957	
      3284	0.00051586	
      3285	0.000512784	
      3286	0.000510289	
      3287	0.000507809	
      3288	0.000505346	
      3289	0.000502899	
      3290	0.000500194	
      3291	0.000496419	
      3292	0.000492402	
      3293	0.000488416	
      3294	0.000484461	
      3295	0.000480803	
      3296	0.000477704	
      3297	0.000474892	
      3298	0.000472099	
      3299	0.000469326	
      3300	0.000466572	
      3301	0.00047348	
      3302	0.000480516	
      3303	0.000487683	
      3304	0.000494984	
      3305	0.000502422	
      3306	0.000508861	
      3307	0.000515408	
      3308	0.000522067	
      3309	0.00052884	
      3310	0.00053573	
      3311	0.000543354	
      3312	0.000551118	
      3313	0.000559027	
      3314	0.000567084	
      3315	0.000575292	
      3316	0.000582328	
      3317	0.00058948	
      3318	0.000596753	
      3319	0.000604148	
      3320	0.000612022	
      3321	0.000621473	
      3322	0.000631478	
      3323	0.000641689	
      3324	0.000652112	
      3325	0.000662752	
      3326	0.000672058	
      3327	0.000681541	
      3328	0.000691207	
      3329	0.00070106	
      3330	0.000711106	
      3331	0.000722193	
      3332	0.000733513	
      3333	0.000745069	
      3334	0.000756869	
      3335	0.000768921	
      3336	0.00078123	
      3337	0.000793805	
      3338	0.000806654	
      3339	0.000819783	
      3340	0.000833202	
      3341	0.000846919	
      3342	0.000860943	
      3343	0.000875283	
      3344	0.000889949	
      3345	0.000904951	
      3346	0.000919203	
      3347	0.000933772	
      3348	0.000948668	
      3349	0.000963901	
      3350	0.000979483	
      3351	0.000996627	
      3352	0.00101419	
      3353	0.00103218	
      3354	0.00105061	
      3355	0.00106951	
      3356	0.00108888	
      3357	0.00110875	
      3358	0.00112912	
      3359	0.00115003	
      3360	0.00117148	
      3361	 0.0011935	
      3362	0.00121611	
      3363	0.00123934	
      3364	0.00126319	
      3365	0.00128771	
      3366	0.00131291	
      3367	0.00133883	
      3368	0.00136549	
      3369	0.00139292	
      3370	0.00142116	
      3371	0.00145023	
      3372	0.00148018	
      3373	0.00151105	
      3374	0.00154287	
      3375	0.00157568	
      3376	0.00160954	
      3377	0.00164449	
      3378	0.00168059	
      3379	0.00171789	
      3380	0.00175644	
      3381	0.00179857	
      3382	 0.0018422	
      3383	0.00188741	
      3384	0.00193428	
      3385	0.00198292	
      3386	0.00203087	
      3387	0.00208065	
      3388	0.00213237	
      3389	0.00218616	
      3390	0.00224213	
      3391	0.00230043	
      3392	0.00236122	
      3393	0.00242466	
      3394	0.00249094	
      3395	0.00256026	
      3396	0.00262952	
      3397	 0.0027021	
      3398	0.00277828	
      3399	0.00285836	
      3400	0.00294456	
      3401	0.00296905	
      3402	0.00299574	
      3403	0.00302276	
      3404	0.00305012	
      3405	0.00307585	
      3406	0.00309399	
      3407	0.00311033	
      3408	0.00312684	
      3409	0.00314352	
      3410	0.00316241	
      3411	0.00318562	
      3412	0.00321119	
      3413	0.00323706	
      3414	0.00326327	
      3415	 0.0032898	
      3416	0.00331238	
      3417	0.00333524	
      3418	0.00335838	
      3419	 0.0033818	
      3420	 0.0034055	
      3421	 0.0034295	
      3422	 0.0034538	
      3423	0.00347841	
      3424	0.00350333	
      3425	0.00352856	
      3426	0.00355412	
      3427	0.00358002	
      3428	0.00360625	
      3429	0.00363283	
      3430	0.00365976	
      3431	0.00369191	
      3432	0.00372452	
      3433	0.00375759	
      3434	0.00379115	
      3435	0.00382518	
      3436	0.00385464	
      3437	0.00388451	
      3438	0.00391482	
      3439	0.00394555	
      3440	0.00397674	
      3441	0.00400839	
      3442	0.00404051	
      3443	0.00407311	
      3444	 0.0041062	
      3445	 0.0041398	
      3446	0.00417393	
      3447	0.00420858	
      3448	0.00424379	
      3449	0.00427956	
      3450	0.00431591	
      3451	 0.0043587	
      3452	0.00440223	
      3453	 0.0044465	
      3454	0.00449154	
      3455	0.00453738	
      3456	0.00457787	
      3457	0.00461909	
      3458	0.00466103	
      3459	0.00470374	
      3460	0.00474722	
      3461	  0.004798	
      3462	0.00484976	
      3463	0.00490251	
      3464	0.00495631	
      3465	0.00501118	
      3466	0.00506032	
      3467	0.00511046	
      3468	0.00516163	
      3469	0.00521387	
      3470	0.00526723	
      3471	0.00532174	
      3472	0.00537746	
      3473	0.00543443	
      3474	 0.0054927	
      3475	0.00555234	
      3476	 0.0056134	
      3477	0.00567595	
      3478	0.00574005	
      3479	0.00580578	
      3480	0.00587322	
      3481	0.00595066	
      3482	0.00603021	
      3483	0.00611198	
      3484	 0.0061961	
      3485	0.00628268	
      3486	 0.0063631	
      3487	0.00644604	
      3488	0.00653168	
      3489	0.00662019	
      3490	0.00671179	
      3491	 0.0068067	
      3492	0.00690519	
      3493	0.00700758	
      3494	 0.0071142	
      3495	0.00722549	
      3496	0.00734194	
      3497	0.00746414	
      3498	0.00759284	
      3499	  0.007729	
      3500	0.00787385	
      3501	0.00788074	
      3502	0.00788765	
      3503	0.00789459	
      3504	0.00790156	
      3505	0.00790855	
      3506	0.00790442	
      3507	0.00790029	
      3508	0.00789617	
      3509	0.00789206	
      3510	0.00788795	
      3511	0.00788385	
      3512	0.00787976	
      3513	0.00787567	
      3514	0.00787159	
      3515	0.00786752	
      3516	0.00786346	
      3517	 0.0078594	
      3518	0.00785535	
      3519	0.00785132	
      3520	0.00784729	
      3521	0.00785457	
      3522	0.00786188	
      3523	0.00786922	
      3524	 0.0078766	
      3525	  0.007884	
      3526	0.00788009	
      3527	0.00787618	
      3528	0.00787229	
      3529	0.00786841	
      3530	0.00786454	
      3531	0.00787209	
      3532	0.00787968	
      3533	0.00788731	
      3534	0.00789497	
      3535	0.00790266	
      3536	0.00789893	
      3537	0.00789522	
      3538	0.00789152	
      3539	0.00788784	
      3540	0.00788417	
      3541	0.00789205	
      3542	0.00789996	
      3543	0.00790792	
      3544	0.00791592	
      3545	0.00792396	
      3546	0.00792047	
      3547	  0.007917	
      3548	0.00791355	
      3549	0.00791013	
      3550	0.00790673	
      3551	0.00790335	
      3552	    0.0079	
      3553	0.00789667	
      3554	0.00789337	
      3555	 0.0078901	
      3556	0.00788686	
      3557	0.00788365	
      3558	0.00788047	
      3559	0.00787732	
      3560	 0.0078742	
      3561	0.00788289	
      3562	0.00789163	
      3563	0.00790044	
      3564	0.00790931	
      3565	0.00791825	
      3566	0.00791543	
      3567	0.00791265	
      3568	0.00790991	
      3569	0.00790723	
      3570	0.00790459	
      3571	  0.007902	
      3572	0.00789946	
      3573	0.00789698	
      3574	0.00789456	
      3575	 0.0078922	
      3576	0.00788989	
      3577	0.00788766	
      3578	0.00788549	
      3579	 0.0078834	
      3580	0.00788138	
      3581	0.00789149	
      3582	0.00790171	
      3583	0.00791205	
      3584	0.00792252	
      3585	0.00793311	
      3586	0.00793172	
      3587	0.00793043	
      3588	0.00792926	
      3589	0.00792822	
      3590	 0.0079273	
      3591	0.00792653	
      3592	0.00792591	
      3593	0.00792545	
      3594	0.00792516	
      3595	0.00792505	
      3596	0.00793746	
      3597	0.00795012	
      3598	0.00796306	
      3599	 0.0079763	
      3600	0.00798987	
      3601	0.00798227	
      3602	0.00797467	
      3603	0.00796706	
      3604	0.00795946	
      3605	0.00795184	
      3606	0.00794423	
      3607	0.00793661	
      3608	0.00792898	
      3609	0.00792136	
      3610	0.00791373	
      3611	0.00791856	
      3612	0.00792341	
      3613	0.00792827	
      3614	0.00793314	
      3615	0.00793802	
      3616	0.00793041	
      3617	0.00792279	
      3618	0.00791517	
      3619	0.00790755	
      3620	0.00789992	
      3621	0.00790484	
      3622	0.00790977	
      3623	0.00791472	
      3624	0.00791967	
      3625	0.00792464	
      3626	0.00791704	
      3627	0.00790943	
      3628	0.00790182	
      3629	0.00789421	
      3630	 0.0078866	
      3631	0.00789161	
      3632	0.00789664	
      3633	0.00790168	
      3634	0.00790673	
      3635	 0.0079118	
      3636	0.00790421	
      3637	0.00789663	
      3638	0.00788904	
      3639	0.00788145	
      3640	0.00787386	
      3641	0.00787898	
      3642	0.00788411	
      3643	0.00788926	
      3644	0.00789443	
      3645	0.00789961	
      3646	0.00789206	
      3647	 0.0078845	
      3648	0.00787695	
      3649	 0.0078694	
      3650	0.00786185	
      3651	 0.0078543	
      3652	0.00784675	
      3653	 0.0078392	
      3654	0.00783165	
      3655	 0.0078241	
      3656	0.00782939	
      3657	 0.0078347	
      3658	0.00784002	
      3659	0.00784537	
      3660	0.00785074	
      3661	0.00785613	
      3662	0.00786153	
      3663	0.00786696	
      3664	0.00787241	
      3665	0.00787788	
      3666	0.00785753	
      3667	0.00783717	
      3668	0.00781679	
      3669	0.00779639	
      3670	0.00778247	
      3671	0.00778151	
      3672	0.00778705	
      3673	0.00779262	
      3674	0.00779822	
      3675	0.00780384	
      3676	0.00779647	
      3677	0.00778911	
      3678	0.00778176	
      3679	0.00777442	
      3680	0.00776709	
      3681	0.00775977	
      3682	0.00775246	
      3683	0.00774516	
      3684	0.00773788	
      3685	0.00773061	
      3686	0.00773647	
      3687	0.00774236	
      3688	0.00774829	
      3689	0.00775425	
      3690	0.00776025	
      3691	0.00775313	
      3692	0.00774603	
      3693	0.00773896	
      3694	 0.0077319	
      3695	0.00772487	
      3696	0.00771786	
      3697	0.00771088	
      3698	0.00770393	
      3699	0.00769701	
      3700	0.00769012	
      3701	0.00769602	
      3702	0.00770195	
      3703	0.00770789	
      3704	0.00771385	
      3705	0.00771983	
      3706	0.00771252	
      3707	 0.0077052	
      3708	0.00769788	
      3709	0.00769057	
      3710	0.00768325	
      3711	0.00768931	
      3712	0.00769538	
      3713	0.00770148	
      3714	 0.0077076	
      3715	0.00771375	
      3716	0.00770648	
      3717	0.00769922	
      3718	0.00769196	
      3719	 0.0076847	
      3720	0.00767744	
      3721	0.00768366	
      3722	 0.0076899	
      3723	0.00769617	
      3724	0.00770245	
      3725	0.00770876	
      3726	0.00770156	
      3727	0.00769436	
      3728	0.00768715	
      3729	0.00767995	
      3730	0.00767275	
      3731	0.00767914	
      3732	0.00768556	
      3733	0.00769199	
      3734	0.00769845	
      3735	0.00770494	
      3736	0.00768415	
      3737	0.00766334	
      3738	0.00764251	
      3739	0.00762165	
      3740	0.00760763	
      3741	0.00760729	
      3742	0.00761383	
      3743	0.00762039	
      3744	0.00762698	
      3745	0.00763359	
      3746	0.00762647	
      3747	0.00761934	
      3748	0.00761221	
      3749	0.00760509	
      3750	0.00759797	
      3751	0.00760467	
      3752	0.00761141	
      3753	0.00761816	
      3754	0.00762495	
      3755	0.00763176	
      3756	0.00762471	
      3757	0.00761766	
      3758	0.00761062	
      3759	0.00760357	
      3760	0.00759653	
      3761	0.00760344	
      3762	0.00761038	
      3763	0.00761735	
      3764	0.00762435	
      3765	0.00763137	
      3766	0.00763843	
      3767	0.00764551	
      3768	0.00765262	
      3769	0.00765976	
      3770	0.00766694	
      3771	0.00766006	
      3772	0.00765318	
      3773	0.00764631	
      3774	0.00763945	
      3775	0.00763258	
      3776	0.00762572	
      3777	0.00761887	
      3778	0.00761202	
      3779	0.00760517	
      3780	0.00759833	
      3781	0.00760571	
      3782	0.00761313	
      3783	0.00762057	
      3784	0.00762805	
      3785	0.00763557	
      3786	0.00762883	
      3787	0.00762209	
      3788	0.00761537	
      3789	0.00760865	
      3790	0.00760193	
      3791	0.00760958	
      3792	0.00761727	
      3793	0.00762499	
      3794	0.00763275	
      3795	0.00764054	
      3796	0.00763395	
      3797	0.00762735	
      3798	0.00762077	
      3799	 0.0076142	
      3800	0.00760763	
      3801	  0.007556	
      3802	0.00751598	
      3803	0.00748272	
      3804	0.00745399	
      3805	 0.0074286	
      3806	0.00739168	
      3807	0.00735691	
      3808	0.00732393	
      3809	0.00729247	
      3810	0.00726232	
      3811	0.00724725	
      3812	0.00723314	
      3813	 0.0072199	
      3814	0.00720743	
      3815	0.00719568	
      3816	0.00717075	
      3817	0.00714645	
      3818	0.00712275	
      3819	0.00709959	
      3820	0.00707695	
      3821	0.00706851	
      3822	0.00706049	
      3823	0.00705286	
      3824	0.00704561	
      3825	0.00703871	
      3826	0.00703216	
      3827	0.00702593	
      3828	0.00702001	
      3829	0.00701439	
      3830	0.00700906	
      3831	 0.0069904	
      3832	0.00697203	
      3833	0.00695393	
      3834	 0.0069361	
      3835	0.00691853	
      3836	0.00691476	
      3837	0.00691122	
      3838	0.00690791	
      3839	0.00690481	
      3840	0.00690193	
      3841	0.00688572	
      3842	0.00686973	
      3843	0.00685395	
      3844	0.00683837	
      3845	  0.006823	
      3846	0.00682133	
      3847	0.00681984	
      3848	0.00681855	
      3849	0.00681743	
      3850	 0.0068165	
      3851	0.00680226	
      3852	0.00678819	
      3853	0.00677431	
      3854	 0.0067606	
      3855	0.00674707	
      3856	0.00674046	
      3857	0.00673403	
      3858	0.00672102	
      3859	0.00671494	
      3860	0.00670903	
      3861	0.00670329	
      3862	0.00670448	
      3863	 0.0066991	
      3864	0.00670064	
      3865	0.00669561	
      3866	  0.006684	
      3867	0.00667933	
      3868	0.00666808	
      3869	0.00666377	
      3870	0.00665287	
      3871	0.00665571	
      3872	0.00665874	
      3873	0.00666197	
      3874	0.00666541	
      3875	0.00666905	
      3876	0.00665934	
      3877	0.00665662	
      3878	0.00664732	
      3879	0.00664503	
      3880	0.00663617	
      3881	0.00663434	
      3882	0.00663276	
      3883	0.00663143	
      3884	0.00663035	
      3885	0.00662954	
      3886	0.00663586	
      3887	0.00664248	
      3888	0.00665627	
      3889	0.00666356	
      3890	0.00667119	
      3891	0.00666544	
      3892	0.00666005	
      3893	0.00666193	
      3894	0.00665733	
      3895	0.00665316	
      3896	0.00666331	
      3897	0.00666707	
      3898	0.00667834	
      3899	0.00668329	
      3900	 0.0066959	
      3901	0.00670676	
      3902	0.00671769	
      3903	0.00672167	
      3904	0.00673271	
      3905	0.00674382	
      3906	0.00674796	
      3907	0.00674508	
      3908	 0.0067493	
      3909	0.00674648	
      3910	0.00675078	
      3911	0.00676222	
      3912	0.00676663	
      3913	0.00677821	
      3914	0.00678273	
      3915	0.00679445	
      3916	0.00679192	
      3917	0.00678942	
      3918	0.00679414	
      3919	0.00679172	
      3920	0.00678932	
      3921	0.00680141	
      3922	0.00681359	
      3923	 0.0068186	
      3924	0.00683094	
      3925	0.00684337	
      3926	 0.0068413	
      3927	0.00684658	
      3928	0.00684461	
      3929	0.00685001	
      3930	0.00684813	
      3931	0.00686102	
      3932	0.00686664	
      3933	0.00687972	
      3934	 0.0068855	
      3935	0.00689878	
      3936	0.00690473	
      3937	0.00690332	
      3938	0.00690943	
      3939	0.00690814	
      3940	0.00691441	
      3941	0.00692077	
      3942	0.00693474	
      3943	 0.0069413	
      3944	0.00695551	
      3945	0.00696228	
      3946	0.00696158	
      3947	0.00696094	
      3948	  0.006968	
      3949	0.00696754	
      3950	0.00696716	
      3951	0.00697453	
      3952	0.00698971	
      3953	0.00699734	
      3954	0.00701282	
      3955	0.00702073	
      3956	0.00702878	
      3957	0.00703697	
      3958	0.00703752	
      3959	0.00704599	
      3960	0.00705462	
      3961	0.00707125	
      3962	0.00708808	
      3963	0.00709724	
      3964	0.00711448	
      3965	0.00713195	
      3966	0.00713378	
      3967	0.00714372	
      3968	 0.0071459	
      3969	0.00715626	
      3970	0.00715882	
      3971	0.00717766	
      3972	0.00718872	
      3973	0.00720813	
      3974	0.00721975	
      3975	0.00723977	
      3976	  0.007252	
      3977	0.00725636	
      3978	0.00726921	
      3979	0.00727419	
      3980	0.00728773	
      3981	0.00730166	
      3982	  0.007316	
      3983	 0.0073391	
      3984	0.00735439	
      3985	0.00737017	
      3986	 0.0073949	
      3987	0.00741183	
      3988	0.00743785	
      3989	0.00745613	
      3990	0.00748367	
      3991	0.00749498	
      3992	0.00751571	
      3993	0.00752881	
      3994	0.00755162	
      3995	0.00756698	
      3996	0.00760118	
      3997	0.00762833	
      3998	0.00766627	
      3999	0.00769778	
      4000	0.00774111	
