280	3.24276E-5
281	5.987254E-5
282	8.731748E-5
283	1.1476242E-4
284	1.4220736E-4
285	1.696523E-4
286	1.9709724E-4
287	2.2454218E-4
288	2.5198712E-4
289	2.7943206E-4
290	3.06877E-4
291	2.76189579042E-4
292	2.45502158084E-4
293	2.14814737126E-4
294	1.84127316168E-4
295	1.5343989521E-4
296	1.22752474252E-4
297	9.2065053294E-5
298	6.1377632336E-5
299	3.0690211378E-5
300	2.79042E-9
301	5.998781378E-6
302	1.1994772336E-5
303	1.7990763294E-5
304	2.3986754252E-5
305	2.998274521E-5
306	3.5978736168E-5
307	4.1974727126E-5
308	4.7970718084E-5
309	5.3966709042E-5
310	5.99627E-5
311	1.7696643E-4
312	2.9397016E-4
313	4.1097389E-4
314	5.2797762E-4
315	6.4498135E-4
316	7.6198508E-4
317	8.7898881E-4
318	9.9599254E-4
319	0.00111299627
320	0.00123
321	0.001695
322	0.00216
323	0.002625
324	0.00309
325	0.003555
326	0.00402
327	0.004485
328	0.00495
329	0.005415
330	0.00588
331	0.006251
332	0.006622
333	0.006993
334	0.007364
335	0.007735
336	0.008106
337	0.008477
338	0.008848
339	0.009219
340	0.00959
341	0.010087
342	0.010584
343	0.011081
344	0.011578
345	0.012075
346	0.012572
347	0.013069
348	0.013566
349	0.014063
350	0.01456
351	0.015021
352	0.015482
353	0.015943
354	0.016404
355	0.016865
356	0.017326
357	0.017787
358	0.018248
359	0.018709
360	0.01917
361	0.020139
362	0.021108
363	0.022077
364	0.023046
365	0.024015
366	0.024984
367	0.025953
368	0.026922
369	0.027891
370	0.02886
371	0.029349
372	0.029838
373	0.030327
374	0.030816
375	0.031305
376	0.031794
377	0.032283
378	0.032772
379	0.033261
380	0.03375
381	0.034342
382	0.034934
383	0.035526
384	0.036118
385	0.03671
386	0.037302
387	0.037894
388	0.038486
389	0.039078
390	0.03967
391	0.042335
392	0.045
393	0.047665
394	0.05033
395	0.052995
396	0.05566
397	0.058325
398	0.06099
399	0.063655
400	0.06632
401	0.068403
402	0.070486
403	0.072569
404	0.074652
405	0.076735
406	0.078818
407	0.080901
408	0.082984
409	0.085067
410	0.08715
411	0.088534
412	0.089918
413	0.091302
414	0.092686
415	0.09407
416	0.095454
417	0.096838
418	0.098222
419	0.099606
420	0.10099
421	0.101046
422	0.101102
423	0.101158
424	0.101214
425	0.10127
426	0.101326
427	0.101382
428	0.101438
429	0.101494
430	0.10155
431	0.104531
432	0.107512
433	0.110493
434	0.113474
435	0.116455
436	0.119436
437	0.122417
438	0.125398
439	0.128379
440	0.13136
441	0.133854
442	0.136348
443	0.138842
444	0.141336
445	0.14383
446	0.146324
447	0.148818
448	0.151312
449	0.153806
450	0.1563
451	0.157983
452	0.159666
453	0.161349
454	0.163032
455	0.164715
456	0.166398
457	0.168081
458	0.169764
459	0.171447
460	0.17313
461	0.173996
462	0.174862
463	0.175728
464	0.176594
465	0.17746
466	0.178326
467	0.179192
468	0.180058
469	0.180924
470	0.18179
471	0.183317
472	0.184844
473	0.186371
474	0.187898
475	0.189425
476	0.190952
477	0.192479
478	0.194006
479	0.195533
480	0.19706
481	0.196574
482	0.196088
483	0.195602
484	0.195116
485	0.19463
486	0.194144
487	0.193658
488	0.193172
489	0.192686
490	0.1922
491	0.193336
492	0.194472
493	0.195608
494	0.196744
495	0.19788
496	0.199016
497	0.200152
498	0.201288
499	0.202424
500	0.20356
501	0.20443
502	0.2053
503	0.20617
504	0.20704
505	0.20791
506	0.20878
507	0.20965
508	0.21052
509	0.21139
510	0.21226
511	0.211804
512	0.211348
513	0.210892
514	0.210436
515	0.20998
516	0.209524
517	0.209068
518	0.208612
519	0.208156
520	0.2077
521	0.208845
522	0.20999
523	0.211135
524	0.21228
525	0.213425
526	0.21457
527	0.215715
528	0.21686
529	0.218005
530	0.21915
531	0.21954
532	0.21993
533	0.22032
534	0.22071
535	0.2211
536	0.22149
537	0.22188
538	0.22227
539	0.22266
540	0.22305
541	0.223609
542	0.224168
543	0.224727
544	0.225286
545	0.225845
546	0.226404
547	0.226963
548	0.227522
549	0.228081
550	0.22864
551	0.228476
552	0.228312
553	0.228148
554	0.227984
555	0.22782
556	0.227656
557	0.227492
558	0.227328
559	0.227164
560	0.227
561	0.22721
562	0.22742
563	0.22763
564	0.22784
565	0.22805
566	0.22826
567	0.22847
568	0.22868
569	0.22889
570	0.2291
571	0.229255
572	0.22941
573	0.229565
574	0.22972
575	0.229875
576	0.23003
577	0.230185
578	0.23034
579	0.230495
580	0.23065
581	0.230258
582	0.229866
583	0.229474
584	0.229082
585	0.22869
586	0.228298
587	0.227906
588	0.227514
589	0.227122
590	0.22673
591	0.227293
592	0.227856
593	0.228419
594	0.228982
595	0.229545
596	0.230108
597	0.230671
598	0.231234
599	0.231797
600	0.23236
601	0.232936
602	0.233512
603	0.234088
604	0.234664
605	0.23524
606	0.235816
607	0.236392
608	0.236968
609	0.237544
610	0.23812
611	0.238451
612	0.238782
613	0.239113
614	0.239444
615	0.239775
616	0.240106
617	0.240437
618	0.240768
619	0.241099
620	0.24143
621	0.241976
622	0.242522
623	0.243068
624	0.243614
625	0.24416
626	0.244706
627	0.245252
628	0.245798
629	0.246344
630	0.24689
631	0.247202
632	0.247514
633	0.247826
634	0.248138
635	0.24845
636	0.248762
637	0.249074
638	0.249386
639	0.249698
640	0.25001
641	0.250004
642	0.249998
643	0.249992
644	0.249986
645	0.24998
646	0.249974
647	0.249968
648	0.249962
649	0.249956
650	0.24995
651	0.250038
652	0.250126
653	0.250214
654	0.250302
655	0.25039
656	0.250478
657	0.250566
658	0.250654
659	0.250742
660	0.25083
661	0.251797
662	0.252764
663	0.253731
664	0.254698
665	0.255665
666	0.256632
667	0.257599
668	0.258566
669	0.259533
670	0.2605
671	0.258386
672	0.256272
673	0.254158
674	0.252044
675	0.24993
676	0.247816
677	0.245702
678	0.243588
679	0.241474
680	0.23936
681	0.238013
682	0.236666
683	0.235319
684	0.233972
685	0.232625
686	0.231278
687	0.229931
688	0.228584
689	0.227237
690	0.22589
691	0.226567
692	0.227244
693	0.227921
694	0.228598
695	0.229275
696	0.229952
697	0.230629
698	0.231306
699	0.231983
700	0.23266
701	0.234557
702	0.236454
703	0.238351
704	0.240248
705	0.242145
706	0.244042
707	0.245939
708	0.247836
709	0.249733
710	0.25163
711	0.246424
712	0.241218
713	0.236012
714	0.230806
715	0.2256
716	0.220394
717	0.215188
718	0.209982
719	0.204776
720	0.19957
721	0.199992
722	0.200414
723	0.200836
724	0.201258
725	0.20168
726	0.202102
727	0.202524
728	0.202946
729	0.203368
730	0.20379
731	0.207184
732	0.210578
733	0.213972
734	0.217366
735	0.22076
736	0.224154
737	0.227548
738	0.230942
739	0.234336
740	0.23773
741	0.238289
742	0.238848
743	0.239407
744	0.239966
745	0.240525
746	0.241084
747	0.241643
748	0.242202
749	0.242761
750	0.24332
751	0.243455
752	0.24359
753	0.243725
754	0.24386
755	0.243995
756	0.24413
757	0.244265
758	0.2444
759	0.244535
760	0.24467
761	0.240353
762	0.236036
763	0.231719
764	0.227402
765	0.223085
766	0.218768
767	0.214451
768	0.210134
769	0.205817
770	0.2015
771	0.205191
772	0.208882
773	0.212573
774	0.216264
775	0.219955
776	0.223646
777	0.227337
778	0.231028
779	0.234719
780	0.23841
781	0.237628
782	0.236846
783	0.236064
784	0.235282
785	0.2345
786	0.233718
787	0.232936
788	0.232154
789	0.231372
790	0.23059
791	0.229979
792	0.229368
793	0.228757
794	0.228146
795	0.227535
796	0.226924
797	0.226313
798	0.225702
799	0.225091
800	0.22448
801	0.221449
802	0.218418
803	0.215387
804	0.212356
805	0.209325
806	0.206294
807	0.203263
808	0.200232
809	0.197201
810	0.19417
811	0.192487
812	0.190804
813	0.189121
814	0.187438
815	0.185755
816	0.184072
817	0.182389
818	0.180706
819	0.179023
820	0.17734
821	0.178132
822	0.178924
823	0.179716
824	0.180508
825	0.1813
826	0.182092
827	0.182884
828	0.183676
829	0.184468
830	0.18526
831	0.18718
832	0.1891
833	0.19102
834	0.19294
835	0.19486
836	0.19678
837	0.1987
838	0.20062
839	0.20254
840	0.20446
841	0.203718
842	0.202976
843	0.202234
844	0.201492
845	0.20075
846	0.200008
847	0.199266
848	0.198524
849	0.197782
850	0.19704
851	0.198251
852	0.199462
853	0.200673
854	0.201884
855	0.203095
856	0.204306
857	0.205517
858	0.206728
859	0.207939
860	0.20915
861	0.208209
862	0.207268
863	0.206327
864	0.205386
865	0.204445
866	0.203504
867	0.202563
868	0.201622
869	0.200681
870	0.19974
871	0.199766
872	0.199792
873	0.199818
874	0.199844
875	0.19987
876	0.199896
877	0.199922
878	0.199948
879	0.199974
880	0.2
881	0.195077
882	0.190154
883	0.185231
884	0.180308
885	0.175385
886	0.170462
887	0.165539
888	0.160616
889	0.155693
890	0.15077
891	0.148769
892	0.146768
893	0.144767
894	0.142766
895	0.140765
896	0.138764
897	0.136763
898	0.134762
899	0.132761
900	0.13076
901	0.130387
902	0.130014
903	0.129641
904	0.129268
905	0.128895
906	0.128522
907	0.128149
908	0.127776
909	0.127403
910	0.12703
911	0.127269
912	0.127508
913	0.127747
914	0.127986
915	0.128225
916	0.128464
917	0.128703
918	0.128942
919	0.129181
920	0.12942
921	0.123687
922	0.117954
923	0.112221
924	0.106488
925	0.100755
926	0.095022
927	0.089289
928	0.083556
929	0.077823
930	0.07209
931	0.069489
932	0.066888
933	0.064287
934	0.061686
935	0.059085
936	0.056484
937	0.053883
938	0.051282
939	0.048681
940	0.04608
941	0.046925
942	0.04777
943	0.048615
944	0.04946
945	0.050305
946	0.05115
947	0.051995
948	0.05284
949	0.053685
950	0.05453
951	0.057616
952	0.060702
953	0.063788
954	0.066874
955	0.06996
956	0.073046
957	0.076132
958	0.079218
959	0.082304
960	0.08539
961	0.089693
962	0.093996
963	0.098299
964	0.102602
965	0.106905
966	0.111208
967	0.115511
968	0.119814
969	0.124117
970	0.12842
971	0.129626
972	0.130832
973	0.132038
974	0.133244
975	0.13445
976	0.135656
977	0.136862
978	0.138068
979	0.139274
980	0.14048
981	0.141618
982	0.142756
983	0.143894
984	0.145032
985	0.14617
986	0.147308
987	0.148446
988	0.149584
989	0.150722
990	0.15186
991	0.152457
992	0.153054
993	0.153651
994	0.154248
995	0.154845
996	0.155442
997	0.156039
998	0.156636
999	0.157233
1000	0.15783
1001	0.157603
1002	0.157376
1003	0.157149
1004	0.156922
1005	0.156695
1006	0.156468
1007	0.156241
1008	0.156014
1009	0.155787
1010	0.15556
1011	0.155286
1012	0.155012
1013	0.154738
1014	0.154464
1015	0.15419
1016	0.153916
1017	0.153642
1018	0.153368
1019	0.153094
1020	0.15282
1021	0.15272
1022	0.15262
1023	0.15252
1024	0.15242
1025	0.15232
1026	0.15222
1027	0.15212
1028	0.15202
1029	0.15192
1030	0.15182
1031	0.15177
1032	0.15172
1033	0.15167
1034	0.15162
1035	0.15157
1036	0.15152
1037	0.15147
1038	0.15142
1039	0.15137
1040	0.15132
1041	0.15101
1042	0.1507
1043	0.15039
1044	0.15008
1045	0.14977
1046	0.14946
1047	0.14915
1048	0.14884
1049	0.14853
1050	0.14822
1051	0.147917
1052	0.147614
1053	0.147311
1054	0.147008
1055	0.146705
1056	0.146402
1057	0.146099
1058	0.145796
1059	0.145493
1060	0.14519
1061	0.144793
1062	0.144396
1063	0.143999
1064	0.143602
1065	0.143205
1066	0.142808
1067	0.142411
1068	0.142014
1069	0.141617
1070	0.14122
1071	0.138952
1072	0.136684
1073	0.134416
1074	0.132148
1075	0.12988
1076	0.127612
1077	0.125344
1078	0.123076
1079	0.120808
1080	0.11854
1081	0.117396
1082	0.116252
1083	0.115108
1084	0.113964
1085	0.11282
1086	0.111676
1087	0.110532
1088	0.109388
1089	0.108244
1090	0.1071
1091	0.106371
1092	0.105642
1093	0.104913
1094	0.104184
1095	0.103455
1096	0.102726
1097	0.101997
1098	0.101268
1099	0.100539
1100	0.09981
1101	0.092888
1102	0.085966
1103	0.079044
1104	0.072122
1105	0.0652
1106	0.058278
1107	0.051356
1108	0.044434
1109	0.037512
1110	0.03059
1111	0.0291
1112	0.02761
1113	0.02612
1114	0.02463
1115	0.02314
1116	0.02165
1117	0.02016
1118	0.01867
1119	0.01718
1120	0.01569
1121	0.016688
1122	0.017686
1123	0.018684
1124	0.019682
1125	0.02068
1126	0.021678
1127	0.022676
1128	0.023674
1129	0.024672
1130	0.02567
1131	0.025515
1132	0.02536
1133	0.025205
1134	0.02505
1135	0.024895
1136	0.02474
1137	0.024585
1138	0.02443
1139	0.024275
1140	0.02412
1141	0.024778
1142	0.025436
1143	0.026094
1144	0.026752
1145	0.02741
1146	0.028068
1147	0.028726
1148	0.029384
1149	0.030042
1150	0.0307
1151	0.033938
1152	0.037176
1153	0.040414
1154	0.043652
1155	0.04689
1156	0.050128
1157	0.053366
1158	0.056604
1159	0.059842
1160	0.06308
1161	0.065101
1162	0.067122
1163	0.069143
1164	0.071164
1165	0.073185
1166	0.075206
1167	0.077227
1168	0.079248
1169	0.081269
1170	0.08329
1171	0.083452
1172	0.083614
1173	0.083776
1174	0.083938
1175	0.0841
1176	0.084262
1177	0.084424
1178	0.084586
1179	0.084748
1180	0.08491
1181	0.085266
1182	0.085622
1183	0.085978
1184	0.086334
1185	0.08669
1186	0.087046
1187	0.087402
1188	0.087758
1189	0.088114
1190	0.08847
1191	0.088781
1192	0.089092
1193	0.089403
1194	0.089714
1195	0.090025
1196	0.090336
1197	0.090647
1198	0.090958
1199	0.091269
1200	0.09158
1201	0.091506
1202	0.091432
1203	0.091358
1204	0.091284
1205	0.09121
1206	0.091136
1207	0.091062
1208	0.090988
1209	0.090914
1210	0.09084
1211	0.090965
1212	0.09109
1213	0.091215
1214	0.09134
1215	0.091465
1216	0.09159
1217	0.091715
1218	0.09184
1219	0.091965
1220	0.09209
1221	0.092253
1222	0.092416
1223	0.092579
1224	0.092742
1225	0.092905
1226	0.093068
1227	0.093231
1228	0.093394
1229	0.093557
1230	0.09372
1231	0.094429
1232	0.095138
1233	0.095847
1234	0.096556
1235	0.097265
1236	0.097974
1237	0.098683
1238	0.099392
1239	0.100101
1240	0.10081
1241	0.100237
1242	0.099664
1243	0.099091
1244	0.098518
1245	0.097945
1246	0.097372
1247	0.096799
1248	0.096226
1249	0.095653
1250	0.09508
1251	0.094592
1252	0.094104
1253	0.093616
1254	0.093128
1255	0.09264
1256	0.092152
1257	0.091664
1258	0.091176
1259	0.090688
1260	0.0902
1261	0.089813
1262	0.089426
1263	0.089039
1264	0.088652
1265	0.088265
1266	0.087878
1267	0.087491
1268	0.087104
1269	0.086717
1270	0.08633
1271	0.086294
1272	0.086258
1273	0.086222
1274	0.086186
1275	0.08615
1276	0.086114
1277	0.086078
1278	0.086042
1279	0.086006
1280	0.08597
1281	0.086559
1282	0.087148
1283	0.087737
1284	0.088326
1285	0.088915
1286	0.089504
1287	0.090093
1288	0.090682
1289	0.091271
1290	0.09186
1291	0.090495
1292	0.08913
1293	0.087765
1294	0.0864
1295	0.085035
1296	0.08367
1297	0.082305
1298	0.08094
1299	0.079575
1300	0.07821
1301	0.077529
1302	0.076848
1303	0.076167
1304	0.075486
1305	0.074805
1306	0.074124
1307	0.073443
1308	0.072762
1309	0.072081
1310	0.0714
1311	0.070937
1312	0.070474
1313	0.070011
1314	0.069548
1315	0.069085
1316	0.068622
1317	0.068159
1318	0.067696
1319	0.067233
1320	0.06677
1321	0.061922
1322	0.057074
1323	0.052226
1324	0.047378
1325	0.04253
1326	0.037682
1327	0.032834
1328	0.027986
1329	0.023138
1330	0.01829
1331	0.017347
1332	0.016404
1333	0.015461
1334	0.014518
1335	0.013575
1336	0.012632
1337	0.011689
1338	0.010746
1339	0.009803
1340	0.00886
1341	0.008472
1342	0.008084
1343	0.007696
1344	0.007308
1345	0.00692
1346	0.006532
1347	0.006144
1348	0.005756
1349	0.005368
1350	0.00498
1351	0.004629
1352	0.004278
1353	0.003927
1354	0.003576
1355	0.003225
1356	0.002874
1357	0.002523
1358	0.002172
1359	0.001821
1360	0.00147
1361	0.0013781878
1362	0.0012863756
1363	0.0011945634
1364	0.0011027512
1365	0.001010939
1366	9.191268E-4
1367	8.273146E-4
1368	7.355024E-4
1369	6.436902E-4
1370	5.51878E-4
1371	5.20325E-4
1372	4.88772E-4
1373	4.57219E-4
1374	4.25666E-4
1375	3.94113E-4
1376	3.6256E-4
1377	3.31007E-4
1378	2.99454E-4
1379	2.67901E-4
1380	2.36348E-4
1381	2.237854E-4
1382	2.112228E-4
1383	1.986602E-4
1384	1.860976E-4
1385	1.73535E-4
1386	1.609724E-4
1387	1.484098E-4
1388	1.358472E-4
1389	1.232846E-4
1390	1.10722E-4
1391	1.102126E-4
1392	1.097032E-4
1393	1.091938E-4
1394	1.086844E-4
1395	1.08175E-4
1396	1.076656E-4
1397	1.071562E-4
1398	1.066468E-4
1399	1.061374E-4
1400	1.05628E-4
1401	1.159666E-4
1402	1.263052E-4
1403	1.366438E-4
1404	1.469824E-4
1405	1.57321E-4
1406	1.676596E-4
1407	1.779982E-4
1408	1.883368E-4
1409	1.986754E-4
1410	2.09014E-4
1411	2.333558E-4
1412	2.576976E-4
1413	2.820394E-4
1414	3.063812E-4
1415	3.30723E-4
1416	3.550648E-4
1417	3.794066E-4
1418	4.037484E-4
1419	4.280902E-4
1420	4.52432E-4
1421	5.171888E-4
1422	5.819456E-4
1423	6.467024E-4
1424	7.114592E-4
1425	7.76216E-4
1426	8.409728E-4
1427	9.057296E-4
1428	9.704864E-4
1429	0.0010352432
1430	0.0011
1431	0.001318
1432	0.001536
1433	0.001754
1434	0.001972
1435	0.00219
1436	0.002408
1437	0.002626
1438	0.002844
1439	0.003062
1440	0.00328
1441	0.003593
1442	0.003906
1443	0.004219
1444	0.004532
1445	0.004845
1446	0.005158
1447	0.005471
1448	0.005784
1449	0.006097
1450	0.00641
1451	0.00686
1452	0.00731
1453	0.00776
1454	0.00821
1455	0.00866
1456	0.00911
1457	0.00956
1458	0.01001
1459	0.01046
1460	0.01091
1461	0.011084
1462	0.011258
1463	0.011432
1464	0.011606
1465	0.01178
1466	0.011954
1467	0.012128
1468	0.012302
1469	0.012476
1470	0.01265
1471	0.012813
1472	0.012976
1473	0.013139
1474	0.013302
1475	0.013465
1476	0.013628
1477	0.013791
1478	0.013954
1479	0.014117
1480	0.01428
1481	0.015167
1482	0.016054
1483	0.016941
1484	0.017828
1485	0.018715
1486	0.019602
1487	0.020489
1488	0.021376
1489	0.022263
1490	0.02315
1491	0.024796
1492	0.026442
1493	0.028088
1494	0.029734
1495	0.03138
1496	0.033026
1497	0.034672
1498	0.036318
1499	0.037964
1500	0.03961
1501	0.04033
1502	0.04105
1503	0.04177
1504	0.04249
1505	0.04321
1506	0.04393
1507	0.04465
1508	0.04537
1509	0.04609
1510	0.04681
1511	0.048606
1512	0.050402
1513	0.052198
1514	0.053994
1515	0.05579
1516	0.057586
1517	0.059382
1518	0.061178
1519	0.062974
1520	0.06477
1521	0.064734
1522	0.064698
1523	0.064662
1524	0.064626
1525	0.06459
1526	0.064554
1527	0.064518
1528	0.064482
1529	0.064446
1530	0.06441
1531	0.064422
1532	0.064434
1533	0.064446
1534	0.064458
1535	0.06447
1536	0.064482
1537	0.064494
1538	0.064506
1539	0.064518
1540	0.06453
1541	0.064091
1542	0.063652
1543	0.063213
1544	0.062774
1545	0.062335
1546	0.061896
1547	0.061457
1548	0.061018
1549	0.060579
1550	0.06014
1551	0.059911
1552	0.059682
1553	0.059453
1554	0.059224
1555	0.058995
1556	0.058766
1557	0.058537
1558	0.058308
1559	0.058079
1560	0.05785
1561	0.057905
1562	0.05796
1563	0.058015
1564	0.05807
1565	0.058125
1566	0.05818
1567	0.058235
1568	0.05829
1569	0.058345
1570	0.0584
1571	0.0584
1572	0.0584
1573	0.0584
1574	0.0584
1575	0.0584
1576	0.0584
1577	0.0584
1578	0.0584
1579	0.0584
1580	0.0584
1581	0.058207
1582	0.058014
1583	0.057821
1584	0.057628
1585	0.057435
1586	0.057242
1587	0.057049
1588	0.056856
1589	0.056663
1590	0.05647
1591	0.056343
1592	0.056216
1593	0.056089
1594	0.055962
1595	0.055835
1596	0.055708
1597	0.055581
1598	0.055454
1599	0.055327
1600	0.0552
1601	0.054971
1602	0.054742
1603	0.054513
1604	0.054284
1605	0.054055
1606	0.053826
1607	0.053597
1608	0.053368
1609	0.053139
1610	0.05291
1611	0.05297
1612	0.05303
1613	0.05309
1614	0.05315
1615	0.05321
1616	0.05327
1617	0.05333
1618	0.05339
1619	0.05345
1620	0.05351
1621	0.053902
1622	0.054294
1623	0.054686
1624	0.055078
1625	0.05547
1626	0.055862
1627	0.056254
1628	0.056646
1629	0.057038
1630	0.05743
1631	0.057134
1632	0.056838
1633	0.056542
1634	0.056246
1635	0.05595
1636	0.055654
1637	0.055358
1638	0.055062
1639	0.054766
1640	0.05447
1641	0.054435
1642	0.0544
1643	0.054365
1644	0.05433
1645	0.054295
1646	0.05426
1647	0.054225
1648	0.05419
1649	0.054155
1650	0.05412
1651	0.054043
1652	0.053966
1653	0.053889
1654	0.053812
1655	0.053735
1656	0.053658
1657	0.053581
1658	0.053504
1659	0.053427
1660	0.05335
1661	0.053202
1662	0.053054
1663	0.052906
1664	0.052758
1665	0.05261
1666	0.052462
1667	0.052314
1668	0.052166
1669	0.052018
1670	0.05187
1671	0.051614
1672	0.051358
1673	0.051102
1674	0.050846
1675	0.05059
1676	0.050334
1677	0.050078
1678	0.049822
1679	0.049566
1680	0.04931
1681	0.049154
1682	0.048998
1683	0.048842
1684	0.048686
1685	0.04853
1686	0.048374
1687	0.048218
1688	0.048062
1689	0.047906
1690	0.04775
1691	0.047551
1692	0.047352
1693	0.047153
1694	0.046954
1695	0.046755
1696	0.046556
1697	0.046357
1698	0.046158
1699	0.045959
1700	0.04576
1701	0.045546
1702	0.045332
1703	0.045118
1704	0.044904
1705	0.04469
1706	0.044476
1707	0.044262
1708	0.044048
1709	0.043834
1710	0.04362
1711	0.043498
1712	0.043376
1713	0.043254
1714	0.043132
1715	0.04301
1716	0.042888
1717	0.042766
1718	0.042644
1719	0.042522
1720	0.0424
1721	0.042178
1722	0.041956
1723	0.041734
1724	0.041512
1725	0.04129
1726	0.041068
1727	0.040846
1728	0.040624
1729	0.040402
1730	0.04018
1731	0.040036
1732	0.039892
1733	0.039748
1734	0.039604
1735	0.03946
1736	0.039316
1737	0.039172
1738	0.039028
1739	0.038884
1740	0.03874
1741	0.036767
1742	0.034794
1743	0.032821
1744	0.030848
1745	0.028875
1746	0.026902
1747	0.024929
1748	0.022956
1749	0.020983
1750	0.01901
1751	0.018384
1752	0.017758
1753	0.017132
1754	0.016506
1755	0.01588
1756	0.015254
1757	0.014628
1758	0.014002
1759	0.013376
1760	0.01275
1761	0.012398
1762	0.012046
1763	0.011694
1764	0.011342
1765	0.01099
1766	0.010638
1767	0.010286
1768	0.009934
1769	0.009582
1770	0.00923
1771	0.009002
1772	0.008774
1773	0.008546
1774	0.008318
1775	0.00809
1776	0.007862
1777	0.007634
1778	0.007406
1779	0.007178
1780	0.00695
1781	0.006798
1782	0.006646
1783	0.006494
1784	0.006342
1785	0.00619
1786	0.006038
1787	0.005886
1788	0.005734
1789	0.005582
1790	0.00543
1791	0.005315
1792	0.0052
1793	0.005085
1794	0.00497
1795	0.004855
1796	0.00474
1797	0.004625
1798	0.00451
1799	0.004395
1800	0.00428
1801	0.003984
1802	0.003688
1803	0.003392
1804	0.003096
1805	0.0028
1806	0.002504
1807	0.002208
1808	0.001912
1809	0.001616
1810	0.00132
1811	0.0012396381
1812	0.0011592762
1813	0.0010789143
1814	9.985524E-4
1815	9.181905E-4
1816	8.378286E-4
1817	7.574667E-4
1818	6.771048E-4
1819	5.967429E-4
1820	5.16381E-4
1821	4.887814E-4
1822	4.611818E-4
1823	4.335822E-4
1824	4.059826E-4
1825	3.78383E-4
1826	3.507834E-4
1827	3.231838E-4
1828	2.955842E-4
1829	2.679846E-4
1830	2.40385E-4
1831	2.282024E-4
1832	2.160198E-4
1833	2.038372E-4
1834	1.916546E-4
1835	1.79472E-4
1836	1.672894E-4
1837	1.551068E-4
1838	1.429242E-4
1839	1.307416E-4
1840	1.18559E-4
1841	1.1294095E-4
1842	1.073229E-4
1843	1.0170485E-4
1844	9.60868E-5
1845	9.046875E-5
1846	8.48507E-5
1847	7.923265E-5
1848	7.36146E-5
1849	6.799655E-5
1850	6.23785E-5
1851	5.956953E-5
1852	5.676056E-5
1853	5.395159E-5
1854	5.114262E-5
1855	4.833365E-5
1856	4.552468E-5
1857	4.271571E-5
1858	3.990674E-5
1859	3.709777E-5
1860	3.42888E-5
1861	3.540902E-5
1862	3.652924E-5
1863	3.764946E-5
1864	3.876968E-5
1865	3.98899E-5
1866	4.101012E-5
1867	4.213034E-5
1868	4.325056E-5
1869	4.437078E-5
1870	4.5491E-5
1871	4.733926E-5
1872	4.918752E-5
1873	5.103578E-5
1874	5.288404E-5
1875	5.47323E-5
1876	5.658056E-5
1877	5.842882E-5
1878	6.027708E-5
1879	6.212534E-5
1880	6.39736E-5
1881	6.657146E-5
1882	6.916932E-5
1883	7.176718E-5
1884	7.436504E-5
1885	7.69629E-5
1886	7.956076E-5
1887	8.215862E-5
1888	8.475648E-5
1889	8.735434E-5
1890	8.99522E-5
1891	9.385888E-5
1892	9.776556E-5
1893	1.0167224E-4
1894	1.0557892E-4
1895	1.094856E-4
1896	1.1339228E-4
1897	1.1729896E-4
1898	1.2120564E-4
1899	1.2511232E-4
1900	1.29019E-4
1901	1.349909E-4
1902	1.409628E-4
1903	1.469347E-4
1904	1.529066E-4
1905	1.588785E-4
1906	1.648504E-4
1907	1.708223E-4
1908	1.767942E-4
1909	1.827661E-4
1910	1.88738E-4
1911	1.981533E-4
1912	2.075686E-4
1913	2.169839E-4
1914	2.263992E-4
1915	2.358145E-4
1916	2.452298E-4
1917	2.546451E-4
1918	2.640604E-4
1919	2.734757E-4
1920	2.82891E-4
1921	2.883564E-4
1922	2.938218E-4
1923	2.992872E-4
1924	3.047526E-4
1925	3.10218E-4
1926	3.156834E-4
1927	3.211488E-4
1928	3.266142E-4
1929	3.320796E-4
1930	3.37545E-4
1931	3.552063E-4
1932	3.728676E-4
1933	3.905289E-4
1934	4.081902E-4
1935	4.258515E-4
1936	4.435128E-4
1937	4.611741E-4
1938	4.788354E-4
1939	4.964967E-4
1940	5.14158E-4
1941	5.532282E-4
1942	5.922984E-4
1943	6.313686E-4
1944	6.704388E-4
1945	7.09509E-4
1946	7.485792E-4
1947	7.876494E-4
1948	8.267196E-4
1949	8.657898E-4
1950	9.0486E-4
1951	0.001017374
1952	0.001129888
1953	0.001242402
1954	0.001354916
1955	0.00146743
1956	0.001579944
1957	0.001692458
1958	0.001804972
1959	0.001917486
1960	0.00203
1961	0.002203
1962	0.002376
1963	0.002549
1964	0.002722
1965	0.002895
1966	0.003068
1967	0.003241
1968	0.003414
1969	0.003587
1970	0.00376
1971	0.004256
1972	0.004752
1973	0.005248
1974	0.005744
1975	0.00624
1976	0.006736
1977	0.007232
1978	0.007728
1979	0.008224
1980	0.00872
1981	0.008746
1982	0.008772
1983	0.008798
1984	0.008824
1985	0.00885
1986	0.008876
1987	0.008902
1988	0.008928
1989	0.008954
1990	0.00898
1991	0.008532
1992	0.008084
1993	0.007636
1994	0.007188
1995	0.00674
1996	0.006292
1997	0.005844
1998	0.005396
1999	0.004948
2000	0.0045
