280	1.4802E-6
281	3.34615E-6
282	5.2121E-6
283	7.07805E-6
284	8.944E-6
285	1.080995E-5
286	1.26759E-5
287	1.454185E-5
288	1.64078E-5
289	1.827375E-5
290	2.01397E-5
291	1.8125730331086E-5
292	1.6111760662172E-5
293	1.4097790993258E-5
294	1.2083821324344E-5
295	1.006985165543E-5
296	8.055881986516E-6
297	6.041912317602E-6
298	4.027942648688E-6
299	2.013972979774E-6
300	3.31086E-12
301	2.13476979774E-7
302	4.26950648688E-7
303	6.40424317602E-7
304	8.53897986516E-7
305	1.06737165543E-6
306	1.280845324344E-6
307	1.494318993258E-6
308	1.707792662172E-6
309	1.921266331086E-6
310	2.13474E-6
311	1.4176566E-5
312	2.6218392E-5
313	3.8260218E-5
314	5.0302044E-5
315	6.234387E-5
316	7.4385696E-5
317	8.6427522E-5
318	9.8469348E-5
319	1.10511174E-4
320	1.22553E-4
321	2.030111E-4
322	2.834692E-4
323	3.639273E-4
324	4.443854E-4
325	5.248435E-4
326	6.053016E-4
327	6.857597E-4
328	7.662178E-4
329	8.466759E-4
330	9.27134E-4
331	0.0010204206
332	0.0011137072
333	0.0012069938
334	0.0013002804
335	0.001393567
336	0.0014868536
337	0.0015801402
338	0.0016734268
339	0.0017667134
340	0.00186
341	0.002
342	0.00214
343	0.00228
344	0.00242
345	0.00256
346	0.0027
347	0.00284
348	0.00298
349	0.00312
350	0.00326
351	0.003416
352	0.003572
353	0.003728
354	0.003884
355	0.00404
356	0.004196
357	0.004352
358	0.004508
359	0.004664
360	0.00482
361	0.005139
362	0.005458
363	0.005777
364	0.006096
365	0.006415
366	0.006734
367	0.007053
368	0.007372
369	0.007691
370	0.00801
371	0.00823
372	0.00845
373	0.00867
374	0.00889
375	0.00911
376	0.00933
377	0.00955
378	0.00977
379	0.00999
380	0.01021
381	0.010483
382	0.010756
383	0.011029
384	0.011302
385	0.011575
386	0.011848
387	0.012121
388	0.012394
389	0.012667
390	0.01294
391	0.013957
392	0.014974
393	0.015991
394	0.017008
395	0.018025
396	0.019042
397	0.020059
398	0.021076
399	0.022093
400	0.02311
401	0.024017
402	0.024924
403	0.025831
404	0.026738
405	0.027645
406	0.028552
407	0.029459
408	0.030366
409	0.031273
410	0.03218
411	0.032888
412	0.033596
413	0.034304
414	0.035012
415	0.03572
416	0.036428
417	0.037136
418	0.037844
419	0.038552
420	0.03926
421	0.039466
422	0.039672
423	0.039878
424	0.040084
425	0.04029
426	0.040496
427	0.040702
428	0.040908
429	0.041114
430	0.04132
431	0.042756
432	0.044192
433	0.045628
434	0.047064
435	0.0485
436	0.049936
437	0.051372
438	0.052808
439	0.054244
440	0.05568
441	0.056974
442	0.058268
443	0.059562
444	0.060856
445	0.06215
446	0.063444
447	0.064738
448	0.066032
449	0.067326
450	0.06862
451	0.069602
452	0.070584
453	0.071566
454	0.072548
455	0.07353
456	0.074512
457	0.075494
458	0.076476
459	0.077458
460	0.07844
461	0.079067
462	0.079694
463	0.080321
464	0.080948
465	0.081575
466	0.082202
467	0.082829
468	0.083456
469	0.084083
470	0.08471
471	0.085648
472	0.086586
473	0.087524
474	0.088462
475	0.0894
476	0.090338
477	0.091276
478	0.092214
479	0.093152
480	0.09409
481	0.094053
482	0.094016
483	0.093979
484	0.093942
485	0.093905
486	0.093868
487	0.093831
488	0.093794
489	0.093757
490	0.09372
491	0.094453
492	0.095186
493	0.095919
494	0.096652
495	0.097385
496	0.098118
497	0.098851
498	0.099584
499	0.100317
500	0.10105
501	0.101651
502	0.102252
503	0.102853
504	0.103454
505	0.104055
506	0.104656
507	0.105257
508	0.105858
509	0.106459
510	0.10706
511	0.106989
512	0.106918
513	0.106847
514	0.106776
515	0.106705
516	0.106634
517	0.106563
518	0.106492
519	0.106421
520	0.10635
521	0.107053
522	0.107756
523	0.108459
524	0.109162
525	0.109865
526	0.110568
527	0.111271
528	0.111974
529	0.112677
530	0.11338
531	0.113702
532	0.114024
533	0.114346
534	0.114668
535	0.11499
536	0.115312
537	0.115634
538	0.115956
539	0.116278
540	0.1166
541	0.11701
542	0.11742
543	0.11783
544	0.11824
545	0.11865
546	0.11906
547	0.11947
548	0.11988
549	0.12029
550	0.1207
551	0.12068
552	0.12066
553	0.12064
554	0.12062
555	0.1206
556	0.12058
557	0.12056
558	0.12054
559	0.12052
560	0.1205
561	0.120667
562	0.120834
563	0.121001
564	0.121168
565	0.121335
566	0.121502
567	0.121669
568	0.121836
569	0.122003
570	0.12217
571	0.122329
572	0.122488
573	0.122647
574	0.122806
575	0.122965
576	0.123124
577	0.123283
578	0.123442
579	0.123601
580	0.12376
581	0.12365
582	0.12354
583	0.12343
584	0.12332
585	0.12321
586	0.1231
587	0.12299
588	0.12288
589	0.12277
590	0.12266
591	0.123101
592	0.123542
593	0.123983
594	0.124424
595	0.124865
596	0.125306
597	0.125747
598	0.126188
599	0.126629
600	0.12707
601	0.127576
602	0.128082
603	0.128588
604	0.129094
605	0.1296
606	0.130106
607	0.130612
608	0.131118
609	0.131624
610	0.13213
611	0.132513
612	0.132896
613	0.133279
614	0.133662
615	0.134045
616	0.134428
617	0.134811
618	0.135194
619	0.135577
620	0.13596
621	0.136465
622	0.13697
623	0.137475
624	0.13798
625	0.138485
626	0.13899
627	0.139495
628	0.14
629	0.140505
630	0.14101
631	0.141351
632	0.141692
633	0.142033
634	0.142374
635	0.142715
636	0.143056
637	0.143397
638	0.143738
639	0.144079
640	0.14442
641	0.144574
642	0.144728
643	0.144882
644	0.145036
645	0.14519
646	0.145344
647	0.145498
648	0.145652
649	0.145806
650	0.14596
651	0.146272
652	0.146584
653	0.146896
654	0.147208
655	0.14752
656	0.147832
657	0.148144
658	0.148456
659	0.148768
660	0.14908
661	0.149867
662	0.150654
663	0.151441
664	0.152228
665	0.153015
666	0.153802
667	0.154589
668	0.155376
669	0.156163
670	0.15695
671	0.155517
672	0.154084
673	0.152651
674	0.151218
675	0.149785
676	0.148352
677	0.146919
678	0.145486
679	0.144053
680	0.14262
681	0.141723
682	0.140826
683	0.139929
684	0.139032
685	0.138135
686	0.137238
687	0.136341
688	0.135444
689	0.134547
690	0.13365
691	0.134258
692	0.134866
693	0.135474
694	0.136082
695	0.13669
696	0.137298
697	0.137906
698	0.138514
699	0.139122
700	0.13973
701	0.141235
702	0.14274
703	0.144245
704	0.14575
705	0.147255
706	0.14876
707	0.150265
708	0.15177
709	0.153275
710	0.15478
711	0.151122
712	0.147464
713	0.143806
714	0.140148
715	0.13649
716	0.132832
717	0.129174
718	0.125516
719	0.121858
720	0.1182
721	0.118578
722	0.118956
723	0.119334
724	0.119712
725	0.12009
726	0.120468
727	0.120846
728	0.121224
729	0.121602
730	0.12198
731	0.124577
732	0.127174
733	0.129771
734	0.132368
735	0.134965
736	0.137562
737	0.140159
738	0.142756
739	0.145353
740	0.14795
741	0.148425
742	0.1489
743	0.149375
744	0.14985
745	0.150325
746	0.1508
747	0.151275
748	0.15175
749	0.152225
750	0.1527
751	0.152897
752	0.153094
753	0.153291
754	0.153488
755	0.153685
756	0.153882
757	0.154079
758	0.154276
759	0.154473
760	0.15467
761	0.15156
762	0.14845
763	0.14534
764	0.14223
765	0.13912
766	0.13601
767	0.1329
768	0.12979
769	0.12668
770	0.12357
771	0.12642
772	0.12927
773	0.13212
774	0.13497
775	0.13782
776	0.14067
777	0.14352
778	0.14637
779	0.14922
780	0.15207
781	0.151564
782	0.151058
783	0.150552
784	0.150046
785	0.14954
786	0.149034
787	0.148528
788	0.148022
789	0.147516
790	0.14701
791	0.146638
792	0.146266
793	0.145894
794	0.145522
795	0.14515
796	0.144778
797	0.144406
798	0.144034
799	0.143662
800	0.14329
801	0.14106
802	0.13883
803	0.1366
804	0.13437
805	0.13214
806	0.12991
807	0.12768
808	0.12545
809	0.12322
810	0.12099
811	0.119819
812	0.118648
813	0.117477
814	0.116306
815	0.115135
816	0.113964
817	0.112793
818	0.111622
819	0.110451
820	0.10928
821	0.109931
822	0.110582
823	0.111233
824	0.111884
825	0.112535
826	0.113186
827	0.113837
828	0.114488
829	0.115139
830	0.11579
831	0.117311
832	0.118832
833	0.120353
834	0.121874
835	0.123395
836	0.124916
837	0.126437
838	0.127958
839	0.129479
840	0.131
841	0.130598
842	0.130196
843	0.129794
844	0.129392
845	0.12899
846	0.128588
847	0.128186
848	0.127784
849	0.127382
850	0.12698
851	0.127898
852	0.128816
853	0.129734
854	0.130652
855	0.13157
856	0.132488
857	0.133406
858	0.134324
859	0.135242
860	0.13616
861	0.135566
862	0.134972
863	0.134378
864	0.133784
865	0.13319
866	0.132596
867	0.132002
868	0.131408
869	0.130814
870	0.13022
871	0.130257
872	0.130294
873	0.130331
874	0.130368
875	0.130405
876	0.130442
877	0.130479
878	0.130516
879	0.130553
880	0.13059
881	0.126865
882	0.12314
883	0.119415
884	0.11569
885	0.111965
886	0.10824
887	0.104515
888	0.10079
889	0.097065
890	0.09334
891	0.091908
892	0.090476
893	0.089044
894	0.087612
895	0.08618
896	0.084748
897	0.083316
898	0.081884
899	0.080452
900	0.07902
901	0.078783
902	0.078546
903	0.078309
904	0.078072
905	0.077835
906	0.077598
907	0.077361
908	0.077124
909	0.076887
910	0.07665
911	0.076871
912	0.077092
913	0.077313
914	0.077534
915	0.077755
916	0.077976
917	0.078197
918	0.078418
919	0.078639
920	0.07886
921	0.074885
922	0.07091
923	0.066935
924	0.06296
925	0.058985
926	0.05501
927	0.051035
928	0.04706
929	0.043085
930	0.03911
931	0.037497
932	0.035884
933	0.034271
934	0.032658
935	0.031045
936	0.029432
937	0.027819
938	0.026206
939	0.024593
940	0.02298
941	0.023511
942	0.024042
943	0.024573
944	0.025104
945	0.025635
946	0.026166
947	0.026697
948	0.027228
949	0.027759
950	0.02829
951	0.030345
952	0.0324
953	0.034455
954	0.03651
955	0.038565
956	0.04062
957	0.042675
958	0.04473
959	0.046785
960	0.04884
961	0.051976
962	0.055112
963	0.058248
964	0.061384
965	0.06452
966	0.067656
967	0.070792
968	0.073928
969	0.077064
970	0.0802
971	0.081146
972	0.082092
973	0.083038
974	0.083984
975	0.08493
976	0.085876
977	0.086822
978	0.087768
979	0.088714
980	0.08966
981	0.090582
982	0.091504
983	0.092426
984	0.093348
985	0.09427
986	0.095192
987	0.096114
988	0.097036
989	0.097958
990	0.09888
991	0.099409
992	0.099938
993	0.100467
994	0.100996
995	0.101525
996	0.102054
997	0.102583
998	0.103112
999	0.103641
1000	0.10417
1001	0.104045
1002	0.10392
1003	0.103795
1004	0.10367
1005	0.103545
1006	0.10342
1007	0.103295
1008	0.10317
1009	0.103045
1010	0.10292
1011	0.102764
1012	0.102608
1013	0.102452
1014	0.102296
1015	0.10214
1016	0.101984
1017	0.101828
1018	0.101672
1019	0.101516
1020	0.10136
1021	0.101323
1022	0.101286
1023	0.101249
1024	0.101212
1025	0.101175
1026	0.101138
1027	0.101101
1028	0.101064
1029	0.101027
1030	0.10099
1031	0.101009
1032	0.101028
1033	0.101047
1034	0.101066
1035	0.101085
1036	0.101104
1037	0.101123
1038	0.101142
1039	0.101161
1040	0.10118
1041	0.100981
1042	0.100782
1043	0.100583
1044	0.100384
1045	0.100185
1046	0.099986
1047	0.099787
1048	0.099588
1049	0.099389
1050	0.09919
1051	0.098996
1052	0.098802
1053	0.098608
1054	0.098414
1055	0.09822
1056	0.098026
1057	0.097832
1058	0.097638
1059	0.097444
1060	0.09725
1061	0.096992
1062	0.096734
1063	0.096476
1064	0.096218
1065	0.09596
1066	0.095702
1067	0.095444
1068	0.095186
1069	0.094928
1070	0.09467
1071	0.092902
1072	0.091134
1073	0.089366
1074	0.087598
1075	0.08583
1076	0.084062
1077	0.082294
1078	0.080526
1079	0.078758
1080	0.07699
1081	0.076148
1082	0.075306
1083	0.074464
1084	0.073622
1085	0.07278
1086	0.071938
1087	0.071096
1088	0.070254
1089	0.069412
1090	0.06857
1091	0.068032
1092	0.067494
1093	0.066956
1094	0.066418
1095	0.06588
1096	0.065342
1097	0.064804
1098	0.064266
1099	0.063728
1100	0.06319
1101	0.058396
1102	0.053602
1103	0.048808
1104	0.044014
1105	0.03922
1106	0.034426
1107	0.029632
1108	0.024838
1109	0.020044
1110	0.01525
1111	0.014411
1112	0.013572
1113	0.012733
1114	0.011894
1115	0.011055
1116	0.010216
1117	0.009377
1118	0.008538
1119	0.007699
1120	0.00686
1121	0.007419
1122	0.007978
1123	0.008537
1124	0.009096
1125	0.009655
1126	0.010214
1127	0.010773
1128	0.011332
1129	0.011891
1130	0.01245
1131	0.012366
1132	0.012282
1133	0.012198
1134	0.012114
1135	0.01203
1136	0.011946
1137	0.011862
1138	0.011778
1139	0.011694
1140	0.01161
1141	0.012004
1142	0.012398
1143	0.012792
1144	0.013186
1145	0.01358
1146	0.013974
1147	0.014368
1148	0.014762
1149	0.015156
1150	0.01555
1151	0.017715
1152	0.01988
1153	0.022045
1154	0.02421
1155	0.026375
1156	0.02854
1157	0.030705
1158	0.03287
1159	0.035035
1160	0.0372
1161	0.038694
1162	0.040188
1163	0.041682
1164	0.043176
1165	0.04467
1166	0.046164
1167	0.047658
1168	0.049152
1169	0.050646
1170	0.05214
1171	0.052293
1172	0.052446
1173	0.052599
1174	0.052752
1175	0.052905
1176	0.053058
1177	0.053211
1178	0.053364
1179	0.053517
1180	0.05367
1181	0.053955
1182	0.05424
1183	0.054525
1184	0.05481
1185	0.055095
1186	0.05538
1187	0.055665
1188	0.05595
1189	0.056235
1190	0.05652
1191	0.056791
1192	0.057062
1193	0.057333
1194	0.057604
1195	0.057875
1196	0.058146
1197	0.058417
1198	0.058688
1199	0.058959
1200	0.05923
1201	0.059188
1202	0.059146
1203	0.059104
1204	0.059062
1205	0.05902
1206	0.058978
1207	0.058936
1208	0.058894
1209	0.058852
1210	0.05881
1211	0.058925
1212	0.05904
1213	0.059155
1214	0.05927
1215	0.059385
1216	0.0595
1217	0.059615
1218	0.05973
1219	0.059845
1220	0.05996
1221	0.060117
1222	0.060274
1223	0.060431
1224	0.060588
1225	0.060745
1226	0.060902
1227	0.061059
1228	0.061216
1229	0.061373
1230	0.06153
1231	0.062128
1232	0.062726
1233	0.063324
1234	0.063922
1235	0.06452
1236	0.065118
1237	0.065716
1238	0.066314
1239	0.066912
1240	0.06751
1241	0.067069
1242	0.066628
1243	0.066187
1244	0.065746
1245	0.065305
1246	0.064864
1247	0.064423
1248	0.063982
1249	0.063541
1250	0.0631
1251	0.062738
1252	0.062376
1253	0.062014
1254	0.061652
1255	0.06129
1256	0.060928
1257	0.060566
1258	0.060204
1259	0.059842
1260	0.05948
1261	0.059194
1262	0.058908
1263	0.058622
1264	0.058336
1265	0.05805
1266	0.057764
1267	0.057478
1268	0.057192
1269	0.056906
1270	0.05662
1271	0.056627
1272	0.056634
1273	0.056641
1274	0.056648
1275	0.056655
1276	0.056662
1277	0.056669
1278	0.056676
1279	0.056683
1280	0.05669
1281	0.057171
1282	0.057652
1283	0.058133
1284	0.058614
1285	0.059095
1286	0.059576
1287	0.060057
1288	0.060538
1289	0.061019
1290	0.0615
1291	0.060446
1292	0.059392
1293	0.058338
1294	0.057284
1295	0.05623
1296	0.055176
1297	0.054122
1298	0.053068
1299	0.052014
1300	0.05096
1301	0.050451
1302	0.049942
1303	0.049433
1304	0.048924
1305	0.048415
1306	0.047906
1307	0.047397
1308	0.046888
1309	0.046379
1310	0.04587
1311	0.045537
1312	0.045204
1313	0.044871
1314	0.044538
1315	0.044205
1316	0.043872
1317	0.043539
1318	0.043206
1319	0.042873
1320	0.04254
1321	0.039185
1322	0.03583
1323	0.032475
1324	0.02912
1325	0.025765
1326	0.02241
1327	0.019055
1328	0.0157
1329	0.012345
1330	0.00899
1331	0.008469
1332	0.007948
1333	0.007427
1334	0.006906
1335	0.006385
1336	0.005864
1337	0.005343
1338	0.004822
1339	0.004301
1340	0.00378
1341	0.003591
1342	0.003402
1343	0.003213
1344	0.003024
1345	0.002835
1346	0.002646
1347	0.002457
1348	0.002268
1349	0.002079
1350	0.00189
1351	0.0017445993
1352	0.0015991986
1353	0.0014537979
1354	0.0013083972
1355	0.0011629965
1356	0.0010175958
1357	8.721951E-4
1358	7.267944E-4
1359	5.813937E-4
1360	4.35993E-4
1361	4.058808E-4
1362	3.757686E-4
1363	3.456564E-4
1364	3.155442E-4
1365	2.85432E-4
1366	2.553198E-4
1367	2.252076E-4
1368	1.950954E-4
1369	1.649832E-4
1370	1.34871E-4
1371	1.2626051E-4
1372	1.1765002E-4
1373	1.0903953E-4
1374	1.0042904E-4
1375	9.181855E-5
1376	8.320806E-5
1377	7.459757E-5
1378	6.598708E-5
1379	5.737659E-5
1380	4.87661E-5
1381	4.585281E-5
1382	4.293952E-5
1383	4.002623E-5
1384	3.711294E-5
1385	3.419965E-5
1386	3.128636E-5
1387	2.837307E-5
1388	2.545978E-5
1389	2.254649E-5
1390	1.96332E-5
1391	1.953133E-5
1392	1.942946E-5
1393	1.932759E-5
1394	1.922572E-5
1395	1.912385E-5
1396	1.902198E-5
1397	1.892011E-5
1398	1.881824E-5
1399	1.871637E-5
1400	1.86145E-5
1401	2.100426E-5
1402	2.339402E-5
1403	2.578378E-5
1404	2.817354E-5
1405	3.05633E-5
1406	3.295306E-5
1407	3.534282E-5
1408	3.773258E-5
1409	4.012234E-5
1410	4.25121E-5
1411	4.906539E-5
1412	5.561868E-5
1413	6.217197E-5
1414	6.872526E-5
1415	7.527855E-5
1416	8.183184E-5
1417	8.838513E-5
1418	9.493842E-5
1419	1.0149171E-4
1420	1.08045E-4
1421	1.287433E-4
1422	1.494416E-4
1423	1.701399E-4
1424	1.908382E-4
1425	2.115365E-4
1426	2.322348E-4
1427	2.529331E-4
1428	2.736314E-4
1429	2.943297E-4
1430	3.15028E-4
1431	4.015252E-4
1432	4.880224E-4
1433	5.745196E-4
1434	6.610168E-4
1435	7.47514E-4
1436	8.340112E-4
1437	9.205084E-4
1438	0.0010070056
1439	0.0010935028
1440	0.00118
1441	0.001328
1442	0.001476
1443	0.001624
1444	0.001772
1445	0.00192
1446	0.002068
1447	0.002216
1448	0.002364
1449	0.002512
1450	0.00266
1451	0.0029
1452	0.00314
1453	0.00338
1454	0.00362
1455	0.00386
1456	0.0041
1457	0.00434
1458	0.00458
1459	0.00482
1460	0.00506
1461	0.00516
1462	0.00526
1463	0.00536
1464	0.00546
1465	0.00556
1466	0.00566
1467	0.00576
1468	0.00586
1469	0.00596
1470	0.00606
1471	0.006157
1472	0.006254
1473	0.006351
1474	0.006448
1475	0.006545
1476	0.006642
1477	0.006739
1478	0.006836
1479	0.006933
1480	0.00703
1481	0.007591
1482	0.008152
1483	0.008713
1484	0.009274
1485	0.009835
1486	0.010396
1487	0.010957
1488	0.011518
1489	0.012079
1490	0.01264
1491	0.013799
1492	0.014958
1493	0.016117
1494	0.017276
1495	0.018435
1496	0.019594
1497	0.020753
1498	0.021912
1499	0.023071
1500	0.02423
1501	0.024777
1502	0.025324
1503	0.025871
1504	0.026418
1505	0.026965
1506	0.027512
1507	0.028059
1508	0.028606
1509	0.029153
1510	0.0297
1511	0.031133
1512	0.032566
1513	0.033999
1514	0.035432
1515	0.036865
1516	0.038298
1517	0.039731
1518	0.041164
1519	0.042597
1520	0.04403
1521	0.044011
1522	0.043992
1523	0.043973
1524	0.043954
1525	0.043935
1526	0.043916
1527	0.043897
1528	0.043878
1529	0.043859
1530	0.04384
1531	0.043866
1532	0.043892
1533	0.043918
1534	0.043944
1535	0.04397
1536	0.043996
1537	0.044022
1538	0.044048
1539	0.044074
1540	0.0441
1541	0.043758
1542	0.043416
1543	0.043074
1544	0.042732
1545	0.04239
1546	0.042048
1547	0.041706
1548	0.041364
1549	0.041022
1550	0.04068
1551	0.040509
1552	0.040338
1553	0.040167
1554	0.039996
1555	0.039825
1556	0.039654
1557	0.039483
1558	0.039312
1559	0.039141
1560	0.03897
1561	0.039028
1562	0.039086
1563	0.039144
1564	0.039202
1565	0.03926
1566	0.039318
1567	0.039376
1568	0.039434
1569	0.039492
1570	0.03955
1571	0.03957
1572	0.03959
1573	0.03961
1574	0.03963
1575	0.03965
1576	0.03967
1577	0.03969
1578	0.03971
1579	0.03973
1580	0.03975
1581	0.039612
1582	0.039474
1583	0.039336
1584	0.039198
1585	0.03906
1586	0.038922
1587	0.038784
1588	0.038646
1589	0.038508
1590	0.03837
1591	0.038268
1592	0.038166
1593	0.038064
1594	0.037962
1595	0.03786
1596	0.037758
1597	0.037656
1598	0.037554
1599	0.037452
1600	0.03735
1601	0.037182
1602	0.037014
1603	0.036846
1604	0.036678
1605	0.03651
1606	0.036342
1607	0.036174
1608	0.036006
1609	0.035838
1610	0.03567
1611	0.035737
1612	0.035804
1613	0.035871
1614	0.035938
1615	0.036005
1616	0.036072
1617	0.036139
1618	0.036206
1619	0.036273
1620	0.03634
1621	0.036662
1622	0.036984
1623	0.037306
1624	0.037628
1625	0.03795
1626	0.038272
1627	0.038594
1628	0.038916
1629	0.039238
1630	0.03956
1631	0.03935
1632	0.03914
1633	0.03893
1634	0.03872
1635	0.03851
1636	0.0383
1637	0.03809
1638	0.03788
1639	0.03767
1640	0.03746
1641	0.037433
1642	0.037406
1643	0.037379
1644	0.037352
1645	0.037325
1646	0.037298
1647	0.037271
1648	0.037244
1649	0.037217
1650	0.03719
1651	0.037136
1652	0.037082
1653	0.037028
1654	0.036974
1655	0.03692
1656	0.036866
1657	0.036812
1658	0.036758
1659	0.036704
1660	0.03665
1661	0.036548
1662	0.036446
1663	0.036344
1664	0.036242
1665	0.03614
1666	0.036038
1667	0.035936
1668	0.035834
1669	0.035732
1670	0.03563
1671	0.035448
1672	0.035266
1673	0.035084
1674	0.034902
1675	0.03472
1676	0.034538
1677	0.034356
1678	0.034174
1679	0.033992
1680	0.03381
1681	0.033681
1682	0.033552
1683	0.033423
1684	0.033294
1685	0.033165
1686	0.033036
1687	0.032907
1688	0.032778
1689	0.032649
1690	0.03252
1691	0.03237
1692	0.03222
1693	0.03207
1694	0.03192
1695	0.03177
1696	0.03162
1697	0.03147
1698	0.03132
1699	0.03117
1700	0.03102
1701	0.030863
1702	0.030706
1703	0.030549
1704	0.030392
1705	0.030235
1706	0.030078
1707	0.029921
1708	0.029764
1709	0.029607
1710	0.02945
1711	0.029359
1712	0.029268
1713	0.029177
1714	0.029086
1715	0.028995
1716	0.028904
1717	0.028813
1718	0.028722
1719	0.028631
1720	0.02854
1721	0.028382
1722	0.028224
1723	0.028066
1724	0.027908
1725	0.02775
1726	0.027592
1727	0.027434
1728	0.027276
1729	0.027118
1730	0.02696
1731	0.026856
1732	0.026752
1733	0.026648
1734	0.026544
1735	0.02644
1736	0.026336
1737	0.026232
1738	0.026128
1739	0.026024
1740	0.02592
1741	0.024431
1742	0.022942
1743	0.021453
1744	0.019964
1745	0.018475
1746	0.016986
1747	0.015497
1748	0.014008
1749	0.012519
1750	0.01103
1751	0.010611
1752	0.010192
1753	0.009773
1754	0.009354
1755	0.008935
1756	0.008516
1757	0.008097
1758	0.007678
1759	0.007259
1760	0.00684
1761	0.006621
1762	0.006402
1763	0.006183
1764	0.005964
1765	0.005745
1766	0.005526
1767	0.005307
1768	0.005088
1769	0.004869
1770	0.00465
1771	0.004517
1772	0.004384
1773	0.004251
1774	0.004118
1775	0.003985
1776	0.003852
1777	0.003719
1778	0.003586
1779	0.003453
1780	0.00332
1781	0.003235
1782	0.00315
1783	0.003065
1784	0.00298
1785	0.002895
1786	0.00281
1787	0.002725
1788	0.00264
1789	0.002555
1790	0.00247
1791	0.002409
1792	0.002348
1793	0.002287
1794	0.002226
1795	0.002165
1796	0.002104
1797	0.002043
1798	0.001982
1799	0.001921
1800	0.00186
1801	0.0017193434
1802	0.0015786868
1803	0.0014380302
1804	0.0012973736
1805	0.001156717
1806	0.0010160604
1807	8.754038E-4
1808	7.347472E-4
1809	5.940906E-4
1810	4.53434E-4
1811	4.229049E-4
1812	3.923758E-4
1813	3.618467E-4
1814	3.313176E-4
1815	3.007885E-4
1816	2.702594E-4
1817	2.397303E-4
1818	2.092012E-4
1819	1.786721E-4
1820	1.48143E-4
1821	1.3922815E-4
1822	1.303133E-4
1823	1.2139845E-4
1824	1.124836E-4
1825	1.0356875E-4
1826	9.46539E-5
1827	8.573905E-5
1828	7.68242E-5
1829	6.790935E-5
1830	5.89945E-5
1831	5.562744E-5
1832	5.226038E-5
1833	4.889332E-5
1834	4.552626E-5
1835	4.21592E-5
1836	3.879214E-5
1837	3.542508E-5
1838	3.205802E-5
1839	2.869096E-5
1840	2.53239E-5
1841	2.396551E-5
1842	2.260712E-5
1843	2.124873E-5
1844	1.989034E-5
1845	1.853195E-5
1846	1.717356E-5
1847	1.581517E-5
1848	1.445678E-5
1849	1.309839E-5
1850	1.174E-5
1851	1.1139966E-5
1852	1.0539932E-5
1853	9.939898E-6
1854	9.339864E-6
1855	8.73983E-6
1856	8.139796E-6
1857	7.539762E-6
1858	6.939728E-6
1859	6.339694E-6
1860	5.73966E-6
1861	5.979414E-6
1862	6.219168E-6
1863	6.458922E-6
1864	6.698676E-6
1865	6.93843E-6
1866	7.178184E-6
1867	7.417938E-6
1868	7.657692E-6
1869	7.897446E-6
1870	8.1372E-6
1871	8.54975E-6
1872	8.9623E-6
1873	9.37485E-6
1874	9.7874E-6
1875	1.019995E-5
1876	1.06125E-5
1877	1.102505E-5
1878	1.14376E-5
1879	1.185015E-5
1880	1.22627E-5
1881	1.289008E-5
1882	1.351746E-5
1883	1.414484E-5
1884	1.477222E-5
1885	1.53996E-5
1886	1.602698E-5
1887	1.665436E-5
1888	1.728174E-5
1889	1.790912E-5
1890	1.85365E-5
1891	1.955182E-5
1892	2.056714E-5
1893	2.158246E-5
1894	2.259778E-5
1895	2.36131E-5
1896	2.462842E-5
1897	2.564374E-5
1898	2.665906E-5
1899	2.767438E-5
1900	2.86897E-5
1901	3.03697E-5
1902	3.20497E-5
1903	3.37297E-5
1904	3.54097E-5
1905	3.70897E-5
1906	3.87697E-5
1907	4.04497E-5
1908	4.21297E-5
1909	4.38097E-5
1910	4.54897E-5
1911	4.837076E-5
1912	5.125182E-5
1913	5.413288E-5
1914	5.701394E-5
1915	5.9895E-5
1916	6.277606E-5
1917	6.565712E-5
1918	6.853818E-5
1919	7.141924E-5
1920	7.43003E-5
1921	7.61081E-5
1922	7.79159E-5
1923	7.97237E-5
1924	8.15315E-5
1925	8.33393E-5
1926	8.51471E-5
1927	8.69549E-5
1928	8.87627E-5
1929	9.05705E-5
1930	9.23783E-5
1931	9.857077E-5
1932	1.0476324E-4
1933	1.1095571E-4
1934	1.1714818E-4
1935	1.2334065E-4
1936	1.2953312E-4
1937	1.3572559E-4
1938	1.4191806E-4
1939	1.4811053E-4
1940	1.54303E-4
1941	1.694963E-4
1942	1.846896E-4
1943	1.998829E-4
1944	2.150762E-4
1945	2.302695E-4
1946	2.454628E-4
1947	2.606561E-4
1948	2.758494E-4
1949	2.910427E-4
1950	3.06236E-4
1951	3.564004E-4
1952	4.065648E-4
1953	4.567292E-4
1954	5.068936E-4
1955	5.57058E-4
1956	6.072224E-4
1957	6.573868E-4
1958	7.075512E-4
1959	7.577156E-4
1960	8.0788E-4
1961	8.98092E-4
1962	9.88304E-4
1963	0.001078516
1964	0.001168728
1965	0.00125894
1966	0.001349152
1967	0.001439364
1968	0.001529576
1969	0.001619788
1970	0.00171
1971	0.002011
1972	0.002312
1973	0.002613
1974	0.002914
1975	0.003215
1976	0.003516
1977	0.003817
1978	0.004118
1979	0.004419
1980	0.00472
1981	0.004738
1982	0.004756
1983	0.004774
1984	0.004792
1985	0.00481
1986	0.004828
1987	0.004846
1988	0.004864
1989	0.004882
1990	0.0049
1991	0.004624
1992	0.004348
1993	0.004072
1994	0.003796
1995	0.00352
1996	0.003244
1997	0.002968
1998	0.002692
1999	0.002416
2000	0.00214
