1.005	0
1.015	0
1.025	0
1.035	0
1.045	0
1.055	0
1.065	0
1.075	0
1.085	0
1.095	0
1.105	0
1.115	0
1.125	0
1.135	0
1.145	0
1.155	0
1.165	0
1.175	0
1.185	0
1.195	0
1.205	0
1.215	0
1.225	0
1.235	0
1.245	992
1.255	1600
1.265	1567
1.275	1558
1.285	1516
1.295	1507
1.305	1470
1.315	1476
1.325	1427
1.335	1411
1.345	1404
1.355	1372
1.365	1347
1.375	1363
1.385	1289
1.395	1331
1.405	1272
1.415	1273
1.425	1260
1.435	1229
1.445	1215
1.455	1191
1.465	1216
1.475	1189
1.485	1171
1.495	1135
1.505	1141
1.515	1118
1.525	1109
1.535	1092
1.545	1072
1.555	1062
1.565	1078
1.575	1047
1.585	1047
1.595	1019
1.605	1007
1.615	1001
1.625	999
1.635	989
1.645	949
1.655	972
1.665	969
1.675	925
1.685	932
1.695	931
1.705	898
1.715	902
1.725	912
1.735	868
1.745	894
1.755	863
1.765	863
1.775	857
1.785	819
1.795	853
1.805	837
1.815	818
1.825	795
1.835	818
1.845	804
1.855	785
1.865	782
1.875	775
1.885	774
1.895	765
1.905	749
1.915	751
1.925	741
1.935	739
1.945	727
1.955	717
1.965	714
1.975	713
1.985	718
1.995	702
2.005	679
2.015	701
2.025	676
2.035	665
2.045	690
2.055	658
2.065	683
2.075	621
2.085	655
2.095	660
2.105	641
2.115	631
2.125	627
2.135	625
2.145	626
2.155	613
2.165	604
2.175	621
2.185	584
2.195	600
2.205	608
2.215	569
2.225	585
2.235	593
2.245	554
2.255	574
2.265	590
2.275	540
2.285	568
2.295	574
2.305	530
2.315	543
2.325	569
2.335	530
2.345	523
2.355	545
2.365	524
2.375	510
2.385	514
2.395	531
2.405	504
2.415	511
2.425	525
2.435	496
2.445	491
2.455	493
2.465	504
2.475	480
2.485	477
2.495	505
2.505	488
2.515	461
2.525	458
2.535	495
2.545	474
2.555	459
2.565	442
2.575	486
2.585	468
2.595	435
2.605	420
2.615	481
2.625	461
2.635	416
2.645	420
2.655	468
2.665	443
2.675	408
2.685	423
2.695	433
2.705	446
2.715	417
2.725	410
2.735	387
2.745	455
2.755	426
2.765	380
2.775	401
2.785	401
2.795	427
2.805	398
2.815	383
2.825	374
2.835	427
2.845	393
2.855	396
2.865	371
2.875	350
2.885	423
2.895	385
2.905	369
2.915	359
2.925	353
2.935	419
2.945	366
2.955	364
2.965	355
2.975	337
2.985	398
2.995	353
3.005	360
3.015	342
3.025	341
3.035	377
3.045	358
3.055	345
3.065	338
3.075	329
3.085	319
3.095	392
3.105	331
3.115	347
3.125	321
3.135	317
3.145	336
3.155	355
3.165	322
3.175	339
3.185	299
3.195	318
3.205	346
3.215	328
3.225	316
3.235	312
3.245	304
3.255	305
3.265	334
3.275	321
3.285	308
3.295	295
3.305	305
3.315	280
3.325	343
3.335	294
3.345	316
3.355	298
3.365	277
3.375	285
3.385	298
3.395	328
3.405	284
3.415	296
3.425	273
3.435	282
3.445	277
3.455	306
3.465	306
3.475	270
3.485	284
3.495	266
3.505	259
3.515	294
3.525	295
3.535	281
3.545	278
3.555	265
3.565	249
3.575	274
3.585	260
3.595	304
3.605	262
3.615	270
3.625	254
3.635	260
3.645	255
3.655	262
3.665	288
3.675	259
3.685	254
3.695	237
3.705	261
3.715	246
3.725	249
3.735	281
3.745	255
3.755	244
3.765	266
3.775	218
3.785	245
3.795	240
3.805	261
3.815	257
3.825	245
3.835	244
3.845	227
3.855	242
3.865	221
3.875	246
3.885	263
3.895	233
3.905	230
3.915	253
3.925	213
3.935	215
3.945	242
3.955	233
3.965	234
3.975	255
3.985	217
3.995	222
4.005	221
4.015	222
4.025	201
4.035	240
4.045	240
4.055	225
4.065	219
4.075	231
4.085	211
4.095	196
4.105	220
4.115	229
4.125	204
4.135	246
4.145	212
4.155	222
4.165	199
4.175	198
4.185	217
4.195	194
4.205	224
4.215	228
4.225	202
4.235	210
4.245	206
4.255	210
4.265	189
4.275	204
4.285	202
4.295	210
4.305	205
4.315	221
4.325	190
4.335	203
4.345	187
4.355	203
4.365	178
4.375	203
4.385	207
4.395	213
4.405	188
4.415	201
4.425	194
4.435	183
4.445	187
4.455	191
4.465	195
4.475	189
4.485	207
4.495	194
4.505	187
4.515	186
4.525	179
4.535	191
4.545	172
4.555	183
4.565	193
4.575	196
4.585	185
4.595	192
4.605	177
4.615	166
4.625	189
4.635	176
4.645	177
4.655	176
4.665	198
4.675	184
4.685	189
4.695	161
4.705	180
4.715	175
4.725	172
4.735	171
4.745	164
4.755	188
4.765	174
4.775	186
4.785	164
4.795	185
4.805	168
4.815	153
4.825	160
4.835	180
4.845	175
4.855	163
4.865	170
4.875	189
4.885	164
4.895	162
4.905	164
4.915	161
4.925	163
4.935	160
4.945	159
4.955	172
4.965	164
4.975	182
4.985	160
4.995	154
5.005	168
5.015	150
5.025	161
5.035	148
5.045	160
5.055	175
5.065	151
5.075	169
5.085	160
5.095	155
5.105	159
5.115	156
5.125	155
5.135	141
5.145	150
5.155	164
5.165	150
5.175	151
5.185	169
5.195	158
5.205	149
5.215	142
5.225	155
5.235	153
5.245	138
5.255	151
5.265	159
5.275	147
5.285	155
5.295	155
5.305	154
5.315	135
5.325	143
5.335	156
5.345	150
5.355	129
5.365	138
5.375	160
5.385	148
5.395	151
5.405	144
5.415	145
5.425	138
5.435	147
5.445	144
5.455	140
5.465	136
5.475	127
5.485	157
5.495	144
5.505	152
5.515	137
5.525	131
5.535	141
5.545	148
5.555	138
5.565	137
5.575	122
5.585	128
5.595	159
5.605	133
5.615	138
5.625	143
5.635	139
5.645	128
5.655	145
5.665	121
5.675	155
5.685	104
5.695	145
5.705	136
5.715	137
5.725	129
5.735	146
5.745	125
5.755	129
5.765	144
5.775	118
5.785	125
5.795	134
5.805	135
5.815	124
5.825	134
5.835	142
5.845	133
5.855	126
5.865	122
5.875	130
5.885	127
5.895	134
5.905	124
5.915	108
5.925	140
5.935	130
5.945	112
5.955	139
5.965	143
5.975	134
5.985	111
5.995	110
6.005	126
6.015	126
6.025	126
6.035	129
6.045	131
6.055	119
6.065	108
6.075	124
6.085	127
6.095	135
6.105	127
6.115	121
6.125	121
6.135	93
6.145	124
6.155	139
6.165	118
6.175	120
6.185	118
6.195	134
6.205	117
6.215	105
6.225	120
6.235	133
6.245	113
6.255	121
6.265	111
6.275	117
6.285	121
6.295	110
6.305	127
6.315	125
6.325	113
6.335	117
6.345	122
6.355	99
6.365	114
6.375	116
6.385	131
6.395	105
6.405	113
6.415	115
6.425	122
6.435	113
6.445	127
6.455	107
6.465	105
6.475	105
6.485	117
6.495	118
6.505	102
6.515	140
6.525	97
6.535	125
6.545	104
6.555	119
6.565	107
6.575	87
6.585	109
6.595	136
6.605	114
6.615	112
6.625	103
6.635	98
6.645	120
6.655	121
6.665	103
6.675	108
6.685	120
6.695	106
6.705	104
6.715	103
6.725	98
6.735	122
6.745	111
6.755	117
6.765	103
6.775	111
6.785	111
6.795	98
6.805	98
6.815	101
6.825	119
6.835	126
6.845	91
6.855	96
6.865	120
6.875	114
6.885	96
6.895	103
6.905	103
6.915	118
6.925	97
6.935	115
6.945	87
6.955	108
6.965	105
6.975	122
6.985	99
6.995	107
7.005	105
7.015	102
7.025	97
7.035	98
7.045	101
7.055	115
7.065	94
7.075	110
7.085	127
7.095	100
7.105	102
7.115	92
7.125	89
7.135	88
7.145	115
7.155	105
7.165	110
7.175	111
7.185	105
7.195	114
7.205	94
7.215	75
7.225	115
7.235	86
7.245	102
7.255	115
7.265	109
7.275	110
7.285	108
7.295	94
7.305	88
7.315	95
7.325	93
7.335	102
7.345	107
7.355	108
7.365	93
7.375	110
7.385	116
7.395	95
7.405	86
7.415	92
7.425	103
7.435	105
7.445	90
7.455	110
7.465	114
7.475	85
7.485	111
7.495	100
7.505	94
7.515	104
7.525	97
7.535	93
7.545	110
7.555	106
7.565	92
7.575	100
7.585	84
7.595	113
7.605	108
7.615	101
7.625	94
7.635	101
7.645	114
7.655	94
7.665	107
7.675	122
7.685	83
7.695	98
7.705	104
7.715	110
7.725	96
7.735	117
7.745	107
7.755	91
7.765	99
7.775	99
7.785	96
7.795	110
7.805	95
7.815	118
7.825	93
7.835	109
7.845	109
7.855	115
7.865	98
7.875	95
7.885	99
7.895	110
7.905	103
7.915	116
7.925	96
7.935	120
7.945	111
7.955	108
7.965	111
7.975	107
7.985	118
7.995	109
8.005	115
8.015	116
8.025	127
8.035	127
8.045	153
8.055	114
8.065	135
8.075	107
8.085	117
8.095	112
8.105	100
8.115	111
8.125	103
8.135	98
8.145	110
8.155	103
8.165	113
8.175	94
8.185	90
8.195	114
8.205	81
8.215	97
8.225	100
8.235	89
8.245	96
8.255	98
8.265	95
8.275	98
8.285	90
8.295	93
8.305	92
8.315	81
8.325	93
8.335	91
8.345	91
8.355	87
8.365	83
8.375	93
8.385	81
8.395	87
8.405	89
8.415	98
8.425	85
8.435	77
8.445	79
8.455	92
8.465	74
8.475	94
8.485	79
8.495	67
8.505	95
8.515	86
8.525	76
8.535	84
8.545	93
8.555	78
8.565	84
8.575	76
8.585	73
8.595	74
8.605	78
8.615	76
8.625	91
8.635	76
8.645	68
8.655	81
8.665	72
8.675	100
8.685	85
8.695	60
8.705	84
8.715	68
8.725	66
8.735	79
8.745	79
8.755	78
8.765	56
8.775	82
8.785	67
8.795	80
8.805	71
8.815	90
8.825	88
8.835	58
8.845	63
8.855	75
8.865	71
8.875	84
8.885	70
8.895	58
8.905	68
8.915	64
8.925	80
8.935	64
8.945	72
8.955	80
8.965	83
8.975	72
8.985	59
8.995	65
9.005	72
9.015	67
9.025	66
9.035	68
9.045	70
9.055	68
9.065	62
9.075	49
9.085	81
9.095	73
9.105	69
9.115	74
9.125	70
9.135	65
9.145	63
9.155	68
9.165	63
9.175	56
9.185	67
9.195	76
9.205	58
9.215	65
9.225	61
9.235	55
9.245	67
9.255	77
9.265	67
9.275	55
9.285	76
9.295	64
9.305	56
9.315	62
9.325	66
9.335	65
9.345	53
9.355	60
9.365	58
9.375	76
9.385	56
9.395	67
9.405	55
9.415	59
9.425	71
9.435	61
9.445	49
9.455	70
9.465	59
9.475	65
9.485	70
9.495	59
9.505	40
9.515	62
9.525	59
9.535	59
9.545	61
9.555	60
9.565	65
9.575	58
9.585	56
9.595	64
9.605	58
9.615	50
9.625	63
9.635	51
9.645	62
9.655	61
9.665	55
9.675	56
9.685	60
9.695	56
9.705	58
9.715	65
9.725	52
9.735	61
9.745	55
9.755	41
9.765	58
9.775	57
9.785	57
9.795	68
9.805	63
9.815	46
9.825	53
9.835	52
9.845	59
9.855	54
9.865	37
9.875	60
9.885	66
9.895	64
9.905	48
9.915	60
9.925	56
9.935	48
9.945	45
9.955	58
9.965	46
9.975	61
9.985	55
9.995	46
10.005	61
10.015	38
10.025	54
10.035	68
10.045	62
10.055	44
10.065	52
10.075	57
10.085	53
10.095	45
10.105	55
10.115	48
10.125	46
10.135	46
10.145	61
10.155	53
10.165	47
10.175	60
10.185	51
10.195	57
10.205	33
10.215	50
10.225	46
10.235	58
10.245	53
10.255	55
10.265	52
10.275	56
10.285	44
10.295	53
10.305	54
10.315	41
10.325	64
10.335	41
10.345	42
10.355	43
10.365	52
10.375	49
10.385	30
10.395	52
10.405	51
10.415	59
10.425	47
10.435	63
10.445	49
10.455	50
10.465	47
10.475	51
10.485	49
10.495	48
10.505	50
10.515	39
10.525	35
10.535	55
10.545	35
10.555	40
10.565	48
10.575	40
10.585	59
10.595	59
10.605	48
10.615	56
10.625	39
10.635	46
10.645	52
10.655	42
10.665	45
10.675	50
10.685	44
10.695	49
10.705	47
10.715	37
10.725	45
10.735	49
10.745	41
10.755	42
10.765	45
10.775	38
10.785	44
10.795	54
10.805	43
10.815	56
10.825	39
10.835	56
10.845	35
10.855	42
10.865	42
10.875	49
10.885	38
10.895	57
10.905	50
10.915	48
10.925	30
10.935	47
10.945	37
10.955	27
10.965	50
10.975	44
10.985	41
10.995	46
11.005	52
11.015	47
11.025	37
11.035	55
11.045	40
11.055	45
11.065	35
11.075	44
11.085	44
11.095	37
11.105	46
11.115	47
11.125	37
11.135	44
11.145	30
11.155	41
11.165	46
11.175	52
11.185	34
11.195	47
11.205	45
11.215	42
11.225	39
11.235	44
11.245	32
11.255	52
11.265	43
11.275	32
11.285	53
11.295	38
11.305	46
11.315	23
11.325	29
11.335	43
11.345	37
11.355	40
11.365	52
11.375	39
11.385	53
11.395	51
11.405	34
11.415	43
11.425	40
11.435	42
11.445	40
11.455	33
11.465	35
11.475	32
11.485	38
11.495	46
11.505	41
11.515	33
11.525	40
11.535	32
11.545	44
11.555	36
11.565	37
11.575	40
11.585	40
11.595	50
11.605	34
11.615	45
11.625	48
11.635	47
11.645	39
11.655	32
11.665	30
11.675	40
11.685	39
11.695	36
11.705	37
11.715	30
11.725	26
11.735	40
11.745	34
11.755	38
11.765	36
11.775	42
11.785	51
11.795	36
11.805	30
11.815	51
11.825	32
11.835	48
11.845	34
11.855	36
11.865	40
11.875	32
11.885	44
11.895	33
11.905	29
11.915	32
11.925	45
11.935	32
11.945	48
11.955	27
11.965	44
11.975	23
11.985	35
11.995	42
12.005	30
12.015	42
12.025	39
12.035	30
12.045	44
12.055	38
12.065	36
12.075	28
12.085	28
12.095	49
12.105	36
12.115	31
12.125	39
12.135	43
12.145	29
12.155	36
12.165	35
12.175	38
12.185	35
12.195	24
12.205	34
12.215	38
12.225	39
12.235	33
12.245	35
12.255	38
12.265	40
12.275	34
12.285	40
12.295	28
12.305	29
12.315	32
12.325	28
12.335	39
12.345	28
12.355	36
12.365	32
12.375	42
12.385	29
12.395	38
12.405	36
12.415	43
12.425	36
12.435	33
12.445	34
12.455	38
12.465	23
12.475	35
12.485	38
12.495	28
12.505	27
12.515	29
12.525	43
12.535	32
12.545	36
12.555	35
12.565	22
12.575	38
12.585	30
12.595	42
12.605	32
12.615	32
12.625	28
12.635	31
12.645	30
12.655	36
12.665	31
12.675	33
12.685	32
12.695	39
12.705	32
12.715	30
12.725	37
12.735	33
12.745	29
12.755	32
12.765	43
12.775	37
12.785	28
12.795	24
12.805	36
12.815	31
12.825	28
12.835	35
12.845	36
12.855	27
12.865	27
12.875	25
12.885	25
12.895	21
12.905	31
12.915	37
12.925	39
12.935	27
12.945	39
12.955	43
12.965	29
12.975	42
12.985	27
12.995	29
13.005	27
13.015	35
13.025	30
13.035	23
13.045	41
13.055	24
13.065	22
13.075	33
13.085	39
13.095	39
13.105	26
13.115	27
13.125	24
13.135	26
13.145	35
13.155	33
13.165	27
13.175	31
13.185	31
13.195	25
13.205	26
13.215	31
13.225	34
13.235	35
13.245	38
13.255	26
13.265	25
13.275	40
13.285	24
13.295	28
13.305	30
13.315	26
13.325	33
13.335	30
13.345	29
13.355	24
13.365	34
13.375	36
13.385	29
13.395	32
13.405	31
13.415	28
13.425	20
13.435	26
13.445	30
13.455	37
13.465	23
13.475	29
13.485	22
13.495	28
13.505	23
13.515	32
13.525	26
13.535	35
13.545	46
13.555	30
13.565	33
13.575	21
13.585	26
13.595	29
13.605	29
13.615	23
13.625	26
13.635	25
13.645	23
13.655	25
13.665	36
13.675	28
13.685	28
13.695	42
13.705	21
13.715	33
13.725	27
13.735	37
13.745	21
13.755	27
13.765	32
13.775	19
13.785	26
13.795	27
13.805	32
13.815	29
13.825	22
13.835	26
13.845	32
13.855	30
13.865	29
13.875	30
13.885	24
13.895	25
13.905	26
13.915	19
13.925	23
13.935	31
13.945	31
13.955	27
13.965	27
13.975	29
13.985	25
13.995	25
14.005	24
14.015	41
14.025	28
14.035	30
14.045	32
14.055	24
14.065	29
14.075	26
14.085	26
14.095	18
14.105	30
14.115	24
14.125	24
14.135	35
14.145	19
14.155	20
14.165	36
14.175	20
14.185	25
14.195	27
14.205	26
14.215	27
14.225	29
14.235	34
14.245	29
14.255	15
14.265	26
14.275	21
14.285	23
14.295	32
14.305	31
14.315	24
14.325	22
14.335	25
14.345	27
14.355	14
14.365	34
14.375	36
14.385	23
14.395	27
14.405	28
14.415	26
14.425	24
14.435	28
14.445	24
14.455	22
14.465	31
14.475	22
14.485	34
14.495	19
14.505	25
14.515	32
14.525	17
14.535	27
14.545	20
14.555	27
14.565	28
14.575	29
14.585	25
14.595	23
14.605	22
14.615	17
14.625	17
14.635	21
14.645	35
14.655	30
14.665	26
14.675	30
14.685	18
14.695	16
14.705	21
14.715	29
14.725	19
14.735	20
14.745	33
14.755	36
14.765	30
14.775	30
14.785	31
14.795	30
14.805	22
14.815	16
14.825	29
14.835	23
14.845	21
14.855	21
14.865	22
14.875	25
14.885	27
14.895	22
14.905	23
14.915	20
14.925	24
14.935	25
14.945	20
14.955	24
14.965	20
14.975	18
14.985	19
14.995	27
15.005	28
15.015	25
15.025	26
15.035	30
15.045	17
15.055	19
15.065	30
15.075	22
15.085	23
15.095	20
15.105	29
15.115	19
15.125	28
15.135	25
15.145	32
15.155	22
15.165	28
15.175	28
15.185	27
15.195	30
15.205	15
15.215	26
15.225	20
15.235	20
15.245	24
15.255	19
15.265	19
15.275	21
15.285	20
15.295	28
15.305	22
15.315	24
15.325	16
15.335	22
15.345	16
15.355	19
15.365	20
15.375	28
15.385	15
15.395	35
15.405	27
15.415	22
15.425	18
15.435	21
15.445	36
15.455	24
15.465	18
15.475	25
15.485	17
15.495	29
15.505	20
15.515	24
15.525	26
15.535	20
15.545	23
15.555	25
15.565	23
15.575	22
15.585	22
15.595	22
15.605	22
15.615	29
15.625	24
15.635	20
15.645	20
15.655	27
15.665	17
15.675	16
15.685	11
15.695	27
15.705	21
15.715	25
15.725	27
15.735	13
15.745	27
15.755	15
15.765	21
15.775	14
15.785	24
15.795	19
15.805	30
15.815	24
15.825	26
15.835	17
15.845	25
15.855	20
15.865	24
15.875	29
15.885	19
15.895	18
15.905	23
15.915	17
15.925	34
15.935	17
15.945	19
15.955	26
15.965	23
15.975	17
15.985	16
15.995	21
16.005	22
16.015	26
16.025	23
16.035	20
16.045	16
16.055	24
16.065	20
16.075	18
16.085	28
16.095	21
16.105	14
16.115	26
16.125	19
16.135	25
16.145	21
16.155	21
16.165	13
16.175	25
16.185	24
16.195	13
16.205	18
16.215	20
16.225	16
16.235	19
16.245	34
16.255	21
16.265	17
16.275	18
16.285	25
16.295	15
16.305	21
16.315	26
16.325	22
16.335	27
16.345	24
16.355	19
16.365	30
16.375	16
16.385	15
16.395	16
16.405	22
16.415	15
16.425	21
16.435	22
16.445	16
16.455	17
16.465	25
16.475	25
16.485	18
16.495	12
16.505	16
16.515	36
16.525	13
16.535	29
16.545	19
16.555	19
16.565	18
16.575	15
16.585	18
16.595	18
16.605	34
16.615	21
16.625	16
16.635	20
16.645	22
16.655	20
16.665	16
16.675	19
16.685	19
16.695	15
16.705	23
16.715	19
16.725	19
16.735	18
16.745	15
16.755	16
16.765	21
16.775	21
16.785	18
16.795	30
16.805	22
16.815	23
16.825	21
16.835	29
16.845	15
16.855	17
16.865	17
16.875	15
16.885	16
16.895	21
16.905	17
16.915	18
16.925	27
16.935	11
16.945	16
16.955	20
16.965	21
16.975	22
16.985	22
16.995	13
17.005	23
17.015	20
17.025	20
17.035	18
17.045	18
17.055	16
17.065	25
17.075	19
17.085	18
17.095	23
17.105	25
17.115	20
17.125	20
17.135	19
17.145	23
17.155	11
17.165	19
17.175	17
17.185	12
17.195	17
17.205	21
17.215	13
17.225	16
17.235	18
17.245	20
17.255	19
17.265	22
17.275	19
17.285	17
17.295	18
17.305	23
17.315	16
17.325	26
17.335	20
17.345	16
17.355	21
17.365	16
17.375	21
17.385	16
17.395	21
17.405	18
17.415	20
17.425	17
17.435	15
17.445	14
17.455	22
17.465	14
17.475	19
17.485	20
17.495	18
17.505	25
17.515	16
17.525	20
17.535	13
17.545	16
17.555	17
17.565	21
17.575	19
17.585	17
17.595	26
17.605	14
17.615	19
17.625	26
17.635	21
17.645	18
17.655	21
17.665	16
17.675	12
17.685	15
17.695	10
17.705	20
17.715	19
17.725	21
17.735	20
17.745	17
17.755	8
17.765	17
17.775	12
17.785	17
17.795	25
17.805	21
17.815	12
17.825	19
17.835	22
17.845	15
17.855	29
17.865	12
17.875	11
17.885	16
17.895	21
17.905	15
17.915	25
17.925	18
17.935	21
17.945	17
17.955	13
17.965	18
17.975	19
17.985	13
17.995	19
18.005	21
18.015	19
18.025	21
18.035	9
18.045	14
18.055	18
18.065	22
18.075	21
18.085	22
18.095	20
18.105	18
18.115	14
18.125	20
18.135	15
18.145	12
18.155	18
18.165	12
18.175	20
18.185	12
18.195	17
18.205	20
18.215	16
18.225	15
18.235	30
18.245	22
18.255	14
18.265	14
18.275	13
18.285	12
18.295	10
18.305	15
18.315	15
18.325	19
18.335	13
18.345	16
18.355	16
18.365	29
18.375	13
18.385	24
18.395	16
18.405	23
18.415	16
18.425	12
18.435	7
18.445	15
18.455	20
18.465	17
18.475	22
18.485	21
18.495	22
18.505	17
18.515	15
18.525	11
18.535	12
18.545	15
18.555	19
18.565	16
18.575	18
18.585	16
18.595	24
18.605	28
18.615	10
18.625	17
18.635	13
18.645	13
18.655	18
18.665	23
18.675	20
18.685	12
18.695	12
18.705	13
18.715	19
18.725	21
18.735	12
18.745	12
18.755	14
18.765	24
18.775	18
18.785	13
18.795	17
18.805	21
18.815	10
18.825	15
18.835	12
18.845	13
18.855	12
18.865	16
18.875	15
18.885	18
18.895	17
18.905	23
18.915	19
18.925	17
18.935	14
18.945	15
18.955	20
18.965	13
18.975	13
18.985	11
18.995	15
19.005	11
19.015	13
19.025	19
19.035	21
19.045	14
19.055	21
19.065	14
19.075	18
19.085	19
19.095	11
19.105	23
19.115	17
19.125	16
19.135	15
19.145	17
19.155	17
19.165	18
19.175	16
19.185	16
19.195	16
19.205	17
19.215	19
19.225	15
19.235	12
19.245	19
19.255	14
19.265	18
19.275	19
19.285	16
19.295	16
19.305	19
19.315	16
19.325	16
19.335	7
19.345	9
19.355	17
19.365	19
19.375	9
19.385	15
19.395	16
19.405	10
19.415	13
19.425	8
19.435	15
19.445	16
19.455	18
19.465	16
19.475	8
19.485	11
19.495	12
19.505	26
19.515	20
19.525	14
19.535	20
19.545	19
19.555	11
19.565	15
19.575	15
19.585	18
19.595	21
19.605	9
19.615	15
19.625	13
19.635	23
19.645	18
19.655	12
19.665	14
19.675	17
19.685	20
19.695	18
19.705	18
19.715	17
19.725	7
19.735	18
19.745	14
19.755	17
19.765	13
19.775	14
19.785	14
19.795	14
19.805	20
19.815	6
19.825	16
19.835	18
19.845	15
19.855	8
19.865	10
19.875	21
19.885	18
19.895	21
19.905	15
19.915	14
19.925	15
19.935	15
19.945	16
19.955	20
19.965	4
19.975	18
19.985	12
19.995	15
20.005	15
20.015	7
20.025	14
20.035	16
20.045	15
20.055	11
20.065	16
20.075	12
20.085	15
20.095	12
20.105	11
20.115	13
20.125	21
20.135	19
20.145	12
20.155	14
20.165	12
20.175	15
20.185	13
20.195	14
20.205	21
20.215	13
20.225	16
20.235	10
20.245	19
20.255	11
20.265	17
20.275	8
20.285	18
20.295	13
20.305	16
20.315	23
20.325	23
20.335	17
20.345	8
20.355	11
20.365	21
20.375	17
20.385	16
20.395	15
20.405	10
20.415	17
20.425	15
20.435	11
20.445	12
20.455	20
20.465	12
20.475	12
20.485	13
20.495	11
20.505	12
20.515	17
20.525	20
20.535	11
20.545	16
20.555	10
20.565	9
20.575	18
20.585	18
20.595	9
20.605	16
20.615	12
20.625	18
20.635	11
20.645	15
20.655	12
20.665	12
20.675	10
20.685	5
20.695	12
20.705	22
20.715	12
20.725	11
20.735	10
20.745	15
20.755	10
20.765	15
20.775	23
20.785	19
20.795	15
20.805	16
20.815	13
20.825	12
20.835	10
20.845	10
20.855	20
20.865	14
20.875	9
20.885	21
20.895	9
20.905	12
20.915	13
20.925	13
20.935	14
20.945	21
20.955	14
20.965	16
20.975	20
20.985	12
20.995	16
21.005	12
21.015	15
21.025	16
21.035	13
21.045	15
21.055	13
21.065	13
21.075	14
21.085	9
21.095	20
21.105	17
21.115	14
21.125	13
21.135	11
21.145	14
21.155	11
21.165	21
21.175	14
21.185	11
21.195	14
21.205	6
21.215	8
21.225	7
21.235	14
21.245	11
21.255	19
21.265	13
21.275	10
21.285	10
21.295	16
21.305	8
21.315	12
21.325	20
21.335	8
21.345	18
21.355	11
21.365	15
21.375	13
21.385	15
21.395	10
21.405	11
21.415	19
21.425	10
21.435	12
21.445	17
21.455	11
21.465	12
21.475	9
21.485	22
21.495	17
21.505	14
21.515	10
21.525	16
21.535	13
21.545	14
21.555	16
21.565	12
21.575	13
21.585	12
21.595	12
21.605	13
21.615	13
21.625	14
21.635	13
21.645	15
21.655	11
21.665	12
21.675	7
21.685	15
21.695	15
21.705	13
21.715	10
21.725	12
21.735	15
21.745	17
21.755	14
21.765	20
21.775	10
21.785	11
21.795	17
21.805	12
21.815	17
21.825	13
21.835	12
21.845	15
21.855	17
21.865	17
21.875	8
21.885	19
21.895	11
21.905	12
21.915	12
21.925	13
21.935	13
21.945	5
21.955	11
21.965	17
21.975	12
21.985	11
21.995	11
22.005	13
22.015	14
22.025	9
22.035	14
22.045	10
22.055	8
22.065	12
22.075	9
22.085	10
22.095	10
22.105	8
22.115	9
22.125	10
22.135	8
22.145	13
22.155	15
22.165	15
22.175	16
22.185	16
22.195	13
22.205	12
22.215	13
22.225	17
22.235	13
22.245	16
22.255	11
22.265	14
22.275	16
22.285	8
22.295	21
22.305	11
22.315	6
22.325	18
22.335	17
22.345	13
22.355	17
22.365	8
22.375	13
22.385	15
22.395	18
22.405	13
22.415	19
22.425	8
22.435	11
22.445	15
22.455	12
22.465	11
22.475	13
22.485	17
22.495	11
22.505	7
22.515	13
22.525	10
22.535	8
22.545	12
22.555	13
22.565	15
22.575	14
22.585	12
22.595	14
22.605	9
22.615	8
22.625	8
22.635	12
22.645	12
22.655	13
22.665	7
22.675	17
22.685	6
22.695	10
22.705	10
22.715	16
22.725	16
22.735	11
22.745	20
22.755	3
22.765	14
22.775	14
22.785	11
22.795	14
22.805	10
22.815	10
22.825	8
22.835	11
22.845	13
22.855	14
22.865	6
22.875	12
22.885	8
22.895	17
22.905	13
22.915	10
22.925	12
22.935	21
22.945	12
22.955	9
22.965	18
22.975	15
22.985	12
22.995	19
23.005	9
23.015	12
23.025	10
23.035	14
23.045	10
23.055	10
23.065	11
23.075	8
23.085	12
23.095	9
23.105	17
23.115	17
23.125	14
23.135	8
23.145	11
23.155	12
23.165	9
23.175	16
23.185	7
23.195	14
23.205	15
23.215	16
23.225	8
23.235	14
23.245	10
23.255	10
23.265	10
23.275	8
23.285	17
23.295	11
23.305	11
23.315	19
23.325	19
23.335	12
23.345	14
23.355	6
23.365	11
23.375	20
23.385	9
23.395	6
23.405	10
23.415	6
23.425	11
23.435	12
23.445	7
23.455	16
23.465	14
23.475	12
23.485	15
23.495	5
23.505	11
23.515	15
23.525	13
23.535	6
23.545	11
23.555	15
23.565	8
23.575	11
23.585	3
23.595	12
23.605	15
23.615	13
23.625	8
23.635	10
23.645	8
23.655	9
23.665	11
23.675	16
23.685	12
23.695	13
23.705	9
23.715	16
23.725	11
23.735	7
23.745	15
23.755	11
23.765	10
23.775	12
23.785	10
23.795	10
23.805	11
23.815	17
23.825	15
23.835	14
23.845	12
23.855	6
23.865	16
23.875	7
23.885	12
23.895	15
23.905	14
23.915	12
23.925	15
23.935	15
23.945	8
23.955	10
23.965	8
23.975	13
23.985	10
23.995	18
24.005	9
24.015	18
24.025	11
24.035	17
24.045	11
24.055	8
24.065	8
24.075	7
24.085	14
24.095	9
24.105	14
24.115	6
24.125	14
24.135	12
24.145	7
24.155	11
24.165	19
24.175	16
24.185	8
24.195	8
24.205	12
24.215	10
24.225	7
24.235	13
24.245	7
24.255	8
24.265	13
24.275	18
24.285	12
24.295	5
24.305	6
24.315	7
24.325	11
24.335	8
24.345	10
24.355	11
24.365	10
24.375	16
24.385	8
24.395	14
24.405	7
24.415	10
24.425	6
24.435	14
24.445	13
24.455	8
24.465	14
24.475	15
24.485	5
24.495	8
24.505	7
24.515	11
24.525	11
24.535	18
24.545	15
24.555	9
24.565	19
24.575	13
24.585	15
24.595	9
24.605	11
24.615	14
24.625	9
24.635	14
24.645	14
24.655	9
24.665	9
24.675	8
24.685	9
24.695	7
24.705	10
24.715	12
24.725	13
24.735	11
24.745	12
24.755	8
24.765	15
24.775	10
24.785	19
24.795	10
24.805	8
24.815	11
24.825	9
24.835	8
24.845	7
24.855	6
24.865	9
24.875	17
24.885	7
24.895	16
24.905	13
24.915	19
24.925	20
24.935	15
24.945	12
24.955	7
24.965	13
24.975	7
24.985	13
24.995	7
25.005	7
25.015	5
25.025	7
25.035	7
25.045	11
25.055	10
25.065	12
25.075	14
25.085	13
25.095	8
25.105	12
25.115	9
25.125	10
25.135	10
25.145	9
25.155	7
25.165	13
25.175	7
25.185	12
25.195	7
25.205	12
25.215	15
25.225	11
25.235	11
25.245	10
25.255	13
25.265	8
25.275	8
25.285	7
25.295	9
25.305	6
25.315	9
25.325	4
25.335	9
25.345	13
25.355	10
25.365	11
25.375	2
25.385	14
25.395	13
25.405	13
25.415	12
25.425	12
25.435	22
25.445	11
25.455	14
25.465	13
25.475	11
25.485	12
25.495	18
25.505	7
25.515	8
25.525	6
25.535	9
25.545	12
25.555	6
25.565	10
25.575	15
25.585	11
25.595	11
25.605	10
25.615	10
25.625	6
25.635	12
25.645	12
25.655	17
25.665	7
25.675	15
25.685	8
25.695	12
25.705	11
25.715	10
25.725	14
25.735	13
25.745	7
25.755	9
25.765	7
25.775	9
25.785	9
25.795	14
25.805	14
25.815	8
25.825	6
25.835	7
25.845	8
25.855	11
25.865	11
25.875	13
25.885	7
25.895	13
25.905	13
25.915	8
25.925	10
25.935	9
25.945	12
25.955	8
25.965	15
25.975	13
25.985	12
25.995	7
26.005	7
26.015	12
26.025	6
26.035	7
26.045	10
26.055	10
26.065	10
26.075	7
26.085	10
26.095	6
26.105	10
26.115	5
26.125	11
26.135	8
26.145	13
26.155	6
26.165	12
26.175	10
26.185	12
26.195	14
26.205	10
26.215	7
26.225	10
26.235	10
26.245	11
26.255	11
26.265	10
26.275	14
26.285	9
26.295	13
26.305	11
26.315	11
26.325	12
26.335	10
26.345	15
26.355	10
26.365	15
26.375	8
26.385	2
26.395	7
26.405	11
26.415	11
26.425	9
26.435	7
26.445	7
26.455	11
26.465	7
26.475	5
26.485	17
26.495	9
26.505	11
26.515	12
26.525	13
26.535	13
26.545	6
26.555	12
26.565	17
26.575	5
26.585	14
26.595	10
26.605	8
26.615	11
26.625	17
26.635	8
26.645	8
26.655	8
26.665	12
26.675	4
26.685	10
26.695	10
26.705	12
26.715	9
26.725	12
26.735	8
26.745	12
26.755	11
26.765	13
26.775	10
26.785	8
26.795	11
26.805	11
26.815	4
26.825	9
26.835	12
26.845	15
26.855	9
26.865	3
26.875	11
26.885	12
26.895	10
26.905	11
26.915	12
26.925	7
26.935	11
26.945	6
26.955	8
26.965	8
26.975	7
26.985	15
26.995	4
27.005	5
27.015	10
27.025	5
27.035	9
27.045	10
27.055	7
27.065	13
27.075	6
27.085	8
27.095	11
27.105	8
27.115	12
27.125	9
27.135	6
27.145	6
27.155	11
27.165	12
27.175	6
27.185	13
27.195	9
27.205	12
27.215	21
27.225	9
27.235	15
27.245	9
27.255	8
27.265	9
27.275	7
27.285	11
27.295	8
27.305	13
27.315	3
27.325	8
27.335	11
27.345	6
27.355	4
27.365	9
27.375	14
27.385	16
27.395	10
27.405	13
27.415	9
27.425	14
27.435	13
27.445	13
27.455	10
27.465	8
27.475	5
27.485	9
27.495	7
27.505	10
27.515	18
27.525	10
27.535	14
27.545	11
27.555	5
27.565	11
27.575	6
27.585	6
27.595	8
27.605	10
27.615	10
27.625	8
27.635	9
27.645	14
27.655	8
27.665	13
27.675	14
27.685	10
27.695	11
27.705	11
27.715	5
27.725	10
27.735	13
27.745	10
27.755	9
27.765	5
27.775	5
27.785	11
27.795	5
27.805	7
27.815	6
27.825	4
27.835	14
27.845	8
27.855	12
27.865	7
27.875	6
27.885	10
27.895	8
27.905	14
27.915	8
27.925	9
27.935	5
27.945	10
27.955	10
27.965	7
27.975	9
27.985	7
27.995	9
28.005	14
28.015	11
28.025	5
28.035	8
28.045	10
28.055	10
28.065	3
28.075	11
28.085	8
28.095	6
28.105	9
28.115	4
28.125	16
28.135	13
28.145	10
28.155	10
28.165	10
28.175	12
28.185	13
28.195	11
28.205	10
28.215	8
28.225	10
28.235	10
28.245	10
28.255	9
28.265	9
28.275	11
28.285	9
28.295	15
28.305	11
28.315	9
28.325	10
28.335	9
28.345	9
28.355	8
28.365	6
28.375	11
28.385	6
28.395	3
28.405	8
28.415	7
28.425	13
28.435	11
28.445	9
28.455	13
28.465	4
28.475	13
28.485	7
28.495	7
28.505	10
28.515	8
28.525	13
28.535	8
28.545	7
28.555	9
28.565	8
28.575	10
28.585	6
28.595	9
28.605	11
28.615	14
28.625	9
28.635	15
28.645	12
28.655	8
28.665	7
28.675	12
28.685	7
28.695	10
28.705	10
28.715	9
28.725	15
28.735	8
28.745	10
28.755	4
28.765	9
28.775	13
28.785	8
28.795	7
28.805	8
28.815	8
28.825	9
28.835	4
28.845	11
28.855	15
28.865	6
28.875	6
28.885	7
28.895	10
28.905	11
28.915	8
28.925	5
28.935	9
28.945	7
28.955	8
28.965	10
28.975	11
28.985	8
28.995	6
29.005	10
29.015	7
29.025	12
29.035	7
29.045	6
29.055	4
29.065	5
29.075	8
29.085	9
29.095	9
29.105	6
29.115	7
29.125	10
29.135	11
29.145	10
29.155	8
29.165	10
29.175	7
29.185	9
29.195	8
29.205	14
29.215	16
29.225	8
29.235	12
29.245	8
29.255	12
29.265	10
29.275	11
29.285	9
29.295	7
29.305	8
29.315	7
29.325	7
29.335	15
29.345	8
29.355	6
29.365	6
29.375	8
29.385	8
29.395	4
29.405	7
29.415	13
29.425	11
29.435	9
29.445	10
29.455	12
29.465	7
29.475	7
29.485	18
29.495	10
29.505	11
29.515	9
29.525	5
29.535	12
29.545	13
29.555	8
29.565	8
29.575	13
29.585	7
29.595	12
29.605	12
29.615	10
29.625	5
29.635	7
29.645	11
29.655	11
29.665	9
29.675	10
29.685	6
29.695	5
29.705	5
29.715	12
29.725	7
29.735	11
29.745	4
29.755	7
29.765	7
29.775	10
29.785	6
29.795	13
29.805	6
29.815	6
29.825	8
29.835	10
29.845	7
29.855	7
29.865	8
29.875	3
29.885	7
29.895	9
29.905	12
29.915	10
29.925	8
29.935	11
29.945	11
29.955	10
29.965	9
29.975	13
29.985	9
29.995	5
30.005	8
30.015	6
30.025	4
30.035	5
30.045	10
30.055	5
30.065	10
30.075	8
30.085	6
30.095	5
30.105	11
30.115	9
30.125	9
30.135	10
30.145	10
30.155	7
30.165	7
30.175	8
30.185	12
30.195	7
30.205	13
30.215	7
30.225	7
30.235	11
30.245	9
30.255	9
30.265	19
30.275	14
30.285	7
30.295	5
30.305	11
30.315	15
30.325	11
30.335	6
30.345	3
30.355	5
30.365	7
30.375	10
30.385	7
30.395	10
30.405	7
30.415	8
30.425	5
30.435	6
30.445	9
30.455	8
30.465	10
30.475	8
30.485	9
30.495	11
30.505	7
30.515	4
30.525	6
30.535	13
30.545	12
30.555	8
30.565	7
30.575	12
30.585	7
30.595	5
30.605	14
30.615	4
30.625	9
30.635	22
30.645	11
30.655	13
30.665	6
30.675	9
30.685	7
30.695	5
30.705	6
30.715	10
30.725	10
30.735	15
30.745	6
30.755	6
30.765	9
30.775	11
30.785	7
30.795	9
30.805	8
30.815	5
30.825	4
30.835	8
30.845	13
30.855	9
30.865	6
30.875	10
30.885	7
30.895	9
30.905	12
30.915	5
30.925	10
30.935	9
30.945	11
30.955	4
30.965	8
30.975	10
30.985	11
30.995	5
31.005	10
31.015	6
31.025	8
31.035	6
31.045	6
31.055	6
31.065	5
31.075	7
31.085	5
31.095	5
31.105	8
31.115	9
31.125	2
31.135	7
31.145	11
31.155	6
31.165	10
31.175	8
31.185	9
31.195	7
31.205	12
31.215	8
31.225	10
31.235	11
31.245	5
31.255	8
31.265	9
31.275	8
31.285	6
31.295	6
31.305	8
31.315	13
31.325	11
31.335	9
31.345	18
31.355	15
31.365	11
31.375	4
31.385	6
31.395	7
31.405	11
31.415	6
31.425	5
31.435	12
31.445	8
31.455	7
31.465	7
31.475	8
31.485	10
31.495	9
31.505	9
31.515	8
31.525	6
31.535	8
31.545	9
31.555	9
31.565	10
31.575	13
31.585	9
31.595	6
31.605	7
31.615	7
31.625	6
31.635	13
31.645	12
31.655	6
31.665	4
31.675	9
31.685	9
31.695	5
31.705	12
31.715	11
31.725	9
31.735	2
31.745	8
31.755	7
31.765	6
31.775	10
31.785	9
31.795	9
31.805	6
31.815	8
31.825	16
31.835	12
31.845	8
31.855	9
31.865	12
31.875	6
31.885	9
31.895	6
31.905	7
31.915	6
31.925	10
31.935	8
31.945	11
31.955	8
31.965	8
31.975	4
31.985	5
31.995	6
32.005	7
32.015	10
32.025	11
32.035	6
32.045	7
32.055	5
32.065	7
32.075	5
32.085	12
32.095	11
32.105	9
32.115	9
32.125	9
32.135	4
32.145	12
32.155	8
32.165	7
32.175	4
32.185	5
32.195	5
32.205	6
32.215	13
32.225	10
32.235	12
32.245	8
32.255	4
32.265	10
32.275	7
32.285	10
32.295	3
32.305	10
32.315	6
32.325	5
32.335	13
32.345	4
32.355	9
32.365	9
32.375	4
32.385	10
32.395	5
32.405	7
32.415	13
32.425	5
32.435	7
32.445	7
32.455	13
32.465	14
32.475	8
32.485	10
32.495	7
32.505	1
32.515	9
32.525	13
32.535	7
32.545	5
32.555	3
32.565	13
32.575	7
32.585	9
32.595	8
32.605	7
32.615	5
32.625	5
32.635	8
32.645	10
32.655	7
32.665	5
32.675	15
32.685	7
32.695	13
32.705	10
32.715	8
32.725	10
32.735	11
32.745	12
32.755	4
32.765	15
32.775	1
32.785	14
32.795	8
32.805	7
32.815	9
32.825	12
32.835	13
32.845	10
32.855	10
32.865	4
32.875	6
32.885	3
32.895	8
32.905	11
32.915	7
32.925	11
32.935	4
32.945	5
32.955	11
32.965	11
32.975	11
32.985	13
32.995	7
33.005	5
33.015	6
33.025	9
33.035	7
33.045	7
33.055	8
33.065	11
33.075	5
33.085	5
33.095	8
33.105	9
33.115	6
33.125	4
33.135	4
33.145	6
33.155	7
33.165	5
33.175	5
33.185	5
33.195	11
33.205	8
33.215	7
33.225	13
33.235	8
33.245	7
33.255	9
33.265	8
33.275	2
33.285	11
33.295	6
33.305	9
33.315	7
33.325	7
33.335	9
33.345	7
33.355	6
33.365	6
33.375	5
33.385	8
33.395	7
33.405	3
33.415	8
33.425	7
33.435	9
33.445	11
33.455	9
33.465	5
33.475	9
33.485	8
33.495	9
33.505	7
33.515	8
33.525	9
33.535	8
33.545	6
33.555	8
33.565	8
33.575	14
33.585	9
33.595	11
33.605	15
33.615	14
33.625	10
33.635	8
33.645	11
33.655	8
33.665	7
33.675	9
33.685	7
33.695	8
33.705	8
33.715	5
33.725	11
33.735	6
33.745	2
33.755	6
33.765	5
33.775	11
33.785	6
33.795	4
33.805	10
33.815	8
33.825	9
33.835	10
33.845	6
33.855	6
33.865	8
33.875	11
33.885	8
33.895	5
33.905	5
33.915	11
33.925	11
33.935	5
33.945	6
33.955	7
33.965	11
33.975	8
33.985	10
33.995	7
34.005	10
34.015	8
34.025	3
34.035	8
34.045	4
34.055	7
34.065	6
34.075	5
34.085	13
34.095	7
34.105	10
34.115	10
34.125	9
34.135	7
34.145	8
34.155	7
34.165	8
34.175	7
34.185	8
34.195	14
34.205	6
34.215	8
34.225	10
34.235	6
34.245	6
34.255	8
34.265	12
34.275	9
34.285	8
34.295	10
34.305	6
34.315	11
34.325	9
34.335	5
34.345	7
34.355	7
34.365	5
34.375	10
34.385	6
34.395	7
34.405	7
34.415	2
34.425	11
34.435	9
34.445	4
34.455	12
34.465	9
34.475	3
34.485	8
34.495	10
34.505	6
34.515	8
34.525	5
34.535	4
34.545	10
34.555	6
34.565	8
34.575	6
34.585	10
34.595	6
34.605	5
34.615	10
34.625	5
34.635	6
34.645	3
34.655	6
34.665	10
34.675	7
34.685	6
34.695	11
34.705	10
34.715	9
34.725	5
34.735	8
34.745	9
34.755	7
34.765	8
34.775	6
34.785	16
34.795	10
34.805	8
34.815	4
34.825	3
34.835	8
34.845	3
34.855	7
34.865	10
34.875	7
34.885	4
34.895	9
34.905	7
34.915	8
34.925	10
34.935	8
34.945	9
34.955	12
34.965	12
34.975	7
34.985	15
34.995	8